-12.9020	-8.0307	-5.0962	-4.9763	1.7051	1.1429	-4.3432	-2.7049	-6.9509	-9.5270
-12.0397	-7.0877	-4.3910	-5.2042	0.8283	0.4659	-4.9483	-4.2478	-7.6185	-8.9365
-10.9082	-6.9158	-3.2814	-3.9646	1.1289	0.9671	-5.1002	-3.4548	-8.2503	-11.3955
-12.1902	-8.9481	-4.9619	-4.3128	1.0698	0.5452	-4.5785	-6.3041	-11.1146	-11.3452
-12.0559	-9.0769	-4.4217	-4.6247	0.8061	1.0371	-4.5443	-3.5185	-8.7276	-13.8333
-15.2071	-9.7693	-4.6300	-2.7920	1.6831	1.1003	-5.3193	-4.3215	-8.2512	-12.8357
-11.3320	-7.5853	-4.3398	-5.0971	0.4681	0.9046	-3.7151	-4.1764	-9.3060	-14.3679
-10.9115	-9.9359	-5.3623	-3.0112	1.1477	1.3166	-3.6143	-4.2667	-8.2407	-8.9766
-10.5439	-10.5153	-5.4060	-3.5640	0.6128	1.2324	-3.7532	-4.2132	-11.5104	-12.5067
-14.9031	-9.0196	-3.9927	-3.5876	1.2010	1.6839	-5.6708	-3.8941	-8.3711	-11.7309
-9.7144	-7.7817	-2.8749	-3.5837	1.1109	1.4699	-3.7540	-3.1633	-6.9906	-11.1158
-12.3312	-8.2668	-3.6833	-3.4087	0.9626	1.4520	-5.3103	-4.7132	-9.6093	-9.5983
-11.7788	-6.2389	-4.2961	-6.5502	0.5513	0.5824	-5.2359	-2.7149	-7.1103	-16.3320
-12.2738	-8.0634	-4.2530	-4.3577	1.1868	1.6950	-2.9721	-4.6374	-10.8717	-11.9566
-12.2995	-9.8526	-5.1935	-4.8812	1.3627	1.7354	-3.7681	-5.6651	-10.3152	-12.4459
-11.6263	-9.5944	-4.7530	-5.1456	1.5075	2.2595	-3.6508	-4.1824	-8.3647	-9.3858
-12.3011	-7.5595	-4.1020	-5.6024	1.1723	1.0062	-4.3362	-4.6374	-10.1623	-14.9009
-13.6085	-8.5178	-5.2529	-4.3112	0.8524	0.7181	-3.1413	-3.5359	-8.1994	-13.3215
-14.8296	-10.0512	-4.5410	-3.6053	1.6242	1.1582	-3.2949	-4.0696	-6.9822	-13.3977
-10.9542	-8.0857	-3.8834	-3.7949	1.3809	1.4388	-4.2413	-3.2195	-7.5015	-12.3438
-10.1342	-7.7011	-5.4304	-4.6561	1.7309	1.8776	-4.6691	-4.9029	-9.1484	-10.1854
-8.5888	-7.0367	-4.0440	-4.2626	0.6981	1.3030	-3.0984	-4.1266	-8.7350	-12.5728
-13.0533	-10.1054	-3.3600	-2.0111	1.8962	2.0397	-2.1698	-4.1614	-11.2432	-14.1283
-14.8385	-9.6121	-3.7655	-5.3170	1.5371	1.4751	-4.3059	-3.1521	-10.0693	-11.2549
-15.0542	-9.2964	-5.0213	-4.1645	1.4960	1.4377	-4.0604	-4.5060	-9.0720	-13.0601
-11.1936	-7.6761	-4.3782	-2.5910	1.5539	1.7437	-2.9186	-5.0089	-11.4622	-13.7066
-16.8960	-10.6654	-4.3018	-3.3954	1.9252	1.3470	-4.5380	-4.0302	-9.0281	-13.5550
-11.4518	-7.9017	-2.8239	-2.9613	2.0169	1.1024	-3.1768	-4.9557	-9.6469	-12.4494
-10.1927	-8.1941	-3.4442	-3.6547	1.2160	1.1175	-5.0237	-5.5161	-9.6192	-11.4385
-14.1608	-9.7575	-4.4628	-4.7523	0.7826	0.8491	-3.3152	-4.2964	-8.4452	-12.2460
-11.8129	-9.5542	-4.1258	-4.4810	1.8400	1.8147	-3.2277	-3.6568	-9.9721	-9.7105
-9.3878	-7.6634	-4.4930	-3.9335	1.0798	1.4718	-3.6137	-4.2738	-10.0709	-11.9377
-15.1248	-9.9845	-4.8908	-2.7558	1.5698	1.0181	-4.6757	-5.5474	-10.3808	-15.0943
-8.6542	-8.7245	-5.0722	-3.8375	0.5318	0.9682	-3.9921	-5.4077	-8.0975	-10.2940
-11.4139	-8.7013	-4.0854	-3.1162	1.8684	1.5637	-5.1064	-4.4481	-8.0255	-9.2394
-10.2719	-6.1791	-2.4163	-4.7213	1.6509	1.6215	-4.6535	-4.4176	-7.8737	-11.7921
-11.5792	-10.3349	-5.0444	-3.6304	1.4693	1.1314	-4.7038	-3.5444	-6.5127	-13.7484
-12.2960	-8.9277	-3.8057	-3.3314	2.0225	1.8567	-4.3818	-3.3410	-7.5137	-14.2054
-13.6388	-8.6642	-4.9580	-4.8604	0.5451	1.8681	-2.6985	-5.3257	-10.1455	-10.9117
-12.5820	-8.7307	-4.5450	-4.9099	1.2666	1.2432	-4.9768	-4.7508	-9.3121	-8.4024
-13.8435	-9.1169	-5.2126	-2.6450	1.3913	0.8054	-3.9705	-3.4372	-9.6056	-11.8201
-10.6799	-7.6715	-3.8527	-3.3651	1.0474	1.8799	-3.7499	-3.6254	-8.0267	-13.2712
-9.4578	-6.3813	-4.6502	-3.9529	1.3530	1.0201	-4.9960	-4.0426	-9.9105	-12.6630
-15.0475	-10.2171	-4.9963	-2.7902	1.3139	1.0976	-4.1290	-4.0732	-7.8467	-12.2060
-13.4194	-9.6415	-5.6511	-4.7149	0.9613	1.4631	-4.2844	-4.7810	-10.0672	-13.7420
-12.5050	-7.3470	-3.7676	-3.8313	2.2619	1.7070	-5.4998	-4.7110	-9.7030	-11.2108
-13.3575	-9.4023	-5.8240	-4.2781	1.4587	1.4342	-3.6726	-4.5664	-10.9283	-12.8619
-10.5497	-6.9920	-4.1923	-4.2897	1.9537	1.2782	-3.8363	-4.6156	-8.6672	-12.0546
-17.0785	-9.6837	-4.4773	-4.9909	1.2082	1.2172	-3.7553	-4.8865	-11.9749	-11.4721
-8.6184	-8.5128	-5.1128	-3.8333	1.3553	1.4913	-3.4009	-4.3838	-7.8823	-13.0580
-10.2167	-9.3874	-5.2497	-4.2827	2.2355	1.0783	-4.0702	-4.4616	-8.6067	-11.9608
-11.7037	-11.7076	-4.7951	-4.5228	1.1780	0.4475	-3.3865	-3.3941	-9.5031	-16.3071
-11.2052	-9.3803	-4.2437	-4.0416	1.2893	0.5865	-5.6906	-5.0589	-10.8257	-11.1904
-12.3774	-7.3532	-3.7624	-5.5313	0.5577	0.7016	-5.3534	-3.5894	-7.8639	-10.9369
-17.8681	-8.0938	-4.3955	-3.3011	2.1343	1.9933	-4.0240	-4.3729	-9.0500	-12.9589
-11.0512	-8.8413	-4.5506	-3.6039	1.2829	1.5334	-2.9865	-3.3147	-11.8172	-16.4310
-11.8657	-8.2096	-5.1533	-4.4368	0.5793	0.9678	-3.6493	-5.1145	-11.5659	-14.0495
-9.6939	-8.7886	-4.7051	-3.2530	1.6692	1.5554	-4.3391	-4.1071	-7.2175	-10.0467
-11.6852	-10.5212	-5.4594	-3.3252	1.4857	2.2552	-2.9744	-2.8274	-6.3733	-10.6561
-10.4939	-7.4288	-3.8175	-4.0899	1.4515	2.0706	-2.2882	-3.7207	-9.8078	-11.6439
-16.6167	-9.6492	-5.0672	-5.1676	0.7458	0.3829	-3.9668	-3.6039	-8.8038	-10.7684
-8.9543	-6.5738	-3.7424	-3.5094	1.1461	0.8419	-3.9116	-3.4946	-5.5297	-11.9103
-12.9861	-7.8632	-3.8654	-4.5450	0.0609	0.4264	-3.8933	-4.5174	-11.4482	-16.9340
-13.9873	-9.7208	-3.9151	-2.4244	1.8217	1.3237	-5.2357	-5.7799	-9.3263	-13.0763
-11.7889	-9.9946	-5.2687	-2.9884	1.4878	1.5166	-4.5964	-3.6145	-7.3727	-12.6376
-9.0793	-8.1645	-5.0824	-4.3602	1.4054	1.3104	-3.7429	-4.1540	-9.4247	-13.7021
-12.5727	-6.6296	-3.6043	-4.8472	1.4729	1.1139	-4.8490	-3.7480	-7.7568	-12.9078
-12.2475	-7.1627	-4.4043	-6.2003	1.3119	1.6007	-3.3406	-5.5489	-10.4317	-11.0946
-15.2255	-10.0140	-5.8060	-4.1279	1.8839	1.6635	-3.9751	-4.1086	-8.4720	-12.9085
-9.4430	-6.1336	-4.5172	-3.7100	1.0101	0.6550	-3.0137	-4.1003	-10.2541	-15.2478
-11.1588	-8.0580	-3.5544	-3.7443	1.3462	1.6905	-3.6368	-5.1873	-8.8801	-13.5977
-9.0922	-9.6093	-3.6608	-3.9069	0.7429	1.1956	-3.3128	-4.4855	-10.2456	-11.3336
-11.0266	-8.1938	-4.7699	-5.3300	1.2858	1.5536	-4.0177	-5.3922	-11.7278	-11.4399
-11.1642	-7.7531	-4.1648	-4.0157	1.2277	1.6569	-3.7475	-2.9138	-9.0228	-11.3420
-16.9973	-8.6337	-5.0706	-3.1313	1.3942	1.0172	-5.1554	-4.9056	-6.7043	-10.2129
-13.6028	-8.2269	-3.9339	-3.6436	1.1986	1.2040	-5.2570	-5.5110	-8.1620	-13.7805
-12.2960	-7.3103	-4.5189	-4.6281	0.8229	1.1115	-4.0096	-4.5714	-9.4010	-12.1995
-16.4935	-9.8512	-3.4789	-1.8894	2.1926	1.4681	-4.3768	-4.2422	-7.5229	-16.4846
-16.0447	-9.5924	-5.9633	-4.1840	0.7957	1.3721	-4.0267	-3.7201	-9.3576	-13.8372
-10.9797	-10.8551	-5.1157	-3.7584	1.8746	1.3919	-5.5186	-4.0489	-8.1897	-12.3322
-13.3723	-8.4217	-4.1587	-4.2403	1.4928	1.0609	-4.0568	-3.8393	-9.4732	-12.8068
-10.7975	-8.1699	-5.3262	-4.6739	0.7770	1.2396	-4.3798	-4.7724	-7.0794	-12.9103
-9.7583	-8.5904	-3.4165	-3.9456	1.1913	0.8652	-3.9172	-4.5196	-9.4420	-9.0161
-13.7897	-7.1483	-3.5350	-3.0694	1.5142	1.7630	-4.0551	-4.3063	-7.7325	-12.6242
-12.3232	-8.4772	-3.7430	-4.6149	1.0144	1.8057	-3.7331	-3.2808	-6.9167	-12.0571
-18.7751	-10.1521	-4.6580	-3.7563	1.7792	0.9713	-4.4030	-3.6999	-11.1765	-14.1272
-10.3531	-11.2793	-4.2725	-3.5083	1.6044	1.9770	-5.2396	-4.3048	-10.0125	-14.5629
-13.5433	-8.3383	-3.7822	-5.0908	1.1191	1.4407	-3.6138	-3.6058	-7.8608	-9.1900
-11.6405	-8.0094	-2.4574	-3.6588	1.6252	1.4673	-3.5254	-4.7064	-9.1110	-16.6630
-13.0226	-8.4051	-5.2436	-4.8564	1.1242	1.6511	-4.8750	-5.1572	-9.8596	-14.7885
-13.8506	-9.4016	-3.8597	-4.1633	1.4146	1.3802	-5.1746	-5.1283	-8.6248	-12.3125
-15.7836	-8.6808	-3.7894	-4.9227	0.6968	0.9797	-3.8347	-4.0114	-11.7920	-14.4295
-12.4462	-8.6604	-4.2941	-5.1081	0.7347	0.8022	-5.0763	-6.2274	-10.9983	-15.2934
-11.7641	-9.1676	-5.0487	-5.0584	0.3539	0.7717	-6.3831	-4.4800	-8.0038	-8.3271
-14.5594	-8.9120	-3.1567	-3.1113	1.4800	0.9562	-3.1647	-5.3835	-11.1260	-14.1942
-17.7078	-10.1421	-4.9178	-4.4151	1.1402	0.8713	-4.5854	-5.1683	-10.2114	-17.0592
-12.1666	-7.6510	-4.5523	-3.1726	1.4319	1.1193	-5.8438	-4.5873	-10.2887	-13.3313
-11.8261	-7.6684	-3.2190	-5.1696	1.5266	1.4614	-3.7290	-4.9516	-9.0326	-13.3206
-16.1665	-8.6357	-4.3777	-4.3117	1.9468	1.9131	-3.7904	-4.2688	-11.1155	-12.9347
-12.9146	-9.5304	-3.8141	-3.9801	0.9944	0.6974	-3.3481	-5.1563	-9.2306	-15.2646
-8.6157	-7.5214	-5.6188	-4.5328	1.2015	1.4923	-5.5327	-3.8445	-7.5392	-12.0322
-13.7919	-10.1946	-5.5982	-3.1495	2.1188	1.8024	-3.9777	-4.4353	-9.5815	-11.4531
-12.8399	-8.8664	-4.9029	-4.6240	0.5366	0.7511	-4.5954	-3.9000	-8.8583	-11.7690
-14.0099	-11.2879	-5.5455	-5.0687	0.4891	1.3936	-3.7032	-3.1691	-8.9029	-8.8651
-10.4849	-7.3302	-2.6638	-4.8107	0.6980	0.7049	-3.8663	-6.0336	-12.6512	-15.4742
-15.6668	-8.0207	-4.6093	-5.3374	2.2177	1.8894	-3.4253	-4.2473	-9.1017	-13.6167
-11.4186	-8.4463	-4.0238	-4.0999	1.5291	1.5852	-3.9673	-4.5714	-8.9153	-24.1159
-8.8896	-8.3969	-4.8994	-5.2905	1.6092	1.8430	-4.1097	-5.5750	-8.4328	-11.4840
-12.3916	-8.5741	-4.5052	-3.3626	1.0074	1.1008	-3.7385	-4.1633	-9.9327	-11.2114
-14.4322	-9.2842	-5.6991	-3.8885	1.4514	1.9652	-4.6531	-5.1371	-8.0233	-14.0177
-14.2355	-9.9603	-4.9193	-5.6209	1.0981	0.7148	-3.5229	-3.0599	-8.0274	-14.8904
-13.6743	-7.6114	-3.7576	-3.7909	1.4311	1.9826	-3.6622	-3.4020	-9.9057	-10.8804
-8.9650	-7.9570	-4.9991	-3.3497	1.5055	1.1779	-3.3189	-5.1656	-11.0367	-15.3933
-15.6125	-8.2735	-4.8593	-4.5252	2.2922	1.7441	-3.5088	-5.4921	-10.8297	-12.5004
-10.8507	-9.3250	-3.9560	-5.7299	1.7703	1.9862	-3.9008	-3.9253	-7.3176	-13.2190
-13.3152	-10.3412	-4.6757	-5.3514	0.6943	0.6583	-3.6727	-4.9704	-9.5177	-11.9487
-13.2600	-8.5867	-4.0207	-5.2592	1.4443	2.0652	-4.2385	-4.0924	-8.7666	-10.2849
-17.2307	-12.0921	-5.0689	-3.3747	1.9808	1.4829	-2.3738	-3.0927	-10.9918	-12.2462
-10.7646	-7.8462	-4.0409	-4.4527	1.2011	1.3075	-5.0292	-4.8540	-10.0610	-14.3748
-12.2597	-8.6380	-3.9286	-4.9925	1.3584	1.1225	-5.7789	-3.8130	-6.9392	-8.8484
-12.6223	-9.3554	-5.4170	-3.9560	1.4171	1.5754	-3.6223	-3.7890	-9.2428	-15.4887
-15.9107	-9.5623	-6.0102	-4.8508	1.6485	1.6717	-4.7932	-5.4484	-8.8943	-11.9968
-12.5298	-9.1410	-4.5037	-4.0702	1.0872	1.8738	-2.5218	-4.9049	-9.5104	-11.1827
-14.2821	-13.8534	-5.7606	-3.9823	1.1343	0.6822	-4.5346	-4.0837	-6.9189	-10.2410
-7.9168	-6.7763	-4.7551	-3.5664	1.4614	1.4102	-3.5379	-4.6282	-7.7342	-10.2008
-10.6899	-8.5696	-4.3697	-5.3892	1.6164	1.3847	-3.8174	-3.4176	-8.4937	-11.2633
-12.5198	-11.1228	-5.1007	-2.1927	1.3709	1.8250	-5.1028	-5.3234	-9.0767	-13.8917
-16.6193	-7.6885	-4.5671	-4.3773	0.9455	0.9971	-3.3447	-3.9539	-8.5763	-13.3939
-10.9170	-9.0662	-4.5487	-5.3474	1.5360	1.8477	-4.5613	-4.5040	-8.1876	-15.6402
-12.2848	-9.1854	-4.3632	-3.6602	1.0583	1.8094	-3.7441	-4.8501	-9.9497	-14.4688
-14.1105	-10.2408	-4.9254	-4.0956	1.0951	1.5780	-4.2385	-4.1670	-8.8097	-11.9580
-15.3827	-10.8609	-4.9041	-5.4498	0.3391	0.9477	-4.0534	-5.3288	-9.2751	-13.1684
-12.6317	-7.6493	-4.8388	-4.9252	1.4776	1.1647	-4.2936	-4.7396	-8.7762	-9.8980
-12.2522	-7.9608	-4.2750	-2.2793	1.1197	1.5178	-5.4647	-5.8404	-6.5829	-11.4937
-12.1643	-8.5183	-4.1674	-4.8340	1.5029	1.6910	-2.4184	-2.9597	-8.6939	-8.7088
-13.7345	-9.0769	-4.7682	-4.2445	1.7208	1.3055	-5.1616	-4.1433	-9.4183	-14.8445
-12.0204	-10.0223	-3.4682	-3.8778	1.5589	1.9083	-3.6779	-3.6173	-7.4692	-12.3015
-14.4450	-11.3628	-4.1272	-4.0926	0.5859	0.2754	-4.2938	-5.0631	-9.0843	-11.3525
-9.8176	-6.4415	-4.0040	-5.2066	1.0810	1.1924	-4.2717	-4.8328	-8.4906	-10.4287
-12.3153	-9.2227	-3.3492	-2.6107	1.2929	1.2599	-3.4884	-5.1429	-8.4478	-11.7191
-11.8133	-8.8118	-5.6856	-2.9943	1.3023	0.2685	-4.1671	-4.3831	-8.7006	-11.4716
-11.8108	-8.7395	-4.4114	-4.9107	0.3333	1.3767	-5.5686	-3.6337	-6.9376	-10.9927
-11.9445	-9.0870	-5.0728	-3.1125	1.7727	1.8694	-4.5771	-3.6079	-5.6205	-9.0229
-11.8966	-8.3487	-3.9715	-3.4222	1.7391	1.2865	-4.2730	-3.6519	-8.2444	-13.3972
-12.7095	-8.9371	-4.5478	-4.2218	1.3972	1.9054	-3.8542	-3.1929	-8.5056	-15.7888
-13.2088	-9.0986	-4.8971	-3.9014	1.5019	1.8172	-2.9860	-5.9782	-11.1808	-18.0754
-13.1650	-7.9682	-4.3669	-4.4860	1.3744	0.9213	-3.4864	-4.2302	-8.7160	-10.9839
-12.9814	-7.8145	-4.5831	-3.6908	2.1300	1.7190	-3.5445	-3.1510	-9.3969	-10.2581
-12.9860	-7.5688	-3.4159	-3.5456	1.4379	1.1931	-4.5730	-3.6004	-7.7033	-10.8214
-11.0587	-10.0321	-3.6487	-5.1987	1.5061	1.0312	-4.6567	-2.7841	-5.5510	-9.4762
-12.9690	-9.1638	-5.2126	-4.7046	1.2243	1.3350	-5.0569	-4.1505	-10.3449	-15.3877
-10.8667	-8.5510	-4.3861	-2.9012	1.8608	1.7740	-2.5053	-4.0264	-9.2218	-10.6015
-12.9602	-9.3059	-5.0532	-2.7677	1.9062	2.7440	-2.7702	-3.8181	-9.2120	-14.4422
-13.6007	-6.9612	-4.1436	-4.6000	0.9887	1.5450	-3.2788	-3.1812	-7.5995	-10.6885
-11.3504	-10.0205	-5.6102	-4.1401	0.3736	1.4641	-3.4379	-5.7195	-11.7138	-14.7144
-13.2638	-8.2050	-4.0622	-5.7953	0.9216	1.4748	-3.3601	-4.6611	-11.5397	-14.1117
-11.9591	-6.5205	-4.1084	-5.5608	1.4220	0.5150	-3.4756	-3.7023	-10.0524	-10.7434
-11.7193	-8.0003	-4.3671	-4.6434	2.1550	1.8149	-3.6113	-4.9186	-9.0869	-12.9398
-11.1315	-6.1175	-3.9936	-4.6138	0.7736	1.2769	-4.6460	-5.7512	-8.3939	-10.8165
-14.2274	-7.3112	-4.0465	-3.5623	1.4009	1.4237	-3.8026	-3.4493	-6.7892	-12.9505
-10.7660	-11.2004	-5.1812	-3.0358	1.0252	1.1605	-6.2626	-3.5498	-6.9457	-12.0620
-15.5593	-7.6319	-3.8375	-3.2780	1.2903	1.1281	-4.4338	-4.5778	-10.1193	-12.1227
-12.0569	-8.5658	-4.1953	-3.6435	1.9150	1.2218	-2.7377	-3.6730	-7.8496	-14.8146
-12.0420	-9.7318	-4.1892	-2.2420	1.8892	1.2748	-3.9979	-3.2368	-7.3632	-18.4171
-13.0661	-7.2782	-3.3878	-4.6436	0.9210	1.4714	-1.9449	-4.0590	-9.6541	-12.9140
-15.3118	-11.6699	-3.7765	-3.9062	0.3553	0.8571	-5.0992	-5.1078	-10.8270	-12.0950
-16.0669	-9.3529	-3.9113	-5.0780	1.0939	1.3058	-3.7652	-4.0114	-7.9496	-10.6454
-14.1583	-7.4444	-3.8588	-3.8413	0.4608	0.7654	-4.0134	-5.3760	-9.7799	-12.5889
-10.0974	-6.9231	-5.4646	-4.7724	2.0906	1.1394	-4.3450	-4.4392	-8.5069	-10.8998
-13.9607	-8.6556	-4.3589	-3.4878	1.6248	1.2401	-3.2039	-4.5806	-8.6889	-13.1132
-11.5151	-8.6471	-4.6526	-3.2732	1.4350	0.8521	-3.6454	-4.4949	-8.8470	-10.1176
-11.8443	-7.8580	-4.5511	-4.7791	1.3660	1.5331	-4.6105	-4.3449	-10.0518	-13.6237
-12.2774	-9.5067	-3.7749	-3.5329	1.2596	1.6984	-4.9524	-2.9688	-6.7896	-11.1067
-16.9357	-8.7808	-4.5315	-4.8681	0.7340	0.9919	-3.9882	-3.5395	-10.5477	-15.8414
-12.9633	-9.9293	-5.5378	-4.2654	1.2993	1.6794	-4.3570	-4.7107	-9.1792	-13.0213
-10.7317	-7.6319	-4.0686	-3.5907	1.4481	1.8330	-2.5157	-3.7240	-10.1672	-14.4615
-11.4729	-9.3023	-4.4686	-4.3904	1.4512	0.9355	-4.7043	-5.4878	-8.8876	-14.3020
-14.4066	-7.7859	-4.2503	-3.9087	1.3193	1.2019	-3.5893	-3.0208	-10.1917	-13.3396
-11.4357	-10.8316	-3.9351	-2.5079	1.3895	1.0839	-3.7200	-4.7759	-8.2693	-11.7861
-13.5165	-9.2115	-4.6468	-3.4174	1.2678	1.5056	-2.4644	-3.6162	-8.9963	-16.2496
-11.5862	-8.3839	-5.0633	-5.1771	0.8215	0.9339	-3.8761	-3.7204	-8.1468	-11.9568
-16.2206	-8.4851	-3.2935	-4.2011	1.6398	1.8194	-3.5818	-3.9684	-9.6037	-11.2349
-11.5542	-8.3721	-4.3710	-4.5064	1.6949	1.5680	-4.8819	-4.9841	-8.7080	-11.1045
-16.1966	-8.2195	-5.0184	-6.2569	0.7258	1.1795	-3.8409	-4.3398	-8.6235	-12.3085
-12.9424	-8.8920	-4.1441	-4.2673	0.9586	1.1240	-4.9865	-4.1492	-8.0509	-13.7956
-14.5447	-9.3254	-5.0305	-4.4191	0.0524	0.5287	-4.6029	-4.6724	-8.7020	-10.6669
-11.7745	-7.6973	-3.4199	-4.4289	1.4682	1.1831	-4.2922	-3.4689	-8.3772	-12.2577
-13.0316	-8.4916	-4.5520	-4.6645	1.0919	1.4012	-3.3050	-3.8697	-7.3640	-13.9581
-13.9004	-10.6310	-4.9744	-2.9861	1.3163	0.6937	-5.9603	-6.0616	-6.9899	-10.4973
-10.8195	-8.2281	-4.4258	-4.3233	0.6798	1.7738	-3.5576	-4.2599	-11.1299	-14.4203
-11.1447	-9.3228	-4.6410	-3.5233	1.4262	1.4579	-3.8837	-5.0206	-10.8438	-13.3698
-12.3413	-9.7353	-5.4249	-4.8540	1.1215	1.0617	-4.5827	-4.3851	-8.2930	-10.6826
-10.7759	-11.0875	-5.2741	-3.7770	0.8132	0.5697	-6.2696	-4.9413	-9.0119	-11.0114
-12.2162	-8.9870	-4.0876	-3.8908	0.8931	1.1059	-6.0161	-3.9478	-7.4785	-10.3617
-15.5647	-9.0280	-3.7131	-4.2423	1.0953	1.0635	-2.0428	-3.2240	-7.9568	-11.1581
-11.5024	-10.0247	-5.3621	-4.5524	0.7871	0.9671	-4.5303	-3.6256	-7.8760	-15.2298
-11.0845	-10.0493	-5.2405	-3.5660	1.3149	1.6707	-3.8038	-3.7062	-9.3320	-14.2353
-12.7903	-7.4672	-3.9414	-3.5845	1.4008	1.2647	-4.9761	-4.7651	-7.7274	-12.2038
-15.6520	-9.4786	-5.3777	-3.9204	0.5781	1.2787	-3.8338	-5.4517	-10.0282	-17.8710
-15.9187	-11.4432	-4.4628	-5.1083	0.4232	0.9853	-4.9092	-3.1519	-7.7601	-10.0984
-9.1507	-8.0070	-3.9421	-4.4131	1.8097	1.8993	-3.5366	-4.0238	-7.3670	-10.2235
-12.1901	-6.7594	-2.7757	-4.5824	1.4038	0.8765	-5.4325	-4.3767	-10.1952	-12.0053
-11.6446	-9.8023	-4.8170	-3.5141	1.0926	1.3730	-3.8002	-4.7372	-9.2311	-12.7664
-12.0243	-9.0003	-4.0863	-3.1930	1.9455	1.4054	-3.5883	-4.2547	-6.8165	-12.0979
-13.0913	-9.4623	-3.4607	-3.8247	0.8484	1.3738	-3.6034	-5.6685	-9.2807	-16.3523
-10.4947	-9.3593	-4.2375	-2.8257	1.9705	1.6966	-3.2506	-4.2160	-9.0001	-13.6355
-13.2579	-8.7183	-5.1203	-3.4351	1.3058	0.7365	-5.2304	-3.3143	-7.7115	-12.7118
-11.8712	-9.4645	-4.2085	-4.4858	1.4542	1.3209	-3.4472	-4.5110	-9.0214	-14.7785
-16.8356	-9.9736	-4.4149	-4.1197	1.3937	0.9704	-4.1614	-3.3609	-7.3968	-11.5835
-16.1096	-13.0501	-5.2179	-3.3643	1.6501	1.8495	-3.0790	-5.7855	-9.7375	-15.3064
-13.8612	-13.5338	-4.5579	-2.1180	1.7543	1.4655	-3.7880	-5.0396	-8.7413	-15.6741
-10.1942	-10.5682	-5.6046	-3.2783	1.5531	1.2850	-3.4749	-4.8696	-10.3527	-11.5423
-11.8771	-8.9491	-4.5729	-5.3951	0.9282	1.8379	-4.7845	-4.8655	-9.7167	-14.9339
-8.5310	-8.8344	-4.2104	-3.7703	1.7964	1.3547	-4.2938	-4.8515	-9.4945	-12.7055
-10.2006	-8.6430	-4.5856	-5.1125	0.5716	1.4015	-4.3352	-3.8551	-7.0870	-10.6860
-13.3858	-8.3395	-3.9453	-5.7205	0.5175	0.5188	-6.5086	-3.9474	-7.0232	-10.6864
-10.7905	-10.7651	-4.4014	-3.3557	0.7996	1.7840	-3.0863	-4.0892	-8.9405	-11.2286
-13.1214	-10.1961	-6.0132	-4.6157	1.3641	0.6534	-4.1856	-4.4410	-9.2993	-11.9680
-11.0004	-9.0852	-4.7306	-3.9493	1.2253	1.3544	-3.9539	-4.2272	-7.9065	-13.5873
-19.4946	-9.7137	-4.8792	-3.6269	1.6572	1.4016	-5.2181	-5.0900	-7.2274	-8.7731
-11.4710	-8.8620	-4.3326	-3.2972	1.1569	1.8899	-3.0422	-4.3156	-8.8502	-15.8875
-9.6599	-9.4673	-5.9643	-3.5654	1.2219	1.4532	-4.4522	-4.4103	-9.4352	-11.1939
-12.7016	-10.1881	-4.2297	-3.9476	1.0914	1.5821	-2.7194	-5.2469	-10.8045	-13.0889
-14.7272	-10.7630	-4.7337	-3.7649	1.3086	1.8497	-2.8333	-4.7769	-8.3069	-12.7250
-12.4674	-9.4538	-5.0367	-3.9848	1.5109	1.5188	-5.8212	-5.0277	-8.8081	-13.3354
-11.8628	-9.1104	-4.3143	-4.5948	1.3642	1.6147	-4.4944	-4.9459	-9.0898	-15.2220
-10.2132	-7.2780	-5.0588	-6.0539	1.5270	1.3319	-2.8315	-2.7352	-8.1386	-13.8651
-12.5480	-8.3063	-4.5047	-4.0558	0.4027	0.8268	-5.0422	-3.9935	-10.2418	-11.9532
-14.0957	-8.5956	-3.9857	-4.5883	0.9196	1.0766	-4.2844	-4.9822	-9.7609	-11.0880
-11.0544	-6.8877	-2.6205	-3.9844	1.6176	2.0964	-4.3789	-4.5711	-9.6789	-15.0908
-12.3416	-9.0756	-4.4194	-5.4409	1.3890	1.7759	-4.2946	-4.5237	-7.7111	-11.7022
-14.5297	-7.7508	-3.7709	-5.5578	1.5315	2.2042	-3.0020	-3.5850	-7.8632	-17.9279
-16.3048	-7.5840	-4.0789	-5.7772	1.7625	1.4470	-4.2338	-4.1785	-10.6928	-14.8427
-11.3012	-8.5293	-5.5153	-5.1661	0.5448	1.0734	-6.3767	-4.4138	-8.5920	-11.1330
-12.6675	-7.9340	-4.2891	-4.9804	0.7131	1.5679	-4.4898	-4.7378	-8.2963	-9.8952
-16.0742	-10.8064	-5.6439	-3.0372	1.6859	0.4796	-4.4586	-3.3568	-6.8752	-11.5538
-12.6949	-9.1966	-3.6824	-3.4996	1.3099	1.1884	-4.0754	-4.0203	-7.0784	-14.0525
-13.3907	-7.8771	-3.3973	-3.8973	0.4535	0.1148	-4.6359	-4.4048	-8.8306	-11.2830
-16.1260	-8.1822	-4.5219	-4.2047	1.9976	1.2977	-3.2316	-3.7238	-8.5177	-11.7197
-12.3819	-8.0540	-4.7636	-3.7030	1.0281	1.0637	-4.5106	-3.7787	-6.2873	-11.1090
-12.6607	-8.9787	-4.2038	-3.3884	1.4909	1.8771	-3.9548	-3.7512	-8.6405	-11.9457
-13.6751	-7.4207	-2.9249	-3.8281	1.4301	1.6408	-3.8049	-5.1345	-10.1361	-15.0585
-11.7827	-6.9070	-5.1234	-4.5321	1.2824	1.4426	-3.7977	-4.6094	-8.8043	-10.4076
-12.7837	-9.6280	-4.8420	-4.2245	2.3332	2.0439	-3.4908	-3.7852	-9.9442	-9.9510
-13.9466	-8.5875	-3.3368	-3.1435	1.2264	1.5642	-3.4069	-4.5281	-8.6871	-11.9815
-13.9796	-7.8213	-4.6321	-5.5304	0.8215	0.8120	-4.7841	-3.6697	-9.5631	-10.7369
-10.5058	-8.2712	-4.2836	-3.9195	1.2065	1.6089	-3.2797	-4.8332	-11.0339	-14.4772
-12.8940	-10.4171	-5.6878	-4.5032	1.3938	0.8843	-4.3811	-3.7939	-7.3862	-15.7412
-13.1060	-8.0448	-3.9982	-4.0482	1.2340	1.4850	-3.4761	-5.0822	-10.3793	-10.0166
-12.1319	-7.3567	-4.0270	-4.3526	1.3718	2.2435	-3.8925	-5.1698	-8.4024	-11.5226
-11.6735	-8.3597	-4.6733	-3.6749	0.9590	0.6688	-4.8881	-6.1240	-10.2466	-12.8325
-14.0177	-9.1404	-4.5018	-5.4358	0.6835	0.6487	-3.7068	-3.6946	-9.1594	-12.0362
-9.6423	-11.0177	-4.5709	-3.1077	1.6375	1.3249	-4.2334	-3.6618	-9.5828	-12.4576
-17.9406	-9.3010	-4.3629	-5.7510	0.8731	1.3237	-3.9822	-3.9892	-9.9789	-11.0863
-11.0949	-7.2407	-3.4487	-3.5745	1.7378	1.7078	-4.2187	-5.8335	-9.4775	-11.6903
-13.3590	-8.2945	-3.5664	-4.5351	1.3886	0.9963	-3.6841	-4.1931	-10.3110	-13.1998
-12.5644	-9.0456	-3.5203	-3.9184	1.5303	1.5877	-3.5538	-5.1973	-9.2583	-17.1315
-15.1252	-10.7655	-4.9342	-4.2900	1.1964	1.4530	-3.9559	-5.6259	-10.5308	-13.8313
-13.1713	-9.3560	-4.4264	-5.4157	1.1744	1.3873	-5.0792	-4.3290	-7.7407	-19.0045
-12.4155	-8.5133	-4.9821	-3.8132	0.8485	1.4487	-4.8728	-3.6903	-8.0614	-9.2951
-12.9458	-8.7503	-4.5659	-3.8157	1.0945	0.8116	-4.2928	-3.9820	-8.0588	-11.3233
-8.7908	-8.2519	-5.3518	-5.3118	1.2381	1.8016	-3.9513	-4.0512	-8.0350	-9.1589
-13.3257	-11.6084	-3.9064	-3.2580	1.9245	1.5194	-4.3202	-3.5048	-8.8929	-11.7153
-12.0997	-7.4426	-4.3498	-5.1115	1.1554	0.9111	-4.3340	-5.3537	-8.5860	-13.3911
-10.3122	-9.1375	-4.8546	-3.8318	0.8414	0.8448	-3.8986	-4.2420	-7.6848	-12.7508
-12.8597	-9.5612	-5.2918	-4.1572	0.9580	1.1579	-4.2408	-5.0481	-11.9858	-12.0612
-11.5463	-8.7732	-5.3133	-4.9685	1.4457	1.8300	-4.0397	-5.4986	-10.5509	-9.9624
-12.1734	-9.1814	-4.6046	-4.0681	1.1910	0.7504	-4.3995	-3.8567	-8.2852	-10.8672
-10.9248	-8.9281	-4.4701	-3.6647	1.9051	1.7524	-3.1937	-5.1726	-9.2969	-13.2374
-10.3647	-8.9235	-3.8502	-4.7206	1.6400	1.3139	-4.4416	-5.5499	-10.6078	-12.6112
-14.5653	-9.5940	-4.0018	-3.7092	1.3027	0.6744	-4.6517	-4.5238	-9.1434	-14.4526
-15.3301	-9.4840	-3.5228	-4.3303	1.2134	1.8271	-3.8582	-4.1144	-6.9099	-11.6722
-14.5614	-10.1076	-3.7823	-4.0573	1.0449	0.9326	-4.5420	-5.0715	-11.5843	-15.8581
-13.0908	-7.5751	-2.8827	-3.6935	1.9083	1.4951	-3.8592	-4.0943	-8.1757	-15.4892
-13.9547	-10.0569	-5.8711	-4.8568	1.4891	1.6929	-2.8184	-3.8421	-10.1486	-11.4231
-14.4259	-8.4718	-4.8671	-4.4017	1.6330	1.6789	-1.9685	-2.9824	-9.6285	-14.3196
-11.3877	-9.3484	-5.0738	-2.3790	1.6090	1.5033	-3.2274	-3.3577	-8.2426	-12.2113
-11.1139	-8.8842	-4.7164	-4.2438	1.1753	1.6788	-3.6509	-4.1260	-9.0887	-14.8048
-16.3735	-9.7619	-5.7421	-3.3663	0.5289	0.8384	-4.5706	-4.0314	-6.8397	-11.2266
-10.3806	-8.0815	-5.0626	-4.4043	1.2425	0.5048	-5.1342	-4.4459	-9.4667	-15.5701
-11.4232	-5.5488	-3.9462	-4.0465	1.7749	2.0089	-3.9975	-4.5620	-7.7793	-11.1136
-10.6591	-5.7468	-3.0958	-4.9664	1.6382	1.5495	-2.1319	-4.0663	-10.1533	-13.6944
-12.0411	-8.2960	-2.5338	-3.6847	1.0746	1.1878	-4.8566	-4.3383	-7.9914	-13.2274
-8.5805	-7.1179	-4.2422	-5.0719	0.9872	1.5894	-4.4593	-3.7942	-6.7563	-9.8984
-13.8322	-8.2623	-4.4561	-3.6545	1.3656	1.5106	-4.3754	-5.0545	-8.3262	-13.0257
-15.4460	-10.6617	-4.0926	-2.8810	2.0122	1.6748	-3.4814	-4.7332	-8.8528	-9.6120
-11.2096	-8.2334	-4.9367	-4.1813	0.9526	0.5495	-3.6350	-4.1554	-7.9898	-13.2877
-11.2957	-8.5269	-4.1299	-3.1589	0.6339	0.9572	-4.5775	-5.3881	-9.4571	-12.7558
-10.1361	-9.4691	-5.8452	-6.1486	0.4863	0.8756	-3.7378	-4.9396	-9.6911	-14.1698
-11.6682	-8.5079	-4.6741	-4.4543	0.7800	1.4075	-3.1465	-3.0579	-7.9179	-11.2230
-17.1228	-8.8593	-4.0298	-4.6325	1.5317	1.1576	-4.1673	-3.8930	-9.4077	-11.8643
-9.7546	-6.5972	-4.0437	-4.1284	0.7321	1.3820	-2.7669	-3.9478	-8.5140	-10.1627
-14.3981	-8.7968	-5.1275	-6.0519	0.9225	0.3780	-5.1394	-4.1660	-9.6238	-16.7701
-16.7608	-9.1034	-4.0203	-3.3163	1.4820	1.2480	-3.5543	-4.6458	-9.1220	-10.1514
-12.4751	-9.5786	-4.6323	-3.3503	2.0125	1.6016	-2.7864	-4.9786	-9.9257	-11.8268
-12.6153	-9.2892	-4.2211	-5.5218	0.9123	0.7306	-3.8415	-5.3918	-10.6275	-10.8224
-12.8097	-8.4800	-5.9996	-3.7846	1.0032	0.9434	-3.4054	-4.7991	-9.9093	-12.3608
-11.5597	-10.4502	-4.2231	-3.1799	1.5496	1.2762	-4.5674	-4.5685	-7.9250	-15.7379
-17.2716	-9.2981	-4.7388	-4.0358	0.9797	1.3880	-4.2949	-3.6327	-7.3813	-12.8222
-13.2621	-8.3032	-4.2989	-5.5987	0.8339	1.0539	-4.8094	-4.5057	-7.3191	-12.5855
-9.8774	-8.1707	-4.2026	-1.8913	1.5514	1.1041	-5.1374	-6.0802	-9.6598	-10.8851
-12.6874	-8.2769	-4.1709	-4.0643	1.3117	1.3746	-5.5794	-6.0579	-8.3770	-12.8714
-17.0192	-8.5323	-3.2087	-2.7882	1.5394	1.0015	-5.8348	-5.3151	-8.5754	-9.4306
-12.9538	-8.2972	-4.1798	-3.4634	1.8647	1.6156	-4.4893	-3.2135	-9.7156	-12.0719
-12.1257	-7.6513	-3.3412	-4.2816	0.6182	0.9030	-3.3476	-5.1201	-9.0952	-11.6254
-14.5227	-13.0785	-4.9846	-2.8671	1.4994	2.4615	-3.7923	-4.7909	-8.6583	-11.2657
-11.2487	-8.3824	-3.8896	-4.7402	1.5904	1.5438	-5.0255	-5.3781	-8.2660	-15.6562
-9.9124	-8.5262	-4.2366	-3.4603	1.0439	1.2065	-4.2622	-5.3095	-11.1254	-12.1432
-13.8391	-10.0542	-4.7085	-2.9173	1.2605	1.9676	-3.3217	-3.5925	-9.5442	-10.9203
-10.8282	-8.9643	-3.9967	-3.7876	0.5193	0.4088	-5.5540	-5.2924	-9.5739	-10.6120
-9.5871	-7.3773	-4.8183	-4.7878	0.8680	1.9750	-3.6190	-4.7148	-9.1629	-7.9728
-14.4209	-6.8856	-4.1223	-4.5775	1.6221	1.2991	-2.4247	-3.7318	-10.7620	-13.2732
-15.7251	-9.7877	-4.4117	-5.5628	-0.0119	0.9359	-3.8301	-4.6307	-9.3042	-10.4125
-14.2260	-8.8854	-3.7460	-5.0608	1.1563	1.1172	-4.6931	-5.2708	-8.8917	-10.6695
-11.5711	-7.1159	-2.9448	-3.8638	1.3262	1.1268	-3.6538	-3.9851	-9.1578	-15.6872
-12.4327	-8.6002	-4.4414	-3.7048	0.8000	1.6885	-2.5597	-4.0998	-8.4054	-14.0127
-11.1346	-7.3916	-3.8493	-4.5800	0.9585	0.8142	-3.6251	-4.2454	-8.6428	-8.2522
-13.7002	-11.1937	-4.5597	-3.4683	1.8736	1.3865	-5.5011	-5.2421	-8.2224	-12.5579
-10.8983	-8.1342	-3.5117	-4.7803	1.4305	0.5369	-3.9860	-3.7793	-8.3065	-11.4190
-13.6396	-7.8309	-3.3208	-3.8792	1.7965	1.5235	-3.8696	-3.7994	-7.7621	-10.4605
-12.3378	-8.7031	-4.5242	-3.3777	1.6877	1.9990	-4.4258	-4.0222	-8.5944	-18.1159
-11.9389	-8.1238	-4.3574	-4.5198	1.3086	1.4243	-3.5666	-4.9119	-9.3491	-10.7330
-15.2083	-10.2774	-3.2343	-4.1065	1.1229	1.2648	-5.4900	-5.3145	-8.0482	-12.2212
-11.4007	-9.1910	-4.4215	-4.1449	1.4143	1.3422	-2.9925	-3.7538	-9.7237	-14.1808
-11.6066	-7.3080	-3.5882	-4.3249	1.7185	1.4081	-3.4989	-3.9917	-7.8615	-19.3896
-10.9377	-7.0731	-3.2454	-4.2081	0.7276	0.8296	-3.5980	-3.9146	-8.3192	-13.7039
-13.6298	-10.0159	-3.7702	-3.6825	2.5545	1.7061	-3.9750	-3.9296	-10.0886	-12.2026
-15.1938	-7.6207	-4.4008	-4.2425	1.6513	1.8652	-5.0598	-4.4664	-8.4505	-11.0677
-9.1798	-8.4314	-3.9012	-2.9378	1.6518	1.0328	-5.1589	-4.7155	-9.6643	-15.3489
-10.5783	-8.6580	-3.5735	-4.1905	0.8655	0.8276	-3.5508	-4.0491	-7.4013	-11.2586
-12.4187	-8.5264	-4.0032	-4.4979	0.6005	0.6742	-3.5330	-3.3700	-8.1738	-9.4718
-14.0252	-12.4269	-4.9624	-2.7370	0.9456	0.9661	-4.4436	-4.0622	-8.5754	-12.1800
-12.7974	-9.3054	-5.3273	-3.7254	1.6825	2.0570	-4.4980	-3.9371	-9.3157	-11.7243
-11.1246	-10.1599	-4.7844	-5.1918	1.8067	1.5008	-5.0855	-5.2854	-9.9591	-16.0208
-9.5727	-7.8104	-3.8313	-3.8442	0.5326	1.5520	-5.1419	-3.8967	-7.8181	-12.9915
-18.6021	-10.4257	-3.9810	-3.9103	2.0152	1.9902	-4.0789	-5.3972	-9.1379	-12.4087
-12.1225	-6.2624	-3.6547	-3.3962	1.7561	1.2376	-3.7373	-5.1083	-10.4691	-11.1174
-12.2426	-6.7656	-3.5166	-2.5363	1.5576	1.6180	-4.1535	-4.7920	-12.1019	-13.5437
-15.4545	-8.3784	-4.5341	-2.0668	1.6203	1.3487	-2.8984	-4.8657	-9.0532	-9.8959
-16.9507	-11.7123	-5.3837	-3.5464	1.4516	1.5617	-3.0648	-3.7944	-10.7254	-13.4678
-11.5837	-8.8440	-3.4820	-2.3661	1.4229	1.8360	-3.4058	-3.5093	-7.5760	-8.3378
-13.9932	-9.8209	-3.3006	-3.3269	2.1206	1.6199	-3.1679	-3.8854	-10.3596	-9.8190
-11.7058	-10.2864	-6.0687	-4.4317	1.4367	1.6297	-2.2843	-3.3843	-9.2199	-13.5961
-13.5500	-8.9843	-4.6964	-3.8255	1.3106	1.3828	-4.0085	-4.7406	-9.6844	-13.0698
-13.7063	-7.1247	-3.4652	-4.2504	1.2333	0.7950	-3.9699	-3.4788	-5.7057	-12.0833
-13.3993	-10.0420	-4.3829	-3.1420	0.6945	0.4199	-4.7510	-3.9549	-9.8980	-14.2116
-15.6792	-8.4986	-3.9906	-4.2599	1.4141	1.3663	-4.3556	-5.0225	-8.0703	-10.9182
-11.3364	-8.7431	-4.4391	-5.2817	0.5531	1.1617	-5.6274	-5.0166	-7.5193	-9.5485
-9.9553	-9.8201	-5.8320	-3.7153	1.4793	1.0240	-3.5804	-3.5780	-7.1753	-14.0393
-12.0917	-11.0480	-5.9557	-4.6275	0.9305	0.9745	-5.3260	-4.4289	-7.7591	-11.2791
-15.7645	-9.2040	-4.7894	-5.9175	1.0106	0.6296	-4.0384	-3.4119	-7.6364	-12.3430
-12.1719	-9.0370	-4.0212	-3.2138	1.1596	1.8295	-3.9676	-4.6993	-8.3705	-11.1123
-11.1063	-9.3932	-4.1891	-4.3738	0.6556	1.6671	-3.0519	-4.3360	-9.2189	-13.0610
-14.1139	-10.1561	-4.8302	-4.3072	1.0495	0.9092	-4.3009	-3.0430	-6.9770	-13.3004
-11.1317	-8.6377	-4.1027	-2.7792	1.8158	1.2191	-4.1595	-4.9927	-9.9110	-12.3385
-18.5768	-11.1772	-5.5338	-5.5188	0.8154	0.7146	-4.6872	-4.4586	-8.0992	-12.4556
-11.4350	-9.0366	-3.7523	-3.4734	0.9027	2.1369	-3.0753	-3.7724	-9.6116	-14.2582
-14.8130	-8.4980	-4.1584	-3.0070	2.0074	1.3467	-4.5548	-4.3425	-9.4802	-13.1277
-13.5468	-10.6976	-5.3934	-4.4681	-0.1312	0.4256	-4.0287	-5.2534	-10.3663	-12.3142
-10.9371	-8.8591	-3.6027	-2.8796	1.5617	1.5745	-3.4869	-4.6386	-10.1719	-14.4328
-11.5175	-9.1641	-5.5505	-4.2726	1.7679	1.5087	-2.8684	-4.4065	-8.7900	-15.3216
-12.7627	-9.2554	-4.1591	-5.4438	0.9277	0.9280	-4.3218	-3.9153	-8.4398	-12.7666
-13.4333	-9.7821	-3.4201	-4.7147	1.6377	2.5042	-3.6149	-4.3567	-12.1196	-11.7509
-13.7398	-10.6762	-5.1366	-4.8884	0.7961	0.7724	-4.9440	-5.0410	-10.1630	-13.7923
-10.9976	-8.1234	-4.9346	-2.9222	1.8781	1.5776	-3.7345	-4.4234	-9.5567	-12.1376
-12.1499	-8.4111	-3.4069	-4.5398	1.0546	1.1223	-5.5020	-5.0367	-9.1518	-12.7155
-15.5296	-9.2332	-4.6543	-3.9998	1.8573	1.8096	-4.4030	-3.9164	-8.3547	-12.1431
-11.9601	-9.5327	-4.5573	-4.6016	0.7089	1.5204	-4.6663	-4.9022	-7.0016	-14.8935
-10.9037	-7.3785	-3.3989	-4.0504	1.5685	1.5372	-4.6378	-4.5052	-9.4137	-14.0817
-9.8902	-9.4475	-3.7816	-3.0337	1.5907	1.2724	-4.5620	-5.2317	-9.1388	-10.3119
-12.2081	-7.3693	-3.0031	-4.9399	1.0713	1.4229	-4.8144	-3.7862	-8.4377	-10.5213
-16.5356	-8.2061	-3.6292	-2.8131	1.6141	1.1266	-4.1592	-4.2850	-9.6815	-14.2194
-11.4153	-7.0569	-3.8189	-4.6564	0.9926	1.0880	-3.9287	-3.2888	-8.0874	-13.3667
-10.6518	-7.9293	-4.6511	-5.1582	0.9923	1.0791	-5.1839	-3.9201	-8.7360	-17.1569
-14.8043	-9.3316	-4.7365	-4.0455	1.3555	1.6475	-3.0094	-5.8546	-11.7809	-14.0271
-13.1004	-7.0585	-4.4942	-5.1498	1.1844	0.9387	-3.1814	-4.9840	-8.7112	-12.9002
-14.2035	-8.8567	-4.1251	-4.0423	1.4583	1.0434	-3.4935	-5.0183	-9.6294	-12.8746
-9.9157	-8.0678	-5.2417	-3.8188	1.7126	0.8985	-3.5959	-4.0521	-9.7397	-13.5371
-13.4659	-7.6059	-3.4587	-4.0610	0.8959	1.3739	-3.6392	-5.2372	-10.4412	-12.9630
-13.9977	-9.4388	-4.8392	-2.7857	2.1003	1.6317	-3.5262	-4.2046	-10.7462	-11.6440
-11.4919	-10.4105	-4.0605	-3.0222	1.7075	1.2152	-4.2615	-3.5271	-10.3783	-17.5224
-12.5986	-10.1826	-5.4880	-4.0640	1.3628	1.7055	-3.0191	-3.1533	-8.5915	-16.1804
-10.5048	-9.8819	-4.6574	-3.0189	1.5754	1.6934	-3.4304	-4.2180	-9.1722	-9.5224
-10.1612	-10.0314	-4.3433	-3.6480	1.5187	1.3102	-4.7330	-4.7715	-10.4158	-12.7596
-14.7892	-10.9134	-5.6895	-4.7905	1.1546	0.7590	-5.5294	-4.7565	-10.5632	-14.6585
-11.3652	-9.9258	-6.2798	-4.5452	1.1606	1.5340	-5.8464	-4.8257	-7.8345	-17.0984
-15.2548	-7.9697	-3.9845	-5.1375	0.8715	1.1900	-3.2280	-6.0618	-9.0871	-14.5641
-13.9897	-9.2622	-3.9338	-2.6224	1.6659	2.0876	-2.9064	-3.9642	-7.8050	-12.0992
-12.2085	-7.0168	-3.1575	-3.2558	1.8637	1.8128	-3.9028	-3.6135	-7.5606	-16.1312
-11.3278	-8.3039	-3.4047	-3.6080	1.4831	1.1444	-5.6167	-4.5030	-7.2299	-12.4479
-11.6019	-8.0046	-4.4060	-4.3318	1.3924	1.0260	-4.0045	-4.0553	-7.1408	-12.4222
-13.0156	-8.5681	-3.0659	-3.1371	1.9422	1.5852	-3.5262	-4.0566	-7.2022	-12.1126
-12.8587	-6.5395	-3.3331	-2.8038	2.3268	1.9150	-3.8831	-5.8064	-9.3967	-13.2295
-10.7228	-8.8826	-3.5650	-3.1022	1.1155	1.1324	-2.5749	-3.1027	-7.8690	-9.8842
-14.1255	-9.3184	-3.6523	-4.0447	1.9113	1.9050	-4.7640	-4.6047	-8.0556	-12.7776
-14.6323	-8.3357	-4.0223	-2.7064	1.4021	0.7898	-4.7934	-4.8821	-8.7925	-13.6307
-11.4153	-7.4860	-3.3938	-3.3690	1.0071	0.9035	-3.8556	-3.8947	-8.5433	-13.5339
-13.8533	-10.2089	-6.3228	-4.8487	1.6493	1.5973	-4.2074	-3.7487	-7.7963	-11.5790
-13.2346	-10.0252	-3.6386	-3.1059	1.8519	1.9180	-3.0024	-3.5445	-9.0306	-9.4107
-7.3318	-7.2954	-3.5093	-4.3758	1.3439	1.0433	-4.7121	-5.6792	-9.4317	-13.7453
-12.3341	-9.6544	-4.9053	-2.5660	1.5409	1.7622	-4.1139	-4.8896	-8.2226	-10.7451
-9.4997	-6.1044	-3.7888	-5.6240	1.1807	1.1980	-4.8203	-4.0924	-8.3634	-11.7796
-13.9728	-9.7560	-3.1786	-3.4747	0.3375	1.2893	-3.6533	-5.1867	-9.4222	-13.4951
-11.3717	-7.8291	-3.8080	-4.7479	0.7654	1.1713	-3.9229	-4.7061	-7.9301	-13.0593
-11.0654	-8.3020	-4.2312	-4.7640	0.8112	1.1826	-3.2837	-4.6335	-8.9818	-15.9496
-14.0801	-7.8248	-3.7578	-4.9332	0.8057	0.9620	-3.8434	-4.7830	-8.9665	-11.7887
-10.3060	-8.0826	-4.5188	-3.8987	1.3884	2.2001	-3.6763	-4.8865	-8.5481	-13.7342
-12.4452	-10.1491	-3.9674	-3.9301	1.8304	1.6604	-4.3875	-4.0333	-9.1911	-11.1367
-11.7792	-9.2724	-4.6626	-4.2711	1.8192	1.8834	-5.5973	-4.2210	-7.4761	-11.3533
-11.5103	-7.9796	-4.3347	-6.4254	0.9045	1.5857	-3.1238	-4.8969	-9.3837	-12.0799
-15.2947	-8.4442	-2.8494	-3.0230	0.9998	0.9266	-3.6209	-4.8389	-10.4081	-11.1227
-15.1994	-10.2589	-3.9250	-4.1358	0.9528	1.3774	-3.9543	-4.0142	-9.2112	-8.1523
-13.1473	-8.8753	-4.8825	-5.7833	0.6524	1.4546	-3.9638	-3.3835	-8.1864	-11.6872
-9.2451	-6.6208	-2.8884	-4.2040	0.5587	1.1944	-4.0672	-4.0355	-7.3865	-9.7393
-10.5952	-9.4112	-5.1346	-5.2977	0.8417	1.5556	-3.5291	-3.0499	-9.1331	-13.0013
-13.1494	-9.7110	-4.3727	-4.2352	0.8462	1.2126	-4.3019	-4.6142	-7.0381	-13.4348
-9.0642	-7.2126	-4.8344	-4.4202	1.2139	1.4487	-4.4803	-4.4021	-8.1155	-10.9987
-10.8024	-6.7767	-4.2001	-3.7321	2.0506	1.0755	-5.4922	-4.9469	-8.9985	-12.5758
-11.2470	-7.6664	-4.9325	-3.9925	1.8335	1.7132	-4.0967	-3.8089	-7.3335	-10.1526
-9.1874	-8.9070	-4.3515	-3.2618	0.7066	1.0161	-4.8239	-4.5084	-9.1174	-11.7169
-10.7689	-9.5085	-4.7473	-4.5398	1.1632	1.4827	-3.8836	-4.4122	-9.0793	-16.9067
-11.9692	-8.8909	-4.6070	-4.3232	1.6291	2.0400	-2.8054	-5.6074	-8.5466	-13.3346
-13.2337	-10.8167	-3.6971	-2.5783	2.3903	1.4720	-4.6733	-5.0612	-8.7271	-12.4016
-12.6042	-9.1556	-5.6711	-3.8694	1.5570	0.8527	-3.3427	-4.2766	-10.3131	-12.1496
-9.3866	-8.3265	-4.7292	-4.1265	0.8391	1.2764	-3.9567	-3.4877	-7.8569	-10.3870
-11.8144	-9.2775	-4.7497	-4.0682	1.1564	1.1451	-4.9202	-4.0388	-5.8063	-9.1165
-11.8806	-9.5783	-4.7277	-5.2962	1.8041	1.5744	-3.1922	-4.1994	-6.6766	-10.2710
-10.6205	-8.4857	-3.5848	-3.7948	1.1225	1.0489	-3.9327	-5.1369	-11.2925	-16.9052
-9.9497	-8.8077	-5.9306	-5.3167	1.2092	1.2676	-4.3144	-4.7924	-8.8946	-13.0465
-18.3886	-10.4442	-4.2565	-3.1690	0.9297	0.8863	-4.5155	-5.3556	-9.1898	-17.2711
-15.0436	-8.6669	-3.7911	-5.0101	1.1001	1.6041	-4.6547	-4.4203	-9.4793	-12.5078
-11.0252	-7.5470	-3.9330	-4.8112	1.2728	1.4670	-3.3217	-3.6780	-8.3646	-11.9695
-11.0389	-10.4545	-5.3600	-3.6673	0.9699	0.7321	-4.3806	-4.7942	-11.8937	-15.8787
-15.0556	-10.0224	-4.2313	-3.2740	1.5286	1.5032	-3.2803	-3.2191	-7.9830	-19.0302
-13.8881	-8.0456	-3.7408	-4.2138	0.8363	1.3408	-4.4230	-4.1578	-7.7490	-19.3930
-10.0421	-9.6395	-4.6050	-3.3578	1.2245	1.6003	-3.6981	-3.1673	-6.6290	-9.0330
-11.0712	-7.0177	-3.1520	-3.2851	1.6643	0.6476	-3.5863	-4.6092	-9.2632	-12.1053
-14.4402	-8.2029	-3.9645	-3.8435	1.2873	0.0669	-4.2586	-2.7961	-9.4349	-14.3828
-14.0547	-8.8577	-4.9891	-3.7282	1.4317	1.6243	-3.0267	-4.4198	-9.9821	-12.0159
-10.2967	-10.3278	-4.6065	-4.9340	1.1789	0.6187	-4.0732	-3.9812	-8.1086	-12.1941
-11.6908	-10.2138	-4.6476	-3.4782	1.2521	1.1138	-4.2863	-5.0077	-9.9250	-13.0327
-11.9690	-8.2010	-3.0758	-4.5295	0.5056	0.6269	-4.7904	-4.2610	-7.4364	-11.2709
-13.8722	-9.2032	-4.1658	-3.2342	1.4973	1.7795	-4.8474	-4.4811	-8.6545	-15.6771
-10.8019	-8.7009	-3.9224	-4.3165	1.3256	0.8129	-4.5693	-5.2590	-8.0900	-11.0905
-13.3332	-9.1529	-3.4990	-3.4214	1.7065	1.7441	-4.1626	-4.4147	-8.6545	-12.4738
-13.9996	-9.6851	-5.9933	-4.1482	1.5904	1.0105	-5.4520	-4.5763	-7.9029	-10.0612
-13.2663	-8.1502	-3.1213	-2.8055	1.2644	0.8294	-6.0038	-4.4974	-7.2382	-11.3782
-13.9665	-10.3988	-5.0630	-3.9016	1.4265	0.4461	-2.4908	-3.4878	-9.2106	-12.2550
-12.4349	-11.3972	-4.9102	-3.9334	0.8935	0.9348	-3.4719	-4.1466	-8.6754	-11.7238
-14.1102	-9.8625	-4.1330	-4.4583	1.2413	1.2870	-4.7318	-5.6641	-8.8950	-11.7667
-12.2106	-9.3454	-4.7434	-4.9324	1.2822	1.6764	-2.8838	-5.9545	-10.0335	-14.3539
-10.3637	-9.2195	-4.6578	-4.3019	1.3396	1.4765	-4.2729	-3.3117	-9.2183	-16.5111
-11.0692	-10.4936	-4.9872	-3.9313	1.1677	1.3106	-4.7875	-4.6793	-8.4557	-15.3178
-11.3189	-7.7943	-3.8923	-4.4629	0.9602	1.2473	-5.6123	-4.5736	-8.8347	-11.1331
-16.8800	-8.4467	-3.0582	-3.8324	1.8473	1.0244	-4.9584	-3.6809	-7.1651	-12.8459
-11.5005	-8.0227	-5.3972	-5.7401	1.0208	0.7864	-5.3320	-3.8455	-7.9706	-14.3948
-10.0413	-6.6583	-3.3958	-3.6769	1.7734	0.9553	-4.5981	-4.2129	-7.6453	-11.9861
-14.5573	-10.2126	-4.5036	-3.7155	1.1392	1.4144	-3.1312	-5.1785	-8.7295	-10.4556
-12.1911	-8.6531	-4.3715	-4.1413	1.3324	1.2810	-2.6721	-4.6041	-9.8678	-12.5098
-12.6821	-7.4018	-3.5835	-4.5750	1.2480	1.5290	-2.6052	-4.1528	-8.4474	-12.5254
-13.7194	-9.9100	-4.1548	-4.8580	1.0384	1.0640	-3.1056	-4.6485	-10.3179	-12.0923
-13.9867	-8.4686	-3.9481	-3.0068	1.8782	2.3948	-3.8097	-3.7317	-10.1079	-11.8481
-12.6088	-7.4225	-3.9830	-3.2253	2.4650	1.5337	-4.1004	-4.1274	-8.8672	-14.4492
-14.3804	-9.1973	-3.7042	-2.3110	2.4147	2.1212	-3.5842	-5.5233	-10.4573	-12.7372
-8.8527	-9.2123	-4.4911	-3.8257	1.7465	1.3454	-4.9195	-4.8434	-13.0157	-13.1439
-10.6966	-7.6271	-4.1330	-5.1475	1.0627	1.0348	-4.5807	-2.9968	-8.2052	-14.4181
-13.6438	-11.7141	-5.2378	-5.4482	0.9007	1.2822	-4.2299	-4.8249	-8.1090	-11.1415
-12.1150	-8.6955	-4.9459	-3.3073	2.0085	1.8232	-4.9440	-5.2823	-9.2320	-13.2434
-13.3727	-10.6126	-3.9882	-3.8203	1.0262	0.9114	-4.0795	-4.4001	-8.0748	-13.6506
-11.3565	-8.9074	-3.8729	-3.4548	1.0186	1.1904	-3.2782	-3.8939	-8.7668	-12.0215
-17.2912	-9.6854	-4.1651	-3.9057	1.2521	1.5008	-4.3814	-4.4803	-8.9871	-14.7185
-13.3728	-8.2018	-3.9404	-4.4055	1.6582	1.5205	-3.0464	-3.9625	-8.0595	-13.6692
-16.1072	-8.1973	-3.8095	-3.3726	1.6775	1.6304	-3.9888	-2.7621	-6.6727	-14.9318
-10.8739	-6.6265	-3.8315	-4.9912	0.9897	1.5769	-1.8640	-3.6606	-10.2533	-10.2106
-13.8808	-8.1150	-4.7155	-3.0472	2.3465	2.0835	-5.1969	-4.2118	-8.7373	-10.6843
-15.6542	-11.0994	-6.1680	-3.8248	1.3585	1.7162	-2.3549	-3.8885	-8.2828	-11.0903
-15.9641	-10.0138	-5.9878	-2.8782	1.7797	1.7229	-3.8619	-3.6203	-11.2385	-17.6022
-13.1704	-10.1946	-4.4146	-4.7121	1.0028	0.6208	-4.9149	-3.8732	-9.3530	-13.1174
-12.2108	-8.9172	-4.9355	-2.6419	1.4144	1.0565	-4.4593	-3.7016	-8.4318	-13.0620
-11.3591	-7.9950	-5.0226	-5.1976	0.8373	1.1911	-4.5298	-4.2920	-5.9481	-10.6963
-12.9441	-7.3831	-3.1394	-4.9304	1.5370	1.4233	-4.4062	-4.1311	-9.7787	-10.0418
-13.2388	-9.8424	-4.3172	-3.8901	0.8097	0.1225	-5.4714	-5.0260	-10.2145	-15.8912
-12.4099	-7.8616	-3.9327	-3.3951	2.3237	1.9760	-3.0929	-3.8918	-7.4169	-9.8671
-12.8022	-10.1298	-5.1574	-4.5865	1.3211	1.6206	-4.4015	-5.6270	-10.1600	-15.5896
-12.9881	-9.4826	-3.7638	-1.9336	0.8677	0.8459	-5.9139	-4.9078	-7.8150	-11.3716
-14.3591	-10.6699	-4.0454	-3.8101	0.8112	0.9107	-3.7565	-4.8744	-8.4721	-11.8974
-12.4361	-8.9470	-3.0745	-3.1289	0.9324	0.9201	-4.7498	-4.3651	-10.2798	-13.6459
-13.0827	-9.3186	-4.2515	-3.1558	1.5831	1.7622	-3.5542	-4.5176	-9.5638	-12.2239
-13.4162	-9.5256	-5.2638	-5.5391	1.0537	0.8138	-4.5692	-4.6077	-7.0804	-17.4577
-12.0445	-7.3435	-4.4020	-4.7180	2.2751	1.8171	-3.8123	-3.9380	-9.1520	-18.1318
-13.0204	-7.5993	-4.1276	-4.8141	0.9749	1.1696	-4.6243	-4.2976	-7.1921	-12.3862
-12.7877	-8.8259	-4.4179	-3.1802	1.0629	1.5469	-3.6891	-5.3423	-11.0839	-13.6529
-11.4756	-7.7143	-3.5288	-3.4104	1.4562	1.4990	-5.7839	-3.5156	-7.5648	-10.1475
-12.7474	-9.4012	-4.2392	-4.3325	0.2560	1.5297	-4.0920	-6.2187	-10.4231	-12.7441
-15.6937	-9.8207	-4.9628	-3.9230	1.0714	1.4987	-5.1880	-5.3126	-9.1582	-10.6902
-13.9047	-9.9462	-5.1128	-4.3088	1.4078	1.5681	-3.3755	-3.7673	-7.9918	-9.8632
-11.2812	-7.4799	-4.1868	-3.9690	1.8310	1.5247	-4.7105	-4.0297	-11.5414	-14.2057
-9.5818	-9.2062	-5.0795	-3.4971	1.4092	1.6736	-3.2490	-5.1687	-12.9199	-12.2414
-11.7606	-6.4681	-3.7416	-3.8755	1.9045	1.3509	-5.3536	-4.5576	-8.0765	-11.0914
-12.6560	-10.7224	-5.5920	-3.9673	1.7837	0.6121	-5.5438	-7.2897	-10.9998	-12.8833
-10.6254	-7.5334	-5.4906	-2.7596	2.1504	1.3454	-4.7485	-3.6614	-8.7995	-10.3243
-15.0397	-6.9251	-3.8907	-4.0536	1.1546	1.8564	-3.5230	-3.6471	-6.2732	-12.5276
-13.0235	-8.9633	-4.5646	-4.9544	1.1692	1.8260	-3.7098	-4.2942	-8.1352	-11.7978
-14.0174	-8.5897	-3.9926	-3.8028	1.3104	0.8321	-4.3828	-4.5232	-9.0350	-13.4109
-11.3043	-9.2724	-4.9717	-3.2643	1.1293	0.8754	-5.5973	-4.8725	-9.9309	-11.8900
-12.7252	-7.8692	-4.0655	-2.4458	1.9176	1.9511	-3.5739	-3.9935	-6.5593	-11.1762
-10.5740	-9.2683	-4.0373	-4.2613	1.3751	1.4945	-3.5130	-4.9212	-7.3157	-12.9108
-11.8880	-9.7443	-5.2272	-5.8689	0.3506	-0.3374	-4.5084	-4.0354	-8.7969	-11.7816
-11.9861	-9.9292	-3.8137	-3.3023	1.5149	1.2052	-4.3668	-3.7075	-7.9476	-14.3448
-13.3631	-8.1592	-4.8622	-4.6636	1.0442	1.1303	-2.3186	-3.7093	-10.1361	-13.0965
-17.1824	-9.8694	-4.6832	-4.6801	1.0146	1.5516	-3.9922	-5.5992	-9.1288	-11.5791
-12.5206	-10.4217	-5.2716	-4.8699	1.8468	1.3576	-5.1377	-5.1266	-9.2206	-13.5284
-11.8286	-7.5084	-4.4226	-4.1336	0.9799	1.1768	-3.1753	-3.3806	-8.6103	-12.3623
-10.3413	-7.4454	-4.7791	-3.7701	1.0541	0.9002	-4.3208	-3.6167	-8.3979	-12.1186
-11.0328	-9.9317	-5.0887	-3.3868	0.9742	0.6169	-5.1848	-4.8739	-7.6063	-15.4200
-9.8242	-8.7211	-3.3992	-3.1994	1.1001	0.4993	-5.2748	-4.3269	-8.6300	-15.0569
-14.6593	-8.3289	-5.4513	-4.2990	1.7725	1.7312	-4.9706	-3.7967	-8.3085	-12.0058
-12.4436	-9.5279	-5.6121	-3.6252	1.1151	1.5548	-3.1252	-4.6102	-9.9172	-10.2288
-13.0405	-9.4553	-5.0072	-3.8796	0.9493	1.2353	-4.0714	-3.4499	-7.1403	-12.4327
-15.8069	-8.0978	-3.9772	-4.2750	1.0446	1.2053	-3.9656	-5.2879	-8.3122	-9.1445
-10.4775	-8.7633	-4.3004	-2.5296	1.6864	1.3702	-4.5989	-2.9607	-7.0205	-18.0879
-13.5040	-9.6491	-4.3544	-4.5270	0.8504	0.6748	-4.7611	-4.9287	-10.0979	-12.3696
-11.7980	-11.7033	-4.6773	-3.6715	1.3781	1.6110	-3.2911	-5.0170	-9.0366	-13.5311
-11.9070	-8.7397	-5.1016	-5.3601	1.1619	1.4228	-3.9810	-4.5863	-9.1431	-13.8118
-12.8687	-7.3859	-3.9075	-4.4417	1.0765	1.3898	-4.8494	-4.9668	-8.0247	-13.3672
-12.4099	-8.2238	-4.1155	-3.3529	0.5039	1.1921	-3.4379	-4.8507	-9.1521	-11.9474
-12.6947	-8.2350	-5.2818	-5.4946	0.6672	0.8611	-4.3297	-5.5293	-9.3472	-10.9873
-10.7906	-6.2236	-4.7321	-5.2461	0.9601	1.3323	-3.9085	-5.4615	-11.6006	-14.1539
-14.2040	-8.2865	-4.6271	-4.8327	1.4102	1.4879	-4.2898	-5.0251	-8.7619	-14.7664
-11.7471	-9.3345	-6.3335	-3.1500	0.9185	0.7149	-3.9621	-4.1980	-8.6123	-9.8043
-9.7593	-7.3517	-4.0902	-5.4975	0.5964	1.1970	-5.1248	-4.3084	-6.8521	-10.0304
-12.5343	-9.1837	-5.0799	-4.2848	1.5579	0.6737	-3.5125	-4.3921	-10.4450	-14.6526
-12.8397	-7.8743	-4.1518	-3.5641	2.0669	1.3166	-3.9849	-5.1482	-9.7631	-9.4302
-14.0649	-10.5902	-5.1330	-3.9766	0.8554	1.3129	-4.4738	-5.5950	-8.3295	-12.1313
-11.3138	-7.3164	-3.7416	-3.7235	1.0626	0.5473	-3.9366	-4.1758	-9.4354	-10.0244
-11.0166	-7.9756	-4.8802	-4.2491	1.4449	1.1857	-2.9119	-4.4935	-10.4960	-12.1746
-13.6375	-10.3237	-4.8325	-6.1496	0.8069	1.5640	-3.8325	-3.1510	-8.5283	-10.3861
-13.4128	-7.6809	-3.8509	-4.3888	1.6291	1.2561	-4.9487	-4.0636	-8.2334	-10.5389
-10.6344	-7.5241	-3.1762	-4.5670	1.6368	1.3083	-3.5858	-5.8087	-8.5730	-9.8613
-15.9234	-9.0616	-3.6560	-4.2015	1.2044	1.7981	-4.2582	-4.4088	-9.2071	-11.2425
-10.0010	-9.0189	-4.4162	-3.6270	1.9384	1.3215	-4.1946	-4.4181	-8.3282	-14.2579
-12.2248	-9.2665	-3.9435	-3.6558	1.9877	1.5556	-3.9347	-3.9581	-8.2933	-13.4108
-13.0663	-6.6574	-2.7576	-3.7849	1.0262	1.0698	-4.5633	-4.4666	-9.4061	-9.5415
-10.6264	-8.6763	-4.0069	-4.0570	1.4863	1.1833	-3.4794	-4.5469	-8.1638	-10.4882
-11.0383	-7.8124	-4.8748	-4.1910	0.5135	0.9384	-3.6816	-3.7756	-10.7817	-9.1121
-14.5141	-8.0830	-2.9770	-4.5199	1.4620	1.7187	-3.5389	-4.5291	-8.0850	-10.1265
-9.2807	-7.7075	-5.0461	-4.5619	1.1470	1.1583	-4.1886	-4.9939	-11.9968	-11.0893
-10.6842	-10.1294	-4.4304	-3.9944	1.0220	0.7250	-4.9850	-4.4153	-9.4481	-10.7995
-14.7241	-8.9898	-4.3863	-3.2818	1.1270	0.9750	-3.6686	-5.0699	-9.6802	-16.8616
-16.4162	-11.2447	-5.7767	-4.9994	1.3641	1.0542	-4.9687	-3.4646	-8.0013	-12.3014
-15.6504	-10.0295	-5.3673	-5.3019	0.9844	1.0308	-4.8682	-4.5396	-8.6897	-10.4661
-10.0337	-8.2591	-4.1250	-3.7016	1.1706	1.7772	-4.0101	-2.9444	-7.9707	-17.0432
-11.1561	-7.7221	-4.9943	-3.6713	1.2144	1.2360	-3.7192	-4.3631	-10.3494	-12.8811
-13.2798	-8.0723	-4.3101	-3.8617	1.1667	1.0877	-3.5976	-3.9651	-8.1666	-12.5885
-13.4793	-8.4069	-4.3510	-3.2588	1.5468	1.6642	-3.9652	-3.8567	-9.2271	-14.6851
-15.1899	-7.0777	-3.2310	-4.7892	1.1615	0.8729	-5.3199	-4.1686	-10.2396	-15.8342
-12.7028	-9.1663	-5.1743	-3.9562	1.1413	1.3649	-2.6467	-4.6202	-10.2185	-15.8581
-13.4476	-9.7107	-5.3417	-3.7752	1.7160	1.6281	-3.2742	-3.2041	-6.7055	-11.8865
-11.7026	-11.0754	-4.5696	-4.2777	1.3311	2.0459	-4.8029	-3.6774	-8.2307	-18.8584
-12.3886	-7.7650	-4.8189	-2.6231	1.9054	1.3923	-4.3957	-4.3414	-9.0821	-10.0133
-10.8438	-8.7330	-4.5808	-4.3712	1.1986	1.7691	-3.3481	-4.2434	-6.8719	-12.6570
-13.8987	-7.3960	-5.1193	-4.5203	1.7437	1.5124	-4.6947	-3.7688	-8.7760	-16.4764
-12.8366	-8.9725	-5.1611	-5.0838	1.5460	2.1720	-4.2320	-3.6933	-8.3143	-11.2513
-9.8662	-8.9191	-3.2675	-5.2433	0.8665	1.6894	-3.6457	-2.9464	-8.1905	-15.5543
-17.0197	-8.0618	-3.8990	-5.0872	1.7066	1.5827	-4.4853	-3.3148	-7.8194	-13.0632
-11.0322	-9.1735	-3.8545	-4.1009	1.5467	1.2228	-4.3757	-5.1823	-8.7059	-11.2953
-12.5352	-7.6188	-3.2120	-4.0829	0.9470	1.3486	-3.4836	-3.3809	-7.6634	-15.1952
-10.8083	-7.1107	-3.6358	-2.9929	1.1095	0.4281	-4.7680	-3.9330	-9.0537	-11.8511
-16.6819	-8.0325	-4.1504	-3.3793	0.6041	0.3205	-5.1242	-5.1893	-9.2575	-10.9052
-12.2304	-8.3086	-3.5798	-2.6561	1.5888	1.4201	-3.9860	-4.4147	-8.5315	-17.0866
-10.8532	-9.1733	-4.4645	-3.8418	2.0333	1.5757	-5.8212	-4.2105	-6.8702	-12.1861
-8.7245	-7.7730	-4.7360	-4.5629	1.0635	0.9670	-5.0409	-5.3957	-10.0546	-15.7049
-13.3533	-9.4061	-3.6799	-2.8807	1.9553	2.4466	-2.9626	-3.1907	-7.6071	-13.5545
-14.1314	-9.6574	-5.2935	-6.4649	0.9411	1.3096	-2.7484	-4.3866	-8.3140	-13.6922
-13.2619	-9.9761	-4.7619	-1.9151	1.8789	1.2022	-4.0166	-4.3373	-7.7754	-12.0314
-10.6024	-6.9601	-3.6575	-4.7663	1.0444	1.2884	-3.3215	-3.2440	-7.7036	-12.1981
-9.3847	-8.4171	-3.8543	-3.2980	1.7165	2.2053	-4.4655	-3.5662	-7.6759	-14.6328
-9.8633	-8.9824	-4.1112	-2.8222	1.0099	0.7879	-5.2504	-3.8741	-9.2105	-10.3440
-9.9664	-8.1186	-4.1970	-3.6967	1.7096	1.6914	-3.4434	-4.1762	-7.8285	-10.5533
-11.3444	-7.3023	-3.8222	-3.6249	1.2280	1.4371	-3.9787	-2.9301	-5.8839	-9.1934
-13.6457	-9.9381	-4.3347	-4.3103	0.5228	0.9892	-3.6652	-4.1979	-8.0373	-10.9838
-9.1007	-7.4188	-2.6419	-3.0239	0.6097	1.3271	-4.7737	-4.8179	-8.5226	-10.1415
-10.6531	-9.1109	-5.0834	-4.0196	1.2988	0.7236	-4.3913	-5.4523	-9.2169	-12.4475
-10.3261	-8.8071	-3.7687	-4.1004	1.0327	1.3852	-5.0769	-4.3260	-6.7055	-12.5069
-12.6685	-6.6913	-4.6653	-4.2347	0.8228	1.0147	-2.6701	-4.4470	-9.6445	-18.2810
-14.1983	-9.0954	-4.1737	-3.3146	1.8843	1.9045	-4.7373	-4.8280	-7.2341	-12.0238
-13.9229	-7.1713	-4.7340	-4.1093	0.9595	0.6464	-3.6223	-4.6842	-8.3760	-12.3718
-8.5761	-8.1418	-4.8214	-5.0385	1.2285	1.3902	-4.0183	-2.9738	-7.3225	-10.7384
-13.7645	-8.9804	-3.7922	-4.6373	0.4045	0.9453	-5.1119	-4.0683	-8.0791	-11.7105
-11.6099	-7.7300	-3.5473	-4.5419	0.6450	0.7330	-5.9751	-4.5783	-7.8308	-8.6014
-11.1013	-8.3669	-6.9710	-4.9819	0.8298	0.7302	-4.4023	-5.7108	-8.7341	-13.6333
-8.7191	-7.9747	-2.9545	-3.7773	1.6416	1.3228	-4.5656	-2.2492	-6.6892	-11.9249
-10.6130	-7.5356	-4.6639	-5.1090	0.8966	0.9349	-4.9935	-4.9398	-8.2809	-11.5187
-14.3064	-8.1493	-4.0630	-3.4891	1.3686	2.1152	-3.5942	-5.2603	-10.2779	-11.4516
-13.4045	-10.8077	-4.5241	-4.4455	1.2372	1.0960	-2.9967	-3.3913	-9.3832	-13.5693
-9.0406	-8.2742	-3.2566	-3.5958	0.9640	1.0360	-4.5229	-4.9007	-8.3291	-13.5615
-14.2756	-9.3727	-3.7198	-2.6366	1.1087	0.5275	-4.9082	-5.3009	-11.5974	-14.3086
-14.5388	-8.6879	-4.6282	-5.1698	0.7388	0.8604	-2.9198	-5.4760	-11.9183	-14.5494
-11.7690	-9.5109	-4.3344	-3.6641	1.8326	1.9476	-4.0350	-3.8482	-5.4621	-9.7808
-16.2850	-11.6885	-5.5053	-3.4421	1.8750	1.2607	-5.2956	-4.3240	-9.2754	-13.0709
-12.0884	-11.9807	-5.0497	-3.9099	1.2961	1.3925	-4.1338	-5.0650	-8.5807	-13.2034
-11.7121	-9.5142	-5.4885	-4.4847	1.5300	1.6588	-5.3323	-5.2090	-8.0426	-14.9086
-13.4712	-6.7273	-3.2471	-4.7511	0.9103	0.9142	-5.8389	-3.5260	-7.0215	-9.2757
-10.3494	-6.6894	-4.2097	-4.0466	1.4784	1.5774	-4.2418	-5.7219	-7.5230	-8.3193
-11.7847	-8.4555	-3.7239	-3.6029	1.9862	1.3149	-3.5556	-5.7050	-8.0002	-11.7137
-11.5509	-8.2201	-3.8488	-3.8966	1.6994	2.1609	-3.0562	-4.5452	-9.2984	-13.6697
-12.5542	-10.7761	-5.1002	-4.0803	1.6478	1.4664	-3.9483	-3.1452	-7.7333	-10.9846
-11.5229	-10.4281	-4.2225	-2.8421	1.9109	0.8543	-5.0646	-4.6104	-8.1570	-12.9179
-12.5487	-7.8541	-3.8035	-4.3347	1.6033	1.2586	-5.7595	-4.3660	-9.1350	-11.4476
-12.9534	-8.4019	-4.5729	-4.3889	0.9170	0.3247	-4.9849	-3.8852	-7.3996	-10.1344
-11.7490	-7.9727	-4.1654	-5.6290	1.9646	1.5787	-4.0045	-4.6239	-10.4418	-13.1056
-17.6838	-7.6420	-3.9243	-4.5842	1.5601	1.6819	-5.6559	-3.8111	-8.3724	-10.8892
-13.1014	-9.4917	-2.9118	-3.1354	1.3055	1.2673	-4.1772	-2.9463	-7.6586	-15.7733
-15.7774	-8.2920	-5.3771	-4.2960	1.4715	1.1433	-5.4418	-4.2448	-7.7646	-11.8795
-18.0907	-8.1312	-4.8247	-3.2756	1.6547	1.5009	-5.0504	-4.6069	-8.4983	-11.3273
-12.0557	-7.4054	-3.2722	-4.6007	0.2728	0.3677	-4.2530	-4.3755	-10.4267	-11.4065
-14.0803	-9.7135	-4.7827	-4.3190	1.5008	0.9886	-4.6459	-3.6967	-9.1645	-9.6492
-12.7733	-7.6063	-3.9526	-3.1532	1.2878	1.3234	-4.6214	-4.7537	-7.2696	-11.7123
-14.8520	-8.9837	-4.7274	-6.0583	1.1525	1.3804	-4.2593	-4.4564	-8.6725	-10.5619
-10.6058	-6.8413	-4.6071	-3.3725	1.7651	1.3397	-2.6322	-3.1755	-8.5291	-13.3959
-12.6090	-9.8670	-4.5223	-4.7216	0.8975	1.7081	-2.9534	-2.4652	-5.8223	-12.9866
-10.5392	-6.2177	-3.8342	-4.3601	0.7367	1.3701	-5.4058	-4.5238	-9.1057	-15.4563
-13.7419	-8.1468	-4.4698	-4.3777	2.3421	2.1394	-3.8630	-5.8982	-9.8358	-13.7202
-12.3305	-8.0963	-4.9443	-5.5649	0.3742	1.5260	-3.5858	-4.4818	-10.7424	-15.4006
-12.6859	-8.6863	-5.0953	-3.3708	1.3155	0.7595	-4.3751	-4.6994	-9.4064	-14.1234
-11.8035	-8.4457	-6.6772	-4.3050	1.4047	1.5095	-2.9437	-3.4664	-8.3130	-10.8020
-13.8577	-8.4371	-6.4998	-4.3833	1.3329	1.0112	-2.3826	-4.1339	-10.9421	-13.6942
-14.1728	-9.1406	-4.5151	-4.8434	0.8425	1.7995	-2.9226	-4.2930	-8.6853	-12.7353
-8.9507	-7.2187	-3.7336	-4.4216	1.5849	1.2328	-3.1620	-3.6731	-7.6584	-13.5905
-13.8227	-11.9288	-3.7978	-2.3635	1.6293	0.9985	-4.7378	-4.2540	-8.8386	-13.3313
-10.7707	-8.1359	-4.8972	-3.1352	1.8469	1.0416	-5.3099	-4.3843	-10.0815	-11.5848
-12.4130	-6.8149	-3.0054	-2.8355	2.3240	2.2455	-3.0748	-4.9800	-10.3667	-12.7383
-11.2876	-7.1842	-4.3899	-4.1643	1.2331	1.4029	-3.7873	-4.0793	-9.0132	-12.4704
-10.2367	-7.8615	-5.0039	-3.4784	1.1734	1.2279	-6.1147	-3.3653	-8.8027	-10.9698
-14.1938	-10.0528	-4.5164	-2.8907	1.9689	1.3253	-4.5219	-4.3215	-7.2563	-10.2280
-9.1940	-5.4233	-4.4996	-4.8660	1.7629	1.4381	-4.2303	-5.2581	-8.4780	-12.4935
-11.0654	-8.7984	-5.4159	-5.1366	1.2175	1.4236	-3.7315	-3.7690	-9.3841	-18.1574
-15.1063	-8.5149	-3.4420	-2.7037	1.5091	1.0743	-4.0228	-3.9162	-9.0933	-11.4552
-12.9086	-8.1798	-5.2306	-5.5751	1.0872	1.6293	-4.5399	-4.3225	-7.5123	-12.5591
-12.4424	-8.5358	-4.6678	-4.4635	1.8080	1.9276	-3.2131	-5.1320	-8.0844	-12.9591
-11.1555	-7.0472	-4.2124	-2.7385	2.1639	2.1536	-3.6260	-3.0822	-8.8009	-10.6707
-13.5608	-11.0092	-5.2565	-4.1115	1.4081	2.0656	-3.6881	-4.2170	-8.9795	-12.9240
-14.9365	-8.0108	-5.8392	-5.4504	1.1701	1.2226	-3.6552	-3.7213	-8.1101	-10.0327
-16.5215	-12.2764	-5.2042	-4.5417	1.4655	1.7331	-3.4514	-5.5760	-10.3481	-13.1895
-10.0146	-8.3569	-5.2838	-4.5948	1.4714	1.2879	-5.1891	-5.2053	-9.2741	-15.4511
-14.7992	-10.3782	-4.5543	-4.0817	1.9732	1.8949	-4.6888	-5.0248	-8.7682	-10.3412
-11.1877	-8.6390	-4.0141	-5.0908	1.2253	0.9453	-4.1314	-4.0392	-10.2249	-16.5975
-13.2011	-7.0572	-3.2479	-3.3008	1.7862	1.8425	-2.4558	-3.8442	-8.4650	-14.0669
-11.7545	-7.4598	-4.7202	-4.5709	1.2797	1.6211	-2.2136	-3.9513	-10.9056	-15.4254
-12.1569	-7.6628	-5.0605	-4.8089	0.7566	0.5120	-4.3129	-2.9657	-8.4843	-11.2300
-14.3292	-7.3962	-4.0618	-5.7869	1.2579	1.5691	-5.2379	-4.6091	-8.9912	-12.8631
-14.4755	-10.3078	-5.7527	-5.0636	1.2101	0.9445	-4.2070	-4.0866	-9.0422	-10.8746
-10.6863	-9.2026	-6.1003	-3.7825	1.3093	1.3878	-4.7032	-4.9362	-7.4038	-10.7578
-8.7425	-11.7615	-4.3699	-2.9187	1.7120	2.4156	-2.4045	-4.1747	-7.0889	-11.5247
-13.7700	-8.0937	-5.3458	-4.3792	1.2305	1.5540	-4.4599	-4.9815	-8.5456	-12.4927
-11.1467	-8.1057	-4.2726	-4.6310	1.1068	0.7810	-3.8557	-5.2497	-10.3569	-11.3036
-14.6049	-8.0201	-4.7621	-4.5342	1.4828	1.5094	-4.3458	-4.8223	-7.4875	-8.9455
-11.9065	-8.9832	-4.5382	-3.4221	1.7884	2.1161	-3.0660	-4.7301	-9.9082	-12.3319
-11.0543	-9.5154	-4.9322	-3.5562	1.3149	1.2761	-4.1467	-5.0169	-9.0604	-9.3077
-12.6725	-10.9482	-4.0316	-3.6708	1.5587	1.1358	-3.3651	-5.1078	-8.9260	-10.8379
-12.9769	-5.9243	-2.7756	-4.0633	1.2040	1.1048	-3.2151	-5.0763	-10.7160	-12.6689
-11.4803	-10.3738	-6.4993	-4.2940	0.7719	1.0340	-4.6408	-5.2023	-9.9701	-11.6718
-17.7304	-10.8542	-5.1822	-3.0363	1.7870	1.6094	-3.8500	-4.8585	-7.7434	-22.7885
-10.7224	-7.7513	-2.9146	-4.8536	0.7399	0.3676	-5.1778	-4.4839	-8.1129	-11.7042
-12.3415	-10.9724	-5.7485	-2.6511	1.9342	0.8294	-5.3740	-3.4336	-7.4849	-10.4732
-11.3231	-9.0499	-5.1238	-4.1929	1.6968	1.0590	-4.3223	-4.0621	-8.9564	-11.2590
-9.1554	-7.0586	-3.1441	-3.8026	1.2253	1.7031	-4.0677	-4.6372	-8.8851	-14.0464
-11.1679	-7.4380	-3.9228	-5.9932	0.8173	0.8354	-5.6594	-3.5211	-9.5362	-17.1666
-12.0467	-6.9319	-3.5965	-5.0447	1.6567	1.4766	-2.7588	-3.2766	-8.2721	-11.6412
-17.4405	-9.0647	-4.7517	-3.0974	2.4172	1.2314	-4.5048	-3.4485	-8.5654	-13.1823
-13.4282	-9.6415	-4.6855	-2.9938	1.5566	1.8618	-3.6684	-4.1874	-9.9289	-12.4103
-12.8186	-8.5559	-4.0343	-4.1616	1.2833	2.1451	-3.5563	-4.2610	-7.8232	-14.1409
-12.6400	-8.5374	-3.3420	-4.3419	1.2989	1.4237	-3.5528	-3.6464	-7.1403	-11.9235
-11.6499	-6.4573	-4.6300	-3.6763	1.6917	1.4433	-4.5093	-3.2040	-6.9088	-12.3105
-13.0960	-10.2137	-4.8167	-3.8845	1.2111	0.9203	-4.7337	-4.3015	-9.8466	-11.9914
-14.8621	-7.9225	-4.1053	-3.5066	2.0234	1.9285	-4.6876	-4.2971	-8.0690	-13.8089
-11.6802	-9.8829	-5.2124	-5.2975	1.1055	1.3812	-3.6313	-5.3519	-10.0436	-17.0910
-10.2370	-9.1362	-4.7155	-4.1437	0.9907	1.4343	-3.8889	-4.0224	-8.6658	-13.0436
-16.9105	-10.5374	-4.2202	-3.9122	0.5678	1.2833	-4.1067	-4.2332	-9.2717	-10.5878
-13.2805	-8.5191	-3.9590	-3.5542	1.2305	1.0329	-3.0480	-5.4402	-10.1591	-11.4729
-14.0444	-10.0849	-5.5522	-4.8636	0.9229	1.3861	-3.8185	-4.3960	-8.0098	-11.4040
-15.0386	-9.2624	-4.5600	-3.9439	1.3218	0.8517	-4.7781	-4.1956	-8.8855	-12.5283
-8.8257	-6.7541	-3.5045	-3.2164	1.7989	1.1269	-4.0042	-3.4851	-9.4779	-9.9482
-13.6603	-10.6113	-4.1932	-3.0126	1.3463	1.3848	-2.9998	-3.1208	-8.4887	-13.1950
-12.1614	-9.0180	-5.6934	-4.2010	0.7945	1.0704	-3.1812	-3.5917	-7.9282	-15.2188
-11.3272	-9.1728	-3.9324	-3.9398	0.8673	1.2082	-5.1683	-5.5879	-7.4776	-13.8990
-11.6235	-9.6183	-3.4832	-3.4733	1.7644	1.4944	-5.1695	-4.5686	-9.3655	-10.0976
-12.5159	-9.8687	-5.0598	-5.2630	1.5680	1.3984	-3.9632	-3.3715	-9.7848	-13.8953
-12.0604	-7.9275	-4.4311	-4.3883	1.4186	1.5559	-3.7240	-5.3267	-9.4368	-17.6462
-12.3685	-9.3177	-5.0834	-3.4613	1.0810	1.1642	-3.7228	-3.7948	-8.6757	-12.9480
-12.1915	-7.2002	-3.8875	-4.2531	1.4652	1.2173	-5.6273	-4.0117	-7.2029	-10.8397
-10.8214	-9.6469	-3.6942	-4.6283	1.2136	2.1560	-3.5205	-3.8366	-7.9595	-13.1555
-10.2021	-6.5033	-3.3156	-5.3526	0.7624	0.8873	-3.9083	-4.7232	-8.1324	-12.7983
-10.6035	-10.2982	-3.1852	-2.5986	0.8293	1.0840	-4.7453	-4.6582	-8.2536	-12.4597
-12.9496	-9.0839	-4.5675	-4.3019	0.7653	0.4915	-4.5972	-3.9259	-8.5555	-12.0927
-12.3901	-7.2740	-4.1905	-4.3840	1.1324	1.2498	-5.1729	-4.9545	-9.6463	-10.8810
-12.1265	-10.3529	-4.1350	-3.1036	1.3413	1.8282	-3.4652	-4.0630	-7.1824	-13.5171
-11.3860	-7.6012	-3.9046	-2.9147	2.0394	1.7554	-3.5933	-3.9927	-9.3697	-11.9446
-12.0594	-8.3204	-3.5674	-2.7864	1.2263	1.2252	-3.8807	-3.4460	-6.3626	-12.2997
-10.2221	-8.5633	-4.5346	-3.2145	1.3827	1.3171	-4.7343	-4.9704	-8.1084	-13.2663
-11.3110	-7.3219	-3.3196	-4.1405	2.0776	1.8809	-4.3154	-3.6179	-7.6697	-12.5626
-15.5136	-9.0179	-3.7597	-4.3293	1.0470	1.1806	-3.8969	-5.2265	-9.2031	-14.2045
-11.9775	-7.4275	-3.5736	-3.8094	1.8829	1.4860	-4.2823	-3.7645	-7.8243	-14.5056
-15.5118	-10.7102	-4.5303	-6.0622	0.3239	0.6690	-3.3741	-3.7868	-9.3738	-12.4575
-14.4823	-9.4872	-4.7203	-4.7934	0.9283	1.6235	-3.7803	-4.7177	-8.3051	-12.3143
-10.5419	-9.7387	-5.1511	-3.8145	0.9798	1.4928	-2.9711	-5.1266	-7.8208	-13.2865
-12.5951	-8.8397	-3.2258	-4.0689	1.6071	1.8622	-4.2034	-4.1231	-7.2150	-11.1914
-10.0992	-8.6375	-3.7967	-4.4717	1.9559	1.6526	-5.6898	-5.5648	-9.4380	-11.5476
-10.2144	-6.8647	-2.8447	-3.2881	1.6284	1.7466	-3.9873	-5.2563	-10.1222	-11.3273
-16.9669	-7.8506	-3.5441	-3.4450	1.1430	1.3370	-2.2487	-5.0413	-11.4256	-16.5176
-16.9955	-9.4925	-4.3149	-4.1135	1.6204	1.5991	-3.2359	-4.3834	-8.4369	-10.2620
-11.9322	-8.5079	-3.8221	-4.0003	0.9984	1.5031	-4.0096	-5.7288	-8.6731	-14.9536
-10.5232	-7.9826	-4.8127	-3.2616	1.6806	1.7769	-3.5096	-4.5047	-9.5588	-11.5753
-11.3309	-7.5498	-3.9657	-3.3409	1.0252	1.6674	-4.6005	-5.0340	-8.0589	-10.6870
-11.8436	-7.5421	-3.1205	-2.5674	1.4932	0.7872	-4.4099	-4.0617	-8.9800	-14.5401
-12.4477	-8.5241	-4.1126	-3.6843	1.2383	1.1064	-4.6339	-5.2041	-9.2707	-13.0635
-9.8012	-8.6966	-4.5930	-4.2751	0.8161	0.5784	-3.9670	-5.5431	-12.3675	-13.9188
-13.9836	-8.9983	-4.2408	-3.8740	2.0062	2.0055	-3.1823	-4.4922	-9.6494	-10.9535
-12.2945	-10.1552	-3.3254	-3.8196	1.6921	1.7238	-3.9640	-4.6628	-9.0513	-12.1308
-11.7288	-7.7926	-3.9454	-4.2518	1.3582	1.8003	-3.1160	-4.0669	-7.8747	-13.1373
-14.4112	-9.7102	-4.0094	-3.8648	1.9529	1.7503	-5.0784	-4.7546	-9.6956	-10.7680
-8.9081	-7.6578	-4.6981	-4.7074	1.7475	2.3434	-2.3642	-3.8585	-8.4170	-12.6511
-15.1065	-10.0136	-5.1070	-2.9823	1.8444	1.3087	-4.2592	-4.7493	-8.3083	-14.4721
-12.0456	-7.6624	-4.6686	-4.9276	1.2144	1.4794	-2.7671	-3.1015	-6.9717	-11.0100
-12.9180	-9.2061	-4.4702	-3.3436	2.6375	1.7821	-3.1410	-3.4581	-10.5595	-11.7469
-10.0378	-6.5599	-3.4060	-3.6371	1.3225	0.9314	-6.3239	-4.9293	-8.4984	-13.9374
-14.4898	-12.1440	-4.3791	-2.9851	0.8799	0.1563	-4.6262	-4.3845	-11.7127	-16.3148
-14.8881	-8.8575	-3.5000	-2.9696	2.2423	1.1401	-4.4717	-4.4337	-10.4437	-10.7796
-11.4339	-6.9830	-4.1479	-4.7897	1.5728	1.4741	-4.2723	-4.3889	-9.4587	-14.6166
-9.6842	-9.0128	-4.5074	-4.8711	1.1301	0.9992	-3.6323	-2.8493	-6.5246	-9.0310
-11.5389	-8.3130	-4.1763	-2.8359	1.6192	1.5573	-3.7218	-3.6875	-8.2076	-13.5965
-14.9533	-9.7208	-5.1493	-3.0628	1.3568	0.4633	-4.4590	-4.5800	-9.1393	-10.3651
-15.6891	-9.2696	-4.6392	-2.7852	1.7344	1.3334	-4.3116	-4.1646	-9.4449	-10.8182
-11.6940	-10.0788	-4.3109	-3.6086	1.7345	1.5011	-5.0526	-4.4684	-7.6430	-10.6213
-9.8717	-8.4746	-4.8001	-4.1017	1.3597	1.2720	-3.6167	-2.9771	-6.2832	-11.5068
-13.7381	-9.6093	-4.2870	-3.8645	0.6181	0.7115	-4.5476	-5.7229	-9.2862	-12.9916
-12.9349	-9.2830	-4.1593	-5.9987	0.1521	0.5407	-3.8344	-4.9728	-8.6926	-13.1024
-14.3723	-7.1198	-4.9786	-5.6335	1.0961	1.5312	-2.9493	-4.1570	-9.3771	-8.4386
-10.0254	-8.8547	-4.0128	-3.7214	1.5010	1.5970	-5.8844	-4.6140	-7.5721	-9.6535
-15.9858	-10.2894	-3.9411	-3.4424	2.1999	2.3494	-3.6031	-4.2354	-8.6879	-14.4376
-13.3859	-7.8884	-4.2060	-2.8577	1.4990	1.3849	-4.7046	-4.9410	-9.7225	-10.4398
-11.2793	-7.6559	-4.5502	-6.4626	1.7109	2.0558	-3.3990	-3.8906	-6.9656	-8.4863
-12.3008	-9.0369	-5.0563	-5.8516	1.3736	1.5420	-3.7676	-4.2587	-7.8679	-10.6958
-11.9099	-9.0688	-4.8991	-3.2495	0.9289	1.3072	-4.0050	-5.0631	-10.2196	-11.2903
-12.0439	-8.9146	-3.7477	-3.0160	1.0659	0.9663	-3.3496	-4.7913	-7.0106	-10.7955
-9.4443	-9.4571	-5.8583	-4.5585	1.9421	1.7229	-3.7529	-5.4071	-8.3646	-11.4003
-11.7602	-9.6597	-6.1033	-4.6915	1.5264	1.6289	-4.2120	-4.6612	-7.8230	-10.7872
-12.5567	-8.0829	-5.0003	-5.5256	1.5313	1.9140	-4.1886	-4.3011	-8.4820	-12.6124
-15.9811	-9.7290	-4.3665	-4.9791	0.0621	0.1564	-5.3310	-5.2557	-10.1490	-8.1989
-12.3499	-10.0073	-4.5357	-4.7157	1.1644	1.0209	-3.8828	-4.1884	-10.8187	-12.0397
-10.4717	-8.8304	-4.2775	-4.2463	1.7486	1.5499	-3.6214	-5.7262	-11.6081	-13.6362
-12.6968	-8.5183	-3.5796	-4.3187	1.4283	0.7456	-4.5124	-3.6626	-7.5243	-12.8403
-11.4217	-9.6284	-4.2176	-4.0605	0.9845	0.6347	-3.5071	-3.5828	-9.6988	-14.5137
-13.1597	-8.5912	-3.0053	-2.8086	1.4928	2.0152	-4.0841	-4.4109	-9.1238	-17.6742
-12.8555	-10.2381	-5.9020	-4.2730	2.0412	1.6973	-3.4965	-5.1259	-10.3973	-15.7876
-8.9205	-10.8839	-4.4282	-3.5053	1.1384	1.3451	-4.1289	-4.5850	-9.6823	-11.5384
-13.3741	-9.9851	-3.9472	-4.1033	1.5764	2.0699	-3.3096	-4.4619	-10.6251	-12.0275
-13.6157	-8.5668	-4.7918	-4.6797	1.0376	0.9120	-4.7354	-3.3182	-8.5607	-10.3485
-10.5452	-8.7082	-3.5348	-3.6497	0.5214	1.2186	-3.6084	-3.8115	-10.4690	-10.9748
-14.0360	-11.0561	-4.3660	-4.3321	1.8305	1.9671	-5.2557	-4.3046	-9.9271	-11.1667
-11.9501	-11.5888	-4.7404	-4.2578	1.7389	1.3320	-5.1278	-4.1553	-8.4759	-13.9969
-9.5164	-8.9519	-4.1318	-5.0774	1.6964	1.8447	-4.9172	-3.7538	-7.7171	-13.6577
-11.6920	-8.2651	-3.8251	-4.0979	1.4313	1.7860	-4.1474	-3.4720	-6.6602	-13.2979
-13.6126	-10.2833	-4.4168	-3.0319	1.1498	1.1678	-4.8888	-4.9889	-7.8801	-10.6240
-13.8689	-7.6019	-2.9377	-4.1782	1.4840	1.4966	-3.9140	-3.4395	-7.3328	-11.2771
-14.2516	-7.8586	-3.7259	-4.3786	0.8671	1.2520	-3.8028	-4.3892	-6.8214	-10.4637
-10.0840	-10.0272	-4.2666	-3.1754	1.3004	1.8529	-3.5748	-3.9650	-10.6992	-16.4252
-11.6712	-9.3801	-5.3812	-4.0183	1.1980	1.4354	-3.8305	-4.4565	-10.9566	-16.7413
-12.3881	-8.8161	-4.9075	-3.3840	2.0206	1.5588	-3.4459	-3.7426	-8.6327	-8.4346
-12.3479	-12.5693	-5.0553	-3.5297	0.8908	1.5087	-4.5138	-4.7436	-11.2293	-12.8324
-14.5333	-7.5435	-3.7564	-3.6690	1.7279	1.6533	-3.2600	-4.1934	-9.9204	-18.9602
-11.9702	-7.5593	-4.5325	-4.8927	1.2145	1.5911	-3.2785	-4.0398	-7.7860	-11.7316
-8.3362	-6.0077	-3.3555	-3.3989	1.4825	1.7606	-5.1531	-3.5691	-6.9770	-12.8953
-10.8436	-9.9602	-5.5409	-5.5054	1.1728	1.4377	-4.3078	-5.0460	-11.1914	-11.7318
-12.5680	-9.3056	-5.0172	-4.0480	1.6664	1.1074	-4.4655	-3.5146	-7.3210	-11.2036
-15.5591	-11.8441	-5.7331	-4.1832	0.8157	0.4447	-4.4547	-6.5847	-10.6798	-11.6171
-10.8518	-8.5041	-3.8983	-4.0250	2.0625	1.4231	-3.9323	-2.4185	-6.8772	-16.3466
-11.6917	-9.8426	-6.4541	-5.5372	0.8587	1.0840	-5.6171	-4.9639	-7.5228	-12.4572
-11.9062	-9.1122	-4.0667	-3.8577	1.7372	2.3722	-4.0483	-4.1392	-7.3202	-11.3583
-17.1028	-8.2912	-6.1117	-4.2602	1.5314	0.5348	-4.7089	-4.2238	-9.9616	-14.9865
-15.9966	-9.0498	-3.5554	-3.7396	0.9425	0.9030	-3.9955	-4.5378	-8.4251	-13.6382
-16.8147	-9.3852	-4.1483	-3.1411	1.0353	1.8772	-4.4912	-4.4019	-8.9887	-15.9931
-13.3359	-9.9676	-4.1882	-2.8235	1.4285	1.6230	-4.7000	-3.3383	-6.6970	-12.3394
-11.9305	-8.4108	-4.9318	-3.2127	1.6655	1.1711	-4.8914	-4.4903	-9.4960	-16.2216
-13.5962	-9.8388	-4.1917	-4.4195	0.7490	0.5798	-4.0203	-4.0769	-9.3443	-13.4526
-10.1457	-6.8673	-4.0723	-6.7460	1.0874	1.3882	-3.2731	-4.5080	-9.8306	-10.8940
-13.4351	-7.2171	-4.4297	-5.3854	0.9954	1.2905	-4.2330	-4.1283	-8.4605	-10.7683
-14.6029	-9.8397	-2.9022	-3.5153	1.3720	1.2622	-4.7706	-4.6125	-8.4153	-14.7398
-11.0732	-7.6869	-4.8340	-4.9649	0.8290	1.1407	-6.4919	-4.6932	-7.2038	-12.6711
-10.2225	-9.4140	-6.6367	-3.6876	0.8726	1.8094	-6.1382	-3.9735	-8.5283	-15.2459
-14.1732	-9.0313	-4.3162	-3.0345	1.2106	1.1673	-4.9748	-4.4135	-9.5257	-14.3311
-11.6152	-7.9209	-4.6282	-5.2447	1.1228	0.4713	-4.5417	-4.3169	-8.7988	-12.3280
-12.2685	-10.1216	-4.0331	-3.0854	1.1203	1.1235	-5.1209	-5.1341	-8.6433	-13.0443
-11.3448	-7.3229	-3.2244	-2.5914	1.8547	1.6918	-4.5871	-3.7647	-9.8758	-13.7910
-10.5646	-7.6299	-4.3419	-2.8827	1.7126	1.8348	-2.9497	-3.4710	-9.8301	-9.5457
-11.8143	-7.7801	-3.3212	-4.5554	0.9095	1.0377	-3.1697	-3.5922	-7.8376	-15.6867
-12.7604	-8.8194	-4.4496	-4.4702	1.2024	1.1743	-4.5806	-5.7751	-9.1703	-9.5619
-14.7439	-10.1765	-4.7176	-4.2043	0.7269	0.6552	-6.7639	-3.9596	-7.6388	-14.6201
-8.3266	-9.3131	-4.9566	-3.7495	0.5819	0.1866	-3.4836	-4.4784	-10.2032	-16.4602
-10.0106	-7.7096	-4.6282	-5.7965	0.9830	0.4878	-4.8698	-5.0129	-9.5341	-13.4003
-16.0811	-7.9999	-3.2432	-3.8698	1.3805	1.6695	-3.4396	-4.2471	-11.1235	-10.8367
-14.2576	-11.0907	-5.3027	-4.4285	1.0006	1.9516	-3.1748	-3.9189	-9.4831	-10.4830
-9.8364	-7.7317	-2.7570	-4.3980	1.1587	1.2175	-4.6600	-3.6200	-7.7853	-12.0992
-9.5850	-7.0742	-3.5991	-3.9793	1.1621	0.4938	-4.5199	-3.4982	-9.7802	-14.5855
-11.5641	-9.6809	-4.1446	-3.4251	1.4675	1.3171	-5.6189	-5.5252	-7.8801	-12.8672
-11.0198	-7.3558	-4.4676	-5.4434	1.8249	0.9387	-3.5726	-4.2128	-8.6511	-13.9446
-15.1896	-7.5821	-3.9023	-3.0051	1.1774	1.7604	-3.3691	-3.6601	-8.1007	-12.5399
-15.9429	-10.9067	-4.6484	-3.9627	1.4498	1.5669	-4.3116	-3.8193	-8.1591	-14.7972
-12.6783	-11.7492	-4.6110	-3.6273	1.5092	1.3491	-4.6260	-2.8086	-5.8915	-9.5832
-12.9701	-11.5098	-3.7471	-3.2417	1.0791	0.8863	-4.1447	-3.5723	-10.4780	-18.1446
-12.4659	-7.3309	-3.6538	-3.2495	1.2619	1.3246	-3.4633	-4.6008	-7.4528	-12.2899
-9.1587	-9.6500	-3.5548	-3.4556	1.3231	1.4505	-4.1271	-3.9905	-7.5604	-9.3878
-11.4690	-8.7597	-3.4962	-3.2744	1.0748	0.8106	-5.5784	-4.0074	-9.4126	-10.9380
-12.3464	-6.7516	-3.4156	-4.8536	1.4539	1.3238	-5.0429	-3.5901	-6.9388	-7.0977
-12.0791	-9.6212	-5.4757	-4.1895	1.3688	1.5918	-4.0339	-3.7646	-5.8196	-9.3754
-10.7924	-8.2644	-3.9032	-3.4664	1.1302	0.9419	-4.1488	-4.9376	-9.3344	-12.7777
-12.6381	-8.0643	-2.8829	-3.7527	0.7223	1.6996	-4.3791	-4.0053	-6.1357	-11.3980
-11.5100	-10.6068	-3.3190	-2.8012	1.7550	1.8905	-3.3844	-4.6730	-7.9803	-10.9058
-15.4290	-9.8146	-4.8865	-3.5453	1.6148	1.6316	-2.3304	-4.9603	-8.4093	-14.1919
-11.9651	-11.6218	-5.0170	-4.5304	0.7244	0.8258	-5.1231	-3.8690	-9.5668	-15.0392
-12.3095	-9.1500	-3.9212	-3.0772	0.6781	1.1772	-4.6310	-3.6957	-8.0100	-10.8014
-12.6063	-9.2727	-4.4717	-3.7231	2.1076	1.6357	-3.7742	-2.4478	-6.2112	-12.9399
-14.2686	-10.8270	-4.2969	-4.7959	1.0310	1.6726	-3.9136	-3.5117	-10.2910	-15.5032
-13.0978	-9.3165	-2.6611	-3.7310	1.6597	1.9014	-3.1549	-4.7908	-8.9429	-13.4845
-10.0736	-8.9611	-5.6332	-4.8231	1.3104	1.0982	-3.8088	-3.9501	-7.6070	-13.1563
-11.4103	-10.5950	-4.1465	-3.7787	2.2839	1.7159	-3.7511	-5.0507	-7.4915	-10.9253
-12.8953	-8.7563	-4.5889	-3.2687	0.9274	0.4964	-3.9435	-4.7548	-11.9701	-13.0157
-13.1659	-11.2766	-5.7894	-4.3535	1.1429	0.3996	-5.4441	-5.0191	-8.9811	-11.6322
-11.6510	-7.2087	-4.0138	-3.0259	1.7315	1.5206	-3.6553	-2.8891	-6.8510	-10.8765
-12.8794	-9.4711	-3.6767	-3.6883	1.4923	1.0198	-4.6254	-4.8271	-9.1260	-18.9395
-10.6485	-8.4490	-4.1235	-3.2266	1.3249	2.0657	-3.5342	-6.7221	-8.7469	-13.5844
-9.1189	-5.2203	-3.3111	-5.1050	1.3581	1.8694	-3.4480	-4.7233	-8.5946	-15.4759
-13.8840	-8.4579	-3.8267	-3.3638	1.1968	0.7687	-4.1435	-4.2929	-8.1965	-15.5524
-12.6561	-10.2244	-4.9370	-4.9081	1.2324	2.1537	-3.3847	-4.2926	-8.8634	-13.2586
-12.8784	-8.0088	-4.5005	-4.0148	0.8814	0.9101	-4.3145	-4.7127	-9.9083	-12.8981
-16.7847	-9.4766	-4.0945	-4.5318	1.9035	1.4462	-3.7179	-3.8568	-8.9773	-11.7281
-14.4597	-9.8527	-2.9754	-3.6970	0.8502	0.6676	-5.2085	-5.5778	-12.2296	-13.3156
-10.7354	-8.6351	-5.0196	-4.0178	1.3437	2.0180	-2.5194	-4.7926	-9.1605	-13.9074
-11.2921	-8.7955	-4.7245	-5.4473	0.9144	0.8458	-4.4030	-4.4847	-7.0554	-14.1289
-12.9533	-8.3182	-4.4656	-5.4062	0.8770	1.0388	-4.4569	-4.1582	-7.8715	-12.1575
-12.1233	-9.4053	-4.3837	-3.7750	1.5955	1.8945	-3.5860	-4.8288	-10.2796	-13.0673
-11.1110	-7.8934	-4.3213	-4.8106	0.6061	0.7754	-4.0835	-3.2557	-7.8966	-12.0028
-9.3296	-6.8611	-3.2402	-4.5416	1.0392	1.0810	-4.1460	-4.4310	-7.9749	-10.0282
-12.3740	-9.3166	-3.7659	-3.8535	1.0758	1.3037	-4.2354	-4.9011	-8.0989	-12.4927
-13.9015	-10.0546	-4.7685	-2.5056	1.3339	1.4637	-4.9646	-3.9228	-7.9176	-10.4870
-14.1783	-9.8928	-5.0460	-4.2971	0.4439	0.2343	-4.9862	-4.6124	-7.9342	-14.2191
-14.0327	-11.8244	-4.9974	-3.7527	0.8319	0.9832	-4.7428	-4.4188	-8.9047	-12.5936
-15.8089	-9.6610	-5.0569	-3.7799	1.4089	1.4823	-5.0221	-3.5627	-6.9070	-10.3889
-14.9638	-11.9650	-3.9952	-2.8195	1.3136	1.6386	-3.9588	-3.9530	-8.0948	-12.3235
-11.0863	-7.6435	-3.8207	-4.6318	1.1947	1.2914	-3.6048	-5.1014	-9.1340	-10.6716
-10.9584	-7.3394	-3.7738	-5.0862	1.7029	2.1759	-3.6134	-5.5841	-9.8101	-10.6108
-10.9792	-8.2814	-4.7793	-5.2015	0.6314	1.1422	-3.8613	-4.3270	-7.6198	-11.2552
-12.1939	-7.2362	-4.6253	-4.8333	1.8576	1.6214	-4.3988	-4.3753	-8.6559	-9.0444
-12.9402	-11.5850	-3.3852	-2.5794	1.6723	1.3746	-2.7864	-3.0849	-8.8934	-10.9748
-13.3700	-7.2095	-3.8294	-4.3239	1.1992	1.4282	-2.5216	-3.1284	-6.8983	-9.3641
-11.3834	-8.2963	-4.3705	-3.7819	1.4335	1.0352	-4.4111	-3.0820	-8.6191	-10.2004
-10.7139	-7.6299	-4.8835	-4.3873	1.4385	1.5247	-4.2398	-5.3363	-8.0659	-11.5517
-11.3261	-6.6841	-3.1280	-3.9004	1.1700	1.8079	-4.2013	-4.5682	-7.7337	-10.7676
-15.5614	-9.2507	-5.2018	-4.5835	0.9301	0.9455	-5.1737	-5.9862	-8.6393	-11.5625
-10.7842	-8.0630	-4.8400	-4.8978	1.2575	0.8895	-4.1069	-4.8629	-7.7153	-11.2741
-13.1211	-10.4185	-5.2174	-4.4161	1.1755	1.1156	-4.2098	-5.5271	-8.6504	-13.8239
-14.2076	-7.4426	-3.7371	-5.0413	1.0494	0.8114	-5.0322	-4.7692	-8.8150	-12.8186
-11.0551	-10.4270	-4.4625	-3.9424	1.5072	1.5515	-5.3031	-4.1215	-8.0131	-12.8935
-11.1961	-7.5127	-2.0705	-2.6042	1.4488	1.0319	-3.6712	-4.9517	-9.6462	-15.8965
-11.2426	-9.8033	-4.2882	-3.4715	0.2474	0.6676	-5.0237	-5.5235	-8.5427	-12.8527
-14.3753	-9.7169	-4.4332	-2.7624	1.6894	1.8504	-3.5528	-4.1247	-9.8276	-11.4455
-10.3575	-7.4352	-4.3238	-4.0871	1.7294	1.3429	-5.6703	-5.5526	-10.8924	-14.3194
-12.8570	-9.0370	-3.9980	-4.6989	0.9674	1.1558	-3.9269	-4.2540	-8.7203	-11.0402
-10.1924	-9.1901	-4.4796	-3.1465	1.3855	1.3175	-3.8963	-4.5300	-11.0909	-13.6943
-14.7394	-8.7018	-5.1549	-5.1800	1.1724	1.5708	-4.5495	-3.5733	-6.6682	-17.2762
-12.7501	-12.1233	-5.0589	-3.7133	1.0576	1.8620	-4.3863	-4.1963	-8.6380	-12.1388
-8.0035	-9.3993	-3.9778	-3.1346	2.0619	1.9527	-3.0477	-3.5108	-7.8095	-10.6927
-11.1682	-8.2500	-4.2073	-4.1630	0.8943	1.0664	-6.6531	-4.9720	-6.9428	-13.8021
-11.8291	-7.3658	-4.6484	-4.6907	1.6532	2.1362	-4.7729	-4.3404	-7.8685	-13.9200
-11.3328	-7.6279	-4.1368	-2.7588	1.5876	1.7257	-4.7263	-5.6257	-7.8577	-16.1329
-12.5967	-10.4216	-4.8390	-3.9682	1.1201	0.8170	-3.5597	-3.4166	-7.5843	-9.4665
-10.5575	-7.0866	-3.5674	-4.7129	1.2440	0.7731	-3.6225	-4.3771	-8.0068	-9.8918
-12.6823	-8.0829	-4.3324	-3.6481	1.8872	1.2146	-3.8483	-4.0570	-10.4114	-11.9430
-13.9871	-8.2684	-4.5405	-4.9761	1.6636	1.6236	-3.8683	-5.0627	-10.5325	-13.0476
-13.1670	-9.7044	-4.8261	-3.6662	1.2822	1.6303	-2.7515	-4.9926	-10.3081	-11.9803
-12.8390	-9.9191	-5.4624	-3.5690	1.7065	1.5400	-4.0897	-3.8303	-8.4802	-15.7369
-13.1901	-7.8714	-3.6593	-4.0446	1.0880	0.3281	-5.4004	-4.3862	-8.9227	-14.7418
-13.1038	-8.5758	-4.8455	-6.1600	0.7766	1.5790	-4.3862	-3.5672	-6.9112	-10.8511
-15.5235	-10.0396	-4.8663	-1.7501	1.9428	1.6568	-3.0842	-5.0742	-9.2215	-11.8509
-13.7208	-9.8436	-4.7599	-4.9467	0.9592	1.8709	-3.4675	-3.8200	-8.1524	-8.8585
-14.6849	-9.7625	-4.7343	-4.8637	0.9378	1.0158	-4.5220	-4.8849	-10.1101	-16.6671
-13.2415	-9.4582	-6.4112	-4.5215	2.1651	1.8327	-3.4217	-4.9374	-9.7106	-10.8175
-11.0269	-8.9614	-5.3107	-3.3218	1.8232	1.8301	-3.4838	-4.2503	-7.4811	-11.8627
-10.0349	-9.7923	-4.5905	-4.3887	0.6902	0.7530	-4.7989	-4.4283	-8.2045	-11.5819
-10.8968	-6.3832	-4.1609	-4.4932	1.9677	1.7979	-2.8042	-5.1644	-9.9007	-12.9859
-11.4922	-7.2269	-3.9341	-4.5832	1.5188	1.8808	-3.3745	-4.3460	-8.9254	-15.0821
-9.7555	-8.9299	-3.9827	-4.3265	1.6688	1.3852	-4.4805	-6.1765	-11.9265	-12.0225
-14.7843	-9.4940	-4.8024	-3.0891	1.2748	1.5131	-4.2906	-4.4199	-9.1117	-13.4888
-12.6271	-10.0873	-4.9589	-2.8567	1.7565	1.1188	-3.7641	-5.7870	-11.0518	-11.9939
-13.2317	-9.6973	-3.3447	-3.9541	0.8510	0.9334	-3.9832	-4.4896	-8.5690	-12.0432
-11.8281	-8.0455	-5.1120	-4.7015	1.2356	1.2493	-3.4023	-5.3502	-10.3779	-6.6906
-10.4373	-7.6323	-2.9912	-4.3370	0.9009	1.7282	-4.5876	-4.0650	-8.5462	-12.0425
-11.0388	-7.0709	-3.5011	-3.7955	2.0064	1.0689	-5.4590	-5.3160	-9.2454	-10.4706
-13.4184	-7.7368	-4.5372	-4.0882	1.1438	1.5290	-3.4940	-5.0616	-10.7450	-11.4955
-13.9637	-8.3284	-3.9436	-4.3053	2.3949	2.1323	-3.3373	-4.2219	-9.5802	-11.4522
-9.5571	-10.0655	-4.3307	-2.6418	1.1125	1.3362	-3.2137	-4.0095	-7.5556	-10.3400
-11.9176	-7.0096	-3.2606	-4.5048	1.5016	1.0917	-4.8355	-6.2657	-7.3497	-10.7130
-9.4491	-9.4120	-4.5973	-2.9566	1.5458	1.4603	-5.0415	-4.4004	-7.4989	-11.7128
-10.6948	-8.8985	-5.7956	-4.6553	1.5187	1.7228	-2.7392	-4.1061	-10.5178	-11.6319
-10.7632	-9.2437	-5.1730	-4.0681	1.2986	0.9062	-3.7176	-4.0841	-10.2133	-15.9811
-15.2399	-9.2296	-4.1792	-3.5346	1.6358	0.8659	-4.4388	-4.3736	-9.3169	-12.1776
-10.8252	-7.5705	-4.8712	-3.6976	1.5570	1.0702	-3.1194	-4.6337	-8.7730	-11.8039
-13.7409	-7.4123	-4.5118	-5.0360	1.2392	0.9381	-3.5530	-5.4219	-11.1581	-12.5227
-10.6641	-7.6787	-3.0397	-4.7379	1.5590	1.2363	-3.6465	-3.0356	-8.0008	-15.4426
-12.4291	-9.0117	-3.3053	-3.3255	1.8905	1.4938	-3.6591	-4.0228	-9.3964	-19.5599
-13.7100	-10.6610	-5.3308	-3.1264	1.3548	0.8695	-4.1322	-4.4117	-9.6487	-11.8200
-14.8928	-8.2704	-4.3045	-4.3561	0.5692	1.4745	-5.7813	-4.0458	-8.6178	-14.4589
-13.4213	-6.6159	-3.3260	-4.7639	1.1752	1.9351	-2.6280	-3.0850	-7.2054	-9.1958
-13.7144	-9.3282	-4.7391	-4.4013	1.6363	1.7775	-2.4920	-5.1592	-8.4530	-13.1775
-13.4490	-11.3177	-5.0932	-3.4431	2.0417	1.1295	-3.8068	-4.8854	-10.7756	-15.6330
-12.4718	-7.2470	-4.3646	-3.9934	0.9921	0.8394	-3.9938	-4.0982	-8.6827	-12.1231
-11.4160	-9.2645	-5.8822	-3.2784	1.3560	2.3184	-2.8816	-5.1878	-8.8158	-13.8678
-13.9777	-8.0487	-5.2249	-5.7807	0.4525	1.3593	-4.8869	-5.5313	-7.8194	-13.5405
-11.3817	-7.6614	-4.7272	-4.8041	1.5885	1.3501	-4.0313	-3.8631	-10.6828	-13.6271
-13.9961	-7.6393	-3.4438	-4.1992	1.8312	0.9753	-3.3488	-4.7444	-9.2068	-12.4677
-15.8101	-8.9338	-4.0459	-3.7973	2.1861	1.4109	-5.2630	-4.7660	-11.1939	-10.6545
-13.5645	-8.7519	-4.7328	-3.1433	1.4906	1.5439	-4.4456	-4.5947	-11.5235	-10.8617
-15.4841	-10.2403	-4.3001	-3.2795	1.7625	1.2567	-2.9719	-4.2734	-10.0353	-17.5727
-16.6040	-10.6933	-4.2798	-3.4543	0.7686	1.0320	-4.5357	-3.9210	-8.2341	-12.9528
-11.1371	-7.5094	-3.7704	-3.8456	1.1439	1.2062	-3.9167	-4.2139	-7.7747	-10.3311
-9.8897	-8.2689	-5.3092	-3.8172	1.8353	2.0320	-4.9688	-5.6885	-9.0277	-8.3232
-12.8471	-12.1561	-5.1693	-2.9549	1.8102	1.0335	-3.1889	-4.7341	-8.8079	-17.2722
-10.4609	-7.8502	-5.5087	-5.2764	1.5435	1.4724	-5.1772	-4.6962	-8.5883	-10.1927
-17.6337	-8.8774	-4.8601	-5.1481	1.4814	1.4027	-3.3804	-3.6932	-7.6595	-12.3860
-12.2922	-7.5449	-4.7003	-4.0111	1.9868	1.4402	-3.4147	-4.3130	-10.0763	-11.7380
-12.8874	-8.2150	-4.2021	-5.6850	2.2685	1.5657	-4.5178	-5.6655	-9.8291	-13.5025
-12.2858	-9.4312	-4.0167	-3.3306	1.1338	0.2968	-3.7361	-3.6182	-7.4858	-10.0789
-12.6124	-10.0561	-4.7460	-3.2893	2.0305	1.8331	-4.1759	-5.7339	-8.8639	-11.2451
-9.3339	-8.6513	-4.9965	-5.0224	1.3144	0.8976	-4.9875	-5.5846	-8.4184	-13.4366
-12.5749	-9.8625	-6.1524	-3.8568	0.6442	0.1385	-4.8030	-5.5868	-10.3775	-12.4603
-10.4943	-9.7639	-4.6828	-5.9216	0.2903	0.5834	-5.5023	-5.1630	-8.5553	-8.9669
-15.4854	-8.3237	-4.8704	-3.4273	1.9243	1.5065	-5.2357	-3.5736	-6.7794	-15.2750
-13.2823	-9.5571	-5.2777	-4.7896	1.2708	0.9647	-3.2387	-5.3210	-10.4702	-14.6312
-13.3037	-6.4964	-3.0885	-2.3772	1.2859	0.9977	-2.8641	-3.4187	-7.6892	-9.6210
-10.7332	-7.7062	-5.4151	-2.1871	1.6012	1.2363	-3.5686	-4.0857	-10.4266	-8.9933
-14.8526	-8.0168	-3.5401	-3.1990	1.6265	2.1198	-3.7390	-5.0036	-10.4528	-14.9772
-14.7316	-10.0513	-4.7525	-2.9901	1.7168	1.9933	-3.7736	-4.4687	-9.0090	-9.5782
-14.4478	-9.4085	-4.4601	-3.2287	0.6677	0.8387	-5.8278	-3.5203	-8.7641	-11.2441
-11.9649	-7.8704	-4.8107	-3.4916	0.4709	0.6410	-4.3218	-5.4560	-8.8383	-11.7267
-11.6465	-11.5523	-4.4035	-2.5198	1.5578	1.1538	-3.9722	-4.6666	-9.0415	-10.7554
-11.4240	-6.4205	-3.7938	-4.7185	1.0233	1.3036	-3.8445	-3.9670	-9.4546	-11.5642
-15.4347	-7.8519	-4.0537	-4.4830	1.0178	0.9215	-4.7443	-3.9789	-7.3846	-14.7890
-12.5857	-10.3747	-5.7118	-3.6703	1.2607	1.0478	-3.7095	-4.9500	-8.4015	-16.5360
-10.2443	-8.3527	-5.0850	-4.0484	0.8472	0.6267	-3.8001	-4.6504	-7.4517	-12.9445
-15.0839	-8.7104	-4.3832	-3.9784	0.9954	1.4230	-4.7265	-4.2065	-9.4343	-13.7204
-11.8967	-8.6502	-4.5230	-3.5392	1.4642	0.6370	-5.0980	-3.2297	-6.5500	-9.8180
-13.0812	-9.3458	-3.7490	-2.8285	1.2184	1.6646	-3.0483	-4.8773	-11.5455	-9.5480
-12.9859	-6.9864	-3.3551	-5.0905	1.0041	0.9950	-3.2046	-4.3026	-7.1522	-10.5406
-12.5229	-9.0136	-6.1378	-4.7636	1.3524	1.1321	-5.5459	-4.5764	-8.8631	-14.2460
-12.4510	-9.2829	-4.4244	-5.0517	1.0384	1.9814	-3.2288	-4.1952	-7.1466	-10.7095
-13.7442	-7.4911	-4.0582	-5.1428	1.7626	1.1917	-3.9384	-5.3726	-9.0617	-10.4949
-15.2467	-11.0829	-5.8817	-4.5346	1.1126	0.9735	-3.5971	-3.2813	-8.8170	-19.5425
-11.8573	-8.2097	-4.4466	-3.5980	1.4811	1.4209	-4.8504	-4.0589	-6.6728	-10.6797
-14.3511	-11.2532	-4.7230	-3.4279	0.7087	1.3416	-3.4799	-4.2790	-9.1916	-16.8136
-14.5291	-8.3730	-4.9004	-3.9784	1.4033	1.3689	-3.9806	-4.9904	-10.1621	-12.1938
-12.7529	-8.9667	-4.2614	-5.0977	1.0528	1.4391	-2.7363	-4.2427	-7.8819	-13.7724
-13.1405	-9.8732	-4.8599	-4.2789	1.1698	1.3857	-3.0763	-5.2119	-10.8221	-16.0763
-12.1583	-8.1488	-3.9147	-6.6880	-0.0097	0.5107	-3.1419	-4.7541	-11.1520	-11.4712
-14.9294	-9.7963	-4.9556	-4.0597	0.6464	0.7983	-4.2322	-4.0548	-7.7687	-12.1458
-11.0976	-9.1738	-5.0277	-3.9040	1.5980	0.9626	-4.2318	-3.9908	-8.9518	-9.2639
-15.6263	-9.5501	-4.6620	-5.3578	0.8838	0.7841	-4.4737	-4.5194	-8.6749	-13.9755
-13.4714	-9.9169	-4.2043	-4.3283	1.4019	2.3315	-3.7762	-3.8714	-8.2883	-13.6047
-11.7224	-10.3555	-4.0131	-3.1783	1.2066	1.1242	-3.9834	-4.9672	-11.2307	-13.7531
-10.1681	-10.4101	-4.0377	-3.0559	1.7410	1.3071	-5.2252	-5.6938	-11.1316	-13.5795
-10.6669	-8.0005	-4.4006	-4.7828	1.2937	0.9830	-3.9143	-3.6673	-8.1414	-12.7054
-11.8568	-8.7744	-4.6258	-4.6883	0.7857	1.2712	-5.2373	-5.2894	-9.0854	-12.9912
-12.8568	-9.5829	-4.1951	-4.9169	0.6797	1.4827	-4.9157	-3.7681	-7.5685	-12.3087
-11.6593	-8.6622	-5.0572	-3.7216	1.5611	1.3660	-3.0490	-3.4434	-8.6066	-11.1469
-10.0696	-8.3678	-3.9413	-3.5377	1.0941	1.5375	-5.6295	-5.8745	-9.2037	-11.3494
-11.7726	-8.8933	-4.7332	-4.4452	1.6361	1.7257	-3.3434	-4.7123	-10.5009	-15.5080
-10.3178	-8.3436	-4.4050	-5.0637	0.2372	0.4776	-5.0033	-4.4824	-7.5363	-9.8075
-14.2324	-9.9968	-3.3194	-3.5080	1.2355	0.9530	-4.7000	-4.3422	-9.7876	-17.8032
-10.8622	-10.1247	-5.4773	-3.9198	1.1706	1.0154	-4.4909	-4.8752	-7.9471	-11.0743
-16.2293	-9.8329	-4.7659	-4.4284	0.7878	0.7488	-6.2606	-3.7355	-6.5995	-10.9477
-9.7755	-8.0786	-4.1694	-4.5428	1.0190	0.7703	-4.4455	-3.5568	-6.9366	-10.7506
-14.7036	-7.4464	-3.8742	-6.0215	1.4504	1.3175	-3.3258	-4.6517	-8.1356	-14.7687
-11.0793	-7.7197	-3.6738	-1.9973	1.9389	1.3059	-3.3667	-3.8475	-9.5838	-14.1832
-13.6628	-9.7629	-4.4888	-3.8087	1.7135	1.5184	-2.4381	-3.6820	-9.0059	-10.7821
-8.0320	-7.7905	-3.9086	-5.4223	0.6989	1.2298	-3.4460	-4.0240	-9.2742	-12.8577
-10.7022	-9.2885	-3.8510	-4.1728	1.2222	1.3721	-3.1865	-3.9201	-8.0526	-16.8852
-10.9075	-9.0752	-4.1984	-3.8611	0.8610	2.0179	-4.0560	-4.3987	-9.4542	-14.0268
-10.3772	-9.1463	-4.7339	-3.3880	1.2003	1.3007	-3.9059	-3.4124	-7.6547	-16.2464
-13.4614	-8.8379	-4.4104	-3.2261	1.9225	1.9822	-4.1349	-4.9667	-7.4948	-9.6183
-13.8491	-9.5529	-4.6671	-5.2641	1.2448	0.9813	-6.0355	-4.8051	-9.6429	-13.1490
-8.1357	-6.4005	-4.8115	-3.9753	1.6058	1.1529	-5.6668	-4.5904	-8.9022	-13.0829
-11.8512	-8.2179	-5.3882	-4.4942	1.4898	0.8469	-4.2252	-4.8367	-8.8446	-11.2061
-13.1312	-9.4291	-5.1693	-3.8088	0.7832	1.5665	-3.8433	-5.2506	-9.3881	-11.3263
-10.2988	-8.0637	-4.2501	-4.3363	2.2289	1.3934	-4.9478	-3.9985	-6.4530	-12.8966
-10.8372	-9.8094	-5.5611	-2.9623	1.6209	1.1110	-4.1692	-5.0161	-9.7445	-12.9086
-10.7831	-7.7896	-4.4137	-3.9307	1.1321	1.4465	-3.7729	-3.6582	-10.0428	-17.6754
-12.0240	-7.4762	-3.8088	-3.0180	1.7859	2.2719	-1.6968	-4.7238	-10.7796	-12.8231
-13.7840	-9.7200	-4.4208	-2.3789	1.8670	2.1179	-3.3743	-4.0703	-8.0543	-11.6788
-12.0351	-9.1874	-5.0049	-4.5735	0.9216	1.3702	-3.0653	-4.4793	-9.1637	-12.5409
-7.6523	-8.5855	-4.8588	-2.5880	1.7719	1.4104	-3.7896	-4.7529	-10.2779	-12.7032
-10.9292	-9.6701	-5.2062	-3.4372	1.9426	2.1895	-3.0465	-5.4236	-11.8260	-10.6777
