-9.7117	-7.1603	-2.0666	-0.9976	1.2969	0.3858	-2.2374	-2.8109	-5.0602	-9.1605
-9.3914	-6.1205	-2.4067	-0.3852	1.3037	0.6598	-1.1189	-2.3291	-6.1676	-12.0596
-11.5919	-6.6742	-3.0653	-2.3100	0.8664	0.9627	-1.2044	-2.9308	-7.3633	-10.6219
-9.5670	-6.0225	-2.3771	-0.1703	1.2809	1.0576	-1.0996	-2.1593	-5.9458	-8.8814
-12.2754	-6.7653	-1.3942	-1.0312	1.0047	0.8987	-1.6707	-2.1620	-4.1760	-9.2312
-15.7130	-8.4787	-2.3182	-0.5083	1.2002	1.9389	-1.5974	-2.7276	-5.9255	-9.9152
-11.2379	-6.0571	-2.4323	-1.8869	0.7660	1.1194	-1.6790	-2.0729	-5.7584	-10.6507
-9.0685	-4.8753	-2.5537	-1.2350	0.5660	0.6174	-1.5281	-2.1830	-4.4983	-10.1782
-9.2010	-5.4583	-1.5426	-0.2205	0.8856	0.6094	-1.2150	-2.1492	-8.0697	-12.3800
-8.7295	-7.2768	-2.5449	-0.5907	0.4074	0.6091	-1.2966	-3.1610	-7.3191	-12.4131
-7.8341	-7.0840	-2.5201	-0.8195	-0.0204	0.0560	-0.7413	-2.1476	-5.6037	-11.5552
-13.4956	-5.7412	-2.3821	-1.1821	0.7061	0.9672	-0.6478	-1.6529	-4.1918	-10.7772
-10.0633	-6.3506	-3.0049	-2.2422	0.0653	0.4320	-1.0001	-2.1884	-5.6960	-12.8065
-11.6748	-5.0619	-1.8546	-0.6916	1.2947	0.4168	-2.0532	-1.9943	-6.0875	-11.3578
-14.5018	-5.0021	-1.4638	-0.5801	0.6012	0.2051	-1.1610	-1.9492	-4.4921	-10.7397
-11.9403	-4.9189	-2.3349	-1.0914	1.1569	0.3806	-0.7250	-1.8437	-6.2054	-11.0967
-12.6595	-7.9695	-3.5226	-1.5280	1.1634	0.9319	-1.5002	-2.0525	-5.7680	-10.4657
-10.9562	-7.5409	-1.9439	-1.2016	0.6213	0.3120	-1.8549	-1.7546	-5.2175	-13.4204
-10.8727	-6.8338	-2.6902	-0.7825	0.5945	0.6732	-0.8239	-3.1693	-7.1106	-8.8137
-12.4175	-5.3968	-1.8602	-0.7245	1.0562	0.9326	-1.9185	-2.9342	-7.5927	-14.7270
-10.6316	-5.5760	-2.8958	-0.8060	0.4586	0.4288	-0.7242	-2.4694	-6.5074	-8.2331
-9.0074	-4.8979	-2.3172	-1.8988	1.0837	0.8218	-1.9893	-2.5114	-5.9786	-11.0920
-9.7725	-5.0979	-2.6915	-0.9600	-0.6437	-0.0418	-1.1914	-3.1256	-5.4977	-9.5954
-7.6197	-4.3318	-2.5950	-1.2022	1.0784	1.0758	-0.7100	-2.8239	-6.6720	-8.6524
-8.7360	-5.2207	-1.9978	-0.7881	0.3429	0.4373	-1.4901	-2.0426	-4.9032	-9.4155
-10.1357	-6.0539	-2.5978	-0.7122	0.7360	0.7480	-1.5519	-1.7345	-3.9606	-9.1653
-10.4263	-6.5903	-2.1586	-1.1264	0.9932	1.2191	-1.2017	-2.2114	-5.5631	-9.3309
-10.5594	-6.0669	-2.0314	-1.6885	-0.0699	0.4804	-0.5082	-2.7495	-6.1269	-11.8766
-10.0416	-8.3107	-3.0831	-2.6587	1.4129	1.3516	-2.0700	-2.1544	-5.4775	-11.7044
-11.4847	-8.0071	-2.7647	-1.1860	0.9025	0.8629	-1.4421	-2.2627	-5.9933	-11.7896
-10.4031	-6.0840	-3.0113	-0.5753	1.5941	1.4782	-1.5984	-2.4132	-6.0465	-10.3274
-9.3800	-4.1268	-2.5525	-1.2002	0.3391	0.9890	-0.3804	-2.7323	-5.3420	-8.4561
-9.6724	-4.0850	-1.2228	-0.9479	0.4044	0.3425	-1.1093	-1.4875	-3.5579	-10.2799
-8.0228	-5.1782	-2.8794	-2.3633	0.1497	1.3272	-0.6676	-2.6558	-5.3853	-11.4598
-9.6352	-6.6868	-3.3418	-1.4193	1.2692	0.9274	-1.1599	-1.8830	-6.1679	-10.3993
-13.0094	-6.4558	-2.4498	-1.4134	0.7164	0.6979	-1.7859	-2.1334	-4.5198	-8.7703
-11.1387	-5.2476	-2.3104	-1.1387	1.4081	0.9173	-1.3640	-2.8982	-5.0404	-8.9315
-11.5995	-5.2307	-1.8783	-1.4362	0.4652	1.0047	-1.1934	-3.4125	-6.5034	-10.6463
-9.9663	-6.3408	-1.9800	-1.8718	0.2055	0.8744	-1.2509	-2.5578	-6.4014	-9.8849
-14.0835	-7.5385	-2.4816	-1.1177	0.0657	0.2464	-0.9627	-2.2077	-5.4511	-11.5957
-10.5356	-6.4031	-2.6219	-1.2951	0.9718	1.8873	-0.0284	-2.3049	-6.6807	-8.6436
-10.3576	-5.0888	-2.5050	-1.1814	-0.1677	0.2126	-1.0133	-1.9415	-5.7998	-9.8424
-12.9687	-5.8066	-2.6358	-1.1299	0.3092	0.8011	-0.8128	-1.7096	-8.6845	-11.0774
-10.8501	-6.8335	-2.1057	-1.3000	1.2181	1.2008	-1.4608	-2.4652	-5.0606	-12.2060
-10.0369	-4.5053	-2.2540	-1.6273	0.5027	0.2992	-1.3290	-1.8014	-5.9978	-11.2340
-10.8189	-5.0835	-2.4189	-1.3299	-0.3167	0.9085	-0.4003	-2.9530	-6.1741	-9.2605
-11.4987	-7.3427	-2.6950	-0.8814	1.2000	0.4831	-1.8799	-2.2731	-5.2619	-9.5692
-7.8802	-4.9700	-2.8885	-1.5371	0.9722	1.4605	0.1853	-1.8687	-6.0935	-9.8971
-9.6558	-4.7189	-1.6345	-2.0430	-0.3782	0.3495	-0.7164	-1.8958	-5.3725	-11.8538
-10.0827	-5.1563	-2.7391	-1.7942	0.1350	1.3165	-0.4868	-1.9314	-5.6751	-13.0577
-10.3365	-5.8478	-2.0511	-0.0677	0.9188	0.5913	-1.4266	-2.2243	-4.6118	-10.3440
-8.8366	-6.8040	-2.3299	-0.9367	-0.1996	0.0812	-1.5051	-1.9178	-4.7236	-8.3081
-8.0410	-5.8478	-2.0578	-1.2190	0.8160	0.4274	-0.5610	-3.2150	-7.0213	-8.4706
-11.0928	-6.5183	-2.3506	-0.7340	1.0941	1.1519	-0.7282	-2.1354	-7.1712	-10.8231
-10.4924	-5.8333	-2.2547	-1.3815	0.9299	0.9343	-1.2685	-1.7336	-4.6538	-8.7483
-11.7097	-5.1365	-2.3701	-1.0895	0.4379	0.4323	-1.0425	-2.9219	-5.9765	-10.5534
-9.9852	-4.2455	-1.5282	-1.2563	-0.2961	0.2093	-1.0638	-2.0704	-5.9492	-8.6459
-10.3429	-7.1261	-2.4134	-0.7036	1.1965	1.3317	-1.1737	-2.8013	-6.3486	-10.2382
-11.1909	-6.2874	-2.9444	-0.8714	1.4019	0.8475	-1.9976	-2.1667	-4.8109	-9.9294
-10.2545	-5.7290	-2.2700	-1.9157	0.6175	0.7370	-0.4428	-2.0733	-6.4272	-7.3936
-11.8909	-7.9580	-3.0145	-0.6754	1.7113	1.4258	-0.8894	-2.3548	-5.9597	-9.4616
-8.6239	-4.9421	-2.7819	-2.0782	0.3062	1.4300	-0.7195	-2.1222	-5.4937	-12.9815
-9.3150	-6.6024	-3.0113	-1.1529	0.2903	0.9107	-0.3658	-2.2139	-5.9571	-7.4965
-19.0222	-4.7285	-1.6927	-0.8645	1.5892	0.9004	-1.4177	-2.7663	-6.4902	-8.4372
-6.8007	-4.2520	-1.8444	-0.7719	1.0418	0.9182	-0.4874	-2.8072	-7.0879	-9.0819
-8.8593	-7.1552	-2.3571	-0.4544	0.0507	0.7275	-1.0776	-2.0046	-4.4544	-11.9488
-9.7629	-5.9634	-1.7100	-1.5877	0.3717	0.4957	-2.0057	-2.2798	-5.0984	-8.9217
-11.5700	-5.8639	-2.4282	-1.3497	0.4869	1.0781	0.0034	-1.2382	-6.8021	-11.2426
-11.8941	-6.8929	-2.0924	-0.8402	0.5744	0.4644	-0.6690	-2.4007	-6.5818	-13.1745
-8.2471	-7.1107	-2.7456	-1.5248	1.0969	1.7116	-0.7631	-2.1414	-6.2143	-9.2797
-10.9224	-4.8433	-2.0651	-1.8273	0.5049	0.8233	-0.6221	-2.6276	-8.1699	-9.1779
-10.0305	-4.3508	-1.5201	-1.9191	1.1378	0.8492	-2.3163	-2.3121	-5.1026	-8.9123
-9.4141	-4.4786	-1.4734	-1.6038	0.4054	0.2729	-0.8018	-1.9379	-6.2558	-11.4027
-7.6281	-4.7940	-2.1480	-1.3013	0.7018	0.4291	-1.0581	-3.0256	-7.4082	-12.8814
-11.1256	-5.6873	-1.8035	-0.3422	1.4019	0.7934	-1.1153	-3.5100	-7.2082	-10.4120
-9.2446	-7.4263	-2.5029	-0.1716	0.8201	0.2533	-1.8750	-3.0294	-7.0815	-9.2524
-7.7802	-4.9254	-2.5414	-1.1929	0.9825	0.5477	-1.5703	-2.4917	-4.9164	-9.6192
-11.3538	-5.6311	-1.9237	-0.8224	0.3618	0.9206	-0.7903	-1.8684	-5.0017	-11.2103
-10.6538	-4.2874	-1.7612	-1.8183	0.4944	0.8761	-1.0502	-3.0267	-5.1587	-10.6348
-9.3373	-6.2457	-2.7120	-0.5812	1.1605	1.2596	-0.4659	-2.4761	-6.1487	-10.0732
-14.5155	-5.1730	-1.6659	-1.6976	0.4844	1.0680	-1.2834	-1.5865	-5.1390	-12.6815
-10.2839	-6.1622	-2.3429	-1.4112	0.9988	1.1588	-0.0263	-1.7378	-6.1666	-10.8521
-9.0403	-5.5048	-2.2599	-1.9679	-0.5730	0.8887	-0.5343	-1.4824	-5.4589	-9.5468
-11.5359	-5.7123	-1.9748	-0.9619	0.4891	0.3711	-0.8225	-1.8508	-5.0701	-9.3679
-11.5788	-7.2824	-2.1764	-1.4682	1.1194	1.0778	-1.7634	-2.6211	-4.9746	-11.0729
-9.3943	-6.5553	-1.8193	-1.9577	0.5363	0.4742	-0.6171	-2.0091	-4.5352	-9.1298
-12.0797	-6.5166	-2.4825	-0.8469	0.2398	0.2225	-0.8726	-2.6641	-5.6806	-10.1574
-10.5471	-5.4349	-1.8044	-1.5499	0.2842	0.0674	-1.1270	-2.0539	-5.0950	-10.1227
-11.2482	-5.2641	-1.8254	-0.0847	1.1848	0.6282	-1.5401	-1.7662	-5.6880	-9.5604
-10.2821	-5.2431	-2.2997	-0.9885	0.3645	0.5958	-1.3433	-2.6939	-5.3499	-8.4718
-11.5273	-6.4296	-2.3166	-0.5064	1.1625	0.8979	-2.0584	-2.3248	-5.9033	-9.3432
-11.8798	-7.1689	-2.4923	-1.0165	1.7797	1.2819	-2.5507	-2.7278	-5.4891	-10.2145
-8.4722	-4.6664	-1.7619	-0.8061	1.3572	0.4540	-1.4498	-1.6307	-5.2230	-11.1674
-8.6977	-6.4797	-3.1576	-1.7973	0.9560	1.1748	-0.9838	-3.3377	-8.9996	-10.6171
-12.2474	-8.8575	-2.5649	-0.9385	1.5694	1.2400	-1.9018	-3.0958	-6.2709	-11.3190
-9.1988	-5.0668	-1.4204	-1.1073	0.3233	0.2480	-1.2576	-1.9262	-5.9577	-9.1896
-11.9629	-5.1566	-1.9671	-1.5201	0.1970	0.8734	-0.8195	-1.8112	-4.7039	-9.8019
-10.3343	-7.1442	-3.1146	-1.7567	0.7178	0.4881	-3.0639	-2.7094	-5.5115	-12.6109
-11.2019	-8.8226	-2.3628	-0.5414	0.8304	0.5130	-1.4947	-2.1323	-4.9565	-8.6148
-11.7917	-8.0569	-2.6488	-1.5261	1.0766	0.8311	-1.3832	-2.9390	-6.1001	-11.5401
-8.7257	-5.7664	-2.7385	-1.2102	1.5153	0.8676	-0.6867	-2.3797	-7.3584	-10.8570
-13.3178	-6.5707	-2.0806	-1.2081	1.2515	1.2835	-1.8588	-3.0410	-5.3821	-9.0064
-9.5365	-6.6398	-2.8862	-1.0274	1.2273	1.2772	-0.9325	-2.8515	-4.3848	-11.4518
-15.7721	-6.8744	-1.8769	-1.5782	0.6346	1.0180	-2.1057	-2.1901	-5.4805	-11.2156
-7.3529	-4.7124	-2.6690	-2.1216	0.1890	0.1697	-1.4025	-2.2934	-6.3167	-11.9394
-11.4269	-5.1492	-2.6968	-1.5103	0.8272	0.1509	-2.6164	-1.9664	-4.0834	-7.9425
-11.9721	-5.0701	-1.9237	-0.3452	0.6277	-0.5218	-1.0086	-1.8141	-5.8007	-9.8108
-9.7717	-6.9890	-3.1795	-1.6221	0.6882	0.5749	-1.1703	-2.1208	-6.1769	-10.8895
-10.3325	-8.3929	-2.6300	-1.1744	0.3601	0.4056	-1.7255	-1.5154	-4.7110	-13.1829
-12.2566	-6.9874	-2.7171	-1.7381	0.1157	0.7451	-1.3383	-2.8756	-5.2870	-11.0171
-12.8553	-5.6078	-2.7212	-1.8292	0.6606	0.8734	-1.1189	-1.9122	-5.5363	-11.6145
-12.3111	-5.2715	-1.4002	-0.2273	0.2695	0.4803	-1.2631	-2.1872	-6.0422	-9.6670
-13.5546	-6.4281	-2.0970	-0.6701	0.0649	0.1859	-1.3130	-2.8014	-5.8491	-8.9204
-10.3562	-5.3351	-2.6824	-0.8510	1.0101	-0.0654	-1.6737	-2.9001	-7.0224	-10.8237
-8.1311	-5.2684	-2.5964	-1.4099	0.9888	1.7243	-0.7769	-1.8700	-5.5938	-15.7888
-10.8167	-6.2800	-1.9040	-0.5099	1.2216	-0.1485	-1.5137	-2.5102	-6.4984	-10.1211
-14.5760	-5.5693	-1.9607	-1.3748	0.5991	0.4428	-2.0299	-2.9419	-5.3646	-7.9064
-11.2614	-5.7445	-2.7632	-0.9021	1.4957	0.9611	-1.2443	-3.0319	-8.0404	-10.6190
-11.8020	-6.9583	-1.7535	-0.6929	0.6642	0.9695	-0.3387	-2.4150	-7.1025	-13.3158
-8.1143	-4.3670	-2.2676	-0.4339	0.5496	0.7303	-2.3193	-3.5249	-5.5494	-11.4464
-11.1921	-7.5650	-2.5492	-1.0728	0.3057	-0.1011	-1.4622	-2.0769	-4.3580	-8.8890
-10.8156	-7.5718	-2.2615	-0.8035	1.0527	0.6334	-0.7620	-2.7914	-6.1437	-11.0293
-10.0558	-7.0961	-3.2154	-2.4176	-0.1289	1.2467	-0.5989	-3.3679	-5.9349	-9.3474
-9.7962	-6.0754	-2.2663	-1.8316	0.3726	1.1363	-0.6837	-1.9809	-7.6430	-10.6608
-9.7239	-8.6831	-3.2923	-1.4295	0.9648	0.8412	-1.1939	-2.4380	-7.3676	-12.5676
-12.2867	-4.7845	-1.7188	-0.3069	0.2389	-0.1297	-0.9998	-2.0121	-5.3231	-9.5758
-11.7766	-5.6283	-1.8036	-0.7971	0.0659	0.2546	-1.1782	-2.5968	-8.2714	-9.5078
-10.1441	-5.9775	-1.7219	0.0232	1.0647	0.0760	-2.3327	-2.4687	-4.9709	-10.3952
-9.0464	-5.1886	-2.2455	-1.2495	1.2092	1.4242	-1.4829	-2.6238	-5.6415	-12.1305
-10.9055	-5.3758	-2.6730	-1.8599	0.1199	0.5653	-1.1797	-2.5971	-6.9990	-10.9803
-12.9385	-6.6814	-2.2704	-0.7575	0.6530	0.7835	-1.4567	-2.5405	-5.2123	-10.4124
-11.4993	-6.2985	-2.3498	-0.0615	0.7242	0.0285	-1.3400	-2.4074	-5.7915	-8.9858
-9.1563	-4.7359	-1.9047	-0.8670	0.8205	0.3211	-1.3168	-2.0930	-5.1419	-10.6171
-10.6148	-5.1157	-1.8928	-1.1971	0.1007	0.3422	-1.2473	-2.6906	-6.2883	-12.0433
-11.5774	-6.2084	-2.8118	-1.2195	1.0363	0.8727	-2.0221	-3.2893	-5.6919	-9.6326
-10.2664	-7.0335	-2.0753	-1.1475	0.4969	0.8374	-1.2858	-2.7968	-7.6639	-10.7879
-8.5652	-5.6620	-2.3037	-0.7836	-0.4310	-0.8216	-1.1973	-2.0904	-4.3594	-11.0981
-9.2268	-4.5659	-2.4435	-0.3480	0.3686	0.7524	-1.1837	-2.3874	-4.7212	-13.2599
-11.7360	-7.0039	-1.9466	-1.3805	0.0852	0.8409	-1.2811	-2.4677	-6.8957	-11.9302
-11.4040	-5.8717	-2.1755	-0.4246	0.8017	-0.0620	-0.9387	-2.3228	-5.0494	-7.4649
-9.2110	-5.5883	-1.8590	-0.4308	0.5430	0.0612	-1.7627	-2.1214	-4.8514	-9.1420
-10.1556	-7.0649	-3.6060	-1.1825	0.8838	1.3839	-0.6229	-2.1378	-5.3804	-11.9951
-8.9830	-5.3924	-2.8000	0.4021	1.2921	0.5645	-1.3784	-2.0829	-5.7676	-11.2022
-9.3666	-5.1172	-2.5003	-1.3519	1.3279	1.1153	-1.7664	-2.4353	-4.9704	-10.8985
-10.4104	-5.3101	-2.1340	-0.5199	0.6216	0.8643	-1.0379	-2.9988	-3.9274	-7.6759
-12.4738	-6.8277	-2.0482	-0.6189	0.7086	0.6699	-1.3788	-2.5578	-7.9354	-9.5647
-9.1864	-6.6993	-2.1105	-1.6669	0.8876	1.1413	-1.4816	-2.7523	-6.8167	-9.7042
-8.0301	-6.4120	-2.5841	-1.0360	0.6975	1.3907	0.1270	-2.5150	-6.0408	-7.3560
-10.4692	-4.5407	-2.3072	-1.4118	0.7705	0.9973	-0.5992	-1.8247	-4.4072	-10.6541
-9.6325	-6.6171	-2.5980	-0.2394	1.7379	0.5508	-1.9303	-2.9855	-5.9144	-10.7927
-10.0662	-5.2157	-2.3594	-0.7851	0.1170	-0.0375	-1.1280	-2.4471	-7.9054	-11.9711
-9.7971	-5.8281	-1.7985	-0.1596	1.0867	0.7707	-1.5278	-2.8118	-6.2768	-14.2643
-9.2315	-5.6662	-2.9239	-0.9661	0.5832	0.5430	-0.9919	-2.5172	-6.7049	-10.3485
-9.9981	-4.6671	-1.5587	-0.3346	0.3677	0.1633	-1.7473	-2.2678	-4.4530	-11.3538
-8.9435	-4.2579	-2.1875	-2.1419	0.7722	0.4007	-1.1938	-2.7196	-6.7959	-12.9139
-11.1733	-5.8956	-2.2971	-1.4178	0.5002	0.5865	-1.5223	-2.3131	-4.0867	-12.0282
-12.2933	-5.0991	-2.1535	-1.1502	0.6261	1.2783	-0.6653	-2.4926	-7.2704	-12.2219
-10.1398	-4.6717	-1.7616	-1.4392	0.1351	0.6519	-1.3302	-1.8572	-4.4604	-9.3408
-11.0096	-6.8503	-2.3972	-1.7175	1.1070	0.6189	-2.4308	-3.2304	-6.9439	-8.9858
-10.0292	-5.3385	-2.2648	-0.6923	0.7691	0.6041	-0.6063	-2.1001	-5.8968	-10.6475
-13.0943	-6.8403	-2.6851	-1.4292	1.2058	1.2746	-0.9857	-3.1546	-8.1994	-11.9595
-12.7267	-5.5046	-1.8231	-0.8509	0.5096	1.0624	-0.9300	-2.1815	-4.3880	-9.3443
-12.3587	-6.2366	-2.9070	-1.1503	0.0829	0.5409	-0.4356	-2.7363	-6.4075	-10.9536
-11.1675	-7.4177	-2.2513	-1.1764	0.0913	0.2679	-1.3067	-1.5439	-4.7742	-8.9303
-9.1945	-5.5478	-2.7769	-1.5009	0.7625	0.5155	-1.3382	-3.4097	-6.3236	-10.2372
-11.5140	-6.6097	-1.7706	-1.5475	1.3130	1.2690	-1.7383	-2.4242	-5.0517	-12.5398
-10.7850	-4.9426	-2.3417	-1.6391	0.6876	0.7125	-1.0077	-2.3212	-6.1050	-9.7320
-11.5444	-7.0649	-2.7893	-0.2884	1.1907	0.3539	-1.2482	-2.7248	-7.7672	-9.3966
-12.0016	-6.5005	-2.0013	-0.0159	0.8212	1.2000	-0.5826	-1.9708	-4.4542	-10.2510
-10.7149	-6.4007	-2.4828	-1.7340	0.5185	0.9111	-0.8965	-2.5137	-5.2348	-7.8068
-9.5414	-5.8247	-2.4060	-0.3160	1.3708	-0.2256	-3.0719	-2.5749	-6.1908	-12.4910
-9.0488	-7.8148	-2.4133	-1.2686	0.1281	0.5608	-1.9348	-2.3026	-4.8297	-7.7049
-10.6653	-6.7094	-2.8740	-1.0416	1.1190	0.7511	-0.2238	-1.4324	-4.5354	-8.5044
-9.9727	-4.7161	-2.4247	-1.8617	0.9046	1.0668	-0.6980	-1.7514	-6.4988	-12.0396
-10.1355	-6.4321	-2.2427	-0.6620	0.6832	0.6732	-1.7353	-2.4010	-5.7944	-10.8769
-10.6653	-5.4036	-2.0664	-0.1873	1.7591	1.0552	-1.7019	-2.4792	-5.2316	-8.1970
-10.9083	-5.9794	-2.2269	-0.4361	1.5784	1.3216	-0.9788	-1.9969	-6.3024	-14.1016
-10.0403	-6.1754	-2.4029	-1.7532	0.5080	0.9977	-0.1427	-2.0911	-4.9583	-10.2866
-13.0860	-5.4882	-3.1723	-2.0370	0.8745	1.0321	-1.6228	-2.0761	-4.3929	-9.8689
-8.5472	-5.2961	-1.9950	-0.6668	-0.2477	0.2319	-0.0068	-1.9831	-6.2952	-9.7697
-9.5058	-6.6001	-2.0490	-0.7034	0.5327	0.1880	-2.0938	-1.8566	-5.0960	-10.3081
-11.7020	-4.8929	-1.6917	-0.8141	0.7755	0.7975	-0.9340	-2.5092	-5.4301	-8.5784
-11.0434	-5.4386	-2.6773	-1.9662	0.3318	0.3954	-2.0547	-3.1898	-6.8262	-10.0872
-10.8094	-5.9440	-1.9115	-1.0463	1.0836	0.7066	-2.1249	-2.4537	-5.0878	-10.0044
-10.9230	-6.1443	-2.2570	-1.2197	0.3525	0.0477	-1.3743	-1.8298	-5.2707	-10.4199
-9.4383	-5.7843	-2.0131	-0.2290	0.5813	0.7950	-0.8199	-2.3878	-6.2296	-10.9027
-12.5933	-5.6832	-2.2218	-0.7270	0.4975	0.7991	-1.4226	-2.5395	-6.2128	-11.5093
-11.5551	-4.5628	-1.6997	-0.7282	0.0489	0.2546	-1.3425	-2.8706	-5.7581	-10.3236
-13.8453	-5.6980	-1.7680	-0.6747	1.4284	0.7446	-1.0070	-2.3348	-6.7078	-12.2475
-12.6008	-6.4602	-2.3104	-1.4033	1.5022	0.4687	-1.2848	-3.1443	-7.5029	-10.4740
-8.2037	-5.2916	-2.1490	-1.3732	0.7478	0.8834	-1.1153	-1.9580	-5.2385	-10.1973
-9.9094	-4.5568	-2.0362	-1.7540	0.3464	0.5532	-0.6178	-2.5258	-7.1756	-10.5004
-10.0027	-7.1370	-1.4712	-0.6379	1.0278	0.8834	-0.9762	-1.9732	-4.1787	-8.1467
-10.5059	-4.4053	-2.8719	-1.8849	0.2065	1.1178	0.4308	-2.0951	-5.6323	-14.6579
-9.7079	-4.4777	-2.2734	-1.9714	1.2160	1.7033	-0.0393	-2.6481	-8.1069	-12.2285
-9.6346	-6.7584	-0.8251	-0.3347	0.8416	0.4886	-1.7992	-2.6433	-5.0828	-7.3978
-11.2377	-5.8504	-2.3026	-1.9697	1.5769	1.8302	-0.4164	-2.2589	-6.6526	-9.2270
-10.4598	-6.4873	-2.6801	-1.0658	0.7304	0.7464	-1.4778	-3.2970	-7.4741	-10.2036
-12.9586	-5.4987	-1.6755	-0.6937	-0.3629	0.2220	-1.4941	-2.9976	-5.9422	-12.2870
-10.1307	-6.1270	-2.8563	-1.5135	1.2041	0.8729	-1.3513	-3.0402	-5.8835	-10.1872
-11.4819	-6.4536	-2.3507	-0.9264	1.3617	0.4766	-0.6104	-2.1233	-6.1327	-9.7008
-11.6546	-7.2387	-2.7421	-0.8284	0.6858	0.3701	-1.6608	-3.1551	-5.5308	-11.2940
-6.7354	-5.7872	-3.0967	-1.6440	-0.2412	0.2916	-1.1725	-2.0696	-6.8145	-10.3641
-9.6203	-8.3211	-2.4726	-0.5280	0.7071	0.1989	-1.7482	-3.1341	-5.9110	-10.5276
-11.0876	-4.7029	-1.3850	-0.3523	0.8021	0.9146	-0.2886	-1.7929	-4.6398	-9.2469
-9.8174	-6.4747	-3.0422	-0.3805	0.9959	-0.3371	-0.7395	-2.7466	-6.9259	-10.6308
-9.1438	-6.1371	-3.3655	-0.6572	0.7046	0.4952	-0.8549	-2.8426	-6.0568	-9.0751
-9.2927	-7.7144	-2.5036	-1.5408	0.3844	0.4548	-1.4952	-2.3086	-6.0256	-11.3408
-8.6710	-6.9714	-2.1816	-0.9811	0.9242	0.9631	-0.7231	-2.6967	-5.3953	-8.3676
-7.2642	-6.8399	-3.2197	-0.7713	0.7096	0.2281	-1.4004	-3.4729	-7.0418	-9.0507
-11.0147	-5.7817	-2.6776	-0.4017	1.3592	1.1970	-1.0250	-1.9016	-5.2813	-12.0330
-13.1481	-4.7718	-2.6875	-2.6522	0.3977	0.7865	-1.0907	-2.4916	-5.6579	-10.1175
-9.2242	-4.9519	-2.0499	-0.7754	0.2837	-0.0483	-0.9010	-2.8547	-6.7444	-10.4620
-10.7588	-4.2037	-2.7536	-2.9051	0.4425	0.0103	-0.8299	-2.3286	-6.9456	-10.7505
-7.6609	-5.5733	-2.5393	-1.0683	0.4364	0.6785	-0.8630	-2.1232	-5.4959	-10.3605
-9.7976	-5.8105	-2.6207	-0.8018	0.6602	0.4593	-0.9951	-1.4320	-5.0327	-7.3849
-11.0677	-4.8604	-2.4645	-0.8206	1.3407	0.6349	-1.4759	-3.0204	-5.4423	-6.0933
-10.1385	-5.4415	-1.9547	-0.7067	0.5619	0.6846	-1.7157	-2.4507	-5.7525	-10.8835
-9.7465	-4.5701	-2.7379	-1.2996	0.7920	1.3793	-1.3413	-2.3302	-6.0932	-10.0475
-8.9067	-6.6096	-1.9543	-0.6021	0.9415	0.4733	-0.8028	-2.4749	-6.1507	-9.3796
-12.6542	-5.9384	-2.3995	-2.0170	0.8430	1.1983	-0.5660	-1.7422	-7.3668	-15.4304
-9.7548	-4.1405	-1.9254	-1.2318	0.9316	1.3414	-1.2363	-2.5407	-4.3621	-10.7469
-10.3757	-6.8117	-2.5928	-0.8484	0.2170	0.1889	-1.7640	-2.6214	-5.8848	-12.3160
-8.5457	-5.2252	-3.1590	-1.4772	1.0912	0.3771	-1.7079	-1.5899	-5.7517	-13.7744
-9.0543	-5.8620	-2.4629	-2.3460	0.1779	0.2576	-1.4591	-1.5504	-5.8453	-10.5983
-10.3478	-5.7565	-2.1800	-0.9722	0.4875	0.6500	-1.1268	-2.3186	-6.8929	-11.1187
-11.8636	-5.2409	-2.2499	-0.6486	0.8072	0.2689	-1.6557	-2.2999	-6.3140	-10.7238
-10.8870	-5.2850	-1.7979	-1.1404	1.4207	0.5868	-1.4577	-2.4576	-5.4766	-9.9645
-9.5330	-7.7800	-2.8967	-1.2256	0.1417	0.6693	-1.1996	-1.9557	-4.6419	-10.0892
-13.0765	-4.3356	-1.6424	-1.1599	1.4259	0.3899	-1.8550	-2.6441	-5.6142	-9.3661
-12.6588	-6.7149	-2.8645	-1.0787	1.5804	1.4134	-1.4770	-3.6317	-6.5751	-11.9201
-7.8842	-5.3016	-2.3310	-1.0937	-0.3966	0.7464	-1.0096	-3.0267	-5.2061	-10.0376
-11.0201	-6.2975	-1.3297	-0.1290	0.5969	0.8847	-1.4380	-2.7860	-7.5835	-9.5887
-11.4264	-4.8916	-1.9325	-1.4837	0.5755	0.9846	-0.7408	-2.5304	-5.7451	-8.8535
-8.3401	-7.1850	-2.9965	-1.6131	-0.0539	0.1106	-0.7195	-1.3264	-7.4222	-14.7188
-14.4157	-8.3337	-2.1304	0.0992	0.7290	0.8574	-0.0700	-2.6320	-6.4735	-9.0209
-10.5048	-4.9523	-2.5783	-2.3156	0.6858	0.0351	-0.8319	-1.9099	-6.3065	-14.7224
-8.5460	-6.0686	-2.4313	-1.7105	0.1993	0.8354	-0.4213	-2.5895	-5.7857	-11.4562
-8.3587	-3.3055	-1.7508	-1.1386	0.1789	-0.1111	-1.0047	-2.4121	-5.6468	-10.8082
-8.6915	-5.4349	-2.3619	-0.5134	-0.0165	0.0665	-1.2184	-1.4022	-4.8320	-9.4857
-14.4625	-5.7758	-2.2165	-0.7929	0.7802	0.8107	-0.9105	-2.4843	-6.8828	-13.3291
-9.9974	-5.7351	-2.3899	-0.5392	1.2292	0.3483	-0.9926	-2.7049	-5.4997	-11.8129
-11.5527	-4.8259	-1.6204	-0.7636	0.3172	-0.3858	-1.7947	-2.8511	-5.2656	-11.0399
-9.2353	-6.9574	-1.9731	-0.3411	0.9345	1.2774	-0.8008	-1.8792	-4.9970	-10.7338
-11.3379	-8.3425	-2.4159	-0.9986	0.8322	0.9749	-1.2123	-2.3006	-4.4213	-9.7358
-8.7741	-6.0311	-1.3908	-1.1645	-0.0235	0.7610	-1.4487	-2.4770	-4.8077	-9.7790
-10.1799	-5.6148	-1.7044	-0.8071	0.8385	1.6163	-0.2241	-2.4459	-6.7920	-10.0052
-11.8939	-5.5780	-2.1306	-0.8866	0.3739	0.7163	-1.3075	-3.2050	-6.3992	-10.7710
-10.2739	-8.1472	-1.8226	0.1075	0.7032	0.0179	-1.0583	-2.3773	-4.4768	-9.1652
-12.0103	-5.6950	-2.2061	-1.7787	0.9874	1.0402	-0.9102	-2.6571	-6.5329	-11.9613
-9.1229	-4.5969	-2.9812	-1.9855	0.6997	0.9817	-0.8140	-2.1277	-5.6434	-8.0248
-13.9868	-7.5959	-1.7795	-0.4178	0.4719	-0.0117	-1.2032	-2.4876	-6.5384	-8.7052
-9.3941	-6.2075	-2.7339	-1.4072	0.0296	1.1827	-0.4071	-2.1527	-4.9812	-8.6190
-11.4258	-6.8857	-2.3735	-0.7210	0.9924	0.7740	-1.6866	-2.0747	-5.9945	-15.7009
-10.6704	-6.0045	-2.9759	-1.5579	0.8956	0.5958	-1.9363	-1.9956	-4.2454	-11.3451
-12.0423	-4.9609	-1.6095	0.1868	1.0864	0.7066	-1.5583	-2.5855	-5.3524	-11.2406
-12.0073	-6.6198	-2.8675	-1.3614	1.3573	1.0805	-0.7974	-1.9868	-6.6679	-13.9795
-9.7152	-5.2300	-2.0735	-0.2533	0.3189	-0.2182	-1.3710	-1.7851	-4.5516	-8.5955
-8.6163	-5.1596	-1.9331	-0.2703	1.3717	0.5098	-1.2414	-1.7162	-4.8138	-8.6189
-10.6239	-5.3129	-2.1158	-1.1922	1.1470	1.2120	-2.1587	-3.0052	-6.7292	-11.0390
-13.3535	-5.1249	-1.9704	-1.9769	0.6708	0.7902	-0.8341	-2.1527	-7.9836	-9.4488
-11.5148	-5.6453	-2.2114	-2.0532	0.5870	0.4987	-0.7855	-2.4995	-6.8698	-11.9479
-10.3319	-4.1928	-3.0034	-1.6509	0.6972	0.4719	-1.6847	-2.2246	-4.7656	-11.4322
-11.1120	-5.9235	-3.1353	-1.6713	0.2973	0.4414	-1.2726	-1.6663	-4.4342	-12.0627
-8.2427	-7.2806	-2.7028	-1.6861	0.6464	1.2085	-0.2188	-1.9331	-6.3751	-11.2741
-10.9007	-5.4816	-2.4453	-1.7494	-0.5330	0.4567	-1.2367	-2.4757	-6.3586	-9.6682
-9.6413	-4.6901	-2.8551	-2.6895	0.3471	0.6613	-0.8288	-1.4714	-6.1974	-10.4604
-13.5767	-5.5991	-1.7899	-1.3365	1.4007	1.3515	-0.1334	-1.7733	-7.1079	-7.2749
-8.6691	-3.6811	-2.4278	-2.0692	1.0071	0.9579	-0.5301	-1.8611	-6.6218	-14.0396
-9.0362	-5.5445	-1.7731	-0.4754	-0.0482	0.0747	-1.4070	-1.4941	-5.4437	-8.9901
-7.1889	-5.4140	-2.0996	-1.2239	0.9667	1.1915	-1.2351	-2.3195	-6.8203	-10.1887
-10.2238	-6.3238	-2.9844	-1.8944	0.8336	0.9898	-2.1506	-2.3561	-5.5216	-11.1829
-9.5488	-5.6326	-1.9618	-0.3881	1.5482	0.8014	-2.0222	-2.1068	-4.8081	-12.2716
-8.8362	-6.9098	-2.8153	-1.6598	-0.0120	0.6416	-1.7112	-2.2467	-6.4664	-12.1272
-14.0317	-8.2019	-2.8997	-1.2618	0.6934	0.5445	-0.7226	-1.4307	-5.4924	-8.9929
-9.6827	-7.0814	-2.2805	-0.8178	0.5606	0.6504	-0.3682	-3.2874	-7.6209	-10.9756
-9.7549	-5.8400	-1.9655	-1.3359	0.9008	0.5570	-1.0859	-2.0923	-5.8942	-10.0997
-10.8069	-4.6932	-2.1007	-1.0565	0.3677	0.6018	-1.1183	-2.1719	-6.3305	-10.4747
-11.3899	-6.3636	-1.9474	-0.7520	0.9717	0.3466	-0.7269	-2.5654	-6.6676	-10.9155
-7.4997	-6.5178	-3.0357	-2.2838	0.5364	1.2909	-0.8530	-2.3297	-7.3904	-10.6299
-9.2027	-4.2136	-2.3264	-1.4924	0.6055	0.1943	-1.8161	-1.9428	-6.5374	-12.7869
-11.6589	-6.5304	-1.5562	-0.3087	0.3455	0.2188	-1.3132	-2.9782	-5.4445	-7.6776
-9.8449	-5.4533	-1.7151	-1.2090	0.3387	0.6530	-0.9814	-2.4427	-6.0906	-7.6624
-10.6101	-5.9978	-2.1604	-1.3088	1.1401	0.0817	-1.5094	-2.9762	-5.8682	-9.5892
-7.7734	-5.7867	-2.8507	-1.7557	0.3281	0.1636	-1.5434	-2.4054	-4.4535	-9.6607
-11.5165	-4.2117	-1.9410	-1.4611	0.5488	0.5270	-0.7443	-1.7235	-4.6948	-10.1769
-10.7011	-5.3917	-2.9453	-1.3660	0.6953	0.7846	-1.2307	-1.5469	-4.0720	-9.8216
-7.9562	-3.9270	-1.6180	-0.8710	0.4402	1.2104	-1.7873	-1.3402	-4.3034	-10.6723
-10.5722	-5.4496	-2.6957	-1.9681	1.2320	0.7819	-0.9402	-1.5480	-5.6860	-10.4514
-8.7291	-5.0198	-2.6897	-2.6470	0.5382	0.4848	-1.2839	-2.7282	-4.7778	-9.9814
-9.0200	-6.9600	-2.8208	-0.5775	0.5459	0.2093	-2.3584	-2.9152	-5.4167	-9.8721
-10.2858	-6.9762	-2.7065	-1.6128	0.9876	0.4631	-1.1727	-3.0044	-7.2801	-12.7702
-10.1467	-5.2488	-1.8738	-0.5901	0.7986	0.3589	-0.9562	-2.6421	-5.6630	-14.3895
-10.1160	-5.6054	-2.8429	-1.7314	0.2048	0.5639	-1.9068	-2.6752	-5.1128	-10.6465
-10.5238	-6.8970	-2.4464	-0.7763	0.7093	0.6215	-1.3919	-1.5379	-4.8825	-7.8707
-9.4387	-4.2326	-1.7247	-1.0291	-0.0167	-0.4741	-0.6092	-2.2698	-6.8964	-10.3243
-10.8175	-5.6597	-2.0001	-1.1282	1.6501	0.8991	-1.9005	-2.7316	-6.7650	-9.2294
-10.0320	-7.5541	-3.4723	-1.1131	0.7058	0.2695	-1.7561	-2.3461	-5.3871	-12.0755
-12.4928	-7.4866	-2.4565	-1.1124	0.4646	0.2373	-1.7028	-2.9990	-6.9202	-9.4009
-11.1454	-6.5204	-2.5586	-0.8146	1.5276	2.0184	-1.3205	-2.1292	-5.8820	-8.7008
-10.7795	-5.0398	-1.8926	-1.7755	0.5558	0.6419	-0.7580	-2.0214	-5.4216	-10.2726
-9.9134	-4.9022	-1.8905	-0.3511	1.2176	0.2563	-0.9952	-3.3448	-6.5339	-7.8350
-10.8383	-8.8601	-2.8730	-2.2286	0.5948	1.1957	-2.0732	-1.8777	-4.7620	-11.3351
-9.8117	-4.6178	-2.2503	-2.3933	0.8231	0.1749	-1.3905	-1.7855	-4.9566	-10.9649
-9.6300	-4.5387	-1.9563	-1.3393	0.8399	0.4490	-1.5217	-1.5275	-5.6533	-12.6059
-14.6859	-5.0756	-2.1514	-1.6481	0.7741	1.0731	-0.9818	-2.1743	-5.1902	-8.8861
-10.3710	-5.3068	-1.4385	-0.5075	0.4861	-0.2764	-1.5403	-1.7653	-5.0407	-9.8307
-8.9844	-5.3062	-2.3798	-1.1506	0.3527	0.2954	-0.8484	-1.8551	-5.9052	-10.5646
-9.6287	-7.0252	-2.1519	-0.7456	0.7513	0.5504	-1.8870	-2.9346	-6.5799	-9.6996
-11.6452	-5.4788	-2.6445	-1.6301	0.8363	0.6659	-2.0878	-2.7817	-6.4646	-10.6667
-10.4233	-5.6434	-1.3787	-0.4070	1.0544	0.2922	-0.9771	-2.2670	-5.5696	-10.4851
-8.3669	-7.3708	-3.4368	-0.6636	0.3736	0.2900	-0.5872	-2.4438	-5.2693	-12.3283
-12.1730	-5.0175	-2.2709	-1.1341	1.1862	0.4222	-2.1010	-2.8793	-7.2567	-12.0311
-10.7368	-5.3378	-2.4293	-2.4167	0.6904	0.9836	-0.9254	-2.2152	-6.0025	-9.8101
-10.5790	-5.8353	-2.8605	-1.4802	0.7461	0.4873	-2.0494	-2.6436	-5.6817	-12.8752
-10.1921	-4.7838	-2.1729	-1.1552	0.5598	0.1217	-1.0338	-2.7263	-6.3033	-10.1438
-12.7418	-5.8178	-1.5565	-1.1090	0.7585	-0.1504	-0.5922	-1.6505	-6.8302	-13.8122
-9.2578	-5.6672	-2.2015	-1.9748	0.7200	0.8631	-0.1595	-2.0046	-7.8445	-11.0362
-13.7061	-6.9986	-2.7298	-0.9096	0.6614	1.1576	-1.7455	-2.2269	-5.1475	-11.1038
-7.2897	-6.8407	-2.4973	-1.2869	1.6733	1.2184	-1.3201	-3.5172	-8.5231	-9.3795
-10.7749	-7.1233	-2.5733	-1.5667	0.6770	0.9806	-1.2355	-2.0807	-5.0278	-9.5995
-8.6268	-3.8737	-2.1242	-0.8094	1.5551	1.4542	-0.9010	-1.9082	-6.0257	-11.3872
-10.5175	-5.2707	-2.2402	-1.6116	0.1823	0.7297	-1.6717	-3.1386	-6.7488	-8.7112
-8.4265	-4.7572	-2.9592	-1.7574	0.8431	0.5737	-1.8220	-2.2024	-5.3123	-9.1343
-12.3209	-4.7607	-2.0474	-1.8546	1.0954	1.2604	0.2042	-2.3295	-5.3917	-8.5255
-10.0678	-6.6333	-1.7052	-0.5857	0.8288	0.9633	-1.1455	-2.3028	-7.1677	-14.6791
-8.3142	-7.3273	-3.4357	-1.0272	0.7607	0.8683	-1.3153	-2.9108	-7.4670	-11.7571
-13.0042	-5.5369	-3.0110	-1.4769	0.4235	0.1774	-1.5927	-2.0312	-6.0129	-10.4641
-8.5128	-7.4285	-3.0204	-1.5478	0.0731	-0.2291	-1.3020	-2.1776	-5.1625	-11.7530
-9.7478	-5.1400	-3.2160	-1.6576	1.1750	0.7340	-1.0309	-2.3464	-7.1640	-15.1729
-10.7761	-6.1612	-2.2205	-1.6305	0.0483	-0.0551	-1.7407	-2.8901	-5.9238	-9.2441
-11.5744	-5.7195	-2.9061	-1.4206	0.7507	0.4093	-0.8866	-3.0251	-5.0517	-9.5569
-10.3987	-5.1421	-2.4188	-1.5810	0.1204	0.7861	-1.0189	-3.2321	-5.3028	-9.7598
-13.0860	-5.5915	-2.1910	-0.7159	1.3398	1.1166	-2.4137	-2.0305	-4.5746	-11.3188
-11.1649	-3.4041	-2.0295	-0.9025	0.4334	0.7637	-0.2964	-2.0697	-5.9637	-12.9386
-10.4853	-5.8355	-2.7918	-0.2101	1.1291	-0.0924	-1.8991	-2.1881	-4.2311	-12.7064
-9.9236	-4.8650	-2.3553	-1.4620	0.5761	0.3250	-1.4027	-2.7767	-6.3450	-8.1013
-11.6230	-5.7807	-2.0988	-1.0634	-0.0287	0.6069	-1.7196	-2.2144	-5.8655	-9.5547
-9.6163	-5.9324	-2.4172	-1.5688	0.8464	0.8337	-0.7777	-1.5214	-5.1862	-11.6803
-14.7777	-5.8135	-2.9494	-1.4606	1.0322	1.2719	-1.6681	-2.4868	-6.5365	-11.5502
-12.4099	-6.8605	-2.3341	-1.6947	0.0017	1.1479	-1.0098	-2.1877	-3.8640	-10.8492
-11.0551	-7.2815	-2.5826	-1.1689	0.8201	1.4167	-1.2780	-2.1110	-4.4226	-12.4616
-10.8638	-3.9491	-1.8132	-1.1120	-0.0666	-0.2041	-0.7685	-2.1449	-4.4786	-9.6019
-11.4499	-5.3692	-2.3232	-1.8000	1.0653	1.2539	-0.5775	-3.1612	-5.8856	-7.6683
-13.3939	-6.6137	-1.7912	-1.0001	0.0359	1.0649	-1.0388	-2.6107	-5.4993	-11.0563
-9.5475	-6.4411	-2.2528	-0.9213	0.6889	0.4897	-0.9876	-1.5418	-5.5319	-8.7359
-8.1496	-6.3518	-3.1848	-1.3008	0.8221	0.7916	-1.1522	-1.9705	-5.4015	-11.4726
-10.1833	-6.9449	-2.6079	-1.2344	0.8367	1.2472	-1.0380	-2.4519	-6.1377	-10.4944
-12.4476	-8.9244	-2.4071	-1.3625	0.2944	0.8746	-1.0257	-2.3183	-6.0952	-11.0972
-7.7795	-6.0767	-3.0611	-1.6109	1.0568	1.0653	-1.0294	-2.2274	-5.1012	-11.9225
-10.0431	-6.6767	-2.1768	-0.7604	0.9026	0.5446	-1.6997	-1.5589	-4.3456	-9.3694
-10.7871	-5.8463	-1.9447	-1.0280	1.0895	0.3750	-2.2687	-1.8283	-4.5625	-10.5760
-13.9665	-5.9025	-1.5376	-0.5789	0.8909	-0.0340	-2.4162	-3.7993	-4.6372	-8.3265
-13.6602	-5.8787	-1.7940	-1.3802	1.0794	0.9599	-0.6947	-2.0395	-4.1252	-10.4027
-9.9553	-4.8751	-2.4162	-0.6895	0.6992	0.1537	-1.3104	-2.3744	-4.9918	-10.1764
-11.1049	-6.6555	-2.7893	-0.5915	1.2617	1.1656	-2.0428	-2.0928	-5.2627	-9.2681
-9.3957	-5.4554	-1.7063	-0.6444	0.2874	0.8152	0.0010	-2.0810	-8.4559	-14.4287
-12.1498	-6.7518	-2.2685	-0.7607	0.8857	0.4707	-0.7242	-2.1456	-4.7635	-8.7922
-9.8145	-6.2674	-2.2988	-1.5057	0.8057	0.7288	-1.3416	-1.8034	-5.2560	-8.5412
-10.7217	-9.2920	-2.8535	-1.1445	0.2191	1.1970	-1.2510	-2.5262	-5.2620	-10.4113
-9.5881	-5.7511	-2.0917	-0.9929	1.2738	1.2355	-1.0775	-1.7489	-5.5975	-10.9651
-10.4721	-6.9566	-1.5928	-1.0992	0.6700	0.5784	-1.0582	-2.7180	-6.9196	-11.7493
-8.0318	-5.4866	-2.6412	-1.5485	0.6514	1.2308	-1.1421	-2.5321	-5.7347	-11.2935
-11.9997	-5.1153	-1.9096	-0.4349	1.2530	1.0203	-1.6502	-1.7862	-5.4073	-9.7393
-12.8427	-5.8418	-1.4819	-0.9002	1.1267	1.3613	-1.2603	-2.9811	-5.5703	-9.4823
-10.7605	-5.3357	-2.3568	-1.6501	0.8361	1.2157	-0.5896	-1.9637	-7.1771	-11.2218
-10.0689	-6.2763	-2.3162	-2.3080	-0.0196	1.1488	-1.3100	-2.2190	-5.4895	-10.5791
-10.8228	-5.3125	-2.9378	-2.5543	-0.0541	1.2452	-0.5247	-1.8028	-6.0643	-8.3921
-12.6872	-6.0051	-2.2179	-1.6145	0.7330	0.7063	-1.8809	-2.4664	-5.4916	-9.9009
-16.6999	-6.6533	-2.7870	-1.4606	1.4947	1.0466	-1.6332	-1.8431	-6.6877	-9.8806
-9.2851	-6.8536	-2.2920	-0.7762	0.6537	1.0149	-1.0267	-3.1430	-6.3486	-9.6240
-8.4231	-6.0595	-2.0442	-0.7550	-0.1223	0.1892	-1.6902	-3.1795	-6.0957	-10.6987
-8.4840	-5.0399	-2.0247	-0.9526	0.4054	0.3182	-1.0846	-2.2316	-6.9852	-11.8803
-8.1415	-4.9811	-2.9277	-1.7122	0.6820	0.8875	-1.0170	-1.4625	-5.7014	-10.2480
-11.5397	-6.5468	-2.2537	-1.2784	0.4722	0.6958	-0.7907	-1.6948	-5.0029	-10.1487
-10.2073	-4.9449	-1.3938	-0.1524	0.3102	0.1604	-1.4336	-2.1447	-4.9485	-8.7658
-9.9687	-5.5866	-2.3830	-0.8454	0.5743	0.2192	-1.6795	-1.7824	-5.6976	-7.5704
-9.4989	-5.8984	-2.5673	-1.6668	0.8524	0.3241	-2.1019	-2.2428	-4.6649	-11.0990
-13.5007	-8.6540	-2.8241	-0.8793	1.6812	0.7453	-1.8837	-3.0040	-7.1374	-11.2358
-10.5621	-6.6768	-3.2512	-1.2565	0.7661	0.6024	-2.0470	-3.5080	-5.6191	-10.6717
-11.0266	-4.4180	-1.9376	-0.5610	-0.0706	0.1676	-1.6440	-2.4866	-5.7606	-8.7921
-11.8114	-5.2034	-2.1305	-0.6659	1.0794	1.0355	-0.2881	-1.9284	-5.7280	-8.6236
-8.3885	-5.8192	-3.0090	-1.6388	0.4215	0.5375	-0.6344	-1.6900	-4.2075	-9.4898
-9.7984	-6.2874	-2.1342	-0.3731	0.9229	0.3688	-0.7646	-2.6481	-5.9497	-11.4386
-8.9241	-6.1681	-2.6212	-1.6587	0.5266	0.6724	-0.5466	-1.7208	-5.3008	-8.2960
-11.5174	-7.2152	-2.3237	-0.8914	1.0177	1.0709	-0.8345	-2.5972	-6.3167	-9.1741
-11.3678	-6.4099	-2.0306	-1.6368	0.7842	0.7730	-1.2580	-1.9273	-7.9699	-12.9090
-8.6819	-5.0490	-1.7573	-1.2149	0.7280	0.7807	-0.4650	-1.6835	-5.2648	-8.5072
-8.6833	-5.6312	-2.8197	-0.2620	1.0453	0.9505	-0.4004	-2.2958	-6.7104	-11.5089
-10.2883	-5.2927	-2.2502	-1.9742	0.2247	0.3713	-0.2972	-1.3252	-5.5006	-8.8677
-9.0520	-4.7874	-2.6805	-1.2930	1.0501	0.8448	-0.9322	-1.4786	-5.6479	-14.3821
-8.5479	-5.2721	-1.4320	-0.2136	1.5070	0.7171	-1.3928	-2.5334	-5.6373	-10.1825
-10.4653	-5.1974	-2.3264	-1.8418	0.9043	1.4890	-1.3779	-2.3472	-4.7687	-12.1896
-10.4625	-6.2066	-1.7288	0.1019	0.5836	0.6718	-0.6043	-2.3585	-6.9181	-10.6435
-11.9728	-5.4178	-2.4873	-1.3021	0.2606	0.6188	-1.0404	-2.5844	-6.0441	-12.9931
-10.9838	-5.4986	-2.0140	-1.2056	0.8998	1.9366	-0.6788	-2.5239	-6.7998	-11.0236
-10.6622	-8.5866	-2.7646	-0.8926	0.4140	0.4875	-1.9508	-2.3788	-5.3942	-11.9299
-9.4054	-4.5528	-1.9899	-0.8429	-0.1297	0.0025	-0.3326	-2.7468	-7.1614	-10.8247
-11.2138	-5.1062	-2.0605	-1.2728	0.9692	0.6996	-0.4195	-1.4663	-5.9938	-11.3510
-8.5668	-4.3972	-2.3987	-0.9596	0.2633	-0.1706	-1.1504	-2.4461	-7.1809	-11.1033
-9.8390	-6.6698	-2.7912	-1.2737	-0.3467	0.5885	-0.5999	-1.9149	-5.8480	-8.9622
-10.8699	-5.1144	-2.1103	-0.8693	1.3409	0.6302	-1.6830	-2.2161	-7.7355	-10.5236
-14.5668	-5.7215	-1.6655	-1.0576	0.1538	1.0236	-0.8337	-2.1906	-4.7867	-8.4202
-12.3821	-6.0408	-2.3389	-1.4565	0.5401	-0.4592	-1.8765	-1.6529	-4.4623	-9.5558
-10.8697	-5.8702	-2.6164	-1.5588	0.6325	1.1890	-1.1752	-3.0696	-5.4346	-7.1034
-9.3316	-6.0307	-2.2019	-0.1255	0.2297	0.8720	-0.3912	-3.1262	-5.3587	-9.7594
-10.9306	-7.9463	-1.8728	-0.7398	0.4965	0.9968	0.4123	-1.4137	-5.8417	-9.4640
-10.3858	-5.2451	-2.0483	-1.1744	1.0303	0.4513	-1.6855	-2.5399	-6.5911	-11.1726
-9.1396	-6.0352	-2.2842	-0.8339	1.0489	1.4755	-0.6461	-1.7356	-6.3561	-9.9107
-10.8926	-5.2406	-2.3260	-1.1079	1.3924	1.2477	-0.3719	-1.6097	-4.1871	-8.2559
-9.8279	-5.1238	-2.9461	-2.1720	0.3355	-0.0538	-2.3163	-2.2774	-6.5182	-11.6687
-8.1662	-4.9373	-2.4379	-1.0557	0.5619	0.8115	-0.6632	-2.6131	-5.3457	-8.5077
-8.2146	-5.1639	-2.3137	-1.5083	0.4674	0.2541	-1.6874	-3.3004	-6.4238	-10.5559
-8.0260	-6.1153	-3.0057	-1.3293	0.7414	0.6374	-1.2355	-2.0425	-6.9644	-12.6897
-10.3989	-6.6078	-3.1908	-0.8543	0.3374	0.2785	-1.3098	-2.1821	-5.2615	-10.1285
-10.2342	-4.5626	-2.6331	-1.6739	0.1298	0.0162	-1.3841	-2.8981	-6.1691	-10.6265
-11.2822	-5.1835	-2.8968	-0.8014	0.6978	0.3755	-2.0437	-2.7012	-5.7742	-9.4961
-13.2288	-7.4115	-3.0336	-1.4168	0.5966	0.8487	-1.4058	-2.5636	-5.4974	-9.3421
-10.5368	-7.1975	-2.5573	-0.9824	1.2034	0.2803	-1.6926	-2.6910	-5.8472	-10.0716
-10.4302	-5.0942	-2.0900	-0.6658	0.3998	0.0335	-0.4855	-2.1242	-6.2949	-8.2492
-9.2230	-4.6975	-1.3862	-0.7748	1.8275	0.9374	-0.5158	-2.0961	-5.7224	-11.7809
-12.1282	-5.0294	-1.9480	-0.6546	1.6082	1.3465	-0.5646	-2.0881	-5.4515	-9.2974
-11.2420	-5.8180	-1.3868	-0.4960	0.1348	-0.3788	-1.7881	-1.9734	-5.1129	-11.1165
-11.2999	-8.0954	-2.5014	0.1225	1.2052	0.9398	-1.3523	-2.7204	-6.1436	-10.4466
-10.7060	-4.4740	-1.3345	-1.9215	0.7151	0.8145	-1.4510	-2.4278	-5.0811	-10.1306
-9.8588	-6.3110	-2.3609	-1.3817	0.9912	0.7848	-0.8675	-1.8545	-5.5074	-9.1841
-9.5522	-6.4100	-2.4016	-1.0234	0.6599	0.0584	-0.3233	-2.3970	-6.5772	-11.9223
-11.1451	-5.4507	-1.8941	-0.5835	1.1924	0.2516	-1.2448	-2.0647	-4.5928	-12.3114
-8.2036	-6.6548	-2.8635	-1.2224	0.4172	1.0011	-1.5383	-2.4320	-5.8349	-9.3602
-8.4429	-6.8240	-3.8821	-1.0214	0.5282	0.9689	-0.7157	-3.1839	-5.9025	-9.5640
-13.0895	-7.5940	-2.7347	-1.6544	-0.0831	1.0648	-0.0124	-1.8755	-6.8074	-11.3508
-8.2770	-6.4127	-3.3154	-1.5160	1.1920	0.4742	-1.6762	-1.6313	-4.5590	-12.2157
-10.6948	-5.1648	-1.8388	-1.5650	0.5520	1.0473	-0.5027	-2.1951	-5.7333	-10.2256
-11.5650	-6.0782	-2.4797	-1.9666	0.3850	0.6310	-1.2895	-2.5134	-5.0810	-8.8731
-13.4805	-8.8181	-2.6342	-0.0906	1.8477	1.4430	-1.1254	-3.1175	-6.8560	-9.7090
-13.2266	-5.9395	-2.7383	-1.9736	0.7558	1.2316	-1.5361	-2.8933	-5.5244	-10.8366
-9.1648	-6.5928	-1.9865	-0.9315	0.4815	0.6356	-1.1510	-2.7119	-4.9931	-9.3258
-7.9521	-4.8768	-1.8528	-1.2622	-0.0766	-0.4944	-1.2413	-2.1803	-5.5028	-12.5914
-9.8372	-4.4613	-2.5816	-2.0464	0.9895	1.5773	-0.8164	-2.5995	-6.1500	-8.8978
-11.5434	-4.2820	-1.8252	-1.3602	1.1063	1.2622	-0.8939	-2.7045	-6.8349	-10.3084
-9.9413	-5.0373	-1.7337	-0.3675	0.4845	0.4792	-0.7550	-2.2659	-6.4396	-10.3210
-11.8853	-5.5691	-2.0852	-0.7922	0.3591	-0.1274	-1.8030	-2.3923	-6.0709	-10.9389
-11.7041	-5.7326	-2.1475	-1.2949	0.4586	0.4736	-0.5705	-1.5833	-5.3843	-11.0471
-9.2675	-5.7692	-2.3015	-2.0299	0.5581	0.0810	-2.2812	-2.1002	-4.2865	-8.4386
-10.5700	-5.1027	-2.1414	-1.4615	0.5704	0.5613	-0.9670	-1.5838	-4.3625	-10.3515
-10.2370	-7.2815	-3.3758	-1.7909	1.5651	1.9192	-1.1173	-2.6661	-7.2652	-8.6151
-9.2222	-4.2571	-1.4098	-0.8037	0.3192	0.6827	-0.3020	-2.3491	-5.3373	-9.8018
-8.8146	-5.0954	-2.1444	-1.9710	0.9477	1.0669	-1.2852	-1.9550	-6.8522	-12.6201
-8.9762	-8.2826	-1.6523	-0.8051	0.2341	0.6686	-0.8424	-2.0584	-4.8151	-11.4241
-11.5558	-5.7506	-1.9352	-0.3408	0.8669	0.7173	-1.3300	-2.1257	-6.0116	-10.1174
-10.2507	-6.0575	-2.7729	-1.6624	0.0979	0.3682	-1.3970	-1.7822	-4.7591	-8.6403
-9.4193	-5.3065	-2.7950	-1.3661	1.2032	1.0232	-1.8652	-3.6977	-6.0666	-10.0282
-9.6822	-6.4442	-3.1496	-1.2806	0.1716	1.3830	-0.5114	-1.7831	-5.8038	-9.5849
-7.5508	-4.9058	-1.6206	-1.1103	1.0443	0.9585	-0.4656	-2.1176	-5.8132	-11.1525
-11.4710	-5.5583	-3.1903	-1.7521	0.5618	0.2620	-0.2907	-2.2891	-7.4757	-12.2179
-9.8619	-7.9047	-2.4477	-0.9121	1.0454	0.3608	-1.2909	-2.5792	-8.3729	-10.9558
-9.2701	-6.2943	-1.8343	-0.9384	0.6709	0.5521	-1.0775	-2.5620	-6.3294	-10.0181
-8.6775	-5.5622	-3.8511	-1.4592	1.4554	0.9240	-1.1584	-2.5685	-5.9964	-10.0386
-10.6545	-5.8239	-2.0733	-1.3846	1.1712	1.3561	-0.9275	-2.6597	-4.7779	-8.5988
-10.5938	-6.2972	-2.3749	-1.1352	1.5090	0.8729	-2.0821	-2.6829	-7.0188	-10.5985
-9.2482	-4.5804	-2.9807	-1.6910	0.3059	0.4548	-1.4959	-2.5570	-7.7713	-9.8294
-11.0554	-5.1897	-2.9860	-1.9963	1.2067	1.0880	-1.4050	-2.7894	-6.6238	-12.0532
-10.6541	-4.6634	-1.7179	-0.8658	0.5087	0.1918	-1.7200	-2.4040	-5.1246	-11.4283
-8.7098	-6.7299	-2.5582	-0.9756	0.3029	0.0311	-0.8275	-3.0611	-7.4844	-12.5243
-10.6211	-7.4947	-2.6242	-0.6106	0.7597	0.8005	-0.9058	-1.2600	-5.3227	-10.5626
-9.0187	-5.9548	-2.2206	-1.4698	0.1438	0.3560	-1.3136	-1.4656	-4.1343	-8.6496
-9.8639	-6.4977	-2.7218	-0.7422	-0.0744	0.2145	-0.4193	-2.4244	-4.8184	-9.0556
-11.7954	-4.3207	-2.3201	-1.8686	0.0769	0.2515	-1.3598	-2.1669	-6.1111	-10.5857
-12.6668	-8.6869	-3.4979	-0.8651	0.7477	0.9029	-1.2124	-2.0510	-5.6569	-10.3595
-10.2024	-5.7633	-2.1784	-1.3515	0.0626	0.1382	-0.2101	-2.1766	-5.3030	-9.7422
-11.8834	-7.3000	-1.4012	-1.2010	1.1786	1.3473	0.0722	-1.4952	-6.9227	-11.7110
-13.1082	-6.0072	-2.2006	-0.6549	-0.2887	0.0474	-0.8842	-2.1471	-3.5318	-8.2465
-12.7489	-6.5349	-2.1818	-1.6812	-0.1945	-0.2305	-0.3096	-1.6185	-6.0423	-13.2480
-9.0165	-6.3055	-2.3209	-0.1638	0.6699	1.0119	-0.5732	-3.0151	-5.1890	-10.7842
-9.8442	-5.6737	-2.9753	-0.2222	0.8882	1.1308	-1.3610	-2.2333	-5.8256	-10.8051
-10.7501	-5.5675	-2.6681	-0.9348	1.1464	0.3579	-0.7810	-2.6522	-7.0089	-9.4343
-6.6975	-5.0194	-2.7433	-1.5760	0.3387	1.3648	-0.6695	-2.4796	-7.7593	-9.7385
-11.1721	-5.4696	-2.5061	-0.9370	1.4888	0.5772	-1.8123	-2.0067	-5.5815	-12.8124
-8.9170	-5.3015	-1.2394	0.1541	0.0805	0.0145	-1.5180	-1.8030	-4.7541	-9.1979
-8.3066	-5.0839	-2.3559	-1.0012	0.1405	-0.0734	-0.6219	-1.8620	-5.4700	-11.3229
-11.5270	-6.1461	-2.2910	-0.6051	0.5490	0.0502	-1.3987	-2.4084	-5.1417	-9.4063
-10.8939	-5.9120	-2.9464	-1.6876	0.7855	0.3951	-2.3798	-1.8517	-4.1559	-9.7302
-11.4349	-6.7977	-3.1719	-2.2927	0.1063	0.9982	-1.4590	-2.5890	-4.3255	-9.5588
-8.7832	-6.2395	-1.4172	-1.0635	0.5860	1.0409	-0.5450	-2.0903	-6.0418	-9.5568
-9.4636	-6.2626	-2.4231	-1.5339	0.1402	1.4490	-1.1543	-2.2103	-6.0311	-10.4963
-8.9039	-6.2054	-3.4993	-1.4197	0.8557	0.9366	-2.2714	-3.0499	-8.2566	-10.3821
-9.6316	-5.9310	-1.9219	-1.2620	0.9843	1.1666	-0.7572	-1.9916	-5.4880	-11.2919
-11.2922	-5.4549	-2.5290	-2.3540	0.1927	0.4220	-0.8488	-1.4878	-6.1637	-11.6303
-11.4692	-5.1956	-3.2992	-1.6465	0.5116	1.1768	-0.4244	-2.9901	-6.5783	-9.5235
-11.4175	-4.9713	-2.2532	-1.3824	-0.2018	0.5268	-0.2720	-2.2139	-7.1210	-12.4069
-12.4123	-5.7854	-2.7957	-0.9636	1.0421	1.2043	-0.7088	-2.2652	-5.9293	-11.9739
-8.7454	-6.1833	-2.6175	-1.1200	0.6868	1.3546	-0.7403	-2.1867	-5.3196	-9.4445
-11.2107	-5.6254	-1.7390	-0.7368	-0.1835	0.8603	-0.2785	-1.9127	-5.2843	-11.2951
-9.7217	-6.7337	-1.7624	-0.9974	0.6042	1.2416	-2.1885	-2.1652	-4.7704	-8.1130
-12.7644	-5.2287	-1.4901	-0.6075	0.4451	0.5476	-0.4744	-2.7212	-6.0607	-8.5495
-10.3856	-6.9138	-3.8892	-1.6643	0.9490	0.4442	-1.6251	-1.9239	-5.9980	-11.2731
-9.4701	-4.3251	-2.3619	-0.5232	0.6234	0.6375	-1.1619	-2.6919	-6.6979	-12.8648
-12.4885	-5.6829	-2.9377	-2.6187	-0.2640	0.2938	-0.5710	-1.7880	-5.7394	-11.1341
-9.6705	-5.8242	-2.6883	-1.8226	0.9397	1.3710	-1.2422	-2.1629	-5.6333	-11.6158
-9.5938	-6.6923	-1.9410	-0.2331	1.3600	0.8435	-2.2385	-2.3357	-4.6144	-9.5022
-9.5721	-5.9298	-1.4960	-0.8816	1.0412	0.6886	-0.8169	-1.9768	-5.0632	-10.9094
-9.8142	-3.9893	-1.6878	-0.2203	0.7076	-0.3916	-2.0789	-2.0361	-4.7970	-9.8796
-10.8356	-7.4193	-2.5601	-1.0085	1.0087	0.4225	-1.0370	-3.2440	-8.9353	-11.0225
-13.1142	-7.4353	-1.6444	-1.0440	-0.1181	0.0513	-1.2685	-2.5066	-6.1704	-9.8259
-13.5346	-5.1951	-1.8609	-1.7245	0.8858	0.1746	-1.3773	-2.0529	-6.6423	-9.6089
-9.4659	-5.9340	-3.3525	-0.3080	0.4181	-0.3230	-1.8167	-2.2604	-5.8170	-9.2918
-10.2411	-4.5281	-2.1829	-1.7687	0.5397	0.7997	0.0365	-2.0039	-7.6111	-10.9859
-11.0241	-5.2857	-2.2413	-1.4205	1.0450	0.2186	-0.6559	-1.9350	-5.5539	-12.0013
-8.7991	-6.2677	-2.5036	-0.7915	-0.1819	0.0035	-0.6475	-1.8362	-6.0389	-10.8949
-9.7670	-4.9516	-2.6806	-1.0805	0.4748	0.4139	-0.9765	-1.8380	-5.4247	-12.2907
-11.3805	-6.2235	-3.1639	-1.5325	0.2325	1.5240	-0.3566	-2.6828	-5.6949	-9.7015
-12.4693	-4.2762	-1.1533	-0.9014	0.5092	1.7660	-0.5234	-1.8003	-6.9810	-10.5340
-14.6841	-4.5238	-1.4938	-1.3429	0.3184	-0.5805	-1.3565	-1.4965	-4.0272	-11.0325
-10.9028	-5.6723	-2.0521	-0.0234	0.8931	0.5903	-0.9099	-2.9586	-6.0668	-8.3943
-10.7053	-5.9830	-2.0761	-1.0619	0.8624	0.3049	-1.5613	-2.5237	-4.9623	-10.0821
-10.9554	-6.5610	-2.0366	-1.1990	1.1842	0.4412	-1.9820	-2.4488	-5.4391	-10.9613
-9.0952	-4.1724	-2.0537	-0.6841	1.3233	0.6962	-0.6588	-1.8825	-5.2862	-10.1123
-12.0290	-6.5959	-2.8906	-1.6273	1.1872	0.6085	-1.4914	-2.5254	-6.6191	-10.0484
-10.2896	-6.9114	-2.5254	-1.0362	1.0309	1.0901	-1.2457	-1.5879	-5.4578	-9.7052
-9.7144	-4.2597	-2.6113	-1.1095	0.9108	0.2071	-0.6498	-2.3226	-5.3209	-8.6120
-10.6299	-7.4637	-2.3073	-1.2551	0.5433	1.1211	-0.7291	-2.0188	-6.6385	-9.6667
-13.0782	-6.1005	-2.9058	-1.8268	0.5434	0.6132	-1.9463	-1.8877	-6.0514	-10.4336
-13.2393	-7.1505	-3.2037	-2.3883	-0.4079	0.4919	-1.8257	-2.2044	-5.6429	-10.1828
-10.1568	-6.2930	-2.8559	-1.4003	0.5498	0.8500	-1.6250	-1.4785	-3.7639	-8.6123
-10.0010	-4.5131	-2.5486	-1.4244	0.6184	1.0807	-1.6341	-2.3595	-5.3810	-7.5507
-9.5387	-6.5125	-2.5740	-0.3771	0.6077	0.2139	-1.2111	-2.4055	-5.5903	-10.7201
-10.5386	-6.7206	-2.7719	-0.8052	0.8421	0.7893	-1.3359	-2.2874	-3.6161	-10.9577
-9.3865	-6.7034	-3.5164	-0.9310	1.0510	0.9176	-0.9992	-2.5044	-4.6274	-9.6506
-9.1946	-5.4155	-2.3961	-2.0647	0.7216	0.9084	-1.2498	-2.3432	-6.8137	-10.3781
-10.3172	-5.1335	-2.1537	-1.4616	0.1529	-0.4250	-1.8572	-1.7717	-3.9709	-10.1489
-11.5260	-5.6304	-2.5241	-1.0725	0.7869	-0.1241	-2.2641	-1.5604	-3.9567	-7.9656
-11.6082	-7.0401	-2.3937	-1.4747	1.3592	1.3188	-0.6836	-2.1957	-7.7045	-14.4791
-9.0642	-4.7737	-1.6879	-1.2275	0.5034	0.5448	-2.0933	-2.2978	-5.2804	-9.1124
-14.4643	-7.6033	-2.0510	-0.3052	1.1948	0.6338	-0.8161	-2.1704	-6.3974	-9.0709
-11.6155	-5.8691	-2.6474	-0.9677	0.4842	0.5342	-1.6031	-2.3527	-5.0679	-8.7142
-12.2711	-4.9860	-2.3737	-1.5659	0.3501	0.7229	-0.5055	-2.0490	-5.0672	-10.1567
-9.9906	-6.5903	-2.9479	-0.7753	0.7065	1.6185	-0.5962	-2.1165	-5.3931	-11.5749
-9.2147	-5.4325	-2.0463	-2.7338	0.8317	1.1782	-1.2691	-2.2556	-7.5620	-13.8439
-10.0706	-5.0935	-2.6140	-2.2544	0.7478	1.2383	-0.8394	-2.4384	-5.8165	-8.9877
-10.9029	-4.3517	-1.4076	-0.9899	0.9457	0.1701	-2.0075	-2.0208	-5.4604	-9.4976
-12.0688	-6.8163	-2.2847	-1.5902	0.7989	0.9475	-2.0177	-2.9286	-4.7706	-9.6678
-11.2001	-6.7740	-2.7624	-2.1435	0.3730	0.6904	-0.9616	-3.0325	-6.6332	-11.1105
-14.7363	-8.2836	-3.3359	-0.6678	1.5354	1.0551	-1.3516	-1.7066	-4.3963	-11.1069
-12.0489	-5.0206	-1.8848	-1.0979	0.4086	0.2565	-0.9877	-2.2335	-5.2100	-8.4071
-8.7584	-5.5851	-2.1089	-0.9865	0.3484	0.7998	-1.4475	-2.3244	-6.3217	-10.2237
-10.3405	-5.7104	-2.4823	-1.2410	0.8980	1.6468	-1.3318	-3.2711	-7.8860	-10.6706
-8.1862	-6.4277	-2.4606	-1.4462	0.7278	0.7683	-0.9573	-1.9489	-6.5839	-8.7146
-10.8082	-5.1425	-2.3849	-1.3067	0.0645	0.2263	0.0010	-1.9507	-6.6498	-12.1093
-8.8011	-6.1881	-1.5097	-0.0384	0.5802	0.9275	-1.4266	-1.6139	-4.9801	-10.7751
-8.3466	-4.0303	-2.0406	-1.6990	0.4672	0.9390	-0.9973	-2.5232	-5.2271	-8.8371
-10.2706	-6.7433	-3.0230	-1.1468	0.8684	1.1847	-1.4353	-2.3376	-6.3697	-12.1480
-10.1759	-5.9798	-3.3168	-1.1602	0.9232	0.5253	-2.1359	-2.8957	-5.2136	-11.9022
-9.0717	-4.8783	-2.6503	-1.0932	0.7823	0.7152	-2.0212	-2.9295	-5.3510	-8.8076
-9.0834	-7.2892	-3.0012	-1.2690	1.4380	1.9624	-0.8206	-2.8189	-6.1366	-9.9640
-9.2980	-5.0487	-2.3707	-0.5793	0.8655	0.9265	-0.0339	-1.6113	-5.0894	-10.7084
-9.5249	-7.0960	-2.0735	-1.1657	0.5615	1.1107	-0.8304	-2.2233	-5.9417	-9.0955
-11.8106	-5.2169	-1.7435	-0.6150	0.9257	0.1031	-2.6108	-2.4754	-5.0314	-8.0953
-11.7086	-6.0651	-1.7642	-0.3336	0.1618	-0.1525	-1.4268	-2.4102	-4.7095	-8.4462
-10.5903	-5.2505	-2.1534	-1.3567	0.7251	1.4496	-1.1444	-2.7935	-4.9474	-10.4327
-10.2393	-7.0096	-2.0515	-0.9946	1.5398	0.9620	-0.9826	-2.0306	-5.2258	-12.6735
-9.4871	-4.7513	-1.8766	-0.6924	0.9653	0.7030	-1.1951	-2.1907	-5.6197	-8.6129
-8.4510	-6.5857	-2.4247	-0.8050	0.8463	1.3056	0.0479	-2.5584	-6.8906	-8.6550
-9.6662	-3.7685	-1.8635	-1.1295	0.9147	0.8679	-1.9055	-2.5147	-6.1679	-10.4286
-8.9972	-6.0554	-2.9756	-1.8574	1.0573	1.2819	-1.0966	-2.6488	-8.2610	-11.0651
-11.7177	-7.2224	-2.4758	-1.6358	1.3391	1.6502	-1.6456	-2.9758	-6.5001	-8.9444
-11.2279	-6.8673	-2.4676	-1.2450	0.9948	0.6753	-2.0790	-2.2338	-5.0931	-10.5924
-10.2635	-4.6390	-1.3693	-1.0353	0.6073	0.6291	-1.6093	-3.1936	-4.9844	-10.6940
-9.5190	-7.5379	-3.0059	-1.2214	0.7184	0.9719	-1.2805	-2.4222	-4.2806	-10.9793
-12.8694	-6.5729	-2.6197	-0.6572	0.4153	-0.5597	-1.6378	-3.2366	-5.8050	-8.4409
-9.3174	-7.9179	-2.8121	-1.2729	1.2072	1.7713	-0.2778	-2.1174	-6.2888	-9.5892
-10.5154	-7.3053	-2.4134	-0.3476	0.8082	1.3491	0.0419	-2.1498	-7.2230	-9.1374
-8.7778	-5.3380	-2.4716	-1.1022	0.5002	1.2563	-0.7178	-1.5024	-4.2664	-9.1994
-13.0148	-6.3038	-2.2914	-1.9147	0.1390	0.9942	-0.4021	-3.0607	-7.1648	-9.0490
-10.3118	-6.1888	-2.7709	-1.5723	1.3589	1.0322	-0.7505	-2.6330	-7.2345	-11.4206
-11.6807	-6.5691	-2.4010	-0.8937	1.0257	1.6550	-0.4296	-2.3361	-6.9702	-11.0846
-12.2920	-7.8150	-2.7889	-1.5317	0.5591	1.3202	-0.5983	-3.0280	-6.0158	-11.2276
-9.8260	-5.3102	-2.1112	-1.3930	0.3706	0.3294	-1.4929	-2.0089	-5.0596	-10.7731
-11.0995	-5.6633	-1.7018	0.0435	0.5489	0.2612	-1.2827	-2.0155	-4.7479	-9.0912
-8.6394	-3.6140	-1.6097	-1.0314	0.4820	0.4342	-1.4015	-1.9620	-4.2496	-10.2733
-10.2753	-5.6013	-2.5283	-1.0503	0.3817	0.5103	-1.8341	-2.8634	-5.2113	-6.9796
-8.8959	-7.2689	-2.0161	-1.2474	0.6646	1.5827	-1.2126	-3.1439	-5.7736	-11.8528
-8.4595	-7.6251	-3.3123	-2.1950	0.1024	0.7720	-0.9275	-2.5148	-6.2713	-9.8987
-10.8946	-6.0548	-2.5434	-1.4866	0.3901	0.5999	-0.8480	-2.6144	-6.5288	-11.8354
-11.7080	-7.8044	-1.9950	-0.4593	1.1382	1.3370	-1.0065	-2.6252	-5.0341	-8.1316
-10.7659	-7.1817	-2.3952	-0.9486	0.3233	-0.1572	-0.9463	-1.9814	-4.3391	-8.0004
-12.8534	-5.0597	-2.0497	-2.3270	0.0470	1.3575	-0.9671	-1.4874	-5.9153	-10.2120
-10.2121	-6.1577	-2.2096	-0.4873	0.4269	-0.1674	-2.1944	-2.1705	-4.9479	-12.0155
-10.7128	-5.7125	-2.0532	-0.7062	0.9228	0.5027	-2.3791	-2.1782	-4.7991	-10.7192
-11.1042	-4.3572	-1.5901	-1.5136	0.3867	0.6873	-0.6906	-2.8992	-8.3294	-11.8899
-12.2314	-6.0479	-2.7319	-1.0605	1.3376	1.4385	-0.6341	-1.4639	-5.3466	-12.5638
-8.8208	-3.7152	-2.1703	-2.4130	-0.1860	-0.3715	-1.9593	-2.9560	-5.6088	-11.5616
-9.5735	-4.3072	-2.6107	-1.6069	0.9138	1.0022	-1.5435	-2.0668	-4.5670	-10.8086
-8.7205	-5.0653	-1.7111	-0.7241	1.4186	0.9894	-0.5921	-1.9796	-5.4204	-10.2418
-10.9522	-8.0988	-2.4942	-0.5610	0.6443	0.8071	0.0787	-2.2226	-6.6386	-10.4142
-10.4033	-5.6684	-3.4458	-2.6578	0.2773	0.8877	-1.7112	-2.1474	-5.6780	-7.2846
-9.7993	-5.4176	-2.3989	-0.6290	0.8433	0.6793	-1.5654	-1.5846	-3.3462	-10.2172
-7.8554	-5.6382	-2.0957	-2.6307	1.2841	0.9741	-1.0325	-2.0858	-5.4229	-9.8597
-10.5741	-5.1842	-2.0941	-1.0669	0.2688	0.5261	-1.4482	-2.3822	-6.0732	-12.0658
-10.3008	-7.0947	-2.6651	-1.6120	0.3051	0.1570	-1.1216	-2.1237	-6.7889	-8.5689
-9.2951	-6.5931	-2.0151	-1.3961	1.3757	0.9104	-1.0587	-1.9049	-6.5755	-10.7294
-10.1175	-5.3329	-1.7485	-0.4795	0.5792	0.6469	-1.4294	-1.4838	-4.8475	-9.8380
-13.4832	-5.5537	-2.2753	-1.1925	0.1929	0.3965	-1.3430	-1.7932	-5.8460	-9.6742
-12.5677	-5.8017	-1.7114	-0.8763	0.8054	0.1302	-2.1174	-3.2136	-5.8166	-8.6247
-10.7154	-4.0484	-2.2792	-2.3458	0.6840	1.2973	-0.3560	-2.7847	-7.4859	-10.6736
-11.7959	-6.2160	-2.6351	-1.0195	0.7405	0.5613	-1.7543	-2.9885	-5.3063	-9.5552
-8.5645	-5.1351	-1.6292	-0.2660	0.9081	-0.2236	-1.9119	-2.2145	-4.8979	-10.3228
-9.0906	-6.3865	-2.6492	-1.4600	0.7297	1.1922	-1.5800	-2.0341	-7.1620	-10.4115
-9.6832	-6.2207	-2.8201	-1.9293	0.0008	0.4718	-0.6978	-1.1377	-4.3875	-9.4540
-9.2089	-5.6677	-3.1611	-1.8444	0.8152	1.0847	-1.4792	-2.3618	-5.7731	-10.5586
-9.0493	-6.5514	-2.1357	-1.0108	0.6702	0.8067	-1.1177	-2.2120	-6.7054	-9.0257
-8.2078	-6.2161	-2.3791	-2.8248	0.1082	0.7900	-0.1494	-2.4874	-6.2580	-10.9018
-10.2740	-4.5610	-1.4548	-1.0343	0.9685	0.5778	-0.3880	-1.6035	-5.9310	-9.8942
-9.1776	-5.6696	-2.5488	-1.0430	1.2423	0.6116	-1.1491	-1.7146	-4.4847	-12.3568
-7.5875	-4.8415	-2.5974	-1.5347	0.7694	0.8430	-1.7660	-2.8737	-4.9582	-9.1069
-11.1401	-4.9883	-2.5782	-0.7547	1.1863	0.7347	-0.4957	-1.8472	-7.0740	-13.3141
-10.0065	-3.8325	-1.7296	-0.9331	1.1218	0.8448	-1.2061	-1.8874	-6.2515	-12.1332
-9.6425	-6.9107	-3.0077	-2.2188	0.6441	0.6919	-2.0297	-1.5958	-5.9009	-10.8211
-11.9774	-5.9587	-2.4603	-0.2845	0.7221	-0.1118	-1.3702	-2.0075	-4.6928	-9.6181
-12.9258	-5.8603	-1.8979	-1.6106	0.6970	1.1559	-1.2741	-2.1232	-5.4246	-8.2578
-9.0765	-4.4380	-1.3049	-1.3722	-0.0902	0.6511	-1.0468	-2.3368	-6.9007	-11.9646
-11.6396	-6.1318	-2.3847	-1.8906	0.2720	1.1539	-0.6941	-2.5992	-5.8059	-9.1271
-13.3873	-6.5325	-2.0405	-1.1222	1.0282	0.3831	-1.7715	-2.1807	-7.0349	-14.1694
-10.4858	-5.3874	-2.3503	-1.6335	1.8317	1.6886	-1.7966	-3.0323	-5.3103	-9.9615
-12.1444	-7.0546	-2.5337	-1.1510	0.7919	1.0107	-0.4506	-2.4493	-8.5896	-15.8742
-12.6196	-5.6933	-1.8877	-0.4721	1.2889	0.7670	-1.6579	-2.8418	-6.7662	-10.3789
-10.2372	-8.3019	-2.8740	-1.6199	0.6080	0.3355	-1.9829	-2.1872	-6.2600	-9.0256
-9.8771	-6.2047	-2.5097	-0.8864	0.5939	0.1829	-1.0340	-2.4626	-7.0422	-10.5158
-11.9117	-6.1533	-1.7788	-0.9948	1.9071	1.0608	-1.0044	-3.1358	-6.3946	-10.6639
-9.2678	-8.4102	-2.8724	-0.2490	0.8188	0.1199	-0.7808	-2.2602	-5.4194	-10.6251
-9.9953	-4.6203	-2.5085	-2.0582	0.6005	0.7918	-0.5572	-1.4445	-4.7949	-11.0339
-10.5556	-5.0082	-1.8102	-1.2632	1.1521	1.2661	-1.3741	-2.9568	-5.7128	-12.8708
-12.2458	-7.0315	-3.2972	-1.0308	0.8224	-0.1418	-1.1929	-2.4712	-6.2682	-8.7006
-13.8214	-6.6209	-2.5003	-2.0400	0.9430	1.5243	-0.5456	-2.9597	-5.4349	-8.3612
-10.0588	-6.1102	-3.3042	-1.5648	0.5491	0.3041	-1.6273	-3.7363	-7.5842	-10.5797
-10.0317	-8.9425	-2.4868	-0.4674	1.0198	0.2856	-1.8058	-2.6493	-5.8125	-9.6273
-10.6496	-5.8303	-2.7612	-1.8283	0.5383	0.4467	-0.9205	-2.6719	-5.5749	-13.9755
-13.0475	-6.4131	-2.4974	-0.6109	0.4835	0.3920	-0.7078	-1.7545	-4.7967	-10.4690
-8.4996	-5.9385	-2.4052	-1.7375	0.6331	0.6079	-1.2170	-2.0590	-4.4289	-11.7354
-11.5180	-6.0306	-2.9056	-1.1388	0.8464	0.1783	-1.2947	-2.4832	-5.8643	-9.6027
-9.0687	-6.5098	-2.0423	-1.2790	0.2160	0.0952	-1.6041	-2.7091	-6.1095	-8.6663
-9.7065	-7.1347	-1.7350	-0.9122	0.6593	0.3670	-2.3871	-2.7589	-6.7208	-10.3079
-13.6283	-7.9830	-2.7208	-1.8844	0.4975	0.7302	-2.0010	-2.8596	-4.5981	-10.6946
-9.5649	-7.9774	-2.0616	-0.4828	1.0461	0.4599	-1.4347	-2.2148	-5.3077	-14.0394
-15.4298	-6.3311	-3.1644	-1.7746	0.8826	1.9571	-0.5699	-1.7261	-6.5737	-9.8274
-11.5433	-6.5954	-2.5954	-2.1281	0.6558	1.1131	-1.7810	-3.4741	-6.4917	-10.7382
-11.2958	-6.8974	-2.0345	-1.4469	0.5319	0.9611	-1.3593	-1.8576	-5.9864	-9.4750
-11.4419	-6.2248	-3.1425	-2.2846	0.5586	1.2011	-0.1580	-1.8912	-5.8071	-10.1612
-12.3430	-6.1832	-1.7177	-1.2104	0.7983	1.1693	-1.2358	-2.8397	-6.9809	-11.5778
-9.8925	-5.3740	-1.8684	-1.1089	-0.4034	0.4090	-1.3811	-1.8369	-4.7252	-7.3632
-9.6726	-6.8156	-1.8447	-0.6566	0.5042	0.6113	-1.2062	-3.1360	-8.1696	-11.9943
-8.5417	-7.4237	-2.3762	-0.5945	0.9043	-0.0443	-2.3085	-2.3157	-6.4584	-13.3847
-9.2364	-4.9083	-2.2976	-0.9947	0.7136	0.9664	-1.7670	-2.8194	-6.7643	-9.8033
-9.9769	-5.9305	-3.0519	-1.8137	0.9083	0.9997	-0.7811	-2.3036	-6.6575	-9.2604
-10.0999	-6.9708	-2.3335	-0.9390	0.1112	0.3147	-1.2034	-2.5937	-5.7423	-11.9927
-10.5571	-7.5212	-2.4196	-0.3303	1.0494	0.1749	-1.9596	-3.5090	-6.7239	-11.4520
-11.5053	-6.3794	-2.1373	-0.4442	0.3717	-0.2849	-0.2431	-2.2097	-6.1528	-10.0496
-9.8059	-4.7529	-1.4448	-0.7111	1.2023	1.6292	-1.6973	-2.6926	-5.2184	-8.2173
-11.5657	-6.5661	-1.8347	-0.9892	-0.8480	0.0447	-1.2810	-1.7094	-4.4242	-10.2586
-9.8053	-4.9788	-1.2167	-1.6787	0.7155	0.4769	-0.4725	-2.4266	-5.3958	-8.6509
-10.5457	-6.9328	-2.8401	-1.6256	0.3705	0.2494	-2.1292	-3.3207	-6.4056	-11.4577
-10.9042	-4.4062	-2.0711	-1.4127	0.6935	-0.4140	-1.5111	-2.0017	-6.9653	-10.1350
-8.4012	-7.3165	-3.0804	-0.6877	1.2113	0.7202	-1.2144	-1.9366	-5.3374	-11.1315
-9.3768	-6.1681	-2.2497	-1.5964	0.2656	0.2324	-0.5420	-1.6623	-6.4428	-8.4614
-9.2867	-5.9934	-2.5465	-1.4615	0.9968	0.4032	-1.6319	-2.7058	-5.2655	-9.2627
-12.3427	-5.5586	-0.6858	0.0335	1.6416	1.0256	-1.7138	-2.5433	-5.5490	-10.7702
-11.3035	-5.5448	-2.3264	-0.6348	1.2421	0.0662	-0.8577	-1.8722	-4.6829	-9.4770
-9.0408	-6.3531	-2.2948	-0.4739	0.4303	0.1198	-1.9371	-2.5139	-4.5487	-13.3300
-9.8071	-5.3916	-2.2329	-2.0300	0.6098	1.0808	0.0810	-1.8468	-5.3948	-9.7205
-12.2545	-3.9426	-1.3928	-1.2198	-0.0942	0.6500	-0.9977	-1.6860	-6.2054	-12.0778
-8.9450	-4.3418	-2.3960	-1.8324	0.8839	0.6880	-0.8684	-2.6671	-5.6777	-10.7959
-7.7922	-6.7296	-2.6176	-0.7910	0.7456	-0.0874	-1.4517	-1.8281	-5.5350	-8.9565
-10.5657	-5.3309	-1.8396	-0.3337	0.5330	0.6055	-0.8747	-2.3328	-5.3852	-10.8719
-12.8115	-6.5595	-1.7657	-0.5708	0.8369	0.7126	-1.1438	-1.7255	-4.3631	-10.1337
-11.4989	-8.4779	-2.4340	-1.5509	0.4662	0.4333	-1.6694	-2.9642	-6.5618	-10.2125
-12.0765	-6.4116	-2.0786	-0.6108	0.5189	1.2679	-1.2375	-2.3762	-7.1513	-8.9144
-8.1240	-6.7610	-2.8566	-0.9562	0.1233	0.4970	-0.5943	-2.1818	-6.1237	-9.5343
-9.1877	-5.6233	-2.9412	-1.7828	0.0334	0.1919	-1.1637	-2.2498	-6.1432	-12.9500
-8.6770	-4.0198	-2.8882	-2.1925	1.4382	1.0396	-0.9961	-2.8789	-7.4465	-13.5109
-10.6465	-5.9639	-2.1229	-0.9635	0.6307	0.2825	-1.0891	-2.4226	-6.0509	-9.6673
-9.3318	-4.7195	-2.4904	-1.7052	1.0708	0.6211	-2.4802	-2.7521	-5.5705	-12.0944
-12.0004	-6.4004	-2.1183	-0.6640	0.3294	0.5852	-1.9446	-2.2707	-6.0955	-14.2939
-9.4021	-6.8161	-2.4102	-0.2367	1.2945	0.4637	-1.3126	-3.0275	-6.0587	-10.6055
-11.8829	-6.0895	-2.8408	-1.1520	0.9949	1.2493	-0.4760	-1.8695	-6.2783	-8.4343
-16.8200	-6.4154	-1.8498	-1.3109	1.3304	1.5993	-1.2328	-2.5856	-4.9645	-9.2583
-12.2075	-6.8173	-1.8442	0.1087	1.3573	-0.0167	-1.9221	-2.9347	-6.0344	-10.2977
-10.6928	-4.8178	-2.0085	-1.3530	1.2416	0.8808	-1.0098	-2.9029	-7.5345	-11.3204
-10.3465	-6.5045	-2.3364	-1.1801	0.8639	1.3078	-0.9978	-3.4974	-8.2070	-11.5791
-12.3050	-6.6152	-2.3440	-0.9930	0.7648	1.4205	-0.8656	-2.2854	-6.2159	-10.1551
-10.3313	-4.3155	-2.3955	-1.8589	0.9869	0.8762	-0.6456	-2.7660	-7.6065	-14.2087
-9.2248	-4.7982	-2.1039	-0.4566	1.0951	0.2928	-1.6069	-1.9516	-5.0080	-12.9289
-10.9294	-7.4418	-3.2755	-0.3101	1.1276	0.0394	-1.5262	-2.3257	-5.3092	-9.7622
-10.5093	-5.5885	-2.6702	-1.0301	0.7112	0.8256	0.0328	-1.9974	-5.1032	-9.4548
-14.2130	-5.3492	-1.7822	-1.2672	1.1846	1.2384	-1.1084	-2.5346	-5.6435	-8.5631
-11.4736	-6.0371	-2.0272	-0.6734	1.7789	0.9769	-0.4999	-1.9983	-5.7836	-9.4579
-11.9610	-6.4361	-2.2280	-0.4768	0.9519	-0.1293	-1.5246	-2.2826	-6.6765	-9.9093
-12.8672	-5.6169	-2.7078	-3.3831	0.8572	1.9514	-0.3926	-2.2815	-8.7652	-11.7209
-12.1706	-7.0534	-2.0261	-1.0051	0.4177	0.3861	-1.9818	-2.8726	-4.6915	-7.6615
-9.4725	-5.9254	-3.8027	-1.6671	1.5048	1.5261	-1.3205	-2.0466	-5.3886	-11.6107
-14.4435	-5.9441	-2.4429	-0.8382	0.6830	-0.0121	-1.6151	-2.1503	-5.3740	-10.9315
-12.3168	-7.3850	-3.0442	-2.0888	0.8579	0.8220	-1.0512	-2.9345	-7.6477	-9.9685
-10.5288	-7.4574	-2.3652	-0.9018	-0.1950	-0.0880	-1.8767	-2.3905	-4.5763	-8.8361
-8.0482	-6.2711	-2.4613	-1.7219	0.4155	0.4701	-1.2951	-2.2485	-5.2395	-11.2867
-11.7672	-7.1769	-2.6015	-1.1951	0.8966	1.1147	-1.6619	-2.1722	-6.0842	-10.8650
-8.2699	-5.3580	-2.9626	-1.1837	0.1663	0.9148	-0.7835	-2.1354	-5.2544	-10.1631
-8.1030	-6.0625	-1.9475	-0.9697	0.6257	0.0638	-0.9518	-1.3194	-5.0151	-11.4218
-9.7672	-6.6295	-2.0973	-0.4755	0.4005	0.4672	-1.4789	-2.1061	-5.5610	-12.3158
-8.5866	-4.6595	-2.1086	0.4562	1.4412	0.3698	-1.3338	-2.1822	-4.3768	-11.4843
-11.1096	-6.0476	-2.5813	-1.8031	0.6069	1.6866	-0.7029	-1.2007	-3.9312	-9.1102
-13.3112	-5.7240	-1.8684	-1.0156	0.7695	0.7642	-0.3028	-1.6273	-6.8925	-9.6413
-10.7001	-6.5641	-2.5907	-0.3857	1.4497	0.7063	-1.3021	-2.3342	-6.9191	-13.5930
-8.8175	-7.1246	-2.2985	-0.2779	0.6171	1.2840	-0.0964	-2.5836	-5.4631	-9.2368
-8.3902	-4.6166	-2.1683	-1.7117	0.7168	1.2083	-0.7113	-2.5517	-6.1860	-11.7553
-11.9784	-6.9403	-1.9123	-0.5013	1.1049	0.6712	-1.6957	-2.5722	-7.2792	-12.1100
-12.6443	-5.5996	-2.3137	-2.4614	0.7146	0.7095	-1.3137	-1.4455	-5.2532	-9.8469
-10.9256	-6.4656	-2.1746	-0.8520	0.3339	0.5022	-0.7286	-1.6293	-4.7253	-9.6726
-8.5530	-6.5108	-2.0182	-0.9324	0.2669	0.7102	-0.9561	-1.8502	-4.7812	-10.2230
-9.4147	-5.9727	-2.6210	-1.1787	0.9119	0.8816	-1.2258	-2.0247	-5.2132	-9.9904
-9.3638	-7.3611	-2.1472	-0.8706	0.7447	0.3774	-2.0432	-2.6368	-7.2870	-13.0905
-9.6701	-5.3949	-2.8116	-0.9631	0.4347	1.1376	-0.1532	-1.1178	-6.5371	-12.1720
-10.7463	-7.5764	-2.7834	-1.7741	-0.2985	0.0462	-0.9491	-2.6524	-7.0115	-10.8590
-13.0253	-5.1995	-2.3056	-1.5997	-0.4361	0.1276	-0.9794	-2.8873	-5.2640	-8.5736
-11.5832	-6.4623	-2.4484	-1.6523	0.1530	1.0752	-1.1993	-2.1970	-4.8602	-8.9772
-9.4437	-5.6113	-2.0665	-1.1194	0.6672	0.6625	-0.9914	-1.8956	-6.2710	-8.9343
-9.5905	-5.9336	-2.1617	-1.0171	1.1009	-0.3251	-2.7304	-3.1253	-4.0768	-9.5185
-9.5406	-6.7409	-2.0498	0.1109	1.4728	0.9379	-1.3145	-2.7293	-6.0999	-10.0319
-10.5337	-5.2386	-1.9096	-0.7491	0.7595	0.6420	-1.3041	-2.0701	-4.3994	-12.8551
-12.0215	-6.1160	-1.9214	-1.0314	0.2958	0.4869	-1.0423	-2.1431	-6.4336	-10.1032
-9.7160	-5.5402	-2.5042	-0.8704	0.3790	0.6814	-0.5845	-2.9583	-7.0335	-8.7800
-12.6036	-7.4197	-2.6925	-1.1230	0.4621	0.4084	-1.5100	-2.4919	-5.3225	-10.5504
-10.1837	-5.5805	-2.2725	-1.8206	0.5748	1.1334	-2.2591	-2.9075	-5.7762	-8.7468
-8.7645	-5.1270	-1.6063	-0.2560	0.5693	0.2420	-2.1300	-2.5487	-5.9303	-13.7250
-9.9756	-5.5362	-3.0458	-0.9383	1.8493	1.1601	-1.3345	-2.9835	-5.3082	-9.0633
-12.0755	-7.3407	-2.5212	-1.3738	0.9010	0.5880	-2.2309	-3.5218	-5.0599	-9.8505
-16.1108	-7.8351	-2.7707	-1.2314	0.4041	1.2543	-1.5284	-2.1230	-6.2171	-11.4773
-11.1703	-4.9681	-1.7934	-1.8496	0.9106	0.6818	-1.5297	-1.8285	-3.9648	-8.8144
-11.5627	-6.7025	-2.1461	-1.4593	0.4211	0.8808	-1.5677	-1.6588	-3.2754	-9.4878
-8.5657	-7.3648	-3.2210	-1.5446	1.1688	1.1633	-0.9154	-1.6461	-6.1715	-8.8372
-9.0549	-6.7923	-3.0453	-1.4739	0.1064	0.7422	-1.0447	-2.8238	-6.3104	-9.1361
-11.4549	-5.6802	-2.5899	-2.1878	1.1188	1.0282	-1.7584	-1.8090	-5.8084	-12.4140
-7.6062	-6.1446	-2.1643	-0.6207	1.6817	0.9766	-1.5241	-2.3580	-6.7192	-11.5357
-11.0346	-6.4563	-2.2469	-0.9762	0.6676	1.4600	-1.1363	-1.6839	-6.0009	-11.7722
-13.2954	-6.9660	-2.5202	-1.9783	0.3260	0.6299	-0.7441	-2.9961	-7.3840	-11.0696
-9.4957	-5.4457	-2.1164	-1.3680	0.9049	0.0170	-0.9910	-2.4512	-6.9881	-12.7673
-9.8791	-5.5657	-2.8915	-1.8581	1.1836	1.6091	-0.3425	-2.2865	-6.1025	-9.7119
-9.4892	-4.5908	-1.3098	-0.2195	0.6911	0.6185	-1.3398	-2.3798	-6.2346	-8.4713
-9.8166	-6.8078	-2.8272	-0.6520	1.3273	0.3617	-1.6235	-2.1478	-6.3130	-12.3090
-13.7908	-6.3165	-2.1529	-0.3803	0.7276	0.2109	-1.2049	-2.6132	-7.6200	-8.3277
-10.0962	-6.4872	-3.2749	-0.8903	0.5291	0.4080	-1.2339	-3.3576	-5.8803	-7.5564
-11.8307	-8.0637	-3.0765	-1.3823	0.7211	0.8659	-1.5637	-1.9919	-7.0836	-9.2492
-11.6721	-8.1157	-2.4211	-0.5138	1.2093	1.1880	-1.1625	-2.6362	-6.9523	-12.4234
-10.8428	-5.7979	-2.8387	-0.4191	0.9374	0.2754	-2.1990	-3.2720	-6.7473	-11.7441
-11.2546	-6.3515	-2.2878	-1.2332	1.2004	0.6867	-0.4482	-1.8212	-7.6252	-9.7088
-9.6653	-4.4615	-2.4031	-0.9641	1.1242	0.9535	-1.8788	-2.0833	-5.3797	-11.2305
-9.5275	-7.8355	-2.6992	-1.1128	0.2887	1.1436	-0.6429	-1.8626	-4.8311	-9.2490
-11.8558	-5.5048	-2.4712	-1.9170	0.8218	0.8010	-1.4445	-2.2421	-5.2174	-11.9947
-11.0697	-5.0260	-1.9991	-1.2012	0.5359	0.3955	-1.4032	-2.3013	-5.8254	-9.3755
-10.7272	-4.7272	-2.3429	-2.1527	0.3048	0.9512	-1.5810	-2.5743	-4.2871	-10.4952
-13.5723	-5.8765	-2.0682	-0.7847	0.6267	-0.0280	-1.6504	-2.0949	-5.1800	-13.7805
-10.1657	-5.5355	-2.2244	-1.1993	0.7710	1.0000	-1.3035	-1.8685	-4.9332	-10.8431
-12.0488	-6.0914	-2.4593	-1.3743	0.3453	1.0868	-1.1230	-3.0138	-6.3554	-11.8751
-11.4667	-5.4000	-1.9645	-0.4933	0.9518	-0.0032	-1.2774	-2.5532	-5.0659	-9.9009
-12.2806	-8.2399	-2.8971	-1.7316	0.5340	1.3688	-1.5138	-2.2288	-8.3298	-9.5626
-9.0869	-5.6063	-2.1079	-0.5039	0.8334	0.4856	-1.3297	-2.4557	-4.7391	-10.0372
-10.8295	-7.9294	-2.5488	-1.1485	0.7233	0.6212	-0.4075	-1.5123	-5.1013	-8.4521
-12.2928	-6.6406	-3.4663	-1.2029	0.6982	1.3333	-1.0202	-2.6620	-4.4003	-8.8134
-9.0888	-5.5936	-3.0406	-1.3397	-0.1783	-0.1038	-1.0768	-2.6933	-6.9641	-8.8184
-7.3772	-6.7394	-2.1604	-1.2833	0.7857	0.7613	-1.3914	-2.6375	-6.3478	-11.0014
-11.3317	-5.5987	-2.6917	-1.7650	0.8667	0.4073	-1.4363	-2.8350	-5.3332	-9.5397
-10.8448	-5.5924	-1.8956	-0.6024	0.8291	0.6821	-1.1518	-3.3315	-6.5425	-8.9419
-10.0015	-4.8814	-2.2543	-1.3247	0.6271	0.4953	-1.2067	-2.6132	-5.9673	-12.2513
-12.0925	-5.9191	-1.5275	-0.4133	1.2951	0.9558	-0.7346	-2.6793	-6.0639	-10.2941
-8.6441	-5.2184	-2.2566	-1.4272	1.2973	1.1647	-1.1436	-2.3470	-4.2440	-12.5125
-8.8622	-4.1964	-1.8234	-0.8341	-0.2413	0.4692	-0.8293	-1.4302	-5.4656	-10.8138
-10.5862	-8.0587	-3.1139	-0.9763	1.0208	0.8862	-1.6643	-2.7174	-7.5690	-13.4779
-10.6659	-7.0752	-3.0162	-1.7077	1.0991	0.8424	-1.7976	-2.5134	-4.6627	-9.9857
-9.0622	-4.6221	-2.3207	-1.7576	0.0192	0.7424	-0.2698	-2.8770	-6.2198	-10.9774
-10.7727	-5.4227	-2.0236	-0.6337	0.4934	1.1838	-0.3104	-2.3972	-5.7085	-8.1683
-11.1479	-6.1303	-2.5522	-0.8275	1.3229	0.1985	-1.9398	-2.8127	-5.0002	-11.6630
-10.9156	-6.1529	-2.3525	-1.6658	0.5100	0.6695	-0.5897	-2.1821	-6.4377	-9.6956
-8.0558	-5.6514	-1.6632	0.0539	0.8961	0.5350	-1.5086	-1.8991	-4.6229	-9.5931
-13.2268	-7.6005	-2.6671	-1.9535	0.6631	0.1285	-2.1854	-2.5018	-5.7981	-10.4526
-8.2634	-3.4329	-1.5247	-1.4088	-0.5027	-0.4803	-0.9958	-1.2155	-4.5366	-10.1707
-8.6449	-5.5371	-2.8965	-1.3053	0.8512	0.6031	-2.3384	-2.6733	-4.3456	-7.6439
-10.0641	-9.4782	-3.1527	-1.4306	0.5114	1.2469	-1.2693	-2.6002	-4.8847	-12.6552
-8.6040	-4.4837	-2.1650	-2.0323	0.6460	0.8617	-0.7630	-2.0156	-6.1998	-9.8108
-10.2467	-7.3926	-1.8495	-1.3420	0.0106	0.5385	-0.9248	-2.0104	-4.5126	-9.4133
-8.7127	-5.6107	-2.7169	-1.3590	0.2381	0.4616	-0.7731	-2.2652	-6.2222	-9.8513
-10.6952	-7.6423	-1.9701	-1.1649	1.5514	1.0595	-1.3146	-2.0647	-5.5582	-10.5961
-12.0487	-7.7429	-2.4341	-0.2484	0.9956	0.4353	-0.5223	-1.6103	-4.3980	-13.2589
-12.0132	-5.8882	-2.7591	-0.5759	0.9134	0.7253	-1.1698	-3.1636	-7.1033	-8.6683
-9.5038	-6.4158	-1.6068	-0.9038	1.3439	1.1628	-1.4297	-2.2978	-3.9013	-8.8881
-9.2329	-4.4920	-2.7825	-1.3015	0.4792	0.6087	-0.5457	-1.5624	-5.5000	-11.3176
-10.0151	-7.4675	-2.4718	-1.0487	-0.3022	0.9058	-0.2648	-1.7104	-5.7435	-10.8728
-9.8933	-6.2357	-2.4554	-1.2613	0.1209	0.3908	-1.3178	-2.7667	-6.7699	-13.4482
-8.3039	-5.6726	-2.4289	-0.7068	0.9433	0.6484	-1.8698	-2.5590	-6.2306	-11.7819
-12.5016	-7.3193	-2.2797	-0.7782	1.3336	1.0874	-1.6955	-2.1244	-5.1054	-10.0627
-11.3631	-4.6309	-1.8160	-0.4161	1.4907	0.7865	-1.1353	-1.1659	-4.5881	-11.4822
-9.9246	-6.3079	-2.6635	-0.8770	0.6750	0.5781	-0.8936	-2.5312	-5.4683	-9.2023
-11.0161	-5.6367	-2.9908	-1.6077	1.0508	1.1754	-1.1604	-2.2027	-6.2131	-11.4828
-9.3792	-7.2369	-2.0437	-2.3066	0.1929	0.6706	-1.0409	-2.4696	-4.3999	-8.7544
-10.5869	-6.1618	-3.0318	-1.4780	1.1356	0.6561	-1.4125	-2.7429	-6.9292	-13.0458
-8.9967	-5.7014	-3.0000	-1.4960	1.2342	0.9542	-2.8438	-2.6748	-6.1631	-12.3498
-13.3049	-5.9731	-2.1706	-0.6800	0.8077	0.4886	-1.7710	-2.5668	-7.3728	-10.7199
-11.9983	-6.4730	-2.9656	-2.4712	0.5812	0.6180	-1.9438	-2.2377	-4.9638	-10.7684
-11.0425	-7.0174	-2.8974	-1.3372	0.7377	1.1571	-1.1802	-2.1261	-5.9523	-10.0686
-11.9923	-5.6589	-2.5717	-1.4188	0.3063	0.7097	-1.5585	-2.1781	-5.4433	-9.6606
-9.1815	-5.2350	-2.1007	-1.5287	0.3033	0.8992	-0.6511	-2.2018	-6.6409	-10.6696
-11.9688	-7.2970	-1.7797	-0.4508	0.3123	-0.3047	-1.8618	-1.9796	-4.5491	-10.1022
-13.4831	-6.2513	-1.7057	-0.0981	1.5358	-0.0655	-1.9696	-2.6572	-7.3010	-10.9198
-10.2344	-5.3925	-2.1528	-2.2241	0.4683	1.1947	-1.0159	-1.7138	-3.8183	-10.0916
-9.3006	-4.5019	-2.8632	-1.9229	-0.4328	0.6727	-0.8339	-2.0660	-5.6974	-8.4341
-13.8728	-5.8265	-2.0785	-1.4871	0.4766	0.9486	-0.7953	-2.3340	-7.3033	-11.6432
-12.3816	-6.3866	-2.5686	-0.9037	0.7913	0.5000	-1.1548	-2.4631	-6.0051	-8.0455
-11.5251	-6.3976	-2.6593	-0.2766	2.0756	1.0502	-2.4568	-1.8686	-5.5460	-11.1767
-12.5880	-8.6621	-2.5571	-1.1703	0.2354	1.1458	-0.5397	-2.3070	-6.3198	-8.7689
-9.8294	-5.6499	-2.7040	-0.9833	0.7797	0.2246	-1.6627	-2.1673	-4.9685	-9.3026
-11.4951	-6.4841	-1.5373	-0.5122	0.8005	0.7492	-1.1698	-2.1227	-5.1094	-9.8931
-10.0030	-5.8592	-3.1779	-0.8566	0.6122	0.2841	-1.4482	-2.1854	-6.9685	-11.9782
-9.8793	-6.7712	-2.8575	-1.4526	0.6160	0.6049	-0.5761	-1.6073	-6.1907	-14.0980
-9.0423	-6.9277	-2.4141	-1.0839	-0.4236	-0.1401	-1.5161	-1.7265	-3.9324	-10.0045
-9.7086	-6.6425	-1.4551	-0.2110	0.9427	0.5210	-0.7061	-2.0999	-5.6625	-10.9195
-12.8358	-6.7353	-2.4478	0.0844	0.6055	0.0234	-0.3126	-1.7217	-5.5285	-11.9401
-12.6010	-6.0358	-2.3141	-0.9587	0.4882	1.2067	-1.1677	-2.5906	-6.3971	-10.4684
-11.4300	-6.8765	-2.4735	-1.2205	0.4123	0.4683	-1.8491	-3.0730	-5.5631	-10.0298
-8.9769	-6.1550	-2.8752	-0.8584	1.7497	0.5406	-1.2355	-1.4240	-5.2632	-11.6354
-11.7603	-5.9056	-1.8938	-1.1370	0.3439	0.4151	-0.7355	-2.5249	-6.4934	-8.1205
-8.7431	-4.9608	-1.9989	-1.0333	1.2093	1.1220	-1.4927	-2.1230	-6.2452	-9.2450
-11.1122	-5.8138	-2.7817	-0.7793	0.7877	1.1329	-0.8463	-2.7101	-6.7840	-8.2359
-8.9591	-6.4709	-3.4851	-2.0216	1.1410	0.8760	-1.6939	-2.6934	-5.2156	-13.1507
-10.5743	-7.4321	-2.3901	-1.2247	0.9580	1.1514	-1.5736	-3.1078	-6.9087	-8.6611
-10.5832	-4.9655	-2.8328	-2.2178	0.5788	0.1730	-1.4203	-2.5650	-5.8478	-9.6089
-9.6985	-3.3320	-1.2520	-1.2070	0.8580	0.8253	-1.0431	-1.9210	-5.2552	-11.6336
-10.9314	-5.5337	-3.3875	-2.0705	0.6825	0.0683	-1.6562	-2.3259	-5.9069	-10.2778
-12.1777	-5.4834	-2.0550	-1.3598	1.3381	1.1201	-1.2289	-2.0149	-9.3122	-12.9775
-11.8935	-5.8396	-2.0858	-1.1105	0.6381	1.1014	-1.6682	-2.3749	-8.0310	-15.7564
-10.5127	-6.3745	-2.9099	-1.2736	0.6761	0.5913	-1.8832	-1.9474	-5.0207	-9.4993
-8.1014	-4.4936	-2.3994	-1.3815	0.9968	0.1669	-1.6947	-2.5678	-6.0053	-7.5854
-9.5561	-6.6327	-3.1421	-2.0534	0.7817	0.8038	-0.6638	-1.4307	-5.5968	-13.2097
-14.9994	-5.7753	-2.9459	-1.9053	0.6608	0.6951	-1.3510	-2.3983	-6.7659	-10.1504
-10.7819	-5.7171	-2.8903	-1.8037	0.4427	1.1129	-0.9774	-2.3848	-5.7443	-10.7064
-9.2027	-5.2049	-1.4756	-0.3297	1.7056	0.2777	-2.3234	-2.5054	-4.6298	-10.3617
-8.5324	-7.1151	-3.1093	-1.4720	0.5091	0.8727	-1.2475	-3.2834	-7.6183	-8.7466
-11.7212	-6.2766	-2.3053	-0.8399	0.9191	1.2106	-1.1400	-3.0716	-6.3963	-9.7762
-12.2386	-4.5400	-1.4857	-1.3830	0.4052	0.3094	-0.9075	-2.2545	-6.8914	-10.8769
-11.3485	-4.7836	-2.4046	-1.0557	-0.2197	0.6765	-1.7933	-2.4594	-4.4476	-9.3459
-9.7111	-4.3656	-1.8024	-1.3989	0.7468	0.0538	-1.3071	-1.9859	-6.2471	-10.2801
-10.1127	-5.6961	-2.7966	-0.9354	0.4275	0.8512	0.1641	-2.0395	-6.5852	-7.8890
-9.4890	-5.3796	-2.5498	-2.0470	0.8830	0.9876	-1.2897	-3.0980	-7.3538	-9.5091
-10.7238	-6.2272	-2.6113	-0.9298	0.6408	0.4455	-1.1020	-1.6432	-5.8226	-11.0645
-9.0845	-6.1726	-2.5283	-0.7853	0.4731	0.3217	-1.7442	-2.7954	-6.3355	-10.3440
-9.3513	-5.2979	-2.3977	-0.7436	0.6645	0.6215	-1.3375	-1.5769	-4.6240	-10.8472
-11.1362	-7.5151	-2.2618	-0.5590	0.7884	0.5344	-2.1254	-2.2879	-5.6862	-8.8192
-9.5655	-6.8676	-2.0209	-0.6002	0.6676	1.5049	-0.6940	-2.9388	-6.5872	-12.4434
-9.0853	-6.1452	-2.5154	-0.7041	0.6023	0.4316	-1.7480	-2.5305	-5.1615	-13.3175
-9.0263	-4.1155	-1.4815	-1.1429	0.4059	-0.3578	-1.6154	-2.0988	-5.0453	-9.9801
-12.6868	-4.8498	-1.7879	-1.2905	0.2529	0.2232	-0.3680	-1.9157	-5.2095	-8.3522
-12.6135	-5.8106	-2.0191	-0.8544	0.7331	0.5047	-1.1016	-2.0313	-5.7700	-9.1893
-7.2247	-6.2021	-2.4454	-0.8972	0.3122	0.5558	-1.1434	-2.4246	-6.2076	-11.3815
-9.4692	-4.6797	-1.9608	-1.7486	0.9459	1.1970	-1.2253	-2.3959	-7.6640	-10.8686
-9.0103	-3.9281	-2.0073	-1.9319	-0.0314	0.9957	-0.6778	-2.0626	-4.8641	-9.5472
-9.0235	-5.0365	-2.4526	-2.6905	-0.0887	1.5542	-0.2098	-2.6633	-6.9053	-10.6675
-10.6068	-5.8056	-2.5935	-2.0880	0.6439	1.0658	-1.3409	-2.4197	-5.6819	-7.9347
-9.5641	-5.2419	-2.1794	-1.3736	0.7386	1.0561	-0.8540	-2.2972	-7.7937	-15.0443
-10.8760	-6.6531	-1.9618	-1.3627	0.8644	1.2053	-1.8362	-2.4912	-5.4764	-8.2798
-9.1403	-5.6381	-2.7013	-2.0986	0.4660	0.9034	-1.0783	-2.4118	-4.7206	-8.3567
-10.8279	-6.2943	-2.6079	-1.3239	0.5364	0.6465	-1.1074	-3.2174	-8.1520	-14.5831
-9.9326	-7.4718	-2.5114	-0.4009	0.9163	1.3578	-0.6830	-2.3580	-7.0893	-8.7272
-11.4720	-4.9423	-1.7498	-2.0216	0.3606	1.1086	-0.9712	-2.4026	-6.5941	-10.8834
-8.4051	-6.3203	-2.9876	-1.1830	1.2456	0.7134	-0.5593	-1.9570	-5.2224	-11.7560
-11.2724	-5.2848	-2.1007	-1.0932	1.1213	0.4846	-1.7298	-2.0000	-5.0032	-9.1309
-11.0448	-5.8236	-1.6387	-0.5594	1.0214	1.1806	-0.5257	-2.0412	-5.4171	-8.4030
-11.6149	-6.7879	-2.7659	-1.6738	1.6604	1.0575	-2.3740	-3.0899	-6.0470	-10.1980
-8.8733	-6.0491	-1.9949	-0.9990	-0.3664	0.2849	-0.9415	-1.1551	-4.2918	-13.9356
-7.5844	-4.0520	-1.9161	-1.5039	0.9092	0.8640	-1.6894	-2.5729	-6.3970	-12.5185
-10.4600	-5.5136	-1.6714	0.0296	0.8299	0.4620	-1.2555	-2.1543	-5.3998	-9.0863
-10.8418	-5.9679	-2.1414	-1.9744	-0.0699	0.5708	-0.7430	-2.1738	-6.6348	-9.7400
-8.1619	-6.7264	-3.1152	-0.4782	0.5835	1.1473	-0.6033	-2.2192	-5.9730	-10.5749
-10.8841	-6.7929	-1.8851	-1.4525	0.2502	0.7653	-0.6132	-2.2979	-3.8436	-8.3017
-10.1113	-4.7235	-2.1789	-0.9346	0.5154	0.8495	-1.6497	-1.9807	-4.1033	-8.9828
-8.4934	-5.8018	-3.4552	-1.4045	0.2897	1.2069	-0.6612	-2.5569	-8.1094	-12.1321
-8.5259	-6.6196	-2.4370	-1.0470	0.3629	0.8804	-1.8398	-3.5167	-6.8699	-10.6626
-9.3350	-5.4697	-2.4073	-0.9078	1.9995	1.2540	-1.8472	-3.2215	-7.5101	-11.9055
-9.4229	-4.4833	-2.0551	-0.5235	0.9903	0.4231	-1.2452	-2.3718	-5.6386	-9.9581
-8.2310	-5.7008	-2.0365	-1.2382	0.9645	0.9908	-0.8406	-2.1534	-5.7750	-12.5817
-9.9546	-5.8988	-3.2604	-2.0352	1.5877	1.7812	-0.8739	-2.8619	-5.6555	-7.0099
-11.5838	-5.2330	-2.3711	-2.1630	1.5313	1.6432	-1.9345	-2.9711	-5.8305	-10.1269
-8.8830	-6.7341	-2.7973	-0.6804	1.1362	0.2188	-1.6227	-2.5614	-7.2010	-10.1703
-12.9577	-7.3293	-2.9876	-1.0028	0.4429	0.3234	-0.7482	-2.1934	-6.0874	-9.0977
-11.4691	-4.4846	-1.6280	-1.5981	0.0983	0.4455	-0.9180	-2.6944	-6.9208	-9.8240
-12.7277	-7.1018	-2.0186	-0.2892	1.3143	0.9200	-1.9550	-2.9916	-5.9140	-12.0411
-12.2449	-6.0023	-2.2087	-0.4612	0.7046	0.4649	-1.4896	-2.7170	-5.4318	-10.8059
-12.6590	-5.8600	-2.7880	-1.9447	0.9351	1.1944	-1.5702	-1.5878	-5.2878	-9.8350
-9.5285	-7.4313	-3.9258	-0.7317	0.9473	0.3588	-2.1583	-2.7569	-5.5737	-10.4014
-9.6432	-4.8900	-2.1961	-1.1893	0.1050	-0.0848	-0.1357	-0.8703	-4.9425	-11.7414
-12.5217	-6.7499	-2.4388	-0.6503	-0.2111	0.7462	-0.4880	-1.8287	-6.8405	-12.0178
-8.9269	-4.8474	-2.2630	-0.8626	0.6890	0.8222	-0.5915	-2.0034	-6.0527	-11.9352
-9.8197	-6.2099	-2.2756	-1.2428	-0.2578	0.5345	-1.5530	-2.3473	-5.6542	-8.3796
-7.0088	-6.7361	-2.9472	-0.8369	0.9077	1.0344	-1.1971	-2.1357	-6.1898	-11.6563
-9.5217	-6.8060	-1.9698	-1.0460	0.7644	0.9520	-0.4269	-1.8457	-7.1448	-9.5529
-10.8927	-7.8968	-2.5096	-1.6401	0.5687	1.3542	-0.8924	-3.2327	-6.6880	-11.9075
-8.7156	-5.7663	-2.6173	-2.0690	0.4917	1.0861	-1.1642	-2.7062	-5.9853	-9.6173
-10.0246	-4.6816	-2.1541	-2.1620	0.7406	0.8412	-1.4354	-1.4811	-5.0989	-10.3118
-10.9507	-7.7798	-2.9378	-0.7777	0.6950	0.2545	-1.7210	-2.6786	-6.5934	-11.9798
-10.4082	-5.8490	-2.4154	-1.9415	0.4617	0.9872	-0.7320	-1.5887	-5.2219	-14.2110
-8.8214	-7.6081	-3.0046	-0.8514	1.1305	0.7976	-1.6148	-3.4869	-8.9207	-10.7472
-8.5815	-4.6852	-1.9621	-0.9637	0.8917	0.3337	-1.3493	-1.7416	-3.2972	-10.2437
-9.5569	-6.6408	-2.1086	-1.4491	0.7493	1.3687	-0.5807	-1.9977	-6.1071	-14.9263
-10.3781	-4.3014	-2.9470	-1.8530	1.3542	0.4881	-3.0690	-2.3773	-6.2139	-12.1222
-11.0473	-5.5943	-2.6700	-1.7857	-0.3603	0.3758	-1.0666	-2.0189	-5.2498	-10.2854
-10.1176	-6.1112	-2.4296	-1.6862	0.9686	0.5007	-1.4708	-2.8885	-5.8313	-9.8487
-10.9777	-6.5531	-2.8820	-1.5778	0.5961	0.9364	-1.2447	-2.4392	-4.8723	-10.6721
-12.3364	-6.2062	-2.2117	-1.4777	1.4048	1.4794	-0.8726	-1.9630	-7.7094	-16.8799
-10.7233	-5.3981	-1.9406	-1.6184	0.4283	0.8002	0.0846	-2.0919	-6.7906	-10.1988
-11.6645	-6.5687	-2.1112	-1.9013	0.1146	0.8791	-0.5703	-1.4049	-4.8834	-12.2264
-10.5847	-7.4359	-3.0686	-1.0700	0.8196	0.0584	-1.6567	-3.3118	-6.9386	-9.7320
-9.3098	-5.3349	-2.5425	-0.7857	0.9183	0.6770	-2.3362	-2.7759	-5.8053	-13.5225
-8.5139	-4.8119	-2.4491	-0.9741	0.7308	0.2611	-1.6663	-2.0924	-5.3393	-13.8595
-10.8866	-6.6820	-3.0242	-1.6355	0.9356	0.8635	-0.8836	-2.8009	-4.6030	-9.6398
-13.6418	-5.4472	-2.1901	-1.6581	-0.5372	0.7480	-1.1023	-2.5239	-5.0159	-9.4083
-13.1048	-5.4982	-2.6893	-2.0170	0.3942	1.1585	-1.2604	-1.8598	-5.2135	-12.1962
-9.4419	-7.0575	-2.8748	-2.0027	0.5625	1.2152	-0.8453	-2.6352	-5.5788	-11.6289
-8.1141	-5.9788	-2.7355	-0.7014	0.7049	0.5007	-0.2777	-2.3817	-5.0786	-11.5781
-8.4108	-5.4576	-2.2802	-2.1283	-0.0748	0.3285	-1.0363	-3.1748	-6.7235	-11.8731
-9.2504	-5.2810	-2.3816	-2.0473	0.7581	0.7012	-0.5409	-2.3931	-6.9665	-13.9055
-9.3035	-6.5392	-3.1333	-2.3551	0.6834	0.5287	-1.2857	-2.0876	-5.6372	-12.4294
-10.2670	-7.5593	-2.9820	-1.1340	0.8524	0.4308	-2.0505	-2.6642	-5.5577	-9.8547
-10.6517	-5.7962	-3.1169	-1.8820	0.7547	1.0714	-0.9761	-2.9209	-7.1610	-9.9256
-12.0382	-7.3033	-2.6845	-0.4544	1.7677	1.9283	-1.3782	-2.1394	-5.4138	-10.3986
-9.5131	-4.1315	-1.9479	-1.2028	0.3604	-0.4831	-1.2586	-2.5050	-6.0923	-13.4263
-12.6901	-5.9524	-2.3052	-0.9432	0.8089	1.3322	0.1339	-1.6346	-6.4318	-9.4353
-11.9594	-8.7204	-2.0678	-0.0007	1.1668	0.7780	-0.8736	-1.8713	-5.5907	-9.4013
-11.4816	-6.1035	-2.7531	-1.9954	0.7978	0.4662	-1.8545	-3.4044	-4.9687	-11.1342
-10.7927	-5.8799	-2.3027	-0.9769	0.0257	0.5364	-0.6219	-3.2826	-8.4501	-12.9665
-10.2430	-5.1398	-2.7467	-0.9366	1.0432	0.3100	-0.9489	-2.3327	-6.8497	-9.5187
-10.7425	-5.1193	-2.1703	-0.8589	0.5528	-0.0068	-2.3307	-2.9789	-5.4071	-9.6725
-11.1572	-7.0062	-2.1290	-1.1412	1.1856	1.0517	-0.8798	-2.0627	-6.3519	-10.6771
-9.1216	-5.0208	-2.6153	-0.9415	1.2891	1.1357	-0.8620	-3.2334	-7.3294	-11.2146
-9.2007	-4.3656	-1.4306	-1.2100	0.6860	0.8792	-1.2577	-2.2916	-6.3367	-10.1547
-10.9404	-4.9911	-1.1933	-0.8599	0.4686	0.6436	-1.7824	-3.2073	-4.8945	-9.3708
-7.5661	-4.8554	-1.8916	-1.5248	-0.2142	0.6507	-0.4248	-2.6801	-6.0657	-9.3256
-12.8042	-7.4660	-2.7529	-0.2808	0.8840	0.5426	-1.6911	-3.3856	-6.2703	-9.3712
-11.9593	-5.9107	-1.8228	-0.9533	0.7846	0.9851	-0.6494	-1.8431	-5.3234	-9.2472
-11.0403	-7.2729	-1.8714	-0.8567	0.3307	1.2927	-0.3219	-2.5841	-7.2758	-13.5995
-8.5341	-5.5702	-2.1944	-1.1710	0.9258	0.5054	-1.3044	-2.3169	-6.0963	-9.0926
-11.1689	-4.4892	-2.3644	-1.0275	1.0790	0.3415	-0.2725	-2.7985	-7.5371	-11.0476
-11.2999	-6.2592	-2.3801	-1.1037	0.5586	0.5221	-1.6438	-2.1037	-6.5556	-7.9522
-12.6427	-9.3983	-2.7258	-1.4575	0.2710	1.2662	-0.4023	-1.9325	-6.4917	-10.9400
-10.3505	-5.4745	-1.7224	-1.3476	1.0031	0.8052	-0.6366	-1.4640	-4.3153	-10.6561
-10.8922	-5.7961	-3.2110	-1.1472	1.1008	1.0924	-0.8558	-2.4241	-6.8491	-10.3458
-10.5366	-6.6386	-2.1289	-0.9659	0.6072	1.4347	-0.0709	-2.0124	-6.2463	-8.6509
-10.9805	-4.8145	-1.9284	-0.7584	0.7736	0.2915	-2.2051	-2.3850	-7.7975	-15.0279
-9.8647	-5.7186	-2.8577	-3.2339	-0.4333	0.6766	-0.5865	-2.6846	-5.2383	-8.8860
-8.5411	-5.4855	-2.3093	-1.0367	0.5370	0.2238	-1.3409	-1.8333	-6.3952	-12.6670
-12.0173	-5.8470	-2.0844	-1.4992	0.6065	0.3739	-1.5570	-1.8832	-5.9758	-11.4928
-9.6345	-6.9254	-2.3071	-0.7343	0.9201	0.2851	-2.3261	-2.2560	-5.1596	-10.7669
-10.7231	-5.9885	-3.1430	-1.2496	0.2374	1.0097	-0.3774	-2.2203	-5.8607	-10.0990
-8.7483	-6.6839	-1.9405	-0.7432	0.2378	0.1663	-0.6323	-2.2477	-4.8081	-7.6260
-11.1367	-8.5622	-2.8607	-1.0829	0.9767	0.7718	-2.8547	-3.4726	-6.4956	-9.3871
-12.9619	-4.8254	-2.6796	-2.1624	0.3475	1.4362	-0.4224	-2.0878	-5.1742	-9.0209
-9.7878	-4.6854	-2.2131	-1.0516	0.6078	0.2372	-1.4256	-2.7854	-6.5044	-9.6551
-10.2041	-5.0060	-2.3134	-1.7836	0.7927	1.6431	-1.5802	-2.9311	-5.0907	-12.3697
-10.2160	-5.4647	-2.1746	-0.7761	1.0664	0.6086	-1.7853	-2.8832	-6.9369	-10.9446
-10.3198	-6.6463	-2.8107	-1.2371	0.4367	0.3566	-0.8898	-1.8924	-7.3894	-9.5799
-10.1664	-4.7076	-0.6325	-0.4573	1.2114	0.4136	-0.9289	-1.7983	-6.2076	-10.3187
-12.6832	-6.4861	-2.1688	-1.8127	0.3141	1.0023	-1.7968	-2.2773	-8.4850	-13.3443
-10.8763	-5.5850	-2.2126	-1.8684	1.3775	0.6878	-0.9100	-2.6319	-6.9446	-12.1859
-10.2645	-4.9722	-1.9743	-1.9703	-0.0771	0.5515	-1.1779	-1.7254	-5.4534	-11.4131
-9.6127	-5.3670	-2.9856	-2.9143	0.7464	1.8855	-0.8886	-2.2147	-5.6954	-13.0701
-10.5123	-5.3153	-1.7384	-1.1019	0.6664	1.1192	-0.8174	-2.0376	-5.7530	-12.3819
-12.2909	-6.5393	-2.7516	-1.3351	-0.5055	-0.3052	-0.9860	-1.8626	-6.1958	-10.5393
-11.5824	-6.6889	-1.9587	-1.2207	0.3122	0.5143	-1.4720	-2.2602	-6.1400	-9.0782
-11.6187	-6.4077	-2.7833	-0.9779	0.1557	1.0774	-0.1551	-1.9098	-5.2932	-9.7435
-9.9010	-3.9098	-1.4270	-1.2132	0.1331	0.6906	0.1792	-1.6084	-4.9193	-8.8892
-11.2972	-4.6782	-1.6858	-1.3283	1.0622	1.0920	-1.2471	-3.4689	-7.2789	-12.4499
-9.1256	-7.4818	-3.0272	-2.0049	0.5895	0.6733	-0.5890	-1.5444	-6.3187	-12.0952
-8.7831	-6.1042	-2.7783	-1.2169	0.4917	0.9222	-1.7091	-2.6529	-4.8123	-9.2318
-10.7908	-6.0189	-1.6846	-1.3749	1.0435	1.1139	-1.2892	-2.5825	-7.4324	-12.6055
-10.9803	-5.8148	-1.5960	-1.7017	0.7184	-0.6871	-1.5371	-2.3851	-5.8487	-8.8156
-15.4348	-5.1145	-2.5736	-1.7763	0.5483	0.9797	-2.1610	-3.2623	-5.8204	-9.5941
-10.3961	-7.3151	-2.2974	-1.8897	0.5801	0.6135	-1.1065	-2.2966	-4.7112	-11.5997
-8.1953	-6.2535	-3.0008	-1.5426	0.9634	0.6254	-1.8596	-2.0811	-5.7129	-12.0255
-13.6890	-6.9377	-2.1469	-1.1048	0.9275	0.5631	-1.5663	-2.9743	-5.8739	-12.3332
-11.8488	-5.6871	-1.9083	-1.3152	0.0422	0.6070	-0.9312	-2.1315	-5.5741	-8.6001
-11.1314	-7.0945	-2.7511	-1.0657	0.1299	0.5330	-0.9535	-2.6953	-7.0869	-9.8763
-7.6216	-4.4103	-2.3816	-0.8085	0.0232	1.4278	-0.7335	-2.9911	-7.0188	-8.6770
-10.0756	-5.2642	-2.6352	-2.1002	1.5572	1.4356	-1.1932	-2.0890	-6.8132	-12.0706
-11.1791	-6.2070	-2.9431	-0.3578	1.3019	0.9420	-1.1221	-2.2452	-4.5478	-12.0808
-10.2781	-5.2580	-1.8306	-0.5101	1.0126	0.4432	-0.9333	-2.2515	-6.1979	-9.0567
-8.6956	-5.0047	-2.1093	-1.8912	0.4672	-0.0238	-1.7101	-3.5256	-8.0490	-12.2039
-7.5639	-6.6182	-2.8050	-1.2077	1.7473	1.2796	-0.3578	-1.7632	-5.7057	-8.7750
-11.3550	-7.0031	-2.4582	-2.6998	0.8813	0.7106	-2.0913	-2.2092	-5.9545	-11.3361
-12.0644	-6.4964	-3.0236	-0.6785	1.1729	0.4051	-2.1983	-3.0593	-6.2889	-11.6351
-14.1159	-9.1219	-2.0327	-0.5506	0.2830	0.6254	-0.3948	-1.9209	-6.7619	-10.1128
-8.7129	-6.4965	-2.3042	-1.0679	0.5231	0.6362	-1.0364	-2.0808	-7.5772	-12.4322
-10.5247	-5.8671	-3.0519	-2.7931	0.8299	1.7868	-0.6451	-2.8242	-6.0041	-9.2038
-11.9251	-5.4720	-2.3221	-1.4764	0.6973	0.7109	-1.3506	-3.4172	-7.8988	-10.1193
-12.4523	-4.6072	-2.3876	-1.6128	0.0875	0.4884	-1.6931	-1.6964	-5.0917	-9.6506
-7.7549	-4.7632	-2.3202	-0.7431	0.7417	0.2061	-1.8300	-2.5715	-5.2055	-10.2382
-11.1693	-8.0318	-2.2391	-0.5894	0.8429	1.3074	-1.3353	-1.7550	-4.7762	-10.1935
-9.0156	-6.0193	-3.3352	-0.2115	1.1625	0.5781	-2.0736	-2.2994	-4.7726	-9.1336
