-7.4501	-0.5505	-2.0898	-0.3654	-2.0045	-1.5558	-1.2841	-1.2887	-1.2956	-7.7938
-7.9627	-1.4056	-3.4444	-0.9730	-2.0759	-1.2514	-1.4133	-3.0724	-0.8212	-8.1742
-10.9228	-0.5682	-2.3140	-1.9672	-2.3382	-1.5830	-1.7499	-2.3499	-1.3926	-9.3080
-13.2179	-0.6537	-3.9141	-1.8722	-3.9224	-1.4280	-0.6629	-1.6345	-0.8764	-11.0914
-12.2225	0.1689	-2.5948	-1.2585	-3.3587	-0.4970	-0.6667	-2.9568	-0.4034	-14.1412
-8.0915	-1.0444	-2.9458	-1.8131	-2.1775	-4.5372	-3.4873	-2.5931	-1.2180	-8.1380
-9.9628	-0.7872	-2.6919	-0.3125	-0.8198	-1.1516	-1.2721	-3.5868	0.4744	-8.7879
-9.1764	-1.1390	-4.3437	-3.4151	-0.4191	-0.9767	-0.9390	-2.5136	-0.4210	-11.5424
-11.2889	-1.2646	-2.1824	-0.8092	-0.5596	-0.9003	-3.2103	-4.4192	-0.9177	-9.4537
-7.1592	-0.3964	-4.0383	-1.9043	-0.8217	-0.4112	-2.2002	-2.4736	-1.0355	-10.9986
-8.9935	-0.5730	-2.6096	-2.1434	-2.6282	-2.2632	-0.3988	-3.0865	-0.0923	-10.7009
-10.1620	-0.3728	-3.3554	-0.0478	-0.7495	-1.6573	-3.0238	-3.5032	-0.8004	-12.8938
-8.0984	-0.9769	-3.2004	-1.6604	-2.2841	-1.3011	-2.1700	-2.6601	-1.2320	-7.8066
-11.8575	-0.2346	-3.9012	-1.5080	-1.2529	-1.3490	-2.0454	-4.2194	0.1657	-6.5971
-10.1374	-1.0717	-5.5394	-0.7289	-1.1207	-3.8324	-1.5668	-2.7456	-0.2525	-10.8216
-12.2818	-0.2120	-2.4666	-2.9968	-1.5879	-1.2657	-1.9724	-2.8612	-0.2084	-11.0265
-11.8148	-0.9731	-1.0348	-2.7448	-2.4930	-1.7700	-2.0713	-1.1840	0.1025	-10.4329
-9.7424	0.3207	-5.4813	-1.4158	-1.9730	-2.5783	-1.8040	-1.4536	-1.5254	-10.9728
-9.8448	-0.3231	-3.7382	-1.2988	-2.6840	-0.2785	-1.1162	-5.2498	0.2849	-8.2079
-8.0563	-0.7214	-1.4485	-1.1450	-2.2895	-1.8062	-1.7126	-2.0675	-0.1856	-6.4182
-16.4362	-3.0455	-2.5636	-0.4002	-0.8716	-0.6939	-1.4792	-3.9616	-1.9412	-12.3916
-12.7285	0.0182	-3.7202	-1.2761	-0.8762	-2.3418	-1.3592	-1.8917	0.5945	-8.5508
-11.1475	0.4623	-3.0572	-0.8474	-2.1812	-1.4099	-1.4875	-2.2433	-2.0766	-11.6732
-9.1858	-0.8889	-4.5032	-1.8323	-1.5556	-0.6619	-1.8655	-3.6453	-0.7521	-9.6586
-11.1969	-0.3122	-3.4945	-1.1005	-1.9760	-1.3940	-1.1698	-1.7252	-1.4484	-13.1210
-10.8166	-2.3224	-2.5482	-1.3703	-1.4830	-1.8516	-2.5354	-3.3050	-1.0824	-13.1335
-7.0421	-1.2147	-3.8225	-1.2649	-0.7252	-1.0287	-0.2529	-2.9854	-1.2097	-10.2512
-11.1869	-0.2035	-4.6065	-3.5042	-1.2799	-1.1709	-0.4248	-1.7568	-0.7213	-10.4762
-9.0947	-1.3705	-2.2738	-2.3798	-0.5816	-0.6703	-0.8747	-4.6747	-0.4552	-7.4222
-10.9454	-1.6652	-3.9059	-2.7398	-0.7071	-0.8743	-1.2622	-2.7937	-1.9257	-9.5306
-7.0997	-1.6996	-3.1296	-1.9389	-1.0400	-0.6744	-1.0391	-4.0471	-0.6141	-13.1300
-9.7236	-0.9133	-4.2906	-2.1246	-1.0726	-0.7217	-0.3210	-1.9778	-2.4922	-8.0990
-7.9859	0.1295	-2.3862	-2.2002	-1.6411	-1.5071	-2.3692	-2.6004	-1.0250	-11.2142
-7.8866	-1.2115	-3.9384	-2.1192	-0.6135	-2.5991	-2.0557	-2.0265	-1.5948	-11.6987
-9.5424	-3.1472	-2.5255	-2.0462	-0.0621	-0.4321	-1.7421	-3.7444	-1.2532	-13.4183
-11.1717	-0.7378	-4.3718	-3.0819	-1.4736	-2.5595	-2.8286	-2.8102	1.3827	-8.9919
-9.9319	-0.2493	-3.3233	-2.9853	-1.8507	-1.1578	-2.8754	-3.6638	-0.5267	-12.9271
-7.1481	-0.9395	-1.6433	-0.4214	-2.2586	-3.1232	-2.3188	-3.6768	-0.4115	-14.6643
-7.0081	-0.5264	-3.3914	-0.9472	-1.3923	-0.5558	-0.8273	-3.6827	0.0427	-8.5549
-10.5599	-1.0047	-2.4138	-0.6365	-1.8679	-2.9399	-1.4175	-2.6316	-1.1084	-8.8607
-12.0939	-0.5813	-2.7856	-1.4552	-1.2068	-0.9176	-0.0794	-1.9266	-1.8039	-9.2352
-13.9018	-0.3750	-3.3695	0.2121	-1.0088	-1.2401	-2.0074	-4.9299	-0.7003	-7.5950
-9.7065	0.0191	-3.8502	-1.4922	-0.8717	-1.1300	-2.5221	-2.6145	0.2718	-12.5063
-10.7029	-0.6334	-2.8273	-2.7439	-1.0777	-1.6743	-1.7654	-1.9976	0.2182	-10.4792
-10.1611	0.1784	-3.1076	-1.2774	-1.0684	-1.4352	-3.8027	-3.9028	-0.9869	-9.5804
-11.0990	-1.7528	-1.5831	-1.1248	-2.4561	-1.2080	-1.7205	-4.4246	-0.6464	-10.4351
-9.8012	-0.6464	-4.6703	-1.2285	-0.6183	-1.7910	-3.1538	-4.6751	-0.4413	-9.7522
-13.8278	-0.5303	-3.0500	-2.4506	-0.9614	-1.2253	-1.6425	-2.8158	0.0018	-10.2094
-10.2842	-1.0137	-3.1166	-1.0210	-1.2939	-1.6226	-1.2248	-2.4304	-1.8959	-8.8228
-8.7946	0.5273	-1.8084	-1.6881	-1.0225	-1.0272	-2.2103	-2.5771	-0.4978	-11.5109
-12.9494	-2.2589	-4.5803	-0.8029	-1.2823	-0.4713	-1.2930	-3.8476	-1.1806	-8.8370
-11.7714	-0.0028	-4.9046	-1.2476	-0.6253	-2.0629	-2.6493	-5.5560	0.0146	-7.1749
-8.4193	-0.3776	-1.4533	-2.2352	-2.2818	-0.6101	-1.3775	-4.1265	0.3290	-8.1275
-7.6818	-0.9826	-4.1033	-1.5586	-1.7599	-1.8818	-0.7850	-3.9822	0.2968	-9.6801
-8.4290	0.0924	-2.0187	-1.8673	-1.1782	-2.2599	-2.6357	-4.2214	-0.0046	-10.5266
-9.6111	1.4347	-2.4175	-1.3644	-2.0645	-0.5044	-1.9359	-3.8592	-0.6366	-11.8073
-7.5683	-0.9780	-2.9343	-1.9086	-1.4167	-1.3619	-1.0865	-2.9644	-0.6958	-11.0884
-11.8427	-0.7948	-4.3780	-2.8442	-0.3592	-0.5717	-1.6634	-4.3618	0.8045	-6.9441
-11.7152	-0.5480	-0.9846	-4.0061	-0.5222	-1.6959	-1.9324	-1.7248	-0.0633	-13.1751
-6.7969	-1.1650	-3.4407	-0.8121	-1.6073	-2.7381	-1.9287	-3.0405	-0.9562	-11.4662
-12.1640	-0.6908	-1.5684	-1.7553	-2.1703	-1.3432	-2.0557	-3.6831	-0.3898	-9.8959
-11.1683	-1.0019	-4.5316	-1.7062	-1.3926	-2.2210	-0.5397	-2.3157	-0.9534	-12.5771
-7.8391	0.5183	-6.0240	-1.9883	-1.8293	-0.2048	-0.8153	-3.1691	0.1603	-8.3259
-12.7006	-0.3536	-3.3601	-0.6718	-2.5333	-1.0423	-0.5205	-2.7483	-1.1184	-9.5889
-8.2642	-0.8911	-2.9020	-0.8704	-0.9935	-0.9912	-3.3826	-2.4485	-0.5291	-17.6127
-9.3015	-0.3745	-3.0129	-1.0931	-1.4124	-0.9142	-2.3426	-3.2064	-0.9945	-9.9765
-10.1193	-0.3821	-3.5638	-1.4000	-1.4410	-1.1740	-2.7657	-3.1244	-0.1934	-8.6581
-8.8404	-1.6443	-3.4559	-0.6507	-0.8503	-1.1868	-0.4368	-2.2522	-1.3520	-8.6810
-9.9541	0.0259	-3.3456	-0.8766	-1.3652	-1.0245	-1.2815	-3.8326	-1.4039	-13.2832
-8.0919	-0.0012	-4.0057	-1.1298	-1.1203	-0.4962	-1.5560	-2.9465	-0.0173	-10.2874
-10.1857	-0.8848	-6.3047	-1.7539	0.2485	0.1132	-1.5389	-5.2100	-1.1039	-12.8872
-10.1622	-0.5679	-2.4638	-0.9569	-2.4121	-1.2607	-2.1626	-4.1855	-1.0710	-7.5658
-10.2535	0.2851	-3.9877	-1.6290	-1.6294	-1.1765	-2.0378	-2.4164	-0.4814	-10.9432
-12.2981	-2.1196	-2.2711	-2.6377	-1.5403	-1.8882	-2.1966	-5.8427	0.1688	-11.0281
-9.6440	0.5011	-6.0328	-1.7693	-0.9745	-0.4807	-2.0883	-3.8399	-1.5770	-8.5292
-11.0988	-0.1682	-1.3997	-2.7919	-3.3313	-1.2116	-1.3158	-2.2529	-0.7248	-9.7526
-12.6700	-1.2839	-3.5243	-2.8901	-0.9576	0.0668	-1.1513	-2.1003	-0.1007	-10.4044
-15.6750	0.4451	-3.6230	-0.4452	-1.4153	-1.0994	-1.0563	-2.4775	-1.2488	-11.8238
-9.6085	0.5400	-5.5566	-1.7386	-1.9788	-1.2255	-1.9261	-5.9096	-1.3280	-11.8922
-8.6244	-0.4086	-1.1641	-1.0299	-3.6913	-1.4113	-1.2527	-4.5370	-1.6921	-11.6221
-11.3750	-2.9726	-2.4965	-1.7997	-0.4126	-0.9315	-0.3577	-2.4400	-0.4069	-8.6116
-11.8433	-0.5898	-4.4712	-0.0522	-1.7058	-2.8746	-0.7336	-3.6553	-0.5101	-8.1673
-16.5815	0.0310	-3.6723	0.0397	-3.0432	-1.6839	-0.2611	-4.0916	0.2185	-11.6948
-8.3269	-1.8840	-1.5566	-0.4799	-2.2773	-1.7286	-2.0119	-4.3846	-0.3104	-9.7207
-10.6010	-1.2395	-0.6052	-0.5068	-2.0650	-1.9773	-2.6742	-1.9374	-0.4946	-8.4159
-7.6688	0.0820	-3.1510	-0.9575	-1.5376	-1.7430	-1.4233	-2.2010	-1.3216	-12.8296
-14.7213	0.1507	-3.2228	-2.8480	-1.0366	-1.1182	-1.4838	-3.8064	-0.9399	-10.6315
-18.7472	-0.5381	-2.7523	-0.4040	-1.6436	-0.5367	-1.6482	-3.1580	-2.4174	-11.3371
-14.9154	-2.2279	-3.8646	-1.2795	-0.8349	-2.1442	-0.9478	-2.8162	-1.0257	-7.4411
-8.8194	-1.0658	-3.6606	-0.9539	-1.7010	-0.5368	-0.5408	-1.8369	-1.3789	-10.3451
-10.6397	0.6374	-4.5706	-1.4363	-1.3268	-4.0027	-0.7048	-1.5464	-0.9519	-7.1608
-10.5755	0.4854	-3.2031	-1.7980	-1.2294	-1.1868	-1.5203	-1.8245	-0.2718	-9.5727
-10.0800	0.2230	-4.6029	-2.0609	-0.0316	-0.8326	-2.2189	-4.2851	-0.8258	-13.5880
-9.1856	0.8804	-4.4639	-1.9501	-1.0601	-0.4073	-3.1106	-4.7150	-1.0657	-14.4055
-8.7598	0.1025	-4.8951	-1.4138	-1.0506	-2.0849	-1.5702	-4.1900	0.0938	-9.1738
-20.3100	-1.7317	-3.7247	-1.7960	-2.5997	-3.2005	-0.7396	-2.7560	-2.1943	-8.1962
-8.9934	-0.1265	-5.3879	-1.8744	-1.3691	-1.1403	-1.7885	-1.6655	-1.6621	-9.7901
-9.8579	-1.5141	-2.8896	-0.9270	-0.5546	-0.5026	-2.9633	-4.1145	-2.1665	-10.4537
-9.0477	-0.8803	-4.0377	-0.9312	-2.9736	-1.9678	-0.6683	-3.2472	0.5530	-7.7817
-11.3112	0.0173	-5.4291	-0.1909	-2.0353	-1.6908	0.2470	-4.3041	-0.5997	-13.4907
-12.5107	-0.3380	-2.7772	-0.5296	-0.7516	-2.4908	-2.0104	-3.0905	-1.0036	-8.8981
-9.3782	-0.8699	-2.9295	-1.1107	-1.1191	-1.2460	-2.0706	-2.9343	1.1295	-14.3059
-10.0806	-1.7106	-1.3206	-0.8199	-2.4147	-1.2657	-2.2623	-3.7591	0.2786	-13.6607
-8.4508	-0.3809	-4.1416	-3.5044	-1.3191	0.0173	-0.7616	-3.4189	-1.5120	-9.5396
-12.8195	-1.8158	-2.3203	-1.9368	-0.6377	-0.9409	-1.0324	-1.5841	-1.9305	-11.5023
-11.3905	-1.7490	-3.3716	-2.1059	-0.6437	-1.7053	-2.4290	-2.3679	-0.2503	-10.1662
-13.8490	-2.4523	-1.9558	-1.1369	-1.8819	-2.3378	-1.3690	-2.4929	0.4443	-7.4731
-9.1502	-0.3489	-5.4580	-2.1776	-1.7406	-2.9251	-1.1091	-3.3762	0.0368	-11.6480
-11.6804	-1.6735	-2.9745	-4.1780	-1.5501	-0.3518	-1.4666	-3.6075	-0.7008	-13.4194
-10.2375	-1.0078	-1.8366	-1.4850	-2.6122	-2.6392	-1.5185	-4.1640	-0.4402	-9.8311
-12.3389	-1.0230	-3.6791	-1.4928	-2.3282	-1.8521	-0.3022	-3.9021	0.2950	-6.5049
-14.3538	0.0979	-4.2024	-0.6620	-0.9262	-1.6058	-1.8441	-3.7981	-0.8307	-11.3375
-9.1824	-0.8815	-4.3132	-2.1323	-0.2471	-0.7706	-0.7303	-2.6118	-0.3391	-7.2715
-11.6403	-0.5747	-1.2368	-1.5600	-1.8919	-1.9822	-1.0240	-1.1137	-0.5134	-10.0548
-13.3614	-1.1041	-2.2574	-0.6680	-0.1168	0.0739	-1.8994	-2.5363	-1.2484	-10.5427
-11.2345	-0.7557	-1.4055	-2.1752	-1.8964	-0.8816	-3.0243	-4.0174	-0.9397	-11.5920
-10.4042	-2.3314	-2.2074	-2.2269	-2.6222	-0.9328	-0.8860	-2.8942	-1.4975	-10.4806
-7.3948	-1.0971	-2.9300	-1.7856	-1.6964	0.2754	0.3326	-1.4173	-2.1473	-13.2684
-9.6187	0.0262	-2.5346	-2.1610	-1.4055	-0.8852	-2.1936	-4.8430	-1.3600	-12.1494
-9.1369	-0.7197	-2.2015	-1.1582	-2.8850	-2.5732	-2.8341	-2.2530	-2.0547	-10.1535
-7.7238	-1.1126	-3.7752	-0.4953	-0.9295	-1.7788	-1.1385	-4.0751	-0.0792	-14.7926
-14.5398	0.5744	-5.5476	-3.3519	-0.5299	-0.8260	-1.3050	-3.1158	-1.0799	-11.5440
-9.0957	-1.5395	-2.7837	-1.1561	0.0288	-2.0818	-1.8709	-2.6100	-0.4413	-7.7794
-9.0791	-0.2537	-3.4980	-0.9425	-1.0648	-1.3569	0.5031	-0.6020	-0.2477	-10.5260
-11.1511	-1.4930	-2.6549	-1.9709	-2.3201	-0.9977	-1.3049	-2.9432	-2.0611	-11.2757
-9.4947	-0.4674	-2.6293	-1.1100	-1.2472	-1.6470	-1.2835	-4.0147	-2.1489	-14.5601
-11.3564	0.9051	-5.9481	-0.9226	-1.5101	-1.7774	-2.0211	-3.8574	0.4268	-11.4956
-9.4388	0.0043	-3.0452	-1.9928	-2.4848	-1.3234	-1.4190	-3.1967	-0.0617	-23.3493
-8.2834	-2.5320	-1.7791	-2.4736	-0.6750	-0.5728	-1.3489	-3.5588	-0.8371	-7.9949
-7.5794	0.2639	-2.3715	-1.5153	-1.7049	-1.1899	-2.1131	-2.1967	-0.5036	-11.1171
-16.5282	0.2785	-0.9678	-0.4499	-1.4182	-1.2901	-4.1298	-4.6592	-1.0000	-10.6004
-8.9841	-0.9665	-4.5177	-2.2757	-0.5709	-1.2123	-1.9869	-2.5168	-0.6537	-10.1511
-6.6275	-0.6569	-4.9988	-2.2318	-1.3549	-1.0934	-1.7678	-2.4933	-0.9031	-12.4566
-11.9447	-0.2821	-4.5769	-1.7479	-1.3133	-1.0342	-1.1302	-2.5576	-0.5361	-9.7557
-10.8343	0.6452	-3.3387	-1.1301	-1.7533	-2.5930	-1.0978	-3.3103	-0.9261	-9.4116
-7.3158	-1.0900	-4.6844	-2.4017	-1.1282	-0.3995	-1.3732	-4.5317	-1.1803	-5.8294
-9.8479	-0.9463	-2.8767	-2.1083	-0.4443	-0.0771	-1.4400	-2.6165	-0.9825	-7.8326
-11.7613	-0.4197	-4.9347	-1.2211	-0.3325	-1.6286	-1.1973	-3.6032	-1.4280	-10.5856
-10.5976	0.0750	-4.0237	-0.0092	-1.0947	-1.1326	-2.3700	-3.6941	-1.8126	-6.8060
-9.4797	-0.2232	-3.1248	-1.6054	-1.3097	-3.1932	-1.3417	-2.0533	0.3419	-22.1976
-10.3062	-1.3800	-2.6280	-1.0949	-0.8140	-1.2855	-2.8451	-3.8571	-0.4445	-7.8094
-10.9541	-0.3085	-2.3779	-2.5291	-3.0204	-1.9855	-2.4732	-1.1888	-0.1189	-7.6240
-9.0647	-1.0641	-4.2154	-1.9915	-0.8187	-1.7853	-0.9213	-2.9922	-0.2097	-13.0334
-8.7998	-0.3492	-4.9176	-2.5479	-0.8270	-0.7047	-2.3957	-1.4922	-1.1647	-9.0020
-8.6074	0.5219	-2.8684	-0.9636	-2.2170	-1.4585	-1.3464	-4.6618	-1.3540	-13.3314
-8.3822	0.0571	-3.9282	-1.6546	-0.8948	-0.7744	-2.4420	-1.8602	-1.0290	-9.2869
-7.0783	0.3179	-4.2256	-2.8299	-0.8823	-0.7929	-1.7534	-3.2785	-0.0925	-9.6036
-10.1883	-0.7003	-4.8337	-2.1908	-1.5876	0.0586	-1.5764	-3.3455	-1.3242	-12.9336
-11.3999	0.1729	-3.5942	-1.0989	-1.6054	-3.2050	-1.5639	-2.6943	-1.2234	-8.9092
-9.3371	-1.9878	-2.6305	-3.0104	-0.9336	-0.6026	-2.8037	-2.3121	0.1450	-13.3385
-11.2042	-0.6660	-6.3479	-1.6133	-0.5300	-0.2209	-1.7429	-2.5441	-0.0283	-10.9301
-7.7615	0.6806	-4.5103	-0.6185	-1.8350	-1.8564	-0.9914	-4.7519	-2.1767	-7.7946
-8.6548	-0.4441	-3.1459	-1.5354	-1.2248	-1.8464	-1.0019	-3.6164	-0.2537	-9.8392
-10.8329	-0.5065	-3.6210	0.0883	-1.0136	-1.3467	-2.6474	-2.8959	-0.0656	-9.7635
-7.3511	-1.3289	-1.6512	-1.2421	-1.6947	-0.5818	-1.6307	-2.6707	-0.6043	-8.4159
-10.3069	-1.5236	-1.4642	-1.8481	-1.5197	-1.2266	-1.4015	-2.8357	-0.7738	-9.5261
-12.8160	-0.6697	-2.7829	-1.6054	-1.1561	-0.5728	-1.8093	-3.4369	-0.7323	-9.2840
-7.6457	0.4149	-4.0556	-1.1725	-1.3706	-0.3491	-3.8009	-4.7842	-1.4520	-9.2048
-7.9272	1.1382	-2.7785	-0.7005	-3.6532	-1.7274	-1.4876	-2.9233	-3.0947	-8.5049
-9.7245	-1.5890	-2.7997	-1.7023	-0.3927	-2.7763	-1.9008	-4.9840	-1.1979	-8.2691
-13.1577	0.0653	-3.3516	-0.9582	-0.7291	-2.7039	-2.8080	-2.7790	0.4775	-9.6090
-9.8122	0.1500	-1.7592	-1.7295	-1.0615	-0.9749	-1.3220	-3.1521	-1.3093	-12.0756
-13.1016	-1.1146	-3.4603	-2.8109	-0.8962	0.0938	-0.5881	-2.0863	-1.2415	-10.5345
-11.9589	-1.4356	-2.5958	-0.9974	-0.4581	-2.0868	-1.3895	-3.2391	-1.1542	-11.3392
-7.0572	0.2453	-3.8530	-1.8850	-0.6804	-0.8268	-2.5632	-4.1719	-1.7042	-9.8910
-10.5023	-0.4144	-5.0678	-3.1438	-1.0277	-0.3093	-1.2269	-3.9450	-0.3691	-8.7014
-10.5307	-1.4755	-4.4688	-3.0660	-1.1930	-1.0374	-3.0623	-3.3482	-0.3798	-11.5474
-12.9001	-0.4443	-2.8338	-2.0557	-0.9232	-2.3582	-0.6215	-1.7623	-0.5860	-8.4696
-13.0885	-0.2814	-3.5472	-2.3427	-2.6396	-2.3258	-0.6791	-1.8851	-0.4027	-11.5613
-9.7881	-0.0513	-3.7961	-1.4077	-3.0020	-3.0291	-1.7023	-4.6214	-1.2739	-12.9673
-16.6329	-2.5108	-3.5482	-2.9588	-0.9168	-1.7184	-1.5018	-1.2155	-0.5711	-10.8023
-6.9303	0.7249	-4.0235	0.1663	-1.9213	-2.7997	-1.7478	-5.5742	0.1874	-8.3482
-19.4348	-0.2509	-2.1707	-0.9431	-0.6384	0.1743	-1.7293	-3.0819	-1.4950	-10.1085
-10.1677	-0.6953	-5.1357	-2.0389	-1.8877	-1.4495	-1.4595	-3.7461	-1.6468	-10.3280
-10.6513	-0.9535	-3.9856	-1.4828	-0.9411	-0.6357	-1.4265	-3.5285	-0.3934	-10.5020
-8.5078	0.3146	-3.3334	-1.9369	-1.1101	-1.0516	-2.3874	-2.6284	-1.2348	-13.2353
-9.7097	0.6261	-4.0990	-2.3054	-0.9240	-1.6068	-2.6718	-2.7795	0.1670	-8.1412
-13.6927	-1.5004	-3.1759	-3.0115	-1.3307	-0.8488	-0.7547	-2.0944	-0.3538	-11.9345
-11.0148	-1.8204	-1.1296	-1.0201	-1.1660	-1.0318	-2.0384	-2.2304	-0.0963	-14.8366
-15.9794	-1.4809	-2.3557	-1.2849	-1.0508	-1.2849	-2.0584	-4.7166	-0.0513	-8.1323
-10.2660	-1.9649	-4.6122	-0.6139	-0.9068	-0.7213	-0.8955	-3.4243	-2.2778	-7.9883
-11.4906	-1.3720	-3.8594	-2.2357	-1.4492	-2.8075	-2.3322	-2.3742	-0.6831	-8.0583
-10.3106	-0.5842	-2.8298	-2.9244	-2.0915	-1.4278	-2.2891	-3.0764	-0.1527	-11.8459
-7.6834	0.6167	-2.9605	-1.1805	-1.5131	-0.8934	-1.1838	-3.3520	-0.3655	-13.9043
-10.4968	-1.1738	-1.8742	-1.7444	-1.3198	-1.7683	-1.1012	-2.8473	-0.1748	-15.0242
-7.1109	0.0888	-2.9591	-1.6287	-0.7454	-0.0658	-0.2993	-4.7662	-0.7365	-10.2886
-8.5221	-0.0835	-3.9435	-1.1703	-0.3495	-1.6177	-2.7790	-3.1134	-1.2904	-9.4581
-13.7525	-0.7168	-3.1157	-1.4823	-1.0398	-1.0872	-1.8626	-3.1208	0.4946	-11.4102
-11.3853	-0.6892	-3.2552	-0.2262	-0.9953	-0.8843	-0.6963	-5.6753	-1.3533	-11.4867
-9.6973	-1.7017	-2.6449	-2.5603	-0.8897	0.3696	-2.1249	-3.5426	-3.2989	-7.8922
-9.6944	-0.3447	-2.1072	-2.1151	-0.9502	-0.9200	-2.1745	-2.7235	-0.9810	-7.4109
-11.2246	0.1903	-3.1441	-0.6501	-2.5745	-0.5245	-1.5194	-4.1798	0.0042	-10.6178
-11.1894	-0.4347	-2.9759	-1.1851	-1.9750	-2.7484	-3.5899	-4.1284	-0.2226	-10.1745
-11.0039	-1.1666	-1.5360	-0.7353	-1.9385	-1.0570	-2.5250	-1.5938	-0.9217	-16.2389
-7.6067	-0.5238	-1.7978	-1.9820	-2.6476	-0.0972	-1.3995	-4.1774	-0.1344	-6.9486
-10.3422	-0.9713	-2.5832	-0.6479	-1.5348	-0.6431	-1.2938	-3.3194	-0.9595	-9.3338
-11.3797	-0.4066	-2.1070	-1.7248	-0.3931	-1.6988	-2.6124	-2.1129	-0.2323	-10.7246
-6.8747	0.6146	-5.7070	-0.7263	-0.8915	-2.5586	-2.5123	-3.4907	0.6135	-12.5505
-10.1404	-0.4616	-5.0592	-1.8266	-2.7060	-2.4215	-1.9455	-2.7244	0.8002	-13.0463
-8.8267	-0.1461	-3.7139	-0.8747	-1.0677	-1.7953	-2.3035	-3.1032	-0.2565	-13.7308
-8.2552	-0.9109	-3.8997	-1.4741	-0.1668	-1.6969	-0.4387	-3.0540	-1.2967	-10.4867
-7.0556	0.9112	-4.2132	0.9250	-1.3109	-1.9678	-0.8327	-2.8210	-2.3910	-13.1994
-14.1671	0.2355	-3.6127	-1.0199	-0.4142	-1.6353	-3.4086	-3.0807	-1.5631	-7.9342
-8.8367	-1.7865	-3.0360	-1.1090	-1.3731	-1.9586	-1.5820	-1.2700	-1.4588	-8.5006
-8.1202	-2.1298	-2.7388	-1.1213	0.0982	-0.0197	-1.1749	-3.1556	-2.1465	-10.1486
-10.8038	-0.2178	-2.2918	-1.1799	-1.8875	-2.3534	-2.9027	-2.9885	-1.3584	-13.4897
-13.0811	-0.6663	-4.0763	-0.8324	-1.0323	-0.0723	-0.5239	-3.5700	-3.2384	-8.9088
-10.5038	-1.1748	-4.2578	-1.1543	-1.1464	-0.8772	-2.3043	-3.6516	-2.9494	-7.4428
-10.9365	-0.6754	-1.6849	-1.5298	-2.1210	0.0679	0.0259	-4.0247	-2.0269	-11.3657
-10.5080	-0.4508	-3.0059	-0.8364	-1.5574	-1.2883	-1.0266	-3.7176	-1.1086	-9.0042
-11.3836	-1.3178	-3.4798	-0.4598	-0.6885	-2.3216	-3.2762	-3.7152	-1.0463	-17.6599
-12.1913	-2.3737	-2.4309	-1.4385	-1.6133	-0.8410	-0.7362	-2.4444	-1.5055	-8.0473
-7.7878	-1.4628	-2.5381	-1.6299	-1.4334	-0.6375	-2.1251	-4.0694	-1.3414	-8.9065
-11.3412	-0.7338	-2.4218	-0.2510	-0.6178	-1.2892	-1.3297	-3.9698	-0.6264	-9.3423
-9.8568	-1.3694	-3.4187	-1.7275	-0.9494	-0.0699	-0.8135	-2.4712	-3.3115	-8.0701
-11.4150	-1.1010	-5.5118	-0.9889	-2.2846	-0.7634	-0.9821	-4.4926	-0.6795	-9.9896
-7.8320	0.2779	-5.5442	-2.9428	-1.2407	-0.2129	-1.8841	-3.4430	-0.4282	-15.3324
-12.4927	-1.1467	-3.7327	-1.6486	-0.5912	-1.6265	-0.0732	-3.8629	0.5023	-10.2186
-9.4203	-0.9257	-1.7668	-3.5878	-2.3691	-0.9602	-1.4605	-2.4310	-0.5734	-8.9941
-9.9008	-0.6600	-3.0996	-1.2897	-1.1791	-2.4550	-2.1851	-2.6327	-0.5551	-13.8334
-12.6153	0.0449	-2.8599	-1.7519	-2.8942	-0.8603	-1.0541	-6.3392	-0.4185	-9.8533
-9.5327	-0.8042	-1.8502	-2.4227	-1.5145	-0.7143	-2.0236	-2.8479	-0.4277	-8.6236
-10.9012	-1.1769	-2.5803	-0.7814	-1.9771	-1.4130	-1.4598	-4.0453	-0.2901	-12.7757
-6.7952	-1.8149	-3.5608	-1.7717	-0.9837	-0.8824	-1.5496	-1.5310	-2.5832	-13.9218
-10.9147	-1.2803	-1.6913	-0.1814	-1.9517	-3.2562	-2.0827	-3.2432	-1.7738	-9.2664
-12.8148	-2.3337	-3.6019	-2.3154	-1.0069	-0.2957	-2.2636	-2.5429	-1.3654	-12.4970
-13.7671	1.0436	-2.8805	0.0684	-2.1655	-1.7521	-2.7409	-2.5666	-0.7975	-18.3176
-8.5396	-0.6597	-5.5750	-2.5922	-0.5930	-2.1677	-0.9537	-2.4506	-1.1180	-9.9640
-10.9503	-1.0113	-4.0905	-1.6479	-1.3151	-0.3713	-2.2207	-4.1063	-1.1406	-7.4288
-8.3730	-1.3956	-2.8062	-1.4758	-1.8635	-0.4614	-2.1871	-3.3117	-1.9250	-8.6262
-9.7517	-2.5185	-2.7331	-2.4635	-0.3758	-2.0181	-1.9240	-2.2344	0.8229	-10.1821
-11.1003	-0.7531	-3.8348	-0.5841	-2.0307	-2.1622	0.2313	-3.1968	-0.3794	-10.8815
-17.2539	-0.0663	-2.8725	-2.5981	-0.9147	-0.4489	-2.5120	-5.3967	-0.3342	-6.7148
-11.1646	-1.6056	-2.5351	-2.0781	-0.7543	-1.2573	-1.3795	-2.4552	0.2765	-8.8467
-8.5301	-1.2270	-2.8484	-1.7133	-1.9036	-1.4047	-0.8893	-4.0702	0.1310	-16.1150
-11.2203	-2.5270	-2.5694	-2.6674	-0.1569	-0.8141	-1.8313	-2.0416	-1.1876	-9.4314
-7.7291	-2.4326	-2.1797	-0.8984	-1.2755	-1.4909	-1.2379	-2.1822	-1.2815	-11.2588
-10.8510	-1.6829	-4.9326	-2.3963	-1.8035	-0.5935	-1.1142	-4.2983	-1.5504	-7.8046
-8.6923	-0.3371	-4.5042	-1.4129	0.1160	-0.3256	-1.9943	-2.8556	-1.5772	-10.2381
-11.1171	-0.7714	-4.3320	-2.5503	-1.2866	-1.2222	-2.9317	-3.1425	-1.0270	-6.3282
-18.3173	-0.8085	-2.4847	-1.7045	-1.4491	-0.3812	-0.7549	-2.8666	-1.5061	-9.8184
-12.3773	-1.7676	-3.7543	-1.6417	-0.5570	-2.5818	-1.2997	-3.5248	0.7955	-9.9145
-9.6095	0.3288	-4.0575	-2.7100	-0.8658	-1.0683	-1.9566	-2.0700	-0.2577	-11.7340
-13.3955	-0.9527	-3.0768	-2.1744	-2.4593	-1.5644	0.4327	-3.8676	0.8234	-8.9616
-12.3637	0.5292	-6.1853	-2.2436	0.3340	-0.9217	-1.6327	-2.4259	-0.3238	-9.9265
-8.9701	-0.7310	-3.1439	-1.6733	-0.9752	-0.9250	0.0676	-1.8987	-0.3573	-8.9725
-7.4856	-1.0011	-5.3674	-1.7103	-1.4586	-0.9620	-1.7551	-5.1192	-0.6392	-10.0815
-8.6868	-0.5910	-3.3307	-0.7423	-1.7592	-1.3475	-1.4164	-2.6878	-2.1403	-9.7398
-12.7247	0.0685	-3.8173	-0.5315	-0.1821	-1.0963	-2.6806	-4.1479	-0.5428	-9.5165
-7.6130	-0.5618	-5.3905	-1.6235	-1.4297	-0.5397	-2.6595	-3.4563	-0.5148	-9.5513
-7.7296	-1.3074	-1.7766	-1.0965	-2.9879	-1.0034	-3.0930	-3.3624	-1.3109	-11.6404
-13.4897	-0.2516	-3.4670	-1.1392	-0.9282	-1.5464	-0.0839	-1.3845	-0.9271	-9.7263
-10.9687	0.3121	-2.6074	-1.6127	-1.3557	-0.2669	-2.2794	-4.8142	-1.1657	-13.7486
-12.9104	0.2109	-1.5686	-2.5865	-0.9065	-2.3257	-3.1755	-2.7927	-0.2731	-9.2573
-11.1419	-1.1557	-2.5807	-2.7002	-0.8794	-0.3080	-1.7682	-1.4810	-1.7907	-10.3280
-12.6888	-1.5250	-4.2380	-1.4473	-0.0179	-1.1959	-1.5606	-2.4245	-1.0448	-8.8345
-8.9679	-0.8696	-2.5024	-1.9896	-1.1097	-1.9525	-0.1676	-2.6084	-1.1499	-8.8661
-8.5797	-0.3441	-3.5243	-0.3179	-1.9019	-0.5986	-0.5970	-2.4899	-1.0308	-8.1250
-9.7485	-1.3228	-1.8596	-1.5856	-2.5485	-2.0936	-3.2409	-4.2624	-2.7225	-13.6916
-11.7938	-0.5665	-3.3758	-2.1105	-1.9334	-0.6193	-0.1637	-2.0921	-1.3904	-10.4209
-8.3972	-1.1354	-3.0989	-0.8977	-0.4694	-1.8093	-3.2593	-3.3017	-1.3913	-8.6403
-10.3121	0.3627	-3.6899	-1.2204	-2.0494	-0.4134	-2.0829	-3.5050	-1.3059	-15.1895
-9.3360	0.7476	-3.5613	-0.7133	-1.6000	-0.4824	-2.2102	-2.9593	-0.0091	-12.0063
-10.6099	-0.5629	-4.2769	-1.4604	0.2393	-1.6322	-2.8239	-2.1774	-0.2226	-9.6434
-8.6750	-1.8409	-5.2883	-3.7439	-0.7671	-2.6464	-1.0338	-0.8066	-1.2056	-7.2960
-7.9776	-0.1780	-1.8516	-1.1930	-2.8541	-1.6098	-1.5886	-3.1643	-0.8348	-7.9112
-13.6717	-1.6190	-2.5403	-2.1933	-0.5250	-1.7394	-2.2214	-2.1774	0.2171	-10.8682
-9.0269	-0.9894	-4.8240	-0.1468	-0.4835	-1.5196	-1.0716	-2.9976	-2.0397	-7.6751
-11.5810	-0.8442	-2.9601	-1.1502	-1.1824	-1.0302	-2.1330	-2.1083	-0.5926	-7.8954
-7.9575	-0.3282	-2.1018	-0.8012	-0.1494	-1.3301	-2.5988	-2.1731	-1.0910	-9.2645
-9.2206	-1.7209	-4.0992	-1.2568	-0.4748	-2.1489	-2.5575	-2.2618	-1.1702	-12.6901
-13.3163	-0.6766	-4.4963	-1.3562	-0.5823	-1.1925	-2.6283	-2.7731	0.0752	-7.8121
-7.0623	-0.4261	-2.6051	-2.2391	-2.2428	-1.5382	-1.2050	-2.7960	-1.4726	-13.8882
-9.5726	-0.8166	-2.2587	-0.8916	-1.1282	-2.0827	-1.7954	-2.9327	-1.2100	-8.2164
-8.7007	-0.4964	-2.8042	-1.4247	-0.9358	-1.0350	-2.4815	-2.3427	-1.2037	-7.0130
-10.5286	-0.4313	-3.2458	-1.8070	-0.2030	-0.7280	-3.6603	-3.4387	-0.9957	-10.2789
-6.2120	-0.9348	-2.6965	-0.8634	-1.2168	-0.8156	-1.9326	-3.3678	-1.7939	-14.3738
-9.1241	-1.1922	-6.1563	-1.6890	-0.4103	-0.7811	-0.6068	-3.6416	-0.6670	-8.0207
-7.9761	-0.8751	-4.6175	-1.9927	-1.4803	-0.7759	-1.2075	-1.1826	-1.6977	-14.0086
-8.0599	-0.6576	-1.3989	-2.3810	-2.3977	-2.1132	-0.5874	-1.8877	-0.8820	-11.9141
-12.4825	-1.9514	-3.0834	-1.5844	-0.0968	-1.5544	-2.4992	-3.4857	-1.0153	-9.3902
-10.4991	0.0320	-5.9807	-0.7644	-1.2508	-0.7234	-0.3061	-2.2536	-0.4242	-12.9253
-9.9169	-0.3756	-1.4381	-2.2277	-1.3212	-0.1148	-1.3781	-2.6545	-0.6490	-8.8949
-8.7098	0.2698	-2.7901	-1.2698	-1.4527	-0.6207	-1.9534	-4.0457	-1.2788	-8.0741
-10.0304	-0.8220	-4.1654	-2.6178	-1.5478	-0.6611	-0.8638	-2.0982	-1.5581	-7.2373
-8.7339	-0.9501	-3.6742	-0.6412	-1.2763	-1.1890	-1.4315	-3.3423	-1.2553	-9.2003
-11.0540	-0.1061	-2.6578	-1.2001	-0.3511	-0.8514	-2.4967	-2.5826	-0.6030	-9.5740
-12.0515	0.0111	-2.3332	-2.2897	-1.4616	-1.8373	-2.4966	-3.8946	-0.3400	-8.8003
-11.1468	-2.5813	-3.0561	-1.9743	-1.0800	-1.5937	-1.3653	-2.1542	-0.1983	-10.2177
-9.2189	-2.0823	-2.2935	-1.8227	-3.3159	-1.2532	-1.0714	-2.9445	-0.4767	-10.1762
-11.9113	-1.0188	-2.5883	-1.8307	-0.3927	-0.2876	-2.6335	-2.1656	0.3159	-12.8425
-10.9141	-1.1477	-3.3821	-3.0636	-1.9106	-1.7293	-0.4553	-1.9426	-1.4159	-7.4837
-7.5419	-0.7493	-3.1222	-0.9787	-1.7426	-1.0719	-1.8720	-3.1174	-1.7233	-10.2238
-10.7643	-0.7578	-2.8264	-0.3293	-1.4500	-2.7490	-2.4995	-3.8280	0.3098	-8.8211
-9.3735	-1.0619	-4.1519	-0.5039	-1.0043	-0.9291	-1.5120	-5.0487	-1.6508	-12.6199
-12.7233	-0.7722	-2.0889	-1.0932	-2.3960	-1.0018	-1.4533	-2.8888	-1.0741	-11.9631
-9.4322	0.2919	-3.9018	-2.1215	-1.1291	-2.7415	-1.8611	-3.3195	0.6321	-7.4747
-12.7939	-0.0040	-4.5958	-2.0635	-2.7385	-1.5794	-1.2473	-3.4395	0.3388	-9.6723
-11.2701	-2.5373	-3.6016	-1.2642	-1.3356	-0.3919	0.6953	-2.1141	-0.2653	-8.8718
-11.5688	-1.9241	-2.7807	-2.3423	-0.9898	-1.3089	-0.4004	-2.1191	-0.6387	-10.4858
-11.1596	-0.4979	-4.1838	-1.7224	-0.5967	0.0497	-2.4705	-3.1217	-1.8965	-13.3647
-8.6795	-0.1549	-4.2404	-1.8318	-0.7595	-2.0389	-3.9855	-3.6026	-1.4879	-7.5148
-9.1138	-1.0048	-2.3084	-0.7704	-0.5919	-2.6934	-2.1719	-3.8632	-0.2880	-10.7968
-7.6075	-2.1122	-3.0151	-1.6494	-1.7420	-1.1855	-1.8424	-3.2005	-0.9774	-16.3184
-10.7270	0.6053	-3.4830	-2.8933	-2.7005	-0.9012	-1.0455	-3.4528	-1.3418	-11.5651
-11.4947	-0.9451	-3.7605	-0.4866	-1.2355	-2.1289	-2.0771	-3.8513	-0.9117	-11.1925
-8.9284	0.1661	-2.7721	-2.2733	-0.7522	-0.9324	-1.3960	-2.8798	-1.6254	-7.2589
-16.8052	-0.4855	-4.1080	-1.6914	-2.0390	-0.8046	0.0852	-4.1732	-0.2166	-8.2209
-11.5108	-0.9785	-3.8175	-1.7305	-0.6919	-1.3341	-1.9882	-4.2602	-0.2053	-10.3917
-11.7373	-0.9966	-4.5316	-1.7396	-0.6988	-1.7933	-0.0225	-1.6566	0.4146	-9.7399
-9.6043	-1.3118	-2.2917	-0.2674	-0.7427	-2.8890	-2.1376	-2.5387	-1.0808	-9.3678
-10.7314	0.0061	-5.0607	-0.9262	-1.3502	-2.0965	-0.9362	-2.4989	-1.1199	-8.5290
-11.8218	-0.3336	-3.3980	-0.4949	-2.9693	-1.3690	-2.1778	-3.1692	-2.7706	-9.0880
-8.7079	-0.5527	-3.1660	-1.4474	-1.0174	-0.5455	-2.3014	-3.0039	-0.6724	-11.1732
-4.9670	-0.9671	-3.4334	-1.8153	-2.5148	-0.2383	-0.6378	-4.5661	-1.8520	-8.5838
-10.1483	-2.3318	-2.4391	-1.0699	-0.3819	-0.6893	-2.0377	-3.2133	0.0741	-7.9841
-7.3391	0.0913	-2.4468	-0.1173	-2.2593	-0.3561	-2.2529	-5.2136	-1.1841	-14.8021
-9.7358	0.2719	-4.0078	-1.6231	-1.6277	-0.4695	-1.2475	-3.7661	-0.8117	-14.5170
-9.8204	-1.3336	-3.5264	-2.7118	-1.9402	-2.3028	-1.8014	-3.0986	-0.3466	-7.4841
-6.7825	-0.8130	-1.8163	-0.6602	-0.7508	-1.5525	-1.2157	-3.2143	-0.0304	-8.9984
-8.8497	-0.2927	-2.3190	-1.9419	-2.3957	-0.6566	-1.4997	-2.2937	0.2068	-10.7440
-11.2961	-2.4717	-1.7781	-2.6113	-1.7865	-1.3941	-1.2056	-2.8130	-1.4543	-14.1511
-10.7463	-0.2064	-1.0791	-0.7811	-1.9840	-0.2248	-2.0094	-2.6318	-1.3125	-8.7775
-7.8101	-0.3372	-2.2370	-1.0766	-1.5368	-1.7683	-1.4125	-1.8149	-1.5926	-12.9551
-11.1156	-2.1844	-1.8708	-0.1073	-0.3346	-2.1162	-2.1780	-2.6140	-0.6838	-13.5628
-9.7886	-2.6912	-2.9264	-0.5895	-0.5653	-1.3836	-2.0316	-3.9305	0.0926	-13.2680
-11.3539	-2.5177	-3.7555	-2.8283	-0.6733	-1.2587	-0.6682	-5.6238	-0.5762	-8.5961
-9.0146	-1.2646	-3.6280	-3.1820	-1.6562	-2.0376	-1.9254	-2.0927	-1.0964	-11.4735
-20.5770	0.1897	-2.7003	-2.7179	-3.4139	-2.6950	-1.4736	-2.5259	0.0025	-7.5617
-15.6641	-1.7254	-3.3106	-2.0195	-2.2966	-1.1910	-1.5741	-3.1734	-0.3510	-9.4954
-10.9245	-2.7900	-1.8479	-0.6667	-1.8108	-0.3444	-1.4328	-4.2469	-2.3532	-8.1477
-8.2082	-0.3858	-2.3948	-1.5676	-0.2654	-0.5489	-2.1333	-3.2126	-0.5515	-11.6164
-12.0240	-0.1814	-2.8903	-2.0444	-1.8153	-0.0899	-1.3256	-4.6865	-0.5170	-8.7780
-11.2324	0.2436	-3.1820	-0.6363	-2.1164	-0.9736	-3.2238	-4.0624	-0.5650	-13.2810
-14.1336	0.0207	-2.6788	-1.8024	-1.5042	-1.3713	-2.8119	-5.0559	-0.4740	-8.4162
-15.7860	-0.7024	-2.2463	-0.9829	-1.4619	-2.2047	-0.7368	-2.7568	-0.8363	-6.5794
-7.5122	-0.5442	-4.0066	-2.3141	-1.1626	-0.4225	-1.4567	-2.4682	-0.2931	-15.6573
-17.5905	-0.2621	-3.7311	-1.6945	-1.4234	-1.5392	-1.4251	-2.7247	0.4374	-9.4888
-10.8687	-0.1193	-1.8571	-1.9064	-0.2338	-1.0291	-1.9589	-2.5950	-0.2000	-10.7958
-10.9853	-0.0022	-5.3842	-1.2361	-1.3580	-3.3460	-0.9441	-2.2613	-0.4287	-9.0393
-9.8570	-1.1551	-2.6106	-2.7004	-2.1145	-2.4724	-1.2258	-3.0617	0.4924	-10.8274
-7.6127	-1.2718	-5.2139	-1.9943	-2.7736	-2.7453	-0.5877	-2.3368	0.6467	-9.0717
-13.4677	-2.4879	-3.0837	-1.7462	-0.6268	-1.7656	-1.4397	-3.8340	-1.1224	-9.7541
-8.5716	-1.4881	-5.0200	-2.5701	-0.8898	-1.7791	-1.1224	-3.0932	-0.6950	-9.1963
-12.4262	-0.3988	-2.8559	-1.7375	-1.4968	-0.4818	-3.1576	-4.2410	-0.0132	-8.8441
-11.9865	0.8171	-2.7017	-1.4574	-1.4542	0.0406	-1.2312	-1.9416	-0.4338	-16.2367
-13.6309	-1.5280	-2.0658	-1.8794	-1.2804	-2.1477	-2.4102	-5.5245	-0.2494	-7.8811
-8.6304	-0.5396	-3.3945	-1.8894	-1.8202	-0.9251	-1.9603	-3.4116	-0.4996	-10.7837
-10.3340	0.0203	-4.0148	-0.9787	-1.7102	-1.4415	0.1057	-0.9705	0.0108	-9.5524
-10.2188	-1.2636	-2.0192	-0.5863	-2.1561	-1.8900	-1.8681	-2.6405	-0.6270	-11.0072
-9.2308	0.3364	-2.5831	-1.8552	-3.2252	-1.7630	-1.0666	-1.5231	-1.8748	-10.1781
-10.5004	-0.0322	-2.9825	-2.4120	-1.2239	-2.0464	-1.3828	-3.4226	-1.5222	-10.9573
-11.9020	0.2038	-1.9703	-0.4191	-0.3636	-0.3495	-2.5569	-2.5344	-1.9518	-11.1092
-10.3906	0.1014	-5.3159	-1.8003	-1.7132	-0.8974	-2.8277	-3.3500	-0.1169	-10.4558
-8.5462	-0.4102	-3.2426	-2.8523	-0.8160	-1.5477	-3.2181	-3.3244	0.3346	-12.1679
-10.1588	0.1329	-3.7611	-1.3065	-1.4461	-1.7605	-1.9559	-3.9731	-2.1829	-9.5226
-9.5809	0.2696	-3.2385	-1.4338	-1.2096	-1.3583	-1.6910	-1.6412	-0.4622	-11.0380
-10.3667	-0.5504	-1.6733	-2.9925	-0.4523	-1.4348	-2.0686	-3.1409	-1.0728	-8.8705
-7.1134	-0.5619	-3.3703	-2.7348	-3.0131	-2.4866	-0.8858	-3.3143	-0.3598	-10.9122
-7.6345	-1.3705	-2.9725	-1.3389	-0.3381	-0.4017	-2.6355	-5.1355	-0.4156	-7.8460
-12.1576	0.9579	-7.0264	-2.3897	-1.1265	-1.6656	-1.9181	-2.8683	0.6847	-7.0926
-7.9460	-0.8733	-4.5941	-2.0074	-1.0697	-1.3011	-1.3758	-2.6717	-1.1382	-8.1769
-8.0348	-0.5949	-4.3825	-3.4692	-0.7947	-1.0494	-1.6027	-4.0454	-0.5458	-7.6486
-11.2966	-0.0298	-2.5696	-1.9748	-1.1257	-0.9913	-1.3987	-4.3136	-0.2920	-15.7982
-11.2467	0.4701	-2.0205	-1.2691	-0.8519	-0.3822	-1.0990	-5.6143	-1.0886	-7.1816
-11.6540	0.2066	-3.1701	-2.1306	-2.2044	-1.1888	-2.6741	-3.3471	-0.0303	-13.4457
-19.5383	-0.4329	-3.8873	-1.8367	-0.2246	-2.0694	-3.7035	-2.7557	-1.2211	-12.0461
-9.5866	0.4018	-3.9856	-2.1252	-1.4556	-0.5072	-1.9497	-2.9295	-0.1508	-12.2911
-8.0430	-1.6086	-3.6507	-3.1234	-0.3715	-0.2818	-1.9373	-4.1869	-0.4359	-11.4228
-11.6600	-0.8461	-2.0393	-0.0718	-2.4633	-3.7508	0.0596	-1.9742	-0.6503	-7.8529
-10.9806	-1.0894	-2.2983	-1.8319	-0.8245	0.4986	-0.8818	-3.5615	-0.6291	-17.6957
-12.1348	-2.6711	-4.0799	-1.3699	-0.2510	-2.5367	-2.3655	-1.6688	0.1425	-7.6885
-9.9847	-0.1578	-3.8133	-2.3985	-1.5820	-1.0547	-0.9559	-2.0450	0.6455	-9.3969
-6.7204	-1.4961	-3.1972	-1.9274	-1.9417	-0.7442	-3.0299	-3.2310	-0.7897	-10.3727
-8.2445	-0.4282	-2.4355	-2.1988	-1.9497	-1.3509	-1.2303	-3.6528	-1.3177	-10.9196
-10.5702	-0.0646	-1.4564	-2.1513	-2.1965	-1.1897	-2.3808	-2.3281	-0.6846	-9.7347
-7.6455	-1.1338	-3.6473	-2.1457	-0.8628	-0.4788	-0.1832	-1.6150	-1.1606	-10.2908
-9.5940	-1.6806	-1.7628	-2.6240	-1.6384	-2.6508	-1.7811	-1.0980	-1.0234	-8.2764
-9.8423	-0.5848	-2.3600	-2.5766	-2.0015	-0.7227	-1.4364	-2.2142	-1.8005	-10.5791
-12.9065	-1.0090	-6.0987	-2.3679	-0.0046	-1.3100	-2.5976	-6.5364	-0.6196	-8.0972
-10.6220	0.5112	-2.8334	-1.8072	-1.4541	-1.3483	-1.2008	-3.1218	-0.7163	-12.0812
-9.0818	-2.0068	-3.5142	-1.6600	-0.7498	-1.4464	-1.6218	-2.0047	-2.3396	-9.6178
-12.2103	-0.9484	-2.5719	-1.6982	-1.2509	-1.6346	-1.8479	-4.4123	-1.2647	-8.1606
-14.3329	-2.3894	-2.8346	-2.3184	-0.0524	-1.6209	-1.6980	-2.5583	-0.5590	-8.7783
-15.9971	-2.6261	-4.0989	-1.9033	-0.9140	-1.3087	-0.1556	-1.9449	-0.7393	-13.3165
-10.3223	-3.2075	-2.4149	-2.5547	-1.4352	-1.6948	-1.0355	-2.1500	0.5365	-11.7124
-14.8051	-2.0245	-2.7569	-2.4738	-1.5710	-0.8077	-0.5680	-4.2846	0.3338	-10.7626
-6.0720	-1.2883	-4.3697	-3.9119	-1.1676	-1.2604	-0.8604	-2.7564	-0.0987	-7.4252
-9.4156	-0.3168	-3.0602	-1.5471	-1.2982	-0.6746	-1.8001	-2.9540	-1.7395	-10.1104
-8.9083	-1.0346	-2.6526	-1.3013	-0.4480	-1.5706	-2.6971	-4.3977	-1.2913	-9.4993
-11.6860	-1.1598	-2.0458	-1.2390	-1.6005	-1.5441	-1.4912	-3.1705	-0.7989	-13.4468
-13.4346	-0.2347	-6.2625	-2.4073	-0.8307	-0.6512	-1.0909	-2.8792	-0.4338	-9.9222
-11.0292	0.7857	-2.3211	-2.0041	-1.0271	-1.3702	-1.3389	-2.5353	-0.9233	-11.9496
-10.1602	-2.1798	-2.5320	-1.2133	0.0686	-0.8597	-2.3414	-3.7308	-0.1416	-8.4074
-6.7404	-0.9253	-4.1809	-1.7904	-0.2456	-0.1983	-1.9657	-3.6649	-1.5305	-13.4513
-9.4156	-0.3944	-5.4754	-2.8858	-0.4591	-2.0469	-1.1310	-3.9002	0.0692	-10.8547
-11.6214	-1.1310	-2.2500	-1.2025	-1.4710	-0.2794	-1.7491	-2.7413	-0.4224	-11.4670
-13.6591	-0.3001	-4.0153	-1.2350	-0.3984	0.3409	-0.5663	-4.9826	-0.3861	-8.6209
-9.8696	-1.2006	-1.1104	-1.1369	-0.3128	-0.8895	-2.8018	-6.2607	-1.2704	-4.7649
-14.7316	1.1363	-3.9969	-3.1982	-1.0690	0.2167	-1.8241	-2.8730	-0.7563	-7.6546
-10.9314	-1.6442	-3.3510	-2.2020	-0.8100	-0.4944	-1.5899	-2.0358	-2.0449	-10.6704
-9.5463	-2.0567	-2.5790	-2.2699	-2.1425	-0.2813	-1.1278	-2.0208	-1.5178	-12.8165
-8.8273	0.1146	-3.4134	-2.1678	-0.9654	-1.0269	-0.6206	-2.3660	-1.0182	-10.8828
-12.6632	-1.1104	-5.4355	-1.6126	-0.9893	-0.8794	-1.4863	-4.0769	-0.8933	-10.2347
-10.7323	-0.5181	-3.0325	-1.7834	-2.4635	-0.9512	0.1010	-3.8365	-1.1120	-9.5579
-8.1126	0.3241	-3.0706	-3.1166	-1.3178	-0.7168	-2.2350	-3.3696	0.5181	-9.9257
-10.2284	-0.7943	-3.7692	-1.3996	-1.8439	-2.3389	-1.2149	-2.3216	-2.5955	-10.4359
-9.3100	0.8721	-5.0545	-2.7851	-0.8584	-0.7589	-1.5363	-3.0638	-0.7363	-8.0421
-8.5983	0.5351	-3.1167	-1.2538	-0.9771	-0.1313	-1.2653	-2.1028	-1.3749	-11.5970
-10.1699	-0.9721	-3.1721	-0.5547	-1.1713	-1.2226	-1.9562	-2.2763	-0.3406	-13.2533
-7.7736	-0.4710	-3.7131	-1.4270	-1.7779	-3.0247	-0.4234	-2.6918	-0.7270	-8.8012
-9.6989	-1.3359	-2.6540	-1.4923	0.3290	0.6989	-2.7278	-3.1238	-1.0496	-11.1758
-10.4286	-0.8016	-3.3270	-1.6010	-1.6936	-0.7939	-1.1421	-5.0858	-1.5008	-10.4358
-13.1409	0.5684	-4.9689	-1.2803	-0.7573	-1.8197	-2.6440	-3.6690	0.3320	-7.4489
-8.1994	-0.2081	-5.3270	-2.1471	-1.0309	-0.4468	-2.3037	-2.9664	-0.0869	-9.7399
-7.8198	-0.0717	-2.5893	-1.6415	-1.6323	-0.3269	-1.1697	-2.9482	-0.7911	-8.1145
-13.4354	-1.2070	-4.4105	-1.8949	-0.2483	-0.9856	-2.2698	-2.3445	-0.6405	-9.8178
-14.9385	-1.4829	-2.4097	-1.6920	-0.4831	-0.1116	-1.6458	-3.1565	-0.7091	-17.4063
-10.3302	-0.2165	-6.8191	-2.1002	-2.4822	-1.6541	-1.6681	-2.4698	-0.0606	-9.6762
-7.6262	0.2072	-4.1440	-2.0894	-2.2280	-0.9546	-1.2294	-3.2275	-1.3142	-13.0241
-10.5581	1.0555	-2.5838	-1.0890	-1.3836	-0.9977	-3.4729	-4.8687	-1.1160	-8.1806
-15.4382	-1.3402	-3.1918	-1.7432	-1.3485	-1.7910	-0.8556	-2.8382	-0.7709	-15.0397
-8.7680	-0.7269	-2.6531	-1.7362	-2.0309	-0.7772	-1.2267	-2.8267	-1.1564	-11.6498
-13.7691	-1.0024	-3.7127	-0.3881	-0.9301	-0.8692	-0.9900	-3.7340	-1.0957	-9.5602
-6.8257	-0.0073	-4.3552	-1.3813	-2.6517	-1.7903	-2.1859	-1.3495	-0.4623	-13.9856
-9.3808	-0.3795	-5.6754	-1.7769	-2.8392	-1.5368	-0.3655	-1.7363	-1.5957	-10.3117
-8.7923	-0.6063	-4.3756	-3.2226	0.1543	-0.4470	-2.3239	-3.0408	-1.2854	-6.7713
-10.9223	-0.9847	-5.0213	-4.1233	-0.9463	-1.4622	-1.2289	-1.8155	-1.7091	-9.7342
-9.6386	-2.9369	-4.1532	-2.0823	-0.4521	-2.3199	-1.2074	-3.0039	0.1749	-13.0155
-11.2909	-1.4087	-4.2775	-1.3008	-0.1382	-0.8649	-1.8791	-3.6344	0.0600	-9.8385
-7.6843	-0.0718	-2.8168	-0.7653	-1.8846	-1.3338	-1.7656	-3.3101	-0.2361	-10.3041
-9.6956	-0.0229	-4.9705	-1.5805	-0.7407	-0.9868	-2.2093	-2.3675	-2.5145	-8.4254
-8.3014	-1.1213	-1.5925	-1.8139	-1.0568	-0.9585	-1.3625	-3.9910	-0.8330	-13.2652
-11.3207	0.3467	-5.0778	-0.8607	-1.5040	-1.7165	-2.3810	-4.3554	-0.1908	-11.6316
-7.6167	0.3896	-3.7815	-1.1835	-0.4479	-0.7129	-0.7615	-1.3526	-0.4130	-10.4422
-8.0645	-0.7688	-4.4886	-2.0567	-0.0898	-0.4509	-1.4761	-3.7604	-0.4172	-9.9689
-12.9514	-0.8817	-4.0144	-1.3843	-1.3013	-1.6861	-0.2209	-2.2118	-0.1841	-10.5734
-11.0128	-1.2933	-1.0069	0.1993	-1.8586	-2.8297	-1.8881	-3.7665	-0.5686	-11.9432
-7.9581	-0.7097	-3.3746	-0.6350	-0.4577	-1.4100	-2.0494	-2.2663	-1.7496	-7.5704
-9.5435	-0.6330	-3.4530	-1.4114	-0.5114	-1.5736	-3.8801	-2.6181	-1.3427	-12.2842
-7.9479	-0.3883	-4.0424	-1.4271	-0.5540	-1.4491	-2.2200	-2.7393	-1.3375	-9.9078
-11.7553	-1.0515	-5.2765	-0.7222	-1.5237	-3.1924	0.0247	-3.5786	-1.1391	-8.5012
-17.9692	1.0013	-2.7563	-0.2627	-0.5011	-1.2053	-2.4483	-3.7376	-0.7765	-10.4617
-6.2840	-0.5300	-4.9029	-2.4208	-3.0932	-3.1593	-0.5400	-3.8755	-0.3508	-6.1664
-9.1343	-1.4903	-2.9224	-0.5013	-0.9218	-1.6345	-1.4476	-2.9375	-2.9118	-10.0278
-9.5168	-1.1803	-4.4050	-0.4950	0.0326	-1.8829	-1.0176	-0.9354	-1.4033	-10.7030
-11.8954	-0.5193	-3.9230	-1.0425	-1.5149	-2.0875	-2.7372	-3.6621	-1.6166	-6.4002
-7.5304	-2.5095	-2.5557	-1.6078	-1.2145	-0.6268	-2.4648	-3.1741	-1.1476	-14.4735
-10.3100	-1.6429	-2.4804	-1.1811	-1.0356	-1.3908	-0.5585	-2.3669	-0.9302	-11.0848
-10.0210	-0.0666	-2.8862	-2.3060	-0.3795	-0.3789	-2.5684	-5.2779	0.2793	-11.2882
-11.2010	0.3957	-3.1565	-1.5249	-0.7702	-0.1605	-2.9758	-3.0284	-0.8890	-7.4654
-16.1944	0.7498	-5.1551	-2.2699	-1.9604	-2.3700	0.0433	-2.8055	-0.9911	-9.4127
-9.1753	-0.5276	-4.1450	-1.9269	-1.4249	-0.4274	-0.8213	-3.3371	-1.5837	-11.6810
-9.0237	-2.1462	-1.3718	-1.5109	-2.8682	-2.4284	-1.6968	-2.2109	-1.3691	-10.6472
-10.1561	-0.4036	-1.0829	-0.1633	-2.5251	-0.9551	-2.1765	-3.6146	-0.8709	-11.9338
-10.0095	-1.1097	-5.6038	-0.9276	-0.8272	-1.7545	-0.2699	-2.1351	-1.2733	-9.5750
-10.4805	-0.4046	-3.3743	-2.1585	-1.0312	-1.0282	-1.8635	-2.5206	0.6807	-12.3021
-10.0772	-1.2329	-1.9199	-0.9670	-1.9482	-1.2421	-0.9616	-2.3364	0.8786	-9.5485
-9.3788	-0.7440	-2.2300	-0.4919	-2.0172	-0.7182	-0.7282	-5.0062	-1.0475	-10.1239
-10.0843	-2.2313	-3.4057	-1.3016	-1.4103	-0.7481	-1.3621	-4.1787	-1.1361	-7.4432
-10.5532	-0.5790	-3.3522	-1.3643	-1.5825	-1.1122	-0.9126	-2.8604	-1.8610	-9.1287
-8.7788	-0.2361	-3.7069	-3.0597	-2.0549	-0.9872	-1.4368	-4.0640	0.9010	-10.6052
-9.3012	-0.5236	-2.9198	-2.4615	-1.5554	-2.1097	-2.9698	-3.7795	-0.6068	-9.8408
-11.0024	-0.4248	-2.0029	-1.8055	-2.2734	-0.9515	-1.3604	-2.0550	-1.9275	-7.1801
-9.2387	1.1253	-4.0232	-0.6897	-1.6790	-0.6580	-2.1341	-4.0963	-0.2766	-7.7129
-8.5826	-0.0609	-2.5788	-0.9871	-2.1545	-0.2316	-1.8791	-5.3705	0.0036	-12.0962
-9.7337	-0.5715	-4.2903	-1.0207	-0.9777	-1.4052	-1.7071	-3.8171	-0.7111	-9.2937
-9.4028	-0.1137	-1.8991	-0.8205	-1.6184	-1.4704	-2.9223	-4.1324	-1.8786	-11.1417
-8.0489	-0.3933	-2.5210	-1.3405	-0.3335	-1.3653	-2.8341	-3.4585	-1.4629	-8.3808
-7.4014	0.4793	-2.6360	-1.4133	-2.2940	-1.2269	-3.1672	-2.1614	-1.1646	-9.3879
-11.8194	-1.6313	-2.8704	-2.0938	-0.9861	-1.7924	-0.9646	-3.9753	-1.0307	-7.1794
-9.8219	-0.6225	-4.0192	-1.5559	-0.2859	-1.6867	-0.1101	-2.4780	-2.1680	-8.5758
-9.8756	-1.2250	-2.2396	-2.3668	-1.0330	-1.9624	-1.1840	-5.9894	0.9600	-12.6067
-11.2415	-0.3952	-2.1534	-0.3000	-1.2410	-0.7860	-2.1017	-3.6860	-1.6190	-11.7856
-11.2286	-0.7407	-2.2506	-1.8251	-2.4830	-1.6644	-3.2307	-4.2097	-0.8052	-8.2505
-9.1832	-2.3771	-2.4967	-0.3092	0.4714	-0.7660	-3.1552	-3.0299	-1.1570	-8.6466
-12.8601	-0.0243	-4.9374	-2.3688	-1.0665	-0.1263	-3.0758	-3.6699	-0.4346	-12.3489
-11.8086	-0.2029	-4.0685	-3.0708	-2.6494	-1.4425	-1.0321	-3.3785	-0.5250	-12.0190
-9.0744	-0.6578	-2.8448	-2.4657	-2.2259	-1.2765	-0.8395	-3.3833	-1.7217	-10.9315
-8.8961	-0.3236	-2.3951	-1.4856	-2.4410	-0.4516	-0.8727	-3.3748	-0.6259	-11.3939
-9.1881	-0.9718	-3.2604	-1.9939	-0.8775	-1.5406	-1.4752	-2.7458	-1.1981	-14.4226
-9.0984	-1.1424	-3.2699	-0.6705	-1.4298	-1.2497	-2.4039	-2.3023	-3.0279	-8.9793
-11.9609	-0.0595	-2.3190	-2.5814	-1.6261	-0.6995	-0.3781	-3.7234	-0.7136	-10.4516
-13.4533	-0.5727	-2.8415	-4.0314	-3.2542	-2.0794	-1.8384	-5.3101	0.1619	-15.4864
-8.2792	-1.3400	-2.8453	-2.3898	-1.1400	-1.4118	-1.6754	-3.6322	-0.6536	-8.4681
-7.9646	-1.1348	-3.7523	-1.5632	-1.8618	-0.6827	-0.6057	-4.3969	-1.0546	-7.7592
-8.9875	-0.3168	-4.3663	-0.1732	-0.7092	-3.1345	-1.9846	-3.7819	-0.8764	-10.9805
-13.5397	-1.9841	-2.8136	-1.7645	-1.5394	-0.8646	-0.3573	-2.8388	-1.8371	-10.0457
-10.8364	-0.8204	-1.5315	-2.4312	-1.9378	-1.0348	-0.2160	-2.2203	-1.3895	-10.8895
-6.9900	-1.9865	-5.2521	-2.7923	-0.8996	-1.8432	-0.3668	-1.8813	-1.1480	-8.0529
-10.7429	0.4148	-5.2771	-1.7483	-1.2856	-1.5865	-3.4138	-1.9295	-1.9275	-9.8058
-18.0555	-0.8954	-2.7651	-1.4280	-0.2026	-0.7821	-0.8227	-3.1783	-1.0558	-7.2268
-17.8101	-0.1386	-3.3427	-2.0004	-2.2493	-1.5313	-0.7672	-3.3157	0.1266	-12.9297
-9.3618	0.5841	-2.6079	-1.8225	-2.7542	-2.1395	0.3876	-0.9913	-0.3426	-10.5244
-11.7371	-2.3445	-3.6765	0.2408	0.0434	-0.7485	-2.8060	-5.6676	0.1908	-13.9725
-12.7064	-0.4345	-3.2602	-0.7130	-1.0496	-1.2669	-1.2967	-3.2748	-0.7162	-22.8465
-9.9550	-1.0404	-2.2113	-2.9541	-1.1319	-0.4486	-2.1455	-3.4280	-1.2605	-10.5035
-13.5139	-0.2603	-2.0512	-1.5832	-1.8462	-0.8456	-2.1782	-2.9677	-0.8175	-8.2421
-12.7062	-0.8900	-3.2399	-0.5663	-1.6211	-0.8634	-0.9321	-3.1357	-1.9467	-9.9893
-8.5552	-0.8258	-0.8751	-2.1773	-1.5177	-2.0964	-1.9190	-3.2713	-0.0492	-10.5706
-8.9694	-1.4477	-2.9697	-2.8668	-2.0178	-0.5732	-1.4910	-3.5590	-0.8169	-8.4184
-9.0097	-1.3686	-3.2380	-1.6454	-1.4990	-1.5834	-1.6774	-4.4032	-1.3237	-9.0176
-11.1155	-0.5730	-4.2296	-1.5325	-1.4996	-1.1169	-1.3649	-3.4963	0.3961	-11.2416
-9.6941	-1.2460	-2.2711	-2.0803	-2.3371	-0.7566	-0.3086	-3.1911	0.1462	-10.5672
-14.1624	-1.3429	-2.2402	-1.8469	-2.4888	-2.2795	-1.2963	-4.4557	-1.5245	-9.0179
-10.8557	-0.6012	-2.3911	-0.5480	-0.6299	-0.3604	-2.1082	-4.5577	-0.6125	-12.1132
-12.3869	0.4088	-5.1624	-2.4176	-1.3446	-1.9305	-0.4740	-2.9633	-0.5762	-13.4017
-9.9331	-1.3951	-3.3449	-0.6798	-2.3982	-0.8488	-1.7047	-6.2658	-0.7841	-8.3220
-7.9959	-2.3091	-3.5937	-2.2797	0.2199	-0.5211	-2.0082	-2.4158	-1.5041	-9.5458
-9.8965	-1.0035	-3.6339	-1.3571	-1.1192	-2.4514	-1.7770	-2.4773	0.2589	-13.5061
-11.8637	-1.0707	-3.0361	-1.0985	-0.3720	-1.4430	-2.3909	-3.2107	0.5695	-10.4901
-10.9275	-0.7875	-3.2128	-0.9842	-0.9985	-1.5922	-0.7268	-2.1417	-1.1820	-11.0404
-7.8591	-1.3610	-2.6040	-1.6471	-1.5251	-0.5517	-2.2708	-5.6045	0.3071	-11.0389
-9.4206	-1.2770	-4.4642	-1.3386	-0.8660	-1.1196	-0.6208	-2.4372	-0.3962	-7.3615
-14.3653	-0.6259	-4.7169	-2.3532	-1.5644	-1.8994	-0.9192	-4.2183	1.1338	-10.2661
-10.1209	-1.4189	-4.0100	-1.9899	-1.4873	0.4032	-0.1084	-3.1767	-1.1379	-7.9281
-9.8195	-0.5505	-2.4858	-1.8988	-0.7728	0.0850	-1.4641	-7.5290	-1.5728	-6.9686
-12.3013	0.0613	-2.3231	-1.9467	-0.7540	-0.1784	-2.5952	-5.3559	0.0075	-10.1849
-10.5414	-1.7462	-3.0419	-3.2306	-0.9949	-0.7034	-0.7093	-3.0242	-0.0690	-10.2447
-8.9482	-0.7068	-3.4473	-3.0890	-0.7937	0.8172	-0.8595	-3.5169	-0.3182	-9.7653
-8.8944	0.4607	-3.1199	-1.4870	-1.6095	-1.5431	-2.0886	-3.9576	-0.1294	-7.4483
-9.4369	-0.3277	-3.1273	-1.0612	-1.9726	-0.7986	-2.8161	-3.5804	-1.9975	-9.5744
-11.4657	-1.9001	-3.4817	-1.1454	0.5356	-1.4480	-1.5505	-3.2260	-0.2733	-6.7790
-9.6178	-1.5919	-3.5598	-1.0664	-1.5136	-2.1858	-1.2650	-3.1749	0.1284	-13.3047
-9.9638	0.5158	-4.3131	-1.7880	-0.9426	-1.4412	-1.9105	-2.9320	0.5164	-11.6641
-8.2465	0.2724	-3.7323	-0.9344	-2.4188	-0.8281	-1.8407	-2.1199	-0.5982	-14.5830
-9.3476	-1.1976	-1.9695	-0.6662	-0.6301	-0.4658	-1.9386	-4.0008	-1.1592	-11.6520
-9.5632	-1.8850	-1.8816	-1.4424	-1.4468	-0.7662	-2.5919	-3.5254	-0.4642	-9.0852
-8.4986	-0.5335	-4.1178	-0.5067	-2.5644	-1.5056	-0.6055	-5.3497	-0.9771	-12.0482
-9.0798	-2.4351	-2.5781	-0.8016	-0.7768	-1.9974	-1.7908	-2.5139	-2.0766	-10.5993
-9.6865	0.1146	-3.5776	-1.5190	-1.6128	-1.8260	-2.4116	-2.4634	-0.1581	-9.8228
-8.5030	-0.4710	-1.3673	-0.8745	-2.0702	-4.1890	-3.1200	-2.0237	-1.1360	-10.1057
-13.2587	-1.3219	-2.3066	-1.6607	-0.7074	-1.0969	-0.5558	-2.8283	-2.0594	-8.1298
-9.4961	-1.5020	-2.1212	-0.8628	-1.9266	-0.9326	-1.1730	-3.0560	-0.4991	-11.9073
-7.9103	0.5975	-4.4322	-2.4724	-3.3922	-0.5775	-1.8468	-3.7884	-1.3025	-13.6277
-11.7883	-0.9406	-2.5359	-2.2488	-1.7358	-0.6055	-1.8122	-4.3903	-0.0299	-8.7993
-9.0226	-0.2667	-2.7943	-1.3159	-1.0132	-1.3194	-1.4170	-1.6827	-0.2763	-12.1072
-10.5165	-2.6981	-2.4272	-2.5672	-0.8504	-1.5304	-1.0516	-1.3318	-0.3972	-10.6882
-11.8952	-1.4329	-1.3096	-1.2471	-1.5869	-0.4268	-0.6254	-3.1478	-0.4602	-9.7941
-14.5381	-1.1027	-3.3494	-2.1047	-1.2944	-1.5053	-0.5540	-3.7954	0.5228	-10.9593
-7.2470	-0.5125	-4.1990	-1.2316	-0.2890	-0.3165	-1.9895	-1.9555	-1.3943	-10.0162
-8.5211	-1.3357	-3.3245	-4.1605	-1.1467	-1.5515	-2.0884	-3.0576	0.3501	-8.0105
-11.7037	0.0394	-4.7328	-1.9401	-2.5325	-0.9842	-1.0392	-2.5054	0.2015	-8.8936
-7.9544	-2.1399	-2.6328	-1.6456	-0.6959	-1.9147	-1.4455	-3.7610	-0.5476	-8.7440
-10.8127	-1.7803	-3.8938	-0.6755	-1.9951	-1.5320	-2.1689	-4.1767	0.2796	-10.1363
-9.2337	-0.6324	-4.0441	-2.6007	0.3037	-0.5026	-2.1589	-4.3869	-0.3286	-6.4540
-9.8536	1.4235	-5.4965	-1.5101	-1.3434	-0.7809	-1.3737	-3.5576	-0.9820	-12.3527
-9.6058	-1.0365	-4.7550	-2.5766	-0.8214	-0.8945	-0.1860	-4.1499	0.3994	-8.2202
-6.4655	-2.5892	-3.5295	-2.3159	-0.2825	-1.1191	-1.6822	-3.5907	-0.9861	-14.0096
-11.4112	0.1358	-4.6959	-1.6859	-0.4467	-1.3173	-0.6304	-2.2173	-0.8940	-11.9256
-8.5007	-1.9274	-3.0828	-1.0469	-0.8165	-0.9743	-3.0462	-2.5889	-0.3580	-12.4508
-10.4409	-0.4307	-1.7661	-1.5062	-2.7504	-1.5371	-1.2808	-2.9284	-0.5440	-14.6927
-7.2791	0.7574	-3.1905	-1.3581	-1.6857	-2.5270	-0.5497	-3.4855	-0.5760	-15.6701
-7.0480	-0.7432	-3.8183	-0.9509	-1.1208	-2.2633	-2.1572	-3.4272	-2.2593	-11.6652
-11.5043	-0.5384	-4.7377	-2.0316	-0.1773	-1.7099	-0.7419	-4.4762	-0.1304	-10.7575
-10.1157	-1.9906	-3.7417	-2.3754	-2.8946	-0.7908	-1.2961	-5.1973	-0.5216	-7.5888
-9.4152	-0.9574	-4.1121	-2.4847	-1.4972	-2.3132	-1.0565	-2.7261	-0.9903	-7.4251
-8.6777	-0.3745	-5.5352	-0.9045	-1.1129	-1.3464	-0.5872	-2.7704	-0.7554	-8.5501
-12.4000	-1.3198	-3.1695	-0.9445	-0.5341	-2.8471	-1.5395	-2.8092	-1.6949	-12.0800
-12.6715	-1.7162	-3.1424	-3.7672	-0.5901	-0.5237	-0.8671	-0.9899	-0.2875	-10.0629
-7.2098	0.0278	-2.5120	-1.2152	-0.7760	-0.7136	-3.5255	-3.6872	-0.3555	-9.0951
-11.9614	1.0469	-3.6524	-1.5062	-1.0498	-1.1522	-0.8646	-3.1220	-0.8693	-9.2079
-9.1637	-0.9099	-2.7205	-0.1982	-1.6577	-1.0222	-2.1108	-2.6948	-1.1231	-13.9362
-10.7175	-2.0792	-2.8566	-1.1484	-0.5040	-2.0160	-1.6744	-3.2388	-1.4086	-9.3855
-10.0430	-1.5114	-6.3396	-2.4197	-2.2588	-1.6176	-1.4018	-2.3910	-0.8692	-9.4535
-10.1610	-1.9883	-2.9444	-1.1166	-0.2919	-0.6189	-0.7070	-2.8224	-0.1457	-11.3215
-10.3181	-0.5959	-2.6663	-1.7975	-0.1920	-1.1311	-2.3923	-3.2588	-0.6862	-10.4434
-8.1816	-2.9888	-3.1236	-1.1355	-0.4886	0.0484	-1.7459	-2.9345	-1.9427	-12.3237
-10.7859	-1.1297	-2.9842	-0.9192	-0.4969	-2.3379	-1.1623	-4.2871	1.0232	-10.5150
-7.4062	-1.2800	-2.7513	-0.9547	-1.5590	-1.4248	-1.3344	-4.7807	-1.6493	-6.7459
-9.0530	-0.2468	-3.5656	-2.3785	-0.7721	-0.2532	-2.0704	-4.0000	-1.0008	-9.7672
-8.1282	-2.3110	-2.3760	-1.6874	-0.1550	-2.2370	-2.0113	-3.4796	-0.1078	-9.0139
-8.6413	-0.0941	-4.0453	-0.3934	0.1075	-1.1524	-2.3870	-3.2379	-0.1641	-15.1996
-10.8979	-1.1191	-3.3693	-0.8192	-1.7297	-1.1173	-1.8528	-2.6400	-1.1408	-9.3640
-8.7606	0.4022	-4.0424	-2.8537	-1.2657	-1.5383	-2.4187	-5.4946	0.2448	-12.9504
-15.4952	-0.5516	-2.6329	-1.4238	-0.9952	-1.6722	-2.3027	-1.2989	-2.3025	-15.3392
-21.2327	0.5287	-1.3613	-2.3042	-1.5689	-1.7040	-2.0308	-2.2349	0.2715	-7.6143
-7.7280	-0.4291	-2.6949	-1.1663	-2.0283	-2.4138	-1.0592	-1.3073	-1.2370	-7.3199
-12.5759	-1.0033	-2.3894	-1.5687	-1.3873	-0.3195	-4.1338	-1.4151	-0.4197	-9.8502
-16.6972	-0.7086	-3.9116	-1.3248	-0.6611	-1.6857	-2.1459	-2.7423	-1.5144	-9.2343
-11.0457	-0.0502	-3.1581	-0.2188	-2.4400	-1.5578	-1.9729	-3.2992	0.2514	-9.0319
-10.3455	-1.1235	-3.0339	-2.5667	-1.5060	-1.4449	-0.5360	-3.7774	-1.1219	-7.9939
-7.7155	-1.0667	-1.6941	-2.5071	-1.2468	-1.9916	-1.0195	-1.9687	0.1310	-11.9786
-12.4540	-0.7325	-2.0542	-1.1253	-2.4666	-0.3028	-1.4669	-4.6327	-0.2059	-12.4576
-9.8607	-0.8801	-4.6347	0.0251	-0.9341	-0.7119	-0.8922	-6.0392	-0.4942	-7.6861
-15.9810	-0.3577	-4.2268	-0.5796	-2.0736	-3.4252	-0.6940	-3.4516	0.1739	-10.1328
-11.9780	0.5805	-3.8193	-2.6807	-2.6901	-1.0869	-0.4561	-4.3338	-0.4708	-10.7406
-10.4719	-1.7376	-2.2220	-2.3346	-1.0498	-0.7977	-1.6010	-2.1175	0.1016	-11.9194
-8.2993	0.2869	-5.4506	-0.5247	-0.8712	-2.0784	-1.5480	-3.9821	1.1814	-12.6076
-13.5944	-1.4914	-3.4643	-3.1014	-0.5861	-0.5742	-1.0474	-2.2376	-0.7665	-14.7018
-17.3346	-1.7532	-1.8944	-2.1620	-2.6239	-0.0021	-1.1314	-4.7841	-2.1478	-11.0263
-13.9320	-0.6565	-2.4318	-1.0560	-2.0239	-0.8255	-1.8762	-5.2911	-1.6039	-11.9502
-9.9378	-0.6757	-0.8471	-0.1786	-1.8188	-3.7450	-2.0896	-2.1930	-0.7147	-5.2209
-12.3944	-0.9612	-3.8744	-1.4425	0.0362	-1.3497	-2.6360	-1.9473	-0.1774	-9.8223
-16.8687	0.8711	-3.3309	-2.0462	-1.8282	-2.3532	-1.2856	-2.2587	1.1267	-11.1913
-7.4407	-2.3074	-2.1024	-0.3909	-2.4128	-1.5807	-0.7789	-2.4409	-1.6251	-10.8106
-10.3312	-0.7795	-4.5162	-1.1386	-2.4188	-1.9840	-0.6301	-4.7923	-0.2721	-10.2200
-13.9847	0.4451	-3.4849	-1.1486	-1.4466	-2.3139	-2.2029	-1.7117	-1.4637	-11.5503
-7.8967	0.2044	-5.8960	-1.6001	-1.3372	-1.4011	-1.4754	-0.8723	-1.5374	-11.3767
-10.5986	-1.0068	-4.3033	-2.2229	-1.5047	-1.2962	-1.4056	-3.0346	-0.8398	-9.4030
-9.7402	-0.9666	-4.6394	-1.7271	-1.3450	-0.7051	-1.5121	-2.4131	-1.3135	-11.5147
-6.8398	-1.3585	-2.2247	-1.4957	-1.4759	-0.6783	-2.1852	-5.9072	-1.3706	-11.5361
-7.5261	-0.9355	-2.3167	-1.8749	-1.9818	-1.3902	-1.0571	-5.0665	-0.4569	-6.1181
-9.8291	-0.8046	-3.1480	-1.9974	-1.4737	-3.1446	-1.7613	-2.1390	-1.0140	-12.5698
-9.3760	-1.3708	-1.6603	-0.9371	-1.0883	0.2637	-2.1527	-2.9573	-1.5721	-15.6385
-17.8996	-0.2287	-4.2647	-0.1923	-0.0009	-2.4754	-1.5880	-3.8396	-1.5212	-9.1789
-11.7646	-0.7126	-2.7735	-1.4991	-1.6040	-1.3991	-0.1060	-1.9703	-0.9382	-10.1183
-10.6215	-0.0399	-2.9758	-1.9999	-2.3146	-1.8574	-1.5106	-2.2767	-0.4675	-10.1594
-9.6799	-0.0218	-3.1452	-2.1855	-1.7961	-0.7809	-2.3924	-3.7803	-0.9439	-9.2036
-10.4787	-0.7114	-3.1450	-1.2795	-0.0753	-1.0212	-1.5782	-2.1765	-0.5421	-11.1244
-12.7585	0.1601	-3.0377	-1.5191	-2.3942	-2.9767	-2.7934	-4.6814	0.4598	-11.9545
-13.1134	-1.2941	-2.9681	-2.7698	-1.0688	-0.1321	-1.2290	-2.7596	-1.1959	-14.9816
-13.1294	-2.4423	-4.8470	-1.3487	-1.1657	-1.5022	-0.2779	-3.0850	-0.7942	-6.0247
-12.6555	-0.3044	-5.0938	-1.0995	-1.4232	-2.2658	-0.9059	-3.8243	-0.8126	-8.0356
-13.5450	-2.4715	-4.7987	-2.3725	-0.9492	-0.8968	-0.8854	-3.1582	0.0706	-10.7870
-11.8159	0.1465	-4.0392	-1.1453	0.3814	-1.0780	-2.7795	-2.6261	-1.2142	-13.6927
-11.9368	-0.3200	-5.4011	-2.1848	-0.9432	-0.6519	-1.0514	-2.3477	-1.0702	-10.0007
-14.0930	0.9029	-4.7934	-3.0792	-1.2700	-2.8092	-1.4536	-5.1586	0.3248	-7.1889
-6.8794	-0.9785	-1.4393	0.0946	-0.8019	-0.9117	-1.5806	-3.5695	0.8376	-10.5934
-12.2204	-0.8396	-3.2223	-2.1372	-1.1134	-0.4240	-1.2901	-1.9832	-0.7297	-12.3427
-12.1608	-0.2231	-3.7318	-1.8408	-1.5052	-0.6192	-1.8726	-2.5311	-0.7783	-9.1097
-8.6486	-1.7753	-2.4240	-2.1411	0.3592	-2.0740	-1.8715	-2.8868	0.0721	-9.6479
-7.5952	-1.9385	-2.1144	-1.3602	-1.5001	-0.5253	-1.0679	-3.0311	-0.5203	-7.5469
-9.8028	0.3949	-4.4147	-2.3631	-1.6786	-0.2375	-1.0934	-3.8881	0.1664	-7.4616
-12.1239	0.7804	-3.3100	-2.6682	-1.4697	-0.1855	-1.6230	-3.8048	-0.8670	-10.6475
-6.5180	0.5023	-1.9907	-1.3682	-1.5928	-0.9263	-2.0242	-3.2851	-1.1559	-8.5133
-11.1178	0.0159	-5.5322	-2.2320	0.0094	-0.5989	-1.8311	-2.6380	0.5018	-7.7860
-9.9615	-1.4245	-2.7753	-1.5957	-3.0366	-2.4944	-1.5301	-2.3151	-1.0800	-15.2576
-8.9454	-0.9071	-4.1107	-1.8218	-1.2926	-0.8564	-1.0445	-5.9579	-0.8586	-8.7615
-9.4640	0.3904	-3.2633	-1.5631	-0.3408	-1.6466	-2.1318	-2.7651	-0.7316	-8.1799
-11.0128	-1.9876	-2.7326	-1.8564	-0.7064	-1.2415	-1.5083	-2.2328	-1.3233	-13.2944
-13.2200	-0.1560	-3.5107	-1.6094	0.3606	-1.7438	-0.8070	-2.0544	-1.2650	-7.7407
-9.7890	0.2389	-5.2443	-2.8422	-0.1693	-1.1541	-1.9797	-3.6468	-0.6610	-9.3792
-11.3981	-1.2769	-4.3837	-0.7109	-1.4272	-0.6947	-0.9386	-2.3068	-0.9242	-9.9902
-11.8879	-0.7804	-3.8907	-2.7073	-1.1205	-0.3253	-1.9399	-3.3083	-1.3743	-16.0777
-11.8748	-1.6771	-3.2673	-1.2861	-1.7542	-1.0749	-0.3870	-4.0513	-1.6051	-14.0584
-12.8284	-0.1955	-2.4441	0.1817	-1.3985	-2.0186	-1.9830	-2.7234	-2.1936	-13.7447
-6.2592	-1.3661	-4.7556	-2.8425	-2.7030	-0.3664	-0.4587	-2.6140	-2.5252	-13.4169
-9.3779	-0.3460	-4.1003	-1.9752	-0.7793	-2.1584	-2.7026	-2.0708	-1.1925	-10.8172
-8.9660	-0.3705	-4.0329	-0.4611	0.3371	0.0071	-1.8273	-3.8282	-1.6127	-13.8779
-12.3856	-2.1029	-3.0848	-1.9239	-0.9362	-0.4076	-0.2987	-3.9530	-1.6557	-9.0004
-12.0040	-0.5955	-2.9795	-1.3843	-0.7652	-0.8647	-1.1386	-2.4064	-1.3821	-12.0061
-8.2531	0.1504	-0.7544	0.0526	-3.0486	-1.9633	-2.2217	-3.7110	-0.9511	-13.3816
-12.9981	-0.8000	-3.0227	-1.6231	-1.3748	-0.9253	-2.0260	-4.6599	-0.2597	-8.1046
-8.0693	-2.2269	-4.0834	-1.1197	-1.8407	-0.8952	-1.8298	-3.2919	-0.6059	-8.9334
-7.3987	-0.4342	-1.9192	-1.6019	-2.0676	-1.8304	-1.9927	-4.1963	0.0027	-10.1576
-10.0097	-0.9246	-5.0638	-2.7530	-1.0958	-0.6770	0.0153	-2.8233	-1.4142	-13.1585
-9.2306	-0.1837	-2.0940	-2.1341	-1.8838	-3.0096	-1.8052	-2.7478	0.7032	-13.1340
-11.5487	-0.3652	-4.2584	-1.6185	-1.0079	-1.9092	-1.1503	-2.7334	0.1181	-7.6878
-8.2080	0.0742	-5.2646	-1.8126	-2.7498	-1.3660	-2.3677	-3.7693	-2.6417	-11.5604
-8.3906	-1.2721	-4.1848	-1.2934	-0.8615	-1.1526	-0.7861	-4.4429	-0.7094	-7.6970
-9.5742	0.0763	-4.2467	-1.6314	-0.6708	-1.6098	-2.2739	-3.4278	-1.0170	-6.1410
-7.4062	-1.1781	-3.8863	-0.9791	-0.6710	-0.4100	-2.5699	-4.6238	-2.0783	-8.1935
-8.8541	-0.4033	-5.1982	-2.3339	-0.5207	-1.9081	-2.6736	-3.8565	0.3632	-8.6230
-6.6732	-0.2561	-4.0729	-0.4190	-1.2773	-1.1779	-2.0433	-2.9329	-2.4329	-7.0758
-7.0532	-1.2210	-3.7629	-1.3108	-2.9348	-1.1834	-0.4258	-3.8839	-1.0074	-7.7029
-11.1040	0.8610	-3.6721	-2.0568	-2.6597	-1.6812	-3.2947	-2.1715	-1.1327	-12.0890
-9.6251	-1.2931	-2.5019	-0.9420	-2.4292	-2.7615	-1.0436	-3.1353	-1.3549	-9.8688
-9.4271	-0.9485	-3.4563	-1.7563	-1.8057	-0.9739	-1.5772	-3.1618	-0.6414	-9.3732
-11.2189	-0.1340	-2.6902	-1.0758	-0.8851	-1.8299	-1.6996	-1.9421	-1.3618	-13.6496
-11.6846	-2.5045	-4.6989	-1.5339	-0.5019	-1.3241	-2.4138	-4.1323	-1.9664	-10.1048
-7.9207	-1.1816	-3.1573	-1.2132	-2.1374	-1.6860	-1.2460	-4.6231	-2.1312	-6.8242
-8.4371	-0.9451	-1.5955	-0.2675	-2.0107	-1.6783	-1.1907	-4.4050	-0.9461	-7.4935
-11.7661	-1.6267	-2.8747	-0.9175	-0.2369	-1.1905	-2.9134	-3.1785	-2.1883	-13.0394
-11.5946	-1.2141	-4.1294	-1.2378	-1.4326	-1.7130	-0.3107	-4.2314	-0.1240	-10.2594
-7.6078	-0.0667	-1.3813	-0.8807	-2.0689	-0.2223	-1.1232	-4.1277	-1.5312	-14.4763
-6.7343	-0.7960	-5.0058	-1.3917	-0.8426	-3.5103	-0.5747	-1.7853	-0.3586	-7.5600
-9.8815	0.3468	-3.6084	-2.2173	-1.5702	-0.9232	-1.3090	-2.5190	-1.5562	-9.2954
-11.2820	0.4052	-2.1789	-0.3307	-2.6364	-1.2607	-1.4564	-3.9620	-1.2451	-10.8835
-14.5644	0.2771	-4.2582	-0.8350	-1.1802	-0.5315	-2.4370	-2.8886	-0.2057	-15.0944
-8.7867	-1.6400	-2.2607	-1.2955	-0.2533	-0.5304	-0.8309	-3.9347	-0.9018	-10.6665
-7.9490	-0.3997	-2.9984	-0.9146	-2.5787	-0.4912	-1.8373	-3.0378	-0.7990	-12.3442
-12.3808	-1.5049	-2.6068	-2.1245	-1.6958	-0.5184	-2.8035	-2.6493	-2.4594	-13.7141
-13.0101	0.0518	-4.1599	-1.8723	-1.3100	0.2176	-2.0583	-4.0251	-0.4299	-6.9926
-11.3886	-1.1058	-3.4841	-1.3249	-0.4254	-1.1819	-1.4402	-4.3768	-0.6587	-9.9777
-7.2835	-1.6640	-3.2109	-2.1524	-1.2476	-1.9355	-2.6023	-2.7320	-1.4343	-10.4755
-8.3800	0.6092	-1.0437	-1.1545	-2.1636	-1.0324	-2.5220	-2.4495	-2.0394	-9.1418
-8.6707	-1.4081	-1.8738	-1.3545	-1.9888	-0.9927	-0.6898	-4.3306	-0.8331	-6.8183
-9.4477	-1.0318	-2.6042	-1.8632	-1.5726	-1.9013	-1.1624	-2.8444	-0.6424	-9.0541
-11.4408	-0.2475	-3.1630	-1.2963	-2.3188	-0.8738	-1.3780	-3.4730	0.4071	-11.4270
-8.1909	-0.8077	-2.0593	-0.7359	-2.0044	-0.5424	-1.0828	-2.6391	-2.0187	-6.9114
-11.0032	-0.3549	-4.1688	-1.9383	-1.2692	-1.0965	-1.1805	-2.2997	-1.6431	-11.7088
-8.3775	-2.2021	-2.5949	-0.9637	-0.1381	-1.5352	-2.7059	-3.5887	-1.3581	-9.9718
-14.8857	-1.2625	-2.1419	-0.4688	-0.7259	-1.6760	-2.4449	-3.6282	0.4115	-14.0357
-11.3671	0.1474	-3.1629	0.0229	-1.7779	-1.6086	-1.1602	-3.9911	-0.2686	-13.8796
-13.0896	-1.1579	-3.4544	-3.7159	-0.4453	0.0571	-2.1946	-2.7323	-0.3860	-9.4101
-11.2790	-0.6746	-3.2697	-1.9474	-1.9057	-0.4903	-3.3774	-3.2573	-1.1635	-11.6416
-8.2438	-0.6910	-4.1612	-1.6378	-0.0986	-2.5679	-2.3330	-3.2987	0.0942	-9.2114
-8.2318	0.8341	-3.2763	-1.2488	-1.0741	-1.6904	-2.2371	-3.1636	-1.5506	-16.3190
-8.7568	0.2794	-3.2044	-1.1077	-1.1698	-1.6928	-3.4288	-2.6890	-0.6810	-9.4001
-9.1995	-2.3370	-2.4046	-1.8807	-1.0318	-0.6642	-1.3630	-3.0446	-1.7647	-10.1652
-12.8523	-0.7917	-3.2472	-0.8716	-1.2804	-1.8900	-2.0655	-4.4402	-0.3093	-10.9938
-6.8866	-0.8036	-2.8379	-1.4682	-2.8193	-2.3423	-1.4079	-3.5790	-0.5983	-9.4355
-6.4590	-0.6127	-2.7887	0.3463	-1.6575	-0.9539	-0.4594	-3.8301	-0.4853	-8.5726
-13.5747	0.1304	-1.6150	-1.4638	-1.3330	-1.3663	-3.0136	-4.1447	0.0944	-6.2780
-9.6667	-0.1046	-1.9489	-2.8152	-1.4014	-0.6251	-2.0523	-5.1074	-0.0288	-11.1200
-8.7511	-0.9906	-2.9636	-2.6409	-1.2636	-0.8699	-0.7736	-3.4671	-0.5854	-9.2481
-10.2243	0.1209	-4.0859	-3.2826	-0.6984	-0.0498	-1.6416	-3.6337	-1.2493	-9.9359
-9.7006	-1.4022	-2.3390	-2.0992	-2.7994	-2.0940	-1.5989	-2.3571	-0.5485	-8.9463
-10.9568	-0.8211	-4.2787	-0.8523	-1.2234	-1.1339	-2.8795	-2.5848	-0.9435	-13.4249
-5.2862	-0.4911	-3.3167	-0.5217	-2.2689	-1.5915	-2.7670	-3.6311	-0.0690	-9.1336
-14.0674	-0.3502	-3.0045	-1.9249	-1.5603	-0.7907	-2.6201	-5.0709	-1.3232	-9.3423
-7.9434	-2.1140	-3.8845	-1.8001	-0.2007	-1.6112	-1.6462	-2.9986	-0.3785	-8.5108
-13.3360	0.0903	-2.9985	-2.6109	-1.9382	-0.6753	-1.9202	-4.2027	-0.5351	-12.6059
-10.6590	-1.2359	-3.8700	-0.2915	-0.9819	-0.6069	-1.1267	-3.8727	-1.0763	-12.3752
-12.7520	-1.6562	-2.7684	-0.3524	-1.0874	-1.4289	-0.1464	-2.9206	-2.2612	-11.8197
-9.1536	-0.6796	-2.3997	-0.8378	-1.6421	-0.6707	-2.8173	-4.9653	0.0005	-10.2646
-9.7233	-0.4188	-4.0549	-1.3326	-2.1611	-2.9084	-2.0730	-3.4617	-1.1050	-10.4079
-9.3538	-0.6023	-3.8900	-2.1030	-1.3870	-0.9102	-1.3476	-5.7856	-0.4495	-11.0335
-11.7585	-1.1879	-3.0295	-1.8311	-1.1069	-1.7778	-1.2031	-3.5188	-0.5215	-12.3076
-10.4752	-1.5640	-3.8493	-0.7746	-1.9910	-1.1075	-0.6446	-2.3035	-0.5454	-11.0559
-13.8602	-0.9859	-2.6136	-1.1620	-2.0140	-3.7015	-1.3677	-2.2230	-1.3651	-14.5061
-10.4695	-1.4553	-2.0935	-1.7548	-1.6751	-1.4722	-2.5728	-4.3381	-1.8894	-9.7195
-12.1323	-0.6157	-4.2581	-2.3710	-1.2418	-1.6139	-1.5355	-2.3395	-0.7240	-6.2799
-8.8081	-0.0598	-3.7894	-1.1213	-1.7605	-0.9636	-3.0129	-3.5692	0.4273	-14.7233
-12.3227	-0.0474	-2.1521	-2.4332	-4.0632	-1.0708	-1.9174	-3.9905	-0.7070	-11.2876
-13.0126	-2.2588	-2.7906	-2.1086	-0.1368	-0.5769	0.0538	-1.9284	-0.7723	-9.0254
-9.8055	-1.0397	-3.2965	-2.3755	-1.9108	-0.5708	-1.5943	-3.6957	-1.8327	-8.0539
-9.8739	0.7916	-2.4234	-1.0718	-1.4423	-2.3696	-2.6096	-4.7216	-0.8265	-10.2102
-15.2241	-1.4348	-3.8780	-2.3939	-0.4240	-1.2687	-2.7070	-3.5191	-1.7955	-5.7362
-10.5232	0.0247	-2.6940	-2.0298	-2.6355	-2.5519	-1.9029	-2.7462	-1.2901	-8.4182
-8.7606	-2.3535	-1.8370	-1.9832	-1.3427	-1.3198	-1.7151	-2.0272	-1.1846	-17.7663
-7.4536	-0.8918	-3.8162	-2.3776	0.1253	-0.2959	-3.4887	-4.0335	-0.8659	-10.2014
-8.7789	-0.1955	-4.9427	-1.1443	-0.6619	-1.3962	-1.9828	-4.2340	-1.1192	-8.7988
-9.5437	0.1177	-3.4169	-1.4286	-0.2565	-0.1191	-3.0740	-3.7979	-1.1241	-11.3987
-10.1903	-0.7549	-2.8712	-0.8314	-2.2096	-1.9596	-0.9959	-3.9679	-0.2071	-8.3310
-11.8286	-0.7933	-4.0957	-2.3038	-2.2247	-0.8279	-0.4723	-2.6918	0.4874	-9.4070
-10.4318	-0.4308	-3.5798	-0.6330	-0.8315	-2.3931	-1.6541	-3.6872	-1.5590	-9.5603
-7.9364	0.6993	-1.3619	-1.2778	-2.8084	-1.8587	-2.5212	-2.3110	-1.8430	-9.7860
-11.1573	0.1310	-5.1780	-1.6204	-1.6921	-1.1893	-2.3188	-3.0253	-1.0276	-10.5321
-11.6325	-0.4771	-2.0259	-1.4889	-2.0988	-1.8502	-0.7262	-2.5932	-0.7867	-12.1037
-9.0544	-0.4674	-1.9369	-1.5550	-1.9171	-0.8758	-2.0491	-3.9833	-1.5121	-10.2088
-10.5378	-0.2901	-2.6251	-1.4919	-4.0142	-2.2424	-1.7564	-3.0606	-0.9860	-10.4839
-10.2278	-0.9853	-3.6201	-2.1243	0.0844	-1.3740	-3.0057	-2.5616	-1.1012	-10.2023
-13.6442	-2.2637	-1.5916	-1.3343	-2.1753	-1.0586	-0.7846	-2.7242	-0.7392	-11.8446
-9.1343	-0.4687	-3.1343	-3.0368	-0.6235	-0.6603	-3.4867	-2.2350	-0.8369	-11.4071
-14.1626	1.0647	-3.1279	-0.5415	-2.1836	-1.9578	-1.1892	-3.8827	-0.3233	-11.9356
-11.8276	0.4619	-4.1268	-1.7420	-3.1385	-1.3174	0.9056	-2.1334	0.5642	-11.0358
-9.0834	-0.6944	-3.2834	-1.2058	-1.8521	-2.1415	-1.9077	-3.9310	-0.4880	-10.0541
-8.9483	-1.0046	-2.6303	-1.8453	-0.8909	-0.8406	-2.4108	-4.0695	-1.1863	-8.2030
-12.2954	-1.2618	-3.8205	-2.0131	-3.4049	-1.8818	-2.1121	-2.4328	-0.9701	-9.7280
-6.9120	0.8662	-3.5180	-1.8718	-2.7953	-0.8999	-0.9927	-5.7156	-0.6307	-23.0375
-10.7941	-1.6381	-2.1757	-0.8022	-1.4350	-1.1363	-0.9116	-3.7285	0.1169	-9.4911
-15.5231	-0.7837	-3.0098	-1.6839	-1.0238	-2.1049	-2.1348	-2.7164	-0.8350	-8.8913
-11.8804	0.4803	-2.3448	-1.2755	-1.8581	-1.2305	-2.3554	-5.0108	-1.1978	-9.7210
-6.0743	-2.6586	-2.1575	-1.2911	-0.5498	0.1316	-1.0734	-2.7483	-1.3268	-15.1738
-8.9966	-0.4780	-3.1403	-1.8137	-2.1995	-2.3396	-1.6479	-6.0080	-0.9258	-7.0999
-11.6219	-0.0177	-2.4127	-1.7454	-1.2579	-0.8326	-2.8977	-2.1303	-2.1061	-9.9314
-10.1055	-0.9095	-3.9143	-1.4104	-0.9827	-2.6582	-0.8785	-2.7279	-0.9048	-9.0892
-9.0776	0.1414	-1.6149	-0.7637	-3.8157	-1.1342	-1.4494	-3.6949	-0.7201	-14.3523
-7.3569	-0.7421	-3.4235	-1.9044	-0.8361	-1.8009	-1.3102	-1.8005	-1.2902	-8.5808
-10.3135	-1.4414	-3.5701	-2.7448	-0.8466	-1.3582	0.0486	-1.3129	-2.0694	-10.9720
-10.6541	-2.6848	-3.5870	-1.0460	-1.1997	-1.5982	-1.5280	-2.4926	-2.5143	-7.9854
-8.2616	-0.5181	-2.7443	-2.0143	-1.6437	-2.9690	-0.7012	-2.5933	0.4602	-11.9121
-11.0713	-1.3537	-3.7716	-1.3309	-0.6176	-0.2272	-0.5482	-3.7251	-0.8348	-8.5556
-9.6450	0.0386	-4.3435	-1.5950	-2.6932	-2.5416	-1.1646	-2.3115	-2.1387	-11.1028
-5.7024	-0.4979	-3.1448	-1.9860	-1.2009	-0.5304	-2.4727	-4.0344	-0.3812	-9.4145
-16.1339	-1.3967	-3.4462	-2.4298	-0.7621	0.6595	-1.5822	-3.2515	-1.8814	-17.0906
-8.4995	0.0906	-3.6677	-0.9863	-2.5658	-1.3344	-1.5313	-4.3479	-1.5862	-12.2358
-11.5304	-0.0568	-2.2028	-2.1346	-1.7360	-1.0938	-2.5086	-1.6331	0.3077	-17.3432
-11.8077	-0.2302	-2.6824	-1.3124	-0.2692	-1.1149	-2.1784	-4.9634	-0.2215	-8.6808
-10.3567	-0.1665	-2.2990	-1.6258	-0.9576	-2.3544	-1.9146	-3.3194	-0.7045	-9.9638
-13.4812	-0.4263	-3.0805	-2.1097	-1.7602	-1.5534	-1.1901	-1.7624	-1.2538	-11.2495
-10.5475	-1.3988	-4.5453	-1.8930	-0.1887	-0.7737	-3.2983	-4.2427	-1.9662	-10.7677
-8.8651	-0.5455	-3.5282	-0.7559	-1.2167	-1.0566	-2.7173	-3.9805	-1.5790	-8.3031
-8.2438	-0.8751	-3.2155	-1.8249	-2.3515	-0.8250	-1.6664	-3.4370	0.9072	-11.2708
-9.3962	-0.9803	-5.4335	-2.1872	-0.2109	-0.2049	-1.6275	-3.7524	-0.7808	-8.4061
-17.3349	-1.9474	-2.9812	-2.1301	-0.4896	-1.0368	-2.5446	-2.1123	-0.8078	-14.3437
-11.4888	0.3453	-2.5936	-2.1404	-1.6489	-0.5501	-1.1739	-3.1045	-0.0860	-8.9929
-10.2252	-1.5491	-2.1250	-1.2984	-2.7133	-2.8905	-0.9838	-2.4578	-0.0028	-12.8508
-11.8249	-1.0401	-1.7509	-1.3185	-2.0196	-2.4805	-1.9520	-3.0068	-1.6916	-8.4651
-12.0490	0.0311	-2.9224	-1.5131	-1.3506	-0.9190	0.0257	-4.8398	0.2123	-10.2951
-12.9194	-1.4370	-6.4882	-3.0977	-0.8161	-0.5470	-0.6627	-3.1235	-0.2395	-8.4941
-11.7515	-1.2686	-4.6368	-2.7657	-0.2048	-1.0191	-1.2018	-2.3977	-0.8057	-10.4330
-8.8312	-0.7727	-2.5708	-1.7449	-1.7448	-1.2228	-1.3546	-2.5118	-0.9526	-8.5004
-11.4453	-0.9812	-4.4453	0.1075	-0.5418	-1.2616	-1.1645	-3.4990	-0.0610	-10.1634
-20.1892	-1.0431	-4.9741	-2.0757	-0.8035	-1.2369	-0.9182	-3.0594	-0.3479	-13.5108
-13.2639	-0.8095	-2.9198	-2.8434	-2.5554	-2.4466	-1.7815	-2.7770	-0.8614	-9.4000
-9.4780	-0.8796	-4.0930	-1.7230	-0.6559	-2.5142	-0.3748	-3.3927	-0.0177	-9.0872
-14.0378	-1.9227	-4.0131	-1.6819	-1.7021	-1.3200	-1.7511	-5.0612	-0.4873	-13.2882
-12.1589	-1.8331	-3.2924	-2.8565	-0.5649	-0.8142	-1.7850	-2.1780	-0.4968	-9.2976
-8.4078	-0.7519	-2.0655	-1.7049	-0.6096	-1.4908	-1.9777	-3.1266	-2.2686	-7.4741
-9.8438	-1.4125	-6.1942	-2.6664	-1.3868	0.0181	0.3742	-2.3589	-1.4243	-13.7125
-13.0413	-0.1924	-3.7120	-3.8978	-0.2658	-0.6512	-3.0080	-3.0690	-1.1532	-8.2830
-9.0576	-0.1452	-0.4292	-2.9524	-1.6322	-2.4216	-2.7316	-3.1474	-0.5200	-13.8066
-11.4118	-0.4733	-2.6287	-1.6930	-1.1786	-2.1146	-1.7086	-3.4371	0.5690	-7.5602
-12.9645	-0.6313	-1.9249	-1.5033	-2.3646	-0.4802	-0.1935	-3.3328	-1.2917	-11.4560
-8.1211	-0.7446	-3.6224	-3.5528	-1.4404	-0.9787	-2.3480	-3.3674	-0.1892	-10.7417
-14.9394	-1.3647	-3.5776	-0.9849	-0.3649	-2.9043	-0.8483	-2.0760	-0.1207	-13.9853
-9.4152	-0.4252	-1.5895	-0.7759	-0.7862	-2.2637	-1.7942	-2.5006	-1.1583	-7.3680
-8.7637	0.4889	-4.6795	-1.0265	-0.5426	-1.4289	-1.6592	-3.8747	-0.8936	-11.4838
-7.1842	-1.8064	-3.1625	-2.8657	-2.1354	-2.0840	-1.7321	-1.8818	-0.3227	-8.0633
-8.9765	-0.8690	-2.7501	-1.2577	-1.6223	0.1829	-2.2785	-3.4383	-2.8026	-10.3053
-11.1211	-0.6058	-4.8682	-0.1605	-2.3253	-2.9336	-1.3183	-2.0124	-0.2726	-10.0965
-12.2013	-2.7491	-3.2055	-1.2869	-1.2853	-1.8123	-0.3606	-4.2353	-2.4185	-11.8152
-8.6954	-0.2361	-3.5643	-1.5210	-2.1133	-1.9500	-1.4370	-3.5755	-0.5681	-10.3461
-9.4225	-1.4753	-2.5931	-1.4049	-2.4738	-1.5271	-0.2974	-4.4893	-1.3978	-9.1011
-13.1220	-0.4823	-4.3169	-2.0857	-1.1628	-2.4176	-2.2080	-3.1963	1.0775	-11.9579
-10.2835	-0.6989	-4.3996	-2.8728	-1.0035	-1.5572	-1.1131	-2.0147	-1.2560	-11.2086
-9.1678	-1.7808	-3.7406	-1.1160	-0.7887	-1.4737	-1.7447	-1.8359	-1.3535	-10.2656
-11.5437	-1.1527	-2.3598	-0.7007	-0.5274	-1.4133	-4.0502	-3.8746	-0.5758	-12.8658
-8.5535	-1.8263	-2.4995	-2.1855	-0.5059	-0.0691	-2.4726	-3.6438	-2.9817	-8.4372
-8.7527	0.2109	-3.3186	-0.9700	-2.3661	-1.2824	-2.3196	-1.4120	-1.0150	-14.3474
-8.2363	-0.2532	-3.3242	-3.0774	-1.4432	-0.2924	-2.9473	-3.5773	-1.6557	-10.0781
-8.5917	-0.7150	-1.7363	-0.9545	-1.9662	-1.1586	-2.1528	-2.8056	-0.9458	-7.6386
-14.3865	-2.2849	-1.7837	-1.2759	-1.3929	-2.7813	-1.5148	-3.3408	-0.4404	-8.2650
-8.2138	-0.5335	-3.5739	-1.2502	-1.0788	-0.4936	-0.8670	-3.4573	-0.5806	-13.2345
-11.8408	-0.8641	-3.6270	-1.4133	-1.5817	-1.5021	-1.5373	-2.8764	-1.5516	-9.5630
-6.5404	-0.0445	-3.5123	-1.7276	-0.4744	-0.3908	-1.8598	-3.9424	-1.8658	-10.6571
-11.1057	-0.5516	-5.9818	-3.1097	-1.8795	-0.9516	-0.1458	-3.3240	-0.1762	-9.7123
-9.1994	0.0781	-3.9837	-1.9564	-0.6928	-2.6011	-2.9955	-2.9878	-0.6887	-8.9579
-10.4409	-1.6665	-3.0428	-0.8861	-2.9097	-2.3447	-1.7808	-3.7500	-0.4462	-10.9177
-11.2906	-1.2560	-4.7814	-2.7860	-0.7869	-2.8892	-1.1507	-3.6394	0.7532	-9.1379
-10.1288	-1.8932	-3.7017	-0.7348	-1.7539	-0.8102	-0.4533	-3.3592	-1.2604	-10.0633
-9.6040	-0.1019	-4.0740	-1.6115	-0.9622	-2.6223	-0.6730	-0.5805	-1.1887	-12.7123
-12.5808	-0.8608	-2.3185	-1.4681	-1.6382	-4.2615	-1.5058	-1.3739	-0.6754	-12.8792
-10.2397	0.5676	-2.3802	-1.4800	-1.1670	-1.1831	-1.7245	-3.3694	-0.6605	-12.3022
-7.5598	0.1015	-3.5179	-1.9463	-1.9254	-1.0603	-2.8260	-3.5302	-1.5394	-9.1836
-10.1557	0.2191	-2.1086	-1.7916	-0.0481	0.0508	-1.4135	-3.5380	-0.6775	-13.7547
-12.5443	-0.9444	-2.5021	-1.4445	-0.7747	-1.1443	-0.8784	-3.0451	-0.0975	-6.8850
-9.0645	-1.5116	-3.0252	-1.5527	-2.6983	-1.8225	-0.9914	-3.6439	0.6862	-7.3201
-9.2881	-0.1654	-2.5362	-1.8232	-2.3779	-1.4197	-2.8516	-5.3765	-0.5386	-7.7139
-12.6229	-0.4097	-3.9734	-1.2755	-1.9360	-1.6677	-1.0382	-5.2014	-0.5387	-12.2766
-11.6920	-0.5934	-4.3231	-0.6703	-1.3666	-2.2397	-0.9533	-3.2886	-0.6434	-10.4547
-12.1104	-1.1546	-2.8468	-2.0937	-1.0298	-0.1861	-1.3505	-3.7014	-0.8164	-10.6267
-7.5967	0.6971	-2.2606	-1.9745	-1.6116	-1.4635	-3.4450	-2.2810	-0.1719	-10.4843
-8.6009	-2.3447	-2.0218	-1.9320	-1.5627	-2.9130	-1.3622	-1.9576	-0.4984	-7.2453
-12.6569	0.1771	-3.5714	-0.5649	-0.5464	-3.6321	-1.7163	-2.8693	-0.5227	-8.6142
-8.7136	-0.1410	-1.1021	-2.0704	-2.1988	-1.3968	-1.9387	-2.1489	-2.3605	-9.1872
-11.7323	0.4335	-2.9708	-0.7056	-1.1250	-1.3940	-3.8314	-3.9855	-1.1303	-13.8284
-9.7900	0.2242	-3.0579	-2.0500	-2.5504	-0.5598	-0.7426	-1.7946	-0.7111	-20.8468
-13.0186	-1.7150	-2.8172	-1.9792	-1.3207	-1.0532	-1.8471	-4.0476	-0.4876	-10.8405
-7.6663	-0.5549	-4.0800	-2.7376	-1.8448	-2.5672	-2.1975	-2.6979	-1.7274	-7.4153
-8.5946	-0.3772	-2.1466	-1.0977	-3.6095	-2.0065	-1.3585	-5.8700	-0.0267	-10.3221
-13.6702	-1.0132	-4.7669	-1.5406	-1.0119	-2.8412	-2.1715	-2.8886	-0.8318	-8.7363
-14.2191	-1.9731	-3.6723	-0.4583	0.5260	-2.6818	-2.2039	-2.4286	-0.9069	-11.2042
-12.2496	0.0626	-3.8898	-1.7889	-1.6393	-1.7423	-2.8862	-3.8187	-1.1618	-8.0306
-9.3199	-0.6278	-4.4440	-1.7887	-2.3228	-1.1157	-0.5669	-3.5886	0.2451	-7.2003
-13.0184	0.8699	-2.7543	-0.7952	-1.5313	-2.0216	-2.5454	-3.6292	0.2423	-7.8692
-8.8815	-2.1791	-3.5630	-0.5524	-0.6180	-1.1414	-1.4051	-4.8757	-1.3050	-10.2923
-9.6612	-1.9908	-1.8010	-0.5528	-0.9557	-1.6450	-2.0894	-2.6825	-2.4058	-9.4656
-7.1433	-0.4892	-1.7590	-2.4187	-0.8372	-0.1648	-2.0127	-4.1948	-1.3474	-6.3185
-14.3618	0.2434	-1.8163	-1.3638	-0.9400	-0.7854	-1.4549	-5.4570	0.6749	-6.1723
-9.2463	-1.5350	-1.8325	-2.2757	-2.2555	-0.4040	-2.0963	-1.7575	0.1953	-13.5919
-7.0120	-0.4238	-3.4520	-3.3314	-2.0662	-0.3379	-2.4900	-4.1369	-1.5771	-10.8148
-7.6124	-1.8180	-3.1274	-1.9155	-1.7018	-0.7053	-1.2810	-3.9574	0.4854	-10.0859
-7.8521	-0.8157	-3.2930	-0.8746	0.0939	-1.5220	-2.3097	-2.5655	-0.8496	-13.2176
-8.3998	-1.5925	-2.8762	-1.2388	-1.6425	-1.4555	-1.3557	-4.9383	0.2915	-10.1870
-20.0087	-2.0458	-2.2242	-0.3611	-0.1990	-1.7845	-1.1464	-4.8988	0.3254	-9.4032
-11.9443	-0.1532	-2.3436	-0.9668	-0.2025	-1.6403	-2.6186	-3.6671	0.5364	-8.4384
-13.6307	-0.4377	-3.8083	-1.7231	-1.1712	-2.6841	-0.9892	-4.0229	-0.8584	-9.3805
-10.7988	-1.4245	-1.6944	-1.2260	-1.4627	-1.3683	-3.1998	-3.1194	-1.8774	-8.7399
-10.3982	-0.0948	-4.6527	-2.1734	-1.7305	-0.1710	-2.7812	-3.0413	-1.0952	-10.9655
-14.6686	-1.2653	-2.1632	-0.0140	-1.3020	-1.8385	-0.2363	-1.9533	-0.5779	-12.5531
-8.3134	-1.9010	-2.8182	-1.1530	-1.7668	-1.6137	-1.6415	-3.7749	-1.7294	-8.9923
-9.9937	-1.3306	-2.3484	-0.9420	-1.0767	-1.6105	-2.3885	-3.3803	-1.0932	-9.0260
-9.9995	-1.9446	-1.9334	-0.7821	-0.7482	-1.8427	-2.2875	-1.6513	-1.9069	-14.6247
-8.5432	0.5338	-2.7025	-3.1126	-1.4851	-0.7993	-1.9723	-3.0784	-0.2245	-12.0360
-9.3312	-2.0686	-2.5082	-1.2950	-1.9375	-1.6086	-1.1555	-3.9633	-0.0785	-9.8362
-11.9396	-0.4667	-3.2991	-3.1452	-1.8238	-1.2867	-1.6744	-4.0991	-1.6446	-7.6593
-9.5353	-1.4081	-2.8323	-3.2641	-2.9187	-1.3275	-1.2042	-2.9533	-0.0636	-9.6526
-8.6355	0.7872	-3.0940	-1.1955	-3.1695	-1.2584	-2.1331	-5.6988	-0.1837	-12.8301
-10.2396	-0.7356	-3.8617	-1.3818	-1.3032	-0.7271	-1.3397	-3.0319	-1.3514	-9.8683
-8.1219	-1.1657	-4.0329	-1.7932	-1.7299	-1.4539	-1.3254	-2.3434	-0.7522	-11.4365
-8.4768	-1.7026	-2.5278	-2.2890	-1.6452	-1.1742	0.0078	-5.5914	-0.6079	-8.5895
-17.6993	-0.2867	-3.0088	-0.9839	-2.1252	-2.0362	-1.2147	-1.5389	-0.4881	-7.7419
-12.4918	0.1207	-3.6468	-2.4434	-0.6979	-1.1914	-2.6027	-1.9629	-0.6666	-11.8182
-7.8387	-0.1122	-2.3115	-2.4943	-2.1651	0.2100	-1.6001	-3.1333	-0.5160	-11.5424
-10.6099	-0.1109	-2.7200	-2.1557	-0.7507	-0.7297	-1.8274	-3.3185	-0.8139	-12.4212
-7.4353	-2.1659	-4.1768	-0.8534	-1.3284	-1.2107	-1.7937	-3.3513	-1.3850	-13.4889
-7.6752	-1.6366	-3.6447	-1.6048	-1.3793	-1.4132	-0.7106	-3.2944	-1.3188	-8.5087
-9.2657	-0.5773	-2.5229	-1.9236	-3.0526	-1.5047	-2.0283	-1.8800	-0.5207	-13.5961
-12.5856	0.3884	-2.6829	-1.1916	-1.7004	-1.1296	-3.7908	-3.6892	-1.7360	-8.4721
-9.6544	-0.3129	-2.8844	-1.9548	-2.1569	-1.1043	-0.8028	-3.2916	-3.0604	-7.0694
-9.9056	0.1603	-3.6521	-4.1998	-1.2114	-0.8550	-1.1628	-4.1822	0.0604	-11.3307
-8.8231	-0.8336	-3.8912	-1.3016	-1.5867	-0.5983	-1.1565	-4.5213	-0.1526	-9.6453
-10.4635	0.3048	-3.0769	-2.7386	-1.9946	-0.5840	-1.0114	-2.9628	-1.1294	-11.7022
-11.0517	-2.7443	-3.7572	-1.6195	-0.5437	-1.1728	-1.3368	-4.9331	-0.1595	-9.4406
-9.5164	-1.0248	-3.7007	-2.4654	-1.2741	-0.2062	-2.7149	-4.0526	-1.0951	-12.3125
-11.9829	-1.4460	-3.7760	-2.8482	-1.3938	-0.1405	-1.3916	-4.0196	-0.5373	-5.7336
-14.8301	-0.4876	-3.8285	-1.6469	-0.9506	-1.7611	-1.9879	-3.1829	-1.4106	-9.7966
-9.2053	-0.5325	-2.0002	0.0696	-2.0306	-1.3439	0.2994	-2.9383	-0.8414	-10.6654
-10.3504	-0.8426	-2.9561	-2.6299	-1.9642	-1.7670	-2.0703	-1.8699	-0.6172	-11.4501
-14.2839	-1.6101	-2.8879	-1.4733	-1.5788	-0.4722	-0.2828	-3.0877	-0.5952	-14.8102
-9.6494	-1.2288	-5.4014	-2.4896	-1.7282	-1.5773	-1.7777	-2.1753	-1.6170	-6.3636
-12.0122	-0.0672	-3.6084	-1.8536	-2.1735	-0.0535	-0.3297	-2.2331	-1.9297	-11.2291
-7.1800	-0.8414	-2.9803	-1.2533	-2.0252	-1.1196	-0.5354	-2.4816	-1.2829	-8.3463
-8.5430	-2.7541	-4.4711	-2.0780	-0.9934	-2.2735	-1.4455	-1.8920	-1.0333	-11.9109
-12.3260	-2.2302	-2.6296	0.2167	-0.0299	-0.8885	-1.5674	-4.9619	-0.8608	-9.9469
-6.9326	-0.3132	-5.0023	-3.1092	-1.1690	0.0705	-1.4224	-2.8378	-1.9822	-10.6754
-10.7013	-1.6966	-1.8988	-1.5637	-2.3252	-1.2911	-1.0631	-3.7584	-0.6152	-10.1734
-10.0324	-0.5274	-2.8572	-1.3743	-1.1445	-0.9068	-1.4886	-3.7081	-0.8332	-9.5523
-8.6783	-0.0270	-3.3840	-1.0395	-0.6737	-0.6810	-1.3739	-3.3578	-1.4785	-9.1138
-12.4653	-1.4932	-3.3159	-0.1485	-1.0210	-3.1222	-1.1772	-2.1330	-1.3515	-9.7068
-8.4629	0.9479	-4.9036	-0.6240	-0.1027	-1.2500	-2.4629	-3.3246	-1.1696	-13.6858
-11.7188	-1.7683	-2.7223	-1.8349	-1.6463	-2.0869	-1.6654	-2.8316	-1.0294	-8.9407
-6.7383	-1.3041	-3.3761	-0.6139	-2.8881	-2.6300	-1.6100	-2.3863	-0.4434	-10.1740
-15.3085	-0.3004	-3.4108	-2.3305	-2.0458	-1.0783	-1.3436	-2.7194	-0.4767	-6.6295
-10.1655	-0.6739	-3.8631	-2.1278	-0.6760	-0.2363	-2.0180	-4.0698	-1.1872	-11.1397
-7.4033	-1.4630	-2.5916	-4.0180	-1.7034	-1.1592	-0.9795	-2.5079	-0.4803	-6.4953
-14.1107	-1.6287	-1.9054	-0.4514	-1.2119	-0.5753	-2.3416	-3.9782	-1.2547	-10.1495
-9.9491	-1.5165	-4.7375	-2.4268	-0.2549	-1.1917	-2.7613	-2.2420	-1.4188	-7.7957
-11.6355	-1.5637	-3.7057	-0.7504	-1.6372	-1.1973	-2.3180	-3.6024	-1.2039	-13.9114
-8.6651	-0.3951	-3.8897	-2.7653	-1.1439	-0.7743	-2.6800	-2.9924	-1.1620	-9.4211
-10.2661	-2.1101	-1.7371	-1.5595	-2.1612	-2.0894	-1.3397	-2.8421	-0.9003	-11.6815
-9.6397	0.0122	-2.2840	-0.2173	-0.4948	-1.6681	-1.8619	-2.6782	-0.9961	-8.8420
-9.6234	-0.9882	-3.9397	-2.3468	-1.6336	-2.6825	-1.0231	-4.0830	-0.6669	-8.9527
-10.3960	-2.4810	-5.0738	-2.3033	-0.6313	-2.6204	-1.5731	-2.9126	-0.6254	-9.4314
-11.0582	0.0849	-3.3901	-1.2789	-1.6815	-1.7941	-2.3934	-3.3817	-0.0032	-8.8202
-6.1232	-0.2993	-3.0045	-1.2043	-1.6520	-2.7134	-1.7877	-2.5577	-0.4236	-10.0611
-7.0752	-1.5824	-1.6865	-1.4876	-1.3679	-0.3364	-1.6952	-3.2425	-0.5590	-7.3511
-11.6723	-0.0367	-5.3775	-1.9779	0.0558	-0.5313	-2.5999	-3.0302	-0.1322	-13.7405
-10.8904	-1.5842	-2.7738	-0.1760	0.0264	-1.2907	-1.5573	-4.2992	-1.7962	-10.9844
-8.3857	0.1174	-3.4654	-1.7716	-2.1328	-1.1258	-1.8810	-4.0488	-0.4311	-9.6713
-9.8110	-0.0994	-1.3139	-1.5486	-2.2037	-0.8376	-2.0507	-4.7717	-1.0246	-10.9694
-11.5982	-0.7818	-2.5838	-1.4301	-0.9955	0.1278	-1.1774	-3.3803	-0.9056	-24.0899
-9.1828	-0.6250	-4.3414	-2.0261	-0.6271	-0.8368	-1.5984	-3.0827	0.4068	-9.0599
-10.3735	-0.3500	-3.9038	-1.9933	-1.2469	-0.6145	-0.6570	-2.4759	-1.3895	-5.7249
-8.1537	-1.0381	-3.2089	-1.9482	-1.6324	-0.7448	-1.0108	-4.4566	-0.4782	-10.2048
-8.4981	-1.7270	-1.8706	-2.2405	-0.4337	-0.7962	-2.1593	-4.9409	1.0581	-8.2667
-11.0425	-0.3840	-1.7564	-2.5093	-1.5256	-0.7474	-2.5339	-4.6677	-0.7303	-11.0132
-9.6473	-2.0608	-2.6246	-0.9172	-0.2037	-0.7160	-1.3805	-3.9458	-0.9252	-9.5038
-9.2984	-1.8894	-2.0968	-1.9821	0.0276	-2.3746	-3.2253	-3.2231	-1.1111	-8.7440
-9.1856	-0.3387	-1.3286	-0.6507	-2.6630	-3.0716	-3.0775	-2.2357	0.4101	-12.5915
-9.6806	-0.7795	-0.9747	-1.1876	-2.9884	-2.3893	-2.8938	-3.0386	-0.7427	-8.7675
-8.9751	-0.1387	-0.8157	-2.5182	-3.2832	-0.5221	-2.4894	-3.9259	-0.2175	-12.1899
-7.1568	0.2752	-5.3511	-1.9125	-1.9143	-2.3602	-2.0507	-2.9150	-0.1815	-14.8710
-18.1257	0.0770	-3.0380	-0.3127	-1.1296	-2.4968	-1.7592	-2.5234	-0.7948	-10.0033
-16.7917	-0.8404	-2.0526	-1.5362	-0.9385	-0.8243	-1.4246	-4.5858	-0.6245	-6.4251
-8.9048	-0.4298	-4.5500	-0.5909	-1.7834	-1.9179	-1.2686	-4.9789	-1.2171	-14.1574
-8.5936	0.8147	-5.0299	-0.4163	-0.9440	-0.9544	-2.3427	-3.1907	-0.8713	-7.7855
-9.5618	-0.6196	-3.9844	-0.4644	-0.9370	-1.5197	-0.5350	-1.9173	-1.9661	-16.8888
-15.7834	-2.1097	-3.4266	-1.0582	-2.7110	-2.1304	-0.4051	-3.7763	-0.2884	-8.9122
-7.1111	-0.6085	-3.2705	-1.5334	-2.1929	-0.7599	-0.9609	-3.1762	-2.1927	-13.2752
-11.6453	-0.3437	-2.8525	-0.4127	-0.5404	-1.7114	-1.0822	-2.8044	-1.8659	-11.8101
-13.9188	-1.6797	-4.4538	-2.3057	-1.0052	-0.5937	-1.0663	-3.3833	-1.5662	-9.0198
-10.9384	-0.9093	-2.7194	-0.4041	-1.2504	-2.9405	-1.3950	-2.7476	-0.7497	-9.4148
-10.9387	1.0528	-3.7971	-1.2667	-0.3567	-2.0854	-2.1359	-2.5925	-0.6577	-13.7283
-8.7195	-0.5804	-4.4684	-2.2791	-1.0322	-2.0657	-0.3822	-1.4244	-0.6963	-7.2924
-7.8242	-0.9094	-2.3172	-1.8864	-1.3780	0.0165	-1.5898	-3.1838	0.5966	-9.1437
-10.6187	-1.7111	-1.9615	-1.5672	-3.4319	-3.0303	-0.8451	-3.9870	-0.0636	-10.8542
-8.9103	-0.7744	-2.9870	-1.9653	-1.4890	-2.1171	-2.1513	-4.1541	0.0620	-10.7115
-7.8819	-1.1616	-3.5982	-3.0132	-0.6303	-2.2199	-0.8583	-1.3377	-1.0079	-7.2880
-9.4076	-1.0417	-2.5992	-0.0892	-0.1031	-1.9463	-1.6954	-1.9201	-0.9091	-10.3257
-10.7331	-0.5506	-3.9020	-2.5510	-0.4831	-1.1494	-0.9924	-3.9417	1.1077	-15.1976
-9.0819	-1.6345	-2.6542	-1.7395	-1.0387	-3.2153	-1.9451	-1.8454	-1.0705	-10.5438
-8.5320	-0.5376	-1.6130	-1.2914	-1.4391	-0.9674	-2.2935	-2.7313	-1.0049	-10.1001
-6.1566	-0.1817	-5.2387	-1.9720	-1.2987	0.0605	-1.4256	-3.3375	-0.7611	-14.2125
-7.2643	-1.2010	-0.8011	-2.1002	-2.4498	0.1405	-2.3154	-3.5460	-1.1818	-9.3667
-13.6435	-1.9327	-2.7952	-1.5560	-1.5877	-1.1922	-1.2121	-3.0684	-0.1391	-10.1336
-8.9478	-2.0480	-2.9573	-1.9804	-0.6411	-1.0081	-1.6403	-3.7990	-1.1594	-13.4333
-7.6703	-0.3384	-3.0061	-1.2557	-1.3164	-1.7925	-2.2325	-3.9895	0.2030	-10.0055
-11.0486	-1.4435	-2.3892	-0.7484	-0.6889	-1.6080	-2.6624	-2.7509	-0.7328	-14.1982
-11.9225	-1.9608	-3.9040	-2.4659	-1.4588	-1.2272	-2.0445	-2.6235	-0.9281	-9.3778
-12.0094	0.4980	-3.1980	-1.4022	-2.8616	-1.6880	-1.7083	-3.7467	-1.0242	-12.7481
-15.7192	-1.8765	-2.1451	-0.7526	-1.9021	-1.8223	-1.5667	-3.8752	0.4560	-8.6561
-10.7098	-1.3702	-2.9940	-1.5698	-1.2384	-2.3449	-0.4782	-3.1612	-0.4667	-12.8886
-9.9484	-0.6516	-2.9273	-0.7482	-0.4243	-1.2643	-2.7761	-3.1871	-1.1871	-12.2727
-8.9865	-0.2680	-2.9199	-1.6559	-1.0326	-2.4536	-0.5765	-1.9395	-2.3842	-8.0279
-11.1540	-0.6423	-4.6732	-1.6008	0.1209	-2.2987	-1.6002	-3.7356	0.2578	-9.5056
-10.5799	-0.9092	-4.9332	-1.8811	-1.7847	-1.8643	-2.3369	-4.1121	0.0338	-10.3464
-10.3848	-1.1886	-3.1437	-2.5251	-1.2878	-2.0725	-3.1434	-2.7987	0.1860	-9.1604
-9.1179	-0.4869	-2.8224	-1.0654	-0.6168	-2.5996	-1.1986	-1.3990	-0.8878	-9.0120
-11.5579	-0.9923	-2.1181	-1.0320	-0.5877	-0.5526	-2.8002	-4.2968	-1.0767	-8.3695
-7.6833	-1.4034	-2.7143	-1.3328	-2.1443	-0.9737	-0.8731	-4.3799	-0.4289	-16.8501
-8.7785	-0.3191	-3.4137	-2.3546	-1.5569	-1.4771	-2.0588	-2.2810	-0.0283	-10.2986
-11.4866	-0.9559	-0.9103	-2.2140	-1.4652	-0.7214	-2.0002	-2.7757	-1.2257	-9.4783
-10.1070	0.3420	-3.4865	-1.6687	-1.1114	-1.1957	-2.7676	-1.6923	-0.2901	-9.3351
-7.7436	-1.7597	-3.7666	-1.7575	-1.3069	-3.0199	-1.1571	-1.2175	0.3481	-10.1277
-12.6991	-2.0692	-3.2136	-2.1063	-0.7595	-2.2043	-2.7964	-3.0774	-0.5680	-8.9332
-13.4284	-2.0108	-2.0140	-0.9339	-0.7119	-1.2600	-1.9220	-2.7513	-1.0891	-13.4101
-14.6752	-0.6621	-2.2810	-0.3617	-1.3472	-0.8424	-1.1896	-2.6778	0.0463	-19.4560
-10.5082	0.1351	-3.8177	-1.2362	-0.8760	-1.3554	-1.6659	-2.1496	-0.6392	-8.6337
-8.0841	0.2502	-3.0212	-2.0238	-1.4736	0.3180	-1.8126	-3.1191	-1.4487	-15.4065
-9.6394	-0.2173	-3.7621	-1.5063	-0.5415	-0.6227	-1.4950	-1.9995	-1.2111	-9.5102
-11.9702	-0.9629	-4.4726	-2.8212	0.1392	-2.0184	-1.2439	-3.2559	0.7948	-8.5513
-11.1338	-1.1903	-3.6934	-2.1509	-0.4424	-1.4170	-1.2528	-2.7515	-1.3955	-7.6867
-12.8201	-1.7775	-5.0166	-1.9105	-0.0486	-0.5906	-1.4865	-4.9186	-0.6649	-9.0814
-12.6546	-2.8160	-2.3106	-1.0027	-0.3968	-1.7398	-1.2729	-2.9925	0.1010	-12.3969
-8.7362	-1.3119	-2.9385	-2.0143	-1.2141	-0.4632	-0.3459	-3.1768	-1.2636	-12.3397
-11.3711	-1.5747	-2.9750	-2.4945	-1.5413	-0.0946	-2.3666	-3.2200	-0.2574	-8.7223
-5.8894	-1.1257	-2.4673	-0.0011	-0.3804	-1.8183	-2.5046	-2.4380	-2.0961	-7.6486
-11.1574	-1.5343	-4.4734	-3.0740	-0.3496	-0.3044	-0.9427	-3.9248	0.6544	-9.0994
-7.9759	-0.2577	-3.6322	-2.9229	-1.9706	-1.1756	-1.9187	-3.8543	-1.3009	-11.0774
-9.4720	0.2548	-2.9475	-3.1444	-3.1821	-1.9414	-2.3934	-3.2087	-0.8936	-12.5635
-6.3791	-0.2875	-1.4795	-1.3455	-2.5110	-1.0514	-1.1202	-3.8115	-0.1277	-6.3809
-7.4115	-2.2830	-3.8972	-2.8533	-0.2436	-2.1329	-1.3480	-1.4004	-1.2368	-10.6516
-8.1152	-0.9450	-2.5663	-2.2786	-0.8798	-0.7375	-1.1626	-3.0723	0.1408	-10.3372
-8.9226	-0.8120	-4.1621	-1.0519	-0.8108	-3.2919	-1.2149	-2.7669	-1.6954	-8.7831
-11.6140	-1.0764	-3.4089	-1.5347	-1.9114	-2.8948	0.2175	-0.9177	-1.0570	-9.6456
-12.1019	-2.0804	-4.0835	-2.0856	-1.6294	-1.6697	-0.0990	-3.9794	-1.1054	-8.9178
-10.3059	-3.0273	-2.9428	-0.8831	-1.5268	-1.2001	-0.6001	-3.2284	-0.7073	-14.1787
-9.6465	-0.3659	-3.0956	-1.8395	-1.3160	-1.7614	-0.7648	-2.3040	-1.3626	-10.9285
-11.3304	-0.0068	-2.8138	-1.6476	-0.3866	-0.4578	-2.2721	-4.2432	-1.0324	-13.7100
-7.2927	0.5470	-2.7725	-1.0710	-1.9691	-1.5423	-1.8786	-2.9052	-0.7243	-9.1089
-11.2433	-0.4257	-3.0943	-1.1049	-2.3277	-1.8092	-1.8150	-2.6462	0.5055	-10.7808
-8.8580	-0.8877	-2.0825	-2.8478	-2.5550	-1.2307	-1.2398	-2.0134	-1.6954	-12.4623
-8.5371	-0.3330	-2.9319	-1.7841	-1.6335	-0.6868	-3.1782	-5.2766	-0.6436	-12.2810
-10.7921	-0.6579	-1.4909	-2.7212	-2.7372	-1.5516	-1.4142	-2.5248	-0.6340	-10.8287
-8.1436	-0.9873	-3.6082	-1.7415	-1.8181	-1.5648	-0.9192	-2.4186	-0.8939	-11.8739
