-8.8725	2.2073	-4.2971	-2.3143	-4.4141	-4.8995	-2.1351	-5.0270	1.2583	-7.4417
-10.1392	0.6081	-5.8050	-1.4279	-3.8065	-1.5969	-1.9189	-3.9557	1.6411	-10.6972
-14.7899	0.9170	-4.7301	-1.8111	-2.4846	-5.0158	-0.4647	-3.7203	0.6061	-13.5021
-8.8587	-0.8109	-5.6689	0.2353	-4.5859	-1.4412	-0.5127	-4.4319	0.5995	-7.5962
-8.5002	1.5646	-3.2202	-2.3183	-4.0194	-1.3029	-0.5544	-6.3625	-0.0348	-7.2612
-14.8875	0.1441	-9.1000	-1.6901	-3.8672	-2.6108	-1.4337	-1.7325	1.4277	-9.1398
-9.5597	-0.4187	-3.5268	-1.3385	-3.1602	-2.2171	-3.2567	-7.4136	0.8472	-10.1702
-10.6600	1.2430	-4.0462	-0.7681	-2.2982	-3.7499	-1.4264	-6.4960	0.5888	-8.2527
-7.9646	0.9788	-7.9106	-1.9891	-3.0384	-3.0267	-0.8664	-5.3770	0.8804	-7.7395
-6.7957	1.4060	-11.3289	-2.1087	-0.9972	-2.7350	-0.1086	-3.4256	-1.6011	-10.3840
-10.0831	0.5779	-2.4433	-0.8048	-2.9141	-2.6535	-2.4788	-6.2793	0.2972	-5.7200
-8.0984	0.2017	-3.6104	-4.8628	-3.0203	-3.3957	-2.1144	-4.0235	0.6604	-6.8201
-8.7902	2.1507	-5.8513	-0.1260	-2.8489	-4.3828	-2.8430	-5.8593	2.6565	-6.9899
-13.6387	-0.1034	-4.0301	-1.4731	-3.4956	-2.2587	-1.8370	-4.7842	2.0390	-8.0278
-11.2267	0.0263	-5.9882	-1.7210	-4.2581	-3.9091	0.3836	-4.5276	0.6451	-8.0247
-11.8491	1.2315	-5.9462	-2.0229	-3.2392	-2.2858	-0.8989	-6.7185	0.5336	-10.7596
-8.6385	0.8969	-7.2289	-1.8558	-2.0530	-2.2475	-2.8941	-5.3367	-1.3079	-7.7732
-14.9822	0.7902	-5.1721	-1.2985	-2.1208	-4.5319	-3.8452	-6.8240	2.0102	-7.1246
-6.9944	0.7774	-3.9114	-1.3179	-3.7635	-1.0325	-2.4386	-7.3141	0.3533	-12.2069
-9.4211	0.6780	-7.1386	-2.8285	-2.2591	-2.0478	0.9931	-4.1173	0.3769	-12.2599
-23.0834	0.7778	-5.7747	-0.6854	-3.0017	-3.9989	-1.9845	-4.6730	1.5496	-9.6514
-10.7960	1.6623	-9.4157	-2.1571	-1.8835	-2.3230	-1.4810	-7.4998	0.8928	-9.0088
-12.7632	1.3153	-5.7341	-3.1844	-1.9373	-0.7691	-1.8548	-4.3513	1.2711	-13.0909
-8.6542	1.1007	-4.9655	-1.0164	-3.9751	-4.6321	-1.3198	-6.2255	1.1554	-7.6569
-6.2768	0.8970	-7.9982	-0.5043	-2.6112	-3.7439	-1.1450	-5.1425	0.7848	-12.9320
-13.4605	1.2379	-3.3519	-2.5702	-5.6987	-3.7344	0.0699	-3.9491	0.0663	-8.9006
-8.5347	0.7756	-5.0471	-1.1278	-2.6297	-3.2573	-1.2999	-3.1008	0.5875	-11.0870
-12.6861	0.6788	-5.8016	-0.0544	-3.0189	-3.2002	0.0417	-4.0151	0.5566	-13.7199
-8.3027	1.2873	-4.6040	-1.7745	-3.4436	-3.6721	-3.0901	-4.0261	2.3693	-8.5029
-10.2016	0.4185	-5.2308	-0.8514	-5.9485	-4.5741	-2.5456	-8.8777	1.4088	-6.8125
-14.3791	0.9366	-6.0912	-1.1576	-5.4768	-4.5587	-1.0705	-4.2325	1.4961	-10.4652
-17.9027	1.3548	-6.4153	-1.5592	-2.7453	-2.8432	-1.2340	-4.6065	0.7162	-8.7626
-8.9471	1.3813	-4.2491	-0.8025	-5.4341	-3.4871	-1.2992	-9.7129	0.9670	-5.2499
-9.2461	0.2256	-3.1127	-2.3931	-2.5384	-2.9715	-1.0012	-8.1501	1.3950	-11.1914
-11.3803	1.0316	-4.4641	-0.6082	-4.0669	-2.0235	-0.7597	-5.2759	0.3688	-10.3963
-15.0387	0.6729	-5.0484	-1.8824	-4.5608	-2.1811	-0.4112	-6.8851	0.7487	-8.4164
-9.6847	0.4608	-2.8359	-1.1101	-2.9657	-2.6652	-0.7773	-3.9865	-0.2824	-11.8147
-22.5317	1.5352	-5.7131	-0.2412	-2.2351	-5.6830	-1.7956	-6.1241	0.7176	-6.7359
-7.7815	1.3010	-6.1860	-1.5084	-3.1820	-3.9698	-1.9647	-7.4630	0.7850	-8.4301
-10.1983	0.5980	-2.9144	-2.4000	-2.8598	-2.1616	-0.5537	-4.6888	0.0833	-12.5007
-9.6468	1.1677	-5.4580	-1.6250	-1.3541	-3.2015	-3.0429	-5.7891	1.0444	-10.8164
-8.5717	0.9041	-11.4718	-2.9670	-2.9087	-1.8124	-1.9011	-3.2915	1.5425	-9.1211
-6.5422	0.0486	-4.6594	-3.2270	-3.5898	-2.1288	-1.4492	-6.4521	0.3142	-5.6590
-13.1759	0.1905	-3.6220	-1.6468	-2.5674	-3.9465	-2.4958	-4.1112	-0.1530	-10.8680
-10.4530	1.0238	-3.7494	0.6331	-1.7794	-2.0585	0.1669	-7.0853	0.7516	-12.0815
-6.4179	1.0808	-2.6605	-1.6671	-1.8682	-3.7572	-2.8116	-4.9609	0.6075	-5.6501
-7.3365	1.6864	-2.0851	-1.3967	-3.5879	-4.1923	-2.6491	-2.9967	1.3616	-16.8661
-8.1423	0.3510	-6.0819	-0.7127	-2.1694	-5.2378	-0.1620	-4.8342	0.3534	-7.6727
-7.4509	0.7326	-3.9549	-0.1839	-3.1152	-4.2622	-2.2885	-4.4828	0.5840	-11.5108
-7.3781	0.7967	-9.3937	-0.8057	-4.4294	-4.1950	-0.4314	-6.2895	0.7164	-8.9824
-9.9010	0.7604	-7.6730	-0.8574	-1.4428	-4.0398	-0.9472	-3.6933	1.3125	-8.5742
-9.2159	0.3971	-4.9784	-1.1499	-2.9132	-3.6981	-4.5412	-4.1622	2.2412	-9.3061
-9.9674	0.6271	-5.8399	-0.3787	-4.7147	-3.1689	-1.1691	-4.5613	1.4696	-11.6565
-7.9338	1.3673	-4.0994	-2.3853	-1.6089	-2.8130	-3.2002	-9.4910	-0.5474	-10.4382
-6.9047	1.5040	-5.3430	-1.5097	-4.3448	-5.0768	-1.2216	-4.9255	2.0623	-6.1203
-11.9916	0.4000	-6.9727	-0.8500	-5.4271	-4.1775	0.8078	-4.3392	0.6032	-10.0979
-16.2801	0.4686	-8.6489	-2.9870	-3.0119	-5.7204	-0.2428	-4.5749	2.6832	-13.0873
-10.8872	-0.4397	-6.5683	0.6036	-0.9851	-2.9129	-0.3395	-4.4128	-1.1195	-12.4056
-8.3417	0.8306	-5.5076	-0.0154	-2.4594	-1.4629	-2.2747	-7.5698	1.2280	-9.5476
-9.2213	0.6067	-4.2258	-1.6725	-5.3752	-3.0576	0.5563	-5.9871	1.6725	-6.9349
-8.7019	0.8405	-6.2965	-1.2398	-1.6280	-3.9264	-0.3284	-5.1709	0.1876	-6.2486
-5.8776	1.5396	-5.8007	-2.3486	-4.5272	-2.5293	-1.7810	-4.9446	0.7678	-7.3456
-11.5820	-0.1858	-4.5740	-2.1436	-3.5040	-3.1673	-1.3806	-4.8304	1.4273	-10.6705
-8.2041	0.7762	-5.1816	-1.3007	-4.4074	-4.3577	-1.9860	-6.5949	0.8714	-9.5156
-7.5317	0.4097	-3.1034	-1.2508	-4.1061	-4.4874	-2.3961	-4.2322	0.3078	-14.5250
-14.1034	0.7610	-4.3824	-0.5763	-2.4933	-3.8219	-1.9112	-8.3164	-0.1072	-25.4068
-10.7105	1.1816	-5.3752	-1.3814	-5.0011	-2.5269	-0.5473	-4.4262	1.1882	-8.2882
-8.8687	1.3433	-5.0501	-3.0438	-3.5514	-2.8161	-0.6800	-4.3425	0.5656	-11.8656
-8.2045	0.6879	-4.5729	-1.8757	-3.6936	-3.9737	-1.4416	-4.8328	1.3464	-15.2441
-14.8465	0.7518	-6.7432	-1.2968	-2.7614	-2.0726	-1.4632	-4.4173	1.8254	-11.1870
-10.3608	0.8667	-5.1794	-0.9899	-1.7438	-5.1828	-0.6401	-6.4439	-0.4492	-14.3922
-10.1575	1.8930	-6.2622	-1.6995	-3.2036	-3.4735	-1.3711	-6.0249	1.7331	-11.7004
-15.2170	1.3062	-7.8444	-1.4199	-1.3182	-1.9446	-3.5107	-7.9527	1.2166	-6.9965
-9.4511	1.6210	-5.9121	-1.6129	-2.2345	-3.3807	-1.3594	-5.3653	1.3320	-10.7949
-9.6526	0.6708	-1.7521	-0.3401	-3.2479	-4.9216	-2.4036	-3.4060	-0.1541	-13.6728
-7.8434	1.3264	-4.9378	-2.8182	-2.3437	-1.9150	-3.2009	-5.4009	0.1650	-10.3712
-8.9548	0.8218	-5.7441	-1.8293	-5.3229	-3.3160	-1.3562	-5.7874	0.5388	-18.1402
-9.2357	1.6621	-2.8588	-1.4675	-4.1345	-2.9716	-3.2412	-5.4436	1.9612	-7.8867
-9.8699	0.8224	-4.1936	-1.2942	-1.5881	-1.9940	-0.3618	-3.4889	0.0443	-18.5569
-11.2541	0.7834	-5.5114	-1.7167	-5.8753	-2.9067	0.5697	-4.0295	0.4086	-15.1281
-9.5240	2.1713	-10.4414	-1.8417	-4.8009	-3.3335	-0.2748	-5.7520	1.5944	-8.7804
-12.2854	0.1272	-6.3977	-0.2246	-4.5831	-3.3350	-0.6807	-9.2148	0.8645	-10.9712
-10.5911	1.0981	-7.3132	-2.0370	-1.8973	-0.9995	-2.2625	-9.5711	1.1994	-10.9102
-6.4199	1.1998	-7.3337	-1.7403	-0.4832	-1.7542	-3.3811	-9.4733	0.1170	-11.7291
-11.8427	-0.4016	-6.7168	-1.5803	-1.0338	-2.3857	-1.3619	-5.4873	0.6927	-17.0255
-14.1727	1.1233	-3.1071	-1.8405	-3.1117	-3.4418	-0.6897	-2.0545	0.3319	-11.2587
-13.3365	-0.3949	-4.4299	-2.6553	-5.2325	-4.8916	-1.1475	-2.6831	0.8947	-8.4864
-8.8618	1.3776	-4.8025	-1.8653	-3.6515	-2.2183	-0.6037	-5.0328	0.3138	-10.5903
-7.2197	0.7549	-4.6586	-1.6713	-2.4499	-2.6686	-1.0602	-5.2648	-0.3245	-7.9124
-6.8568	0.8845	-7.5990	-1.0788	-3.8341	-1.9351	-3.3630	-3.9703	1.8935	-11.4460
-9.1940	-0.0274	-5.0599	-0.9966	-3.4527	-3.6312	-2.2020	-4.7034	1.4145	-10.6603
-11.1071	0.0687	-4.8604	-4.1626	-3.1216	-2.8423	-1.5201	-5.8593	0.4852	-4.0658
-10.2025	-0.1567	-6.6611	-0.8316	-4.1821	-3.2881	-0.3877	-6.3093	1.0009	-7.5265
-6.2866	0.5891	-3.0270	0.2154	-3.4484	-3.0662	-2.2865	-10.8048	1.6078	-9.0861
-11.3580	0.2319	-4.7212	-0.6568	-2.4919	-1.8382	-0.3452	-5.6987	-0.3700	-18.9600
-5.8646	1.1998	-4.8453	-1.6434	-3.5785	-4.0862	-1.0343	-7.7077	-0.1625	-11.9224
-8.9820	0.3118	-3.6423	-0.5901	-3.3767	-3.1354	-2.3065	-5.5873	0.8915	-11.0498
-4.7955	0.8961	-6.1308	-1.1404	-3.7691	-1.5639	-0.1901	-8.3148	-1.0573	-6.5436
-9.7937	1.5007	-8.3079	-0.8533	-4.0953	-2.2422	-2.8588	-4.1301	1.1193	-12.0610
-9.7236	1.9471	-5.1743	-2.9204	-3.5051	-2.4747	-1.8161	-5.1684	1.4414	-6.9900
-10.2517	1.2539	-4.0404	-1.9043	-4.1946	-2.2494	-1.6465	-8.6249	1.0983	-8.2293
-10.5804	-0.1228	-3.4144	-0.9371	-7.7353	-4.2057	-0.9257	-6.2229	1.3580	-7.6924
-10.0306	0.7910	-7.4447	-1.8818	-3.8327	-1.2143	-0.3339	-6.4317	1.1482	-9.2385
-11.2610	0.8282	-4.9585	-2.0159	-1.6438	-4.7217	-1.0208	-6.8968	1.8685	-9.2884
-7.2868	0.6403	-6.8082	-0.5756	-2.2472	-2.2608	-0.1281	-3.8970	-0.4971	-11.3445
-17.5846	2.2484	-3.1418	-1.4668	-2.3459	-2.8981	-1.3340	-6.4450	0.3323	-12.8745
-11.3001	0.9167	-12.4769	-1.4295	-1.3670	-3.5807	-0.8253	-5.7932	1.5033	-9.8668
-12.3821	0.8098	-5.5428	-1.1351	-2.2915	-2.7523	-0.0335	-8.7543	0.8090	-11.1334
-8.3035	1.2056	-9.7905	-2.8468	-3.8602	-1.6843	-2.8227	-5.4233	0.7973	-6.3266
-9.7364	0.4815	-9.7059	-1.4987	-3.1108	-5.1781	-0.5299	-3.7585	0.1974	-7.6822
-10.7698	1.6901	-4.9853	-3.0365	-3.9233	-2.3370	-0.2904	-5.7951	0.9297	-10.0151
-8.5223	1.1226	-6.5137	-0.7383	-2.5277	-3.3785	-2.0536	-10.2364	1.3157	-9.6071
-5.4654	0.7774	-7.3825	-0.5616	-2.4133	-2.8661	-2.4002	-5.6209	0.1592	-8.4727
-11.5076	-0.3144	-4.0000	0.5719	-2.6369	-3.1933	-1.4554	-7.0209	0.7274	-7.4003
-6.7180	0.6771	-8.1213	-0.2470	-2.6220	-5.4893	-0.0159	-5.2896	1.4617	-5.8083
-7.1705	0.6255	-5.0916	-1.4944	-2.5599	-3.0541	-1.8017	-7.7753	0.4223	-8.2974
-11.9717	1.3569	-6.0089	-0.3284	-1.6690	-1.3893	-2.1106	-3.7699	1.2845	-11.8204
-7.5401	1.8149	-7.3226	-2.0153	-2.1052	-3.9614	-1.4120	-5.2651	1.2687	-8.9171
-9.8102	0.9285	-5.0838	-0.8364	-4.7862	-4.3891	0.1379	-6.6635	0.3538	-9.6973
-10.5453	1.0978	-5.5935	-4.2063	-2.9671	-3.7390	-1.8237	-5.3811	1.4827	-6.6737
-9.1934	1.5649	-5.0047	-0.3352	-2.4529	-3.5190	-0.8104	-7.3111	1.8027	-9.7154
-10.0421	1.6979	-6.6639	-0.6127	-4.4632	-3.5333	-0.9036	-5.7597	1.4951	-16.9618
-7.4666	1.0194	-7.7222	-1.3415	-3.7410	-2.0573	-0.1333	-5.0848	-1.2857	-9.6983
-11.1886	1.4737	-4.6358	-2.7294	-3.6403	-1.3601	-1.4315	-9.9713	1.6479	-6.3126
-9.0560	0.7080	-5.7334	-0.8954	-3.7151	-4.5048	-1.0885	-7.1922	0.0373	-8.9707
-16.0464	0.9631	-9.0121	-1.7145	-2.2985	-4.3445	-1.6891	-3.9037	0.8104	-9.6942
-12.7961	1.0861	-8.4546	-2.6717	-4.4145	-3.8519	-0.4866	-1.7608	1.9559	-8.5492
-13.3075	0.9780	-6.4187	-3.2559	-3.8705	-2.9688	-0.6898	-3.2128	0.9542	-7.6062
-10.8001	1.2735	-5.6452	-0.8900	-3.5664	-4.2180	-1.0545	-4.6785	1.5764	-11.5182
-14.8509	1.0665	-4.0869	-0.2076	-2.7921	-3.0646	-1.2433	-4.3591	1.5632	-19.2171
-13.9667	1.0559	-8.2709	-3.4846	-2.7581	-1.8134	-2.1195	-3.9157	1.5314	-13.5180
-10.6243	-1.6128	-4.4483	0.1329	-5.6499	-2.2984	-1.2562	-4.2255	0.7833	-7.9865
-10.5905	0.8168	-6.6101	-2.1027	-2.1966	-3.9208	-0.6347	-9.5223	0.7700	-7.7120
-8.2314	1.5222	-5.7153	0.5828	-1.4324	-4.2766	-2.8223	-8.9651	1.0493	-14.3992
-14.3292	0.7549	-5.7284	-1.2570	-1.5187	-1.4525	-2.3582	-6.0051	0.8002	-11.5300
-8.6230	1.0777	-3.1235	-0.2947	-4.6060	-6.3193	-0.9386	-6.1525	0.2562	-8.9366
-8.3830	1.6395	-6.8678	-0.7557	-3.9832	-3.2499	-0.6219	-4.5046	0.6733	-8.6647
-16.1896	0.6067	-6.5104	-1.8237	-2.7575	-3.5041	-1.7338	-2.7325	0.3638	-10.4575
-10.2302	0.8820	-6.1628	0.2271	-3.9800	-4.0619	-0.0321	-5.5853	0.1055	-7.7520
-6.5634	0.5550	-3.9887	-2.2899	-4.2433	-1.1105	-0.2841	-6.4726	-0.3458	-11.8862
-7.3181	1.7518	-4.3068	-2.7902	-2.3267	-1.9394	-1.9213	-6.9593	0.5157	-10.7931
-9.4753	1.9135	-3.9237	-2.8916	-3.6347	-3.7738	-0.6758	-3.0545	2.1001	-10.7211
-4.9983	1.0050	-6.7152	-1.9074	-3.4016	-0.5793	-1.2502	-4.9343	0.7188	-9.5317
-11.2166	1.4498	-6.7933	-4.0126	-3.2072	-4.0287	-0.8558	-4.0978	0.0867	-7.7174
-11.1769	0.0775	-6.5275	-1.0595	-2.4518	-3.5372	-1.8795	-4.2550	2.0311	-16.6486
-10.2428	1.9412	-8.5762	-1.6140	-2.9519	-2.2824	-1.9368	-7.1162	2.2953	-7.6352
-7.3995	1.6653	-4.0183	-1.5282	-5.3810	-2.6863	-0.6805	-6.3401	0.6345	-8.1980
-11.9471	1.5482	-7.9239	-0.6044	-2.8435	-2.0992	-0.8883	-5.6741	-0.1574	-10.7469
-11.5489	1.4853	-4.4258	-1.1385	-3.6939	-3.5418	-2.1691	-4.5784	1.9456	-9.8550
-10.8467	-0.6293	-4.6837	0.4061	-3.4894	-3.4518	-0.2480	-4.4600	0.3960	-12.3976
-12.7842	1.0005	-3.9104	-0.2814	-3.9792	-3.6213	-3.0065	-5.6500	0.4325	-13.0651
-12.7348	1.6131	-4.6748	-2.1655	-1.4324	-4.6343	-0.6334	-3.7740	-0.0581	-9.2210
-11.9908	0.2431	-5.2883	-1.2150	-3.4710	-2.2024	-1.5110	-5.0329	0.7811	-6.9169
-10.6681	0.8319	-4.6862	-1.4033	-1.6936	-1.9077	-0.8251	-4.6508	0.9136	-10.8599
-5.8662	1.1138	-4.7732	-3.1631	-2.5593	-2.1144	-1.4499	-4.2422	-0.4066	-12.2984
-15.5497	1.4964	-3.3471	-0.1487	-6.9986	-2.8474	-2.1409	-8.2612	1.8999	-5.9399
-7.3435	1.1356	-1.8395	-0.1316	-3.0502	-3.2356	-3.7864	-8.3327	0.1115	-5.5919
-9.6368	0.7029	-8.3756	-1.1390	-5.7054	-4.4049	-0.2626	-3.5568	0.7479	-12.4111
-6.4065	0.9407	-9.0659	-1.1097	-3.5664	-6.3331	-1.7041	-7.3848	1.9839	-6.3334
-9.3251	0.6574	-5.5723	-1.2601	-1.5303	-4.0168	-1.0443	-4.8860	-0.2131	-14.5753
-10.9791	0.6275	-5.3293	-1.0621	-1.8667	-3.2379	-0.8243	-3.4730	0.9330	-15.5654
-8.2586	2.0519	-6.6632	-1.6910	-4.0244	-3.2919	-3.0655	-4.4679	1.6748	-12.4938
-8.6682	-0.3430	-2.0438	-0.0716	-3.8992	-2.6087	-1.2808	-2.8830	0.6372	-6.5476
-10.9023	1.3103	-6.7463	-1.0692	-2.6402	-3.3075	0.2995	-6.9148	1.5386	-7.9703
-8.9379	1.1507	-4.1482	-1.2424	-2.2540	-2.6759	-1.6267	-5.6284	0.7595	-10.0540
-9.4016	0.8621	-5.9820	-0.8691	-6.7259	-5.2176	-0.8314	-3.4011	1.5252	-8.4507
-9.1403	0.9232	-3.4920	-0.7983	-3.8127	-5.2069	-1.9918	-7.7001	1.2948	-9.0816
-7.5939	-0.9288	-5.0796	-0.8338	-2.8961	-1.9267	-1.1872	-6.7811	-0.3461	-10.6095
-6.4836	1.0330	-3.4431	-2.4693	-5.2558	-3.2512	-1.8460	-6.0253	1.5124	-8.1866
-10.3377	0.7415	-3.6343	-1.0838	-2.0542	-5.7824	-1.6204	-2.9584	0.8251	-11.7779
-8.9423	0.7272	-5.2231	-1.0114	-6.0659	-3.3864	-0.9148	-4.9485	1.0061	-6.7131
-4.6381	0.8233	-3.2088	-0.1224	-5.8541	-5.4931	-1.1102	-6.9721	0.1758	-15.9872
-10.1510	1.7963	-5.7929	-2.2796	-1.4616	-2.7043	-3.2595	-7.6931	1.9292	-10.0480
-11.0362	0.9950	-5.9463	-2.4002	-4.0882	-2.4518	-1.7161	-6.1723	0.6749	-6.8106
-7.8242	-0.2248	-4.7622	-1.1999	-3.0215	-2.7707	-0.8077	-3.1724	0.7162	-7.3437
-7.8622	1.3636	-7.3029	-0.4413	-3.0398	-4.3580	-0.9551	-5.7911	1.6854	-9.3119
-9.0760	0.5807	-3.7909	0.1240	-2.9079	-3.5508	-2.2650	-6.9916	1.1130	-8.7423
-12.5386	1.0101	-4.5593	-0.7749	-3.9891	-3.7657	-0.3501	-6.2426	0.6519	-8.1142
-7.3388	0.1889	-4.4819	-0.6064	-4.9743	-3.5481	-1.0700	-5.5323	1.7345	-6.7971
-10.8524	0.7192	-3.2562	-1.7927	-2.2696	-2.4714	-2.0818	-4.5827	1.2739	-10.4889
-10.4528	1.1802	-5.6401	-2.3273	-2.0848	-3.3072	-0.3150	-2.2346	0.6785	-9.4521
-11.9771	0.0964	-4.4455	-0.6302	-2.6265	-5.5901	-0.5041	-4.7041	-0.1468	-14.4619
-10.9632	1.0854	-7.8776	-1.6500	-2.5573	-2.5978	-2.6783	-6.5685	1.7251	-12.6376
-6.7729	0.9489	-4.8031	-1.0187	-4.2834	-3.6415	-1.2236	-6.3447	0.2750	-9.3359
-8.6485	0.6939	-5.2599	-0.4342	-2.3679	-2.6305	-3.9239	-7.7512	1.4050	-9.4176
-12.8494	1.6967	-5.1573	-2.0400	-2.6910	-1.8294	-2.9183	-5.3904	1.7830	-10.1306
-20.5901	2.1402	-4.8275	-0.7258	-2.4770	-6.0794	-0.1758	-6.2787	0.9136	-14.4914
-14.1912	2.1602	-6.2309	-2.7026	-3.6000	-3.2607	-1.2692	-4.9902	0.5047	-9.4305
-8.8767	-0.6332	-5.2488	-0.3761	-2.4692	-1.5839	-0.6734	-4.7378	0.3573	-11.9577
-8.9167	1.7113	-7.7061	-1.7355	-4.2087	-3.2253	-0.8747	-2.5346	1.0381	-7.1738
-12.1384	-0.4721	-6.4483	-1.1782	-3.6731	-0.2829	0.0208	-5.5755	0.1083	-8.6981
-7.3898	0.0804	-8.1824	-1.3727	-2.7983	-2.7220	-1.6891	-4.4795	1.0824	-12.6086
-8.6130	-0.6433	-7.4443	0.4539	-2.5572	-2.4807	0.3638	-4.7546	0.8123	-11.0560
-10.9074	-0.7973	-6.5072	0.5565	-3.4680	-3.9741	-1.6558	-5.5557	1.4012	-12.1570
-9.6854	1.5771	-6.2979	-0.9061	-2.9051	-4.7932	-0.8079	-6.5493	0.9705	-8.1234
-8.3514	0.0371	-8.2863	-2.5373	-4.7272	-2.3450	-0.2121	-6.8553	0.8019	-6.7157
-11.9721	1.5539	-5.1808	-1.2429	-2.9643	-3.8370	-1.1528	-5.0571	0.8037	-11.9950
-10.2474	1.4233	-0.9225	-2.2227	-2.9230	-2.9761	-1.3267	-5.1007	-0.1355	-12.9039
-5.0211	1.5770	-7.2762	-2.7833	-5.6484	-4.1252	-1.1947	-4.3145	1.9823	-5.7893
-14.9524	1.2983	-4.1201	-1.6369	-1.5610	-3.4609	-0.6926	-3.0129	1.1286	-8.4670
-8.2903	1.1413	-4.0247	-1.5065	-3.7904	-2.3667	-2.2839	-7.6033	1.2330	-8.8737
-8.5705	0.3119	-5.9488	-0.5545	-5.7249	-2.6132	-0.6588	-7.1432	1.2512	-7.6245
-6.1961	1.8944	-5.5874	-2.6890	-2.5508	-1.4691	-1.4674	-5.5885	0.1376	-12.7905
-9.0954	-0.1844	-3.7507	-1.6999	-3.0437	-1.4457	0.2542	-5.6210	0.2041	-8.3850
-11.7169	-0.8908	-4.9534	-0.1329	-2.6521	-3.0444	-1.5232	-4.1373	-0.0938	-10.0000
-16.9868	1.1614	-4.4267	-1.5092	-4.1934	-5.0086	-2.0595	-5.3918	1.5326	-10.1988
-11.4144	-1.3197	-4.0920	-1.0673	-3.6597	-2.4233	-3.5689	-4.9553	2.2657	-10.9037
-9.9723	-0.1201	-5.3522	-1.5202	-2.8445	-2.2118	-0.7915	-9.8872	1.1874	-10.8398
-8.1294	1.3295	-5.1803	-0.9792	-3.3529	-2.5451	-1.1094	-6.7366	1.2200	-6.3036
-8.7370	1.0097	-3.1857	-0.1115	-1.8917	-3.8185	-1.0515	-4.7228	0.0679	-17.3331
-9.3374	0.4288	-6.6787	-1.1264	-3.9803	-3.7582	-2.1682	-4.8084	1.3418	-11.3682
-10.1605	1.3291	-4.4563	-0.9795	-2.5156	-4.1024	-1.3254	-10.1750	1.2341	-8.1605
-14.7259	2.0667	-4.1596	-1.4314	-4.7766	-4.7952	-0.9759	-7.3819	0.9623	-12.2293
-8.8827	0.6865	-3.9781	-0.8153	-2.3462	-1.0100	-0.7060	-5.6314	1.1749	-11.9119
-13.2752	1.3327	-5.7051	-2.2179	-3.2978	-4.0386	-2.1115	-6.3071	0.5800	-6.0320
-9.1012	-0.3002	-5.4468	-0.4918	-3.0882	-0.6187	-0.8534	-5.9746	0.7411	-10.5483
-6.2898	1.0125	-5.3033	-2.3958	-1.9072	-3.3350	-0.5818	-3.4207	1.6250	-14.6412
-12.3102	0.9477	-8.0347	-1.9455	-1.9415	-2.8536	-1.1645	-6.0881	1.0261	-9.8006
-14.6027	1.1861	-6.3635	-0.8162	-2.9658	-2.9127	-1.8798	-4.8161	1.3931	-7.6666
-8.0527	-0.5501	-5.4988	-0.9646	-3.9497	-4.7033	-0.1903	-4.1776	-0.1172	-6.6947
-11.9368	0.6916	-5.8280	-0.6675	-3.2403	-2.5323	-1.7186	-7.5227	1.9885	-9.8969
-13.8375	0.0248	-9.5636	-1.2713	-1.5231	-1.7180	-1.6423	-5.4168	2.0713	-9.4071
-9.5501	1.2240	-4.3200	-1.4677	-2.1704	-4.3099	-0.4936	-4.6940	0.3018	-12.2302
-10.2886	0.9547	-6.1131	-0.1222	-0.4429	-1.9314	-2.8137	-6.3804	-0.7290	-7.1312
-12.2549	1.7639	-4.8853	-2.4720	-2.5408	-1.7918	0.0976	-3.2865	0.1951	-11.4852
-9.1384	-0.1505	-3.5505	-0.3845	-2.6182	-4.3144	-3.1352	-3.9630	0.0645	-6.7954
-9.7633	0.9017	-8.0032	-0.4386	-1.9252	-4.3788	-1.3718	-5.1366	1.3022	-16.3057
-21.1757	0.5766	-4.2013	-0.2936	-3.1639	-1.9373	0.2171	-4.2004	0.3372	-9.3408
-13.9076	0.4972	-3.8404	-0.7642	-3.4629	-3.2127	-2.0598	-7.1236	0.7538	-9.6729
-9.2602	0.6951	-4.3093	-0.7492	-2.0547	-2.8253	-1.5759	-8.4769	0.6297	-12.0107
-13.9956	0.1595	-4.0537	-1.5776	-4.8546	-2.4348	-2.3538	-7.4486	1.5359	-8.4995
-11.2918	0.7205	-3.4428	-1.8124	-3.7257	-1.6119	-1.9054	-4.6232	1.2875	-10.5755
-10.8837	0.0783	-4.7106	-1.7983	-2.9676	-1.5270	-2.5668	-7.3973	1.6334	-9.1987
-26.3228	0.8349	-3.0079	-1.1174	-3.2049	-3.4039	-1.9825	-4.0238	0.9406	-24.9806
-7.8070	0.5545	-5.8722	-0.8360	-1.5577	-6.4767	-0.9994	-6.8556	1.3178	-7.7239
-18.3340	-0.2735	-5.3258	-1.7603	-2.8854	-1.9116	-0.8947	-5.8016	0.0997	-8.3573
-11.9486	0.6097	-6.5937	-1.6910	-0.5162	-1.7311	-1.6403	-4.6290	0.0677	-10.3876
-9.2775	1.2110	-5.4613	-1.6103	-6.1626	-2.9398	-0.0441	-4.2968	1.0308	-11.2617
-12.0637	0.4122	-8.4499	-0.7710	-4.1270	-3.7739	-0.7571	-5.8541	1.6375	-7.8292
-6.9052	-0.5336	-5.7505	-1.4633	-1.9169	-0.4331	-0.7329	-5.4257	-0.1745	-9.5302
-7.9783	0.6197	-3.7275	-0.6431	-3.3948	-3.1606	-1.8850	-5.7224	0.5086	-13.3083
-12.4616	0.3642	-6.3468	-0.6495	-2.4881	-2.6853	-3.2548	-5.2456	1.8784	-6.3065
-14.9863	0.8450	-3.7655	-2.1451	-4.3511	-1.5708	-0.1899	-5.7337	0.6488	-11.3796
-7.0418	1.4509	-4.0929	-0.9203	-3.1254	-1.2448	-1.4629	-4.6845	1.3065	-8.1766
-6.2487	0.6065	-6.7172	-1.5542	-5.2407	-2.7377	-2.4336	-5.0371	1.2111	-12.3426
-8.1209	-0.8218	-6.1507	-0.3311	-3.0201	-3.0472	-1.5126	-4.2769	0.9776	-8.9918
-11.1376	1.1005	-7.8884	-0.6110	-4.4341	-4.6679	-0.6166	-4.3786	0.0214	-11.0361
-7.1644	1.1323	-6.0423	-2.1191	-4.1955	-4.3252	-1.6855	-4.1992	1.9146	-8.2355
-14.3467	1.3344	-7.7731	-1.7297	-3.1951	-2.2757	-0.9778	-5.9117	1.5824	-12.1743
-6.5069	1.3200	-6.9104	-0.8078	-1.7905	-3.3145	-0.3340	-10.3067	0.6599	-7.3968
-10.0677	0.1673	-6.6826	-0.4887	-3.5575	-3.3592	-1.7620	-4.0800	1.8131	-12.4247
-7.5457	0.5976	-6.1424	-1.3278	-4.1710	-7.0786	-0.2421	-3.4390	0.5361	-6.9618
-14.7197	1.1744	-2.8373	-0.2629	-2.8657	-4.2567	-1.0916	-4.5118	0.6495	-8.9469
-7.5868	2.0786	-6.3506	-1.2243	-2.2549	-3.6661	-0.8091	-7.3222	0.3514	-6.1163
-9.3271	0.7428	-4.9517	-1.6086	-4.5715	-2.9908	-0.1652	-5.9759	1.0131	-6.6467
-9.5749	1.0935	-5.8661	-1.5474	-2.9967	-3.4516	-0.8886	-4.9259	0.1659	-19.9378
-9.0578	1.2317	-4.1429	-1.3370	-1.9752	-3.6308	-1.8001	-3.1189	0.7974	-8.3388
-15.2466	-0.9930	-5.6170	-1.5137	-2.1584	-3.7965	-1.1010	-2.3362	0.8539	-5.5263
-11.6032	1.8214	-6.1318	-1.7502	-3.3597	-1.6803	-1.6852	-8.2589	0.7979	-13.3784
-17.4089	1.1685	-4.5706	-4.4164	-2.3739	-2.8982	-1.4689	-5.0514	1.1773	-6.4810
-8.4527	0.2747	-5.8589	-1.2403	-1.8685	-1.8044	-2.0032	-4.1982	0.9333	-10.0847
-9.5637	0.7749	-4.5718	-2.3664	-1.7323	-3.1302	-2.1219	-5.2557	-0.2088	-12.7428
-12.8070	0.9581	-4.6630	-2.4592	-5.0388	-2.3539	-2.0620	-8.5636	1.7736	-9.6919
-13.0554	-0.7716	-5.7622	-1.6460	-2.5920	-1.9701	-1.4458	-4.5233	1.5846	-10.4396
-6.8966	1.2712	-7.7208	-1.7909	-4.7040	-5.5200	-1.3622	-4.3052	1.6168	-9.5680
-10.6470	0.4503	-4.5255	-1.8492	-4.7051	-1.7541	-0.6601	-3.5894	0.8083	-11.7091
-10.4636	1.6271	-4.8582	-1.7373	-2.3644	-0.4734	-1.8894	-8.8571	0.8520	-10.3425
-13.7678	1.9579	-4.6473	-1.7613	-6.5648	-3.7788	-1.0211	-6.9608	1.8038	-12.4717
-8.1363	0.2864	-10.9333	-1.1522	-2.2734	-2.4329	-0.2740	-3.7411	1.6823	-6.4051
-13.9706	1.1992	-4.7300	-2.8300	-2.9873	-2.7363	-2.1350	-6.5617	0.7272	-9.0778
-9.9678	0.2809	-5.0404	-1.2184	-2.5759	-1.8514	-0.7836	-8.0064	1.5055	-8.6912
-8.4304	1.4109	-7.9444	-3.2849	-3.7326	-2.7246	-0.6303	-3.0159	2.5985	-7.3665
-13.2475	0.1979	-4.7755	-1.0377	-1.4198	-2.3358	-2.8736	-7.6250	0.7502	-4.9540
-10.1346	1.8889	-6.1117	-2.1565	-3.3627	-5.3638	-1.9838	-6.0116	1.9608	-13.6924
-4.0474	1.6886	-5.7826	-0.0155	-4.7863	-5.8048	-1.0505	-6.3070	0.5245	-8.5481
-8.7580	1.1353	-4.3329	-2.3259	-3.2096	-3.2552	-0.9551	-6.7686	0.9959	-12.3125
-13.4526	0.5418	-4.3019	-1.7701	-2.3920	-1.6336	-0.3158	-7.4198	0.0734	-8.7637
-18.2456	0.0986	-5.6084	-2.5606	-3.5513	-1.3030	-1.2678	-4.7966	1.7560	-7.8043
-11.5319	0.4155	-4.8248	-2.9514	-1.7689	-3.4330	-0.4235	-2.9620	1.0819	-16.8313
-8.4133	1.9389	-5.2797	-2.5553	-2.4521	-5.0451	-2.8083	-5.2852	1.0511	-10.9814
-10.0664	0.8134	-5.1870	-1.1103	-3.2268	-4.7708	-2.6620	-3.6581	1.7626	-10.9306
-6.8359	0.5958	-7.9631	-2.2030	-3.6327	-1.5037	-1.3208	-5.1535	1.5180	-4.9388
-10.5238	2.0515	-8.0688	-1.4863	-4.5449	-4.2552	-0.2502	-10.6472	1.3446	-8.6727
-9.4342	1.0206	-10.8848	-1.8459	-1.7681	-3.1722	-3.4735	-7.6971	2.0884	-7.2731
-10.4433	0.8454	-6.2590	0.2113	-3.5930	-3.1776	-1.8477	-7.5633	1.8498	-7.7815
-8.3170	1.8090	-5.0379	-1.6416	-1.9553	-4.3545	-1.4506	-5.4840	0.3580	-9.6379
-5.3249	0.8927	-2.9904	-1.6340	-3.9272	-3.1331	-2.0515	-4.2432	0.1198	-11.7191
-10.3197	0.8464	-9.3737	-0.2491	-3.5078	-4.7700	-0.4160	-4.1018	0.6047	-17.0786
-7.1585	1.6463	-4.2885	0.0544	-0.9053	-5.9335	-0.3394	-4.6031	-0.9353	-14.5559
-6.5056	1.1749	-2.7268	-0.5359	-4.6225	-4.4207	-1.3410	-5.4910	-0.2834	-8.6509
-8.4175	0.1890	-5.6088	-0.7132	-3.7056	-6.2293	-2.3710	-4.4893	1.5832	-6.3095
-10.1028	1.9558	-4.5371	-1.7025	-5.0123	-4.0828	-0.1498	-6.6071	0.6420	-9.6648
-7.5093	1.3590	-4.6761	-1.7499	-4.3041	-4.3654	-2.7513	-6.2368	0.9682	-12.0290
-12.4143	1.7510	-3.4739	-2.4847	-4.3317	-4.8105	-2.0476	-4.7213	1.0891	-6.8276
-9.4902	0.1568	-4.6772	-1.2118	-2.6427	-2.6500	-1.3363	-4.9649	1.5372	-8.4804
-5.6831	0.7049	-3.3757	-1.5693	-2.9639	-1.4016	-0.8690	-6.5838	0.1201	-9.3586
-7.8603	1.2976	-3.2669	-0.7230	-6.8042	-4.8517	0.2415	-5.7661	0.0630	-8.3879
-7.9383	1.3049	-5.6793	-2.7432	-2.7757	-4.5017	-3.3131	-3.7792	1.2990	-14.7670
-8.2277	0.0584	-3.4217	-1.3665	-3.0693	-2.0721	0.1962	-7.0413	0.5275	-8.3543
-8.9641	0.8881	-6.2120	-0.5307	-2.0518	-1.8724	-0.3797	-6.4541	0.8875	-16.8300
-13.3757	0.7182	-10.0587	-0.3281	-3.5565	-2.7191	-1.8424	-4.6623	2.0296	-10.3566
-9.1795	0.3788	-5.0990	-0.0349	-2.7264	-3.5876	-0.3190	-9.2140	0.8165	-7.6504
-9.7232	2.4771	-3.2454	-1.2456	-3.9126	-3.0640	-0.8318	-10.2511	0.0799	-12.3952
-15.8138	0.4123	-4.9250	-0.7600	-5.1853	-2.0053	-1.0410	-5.4800	1.6822	-7.5558
-9.5721	2.0179	-4.0511	-1.3937	-3.2499	-3.4035	-3.0687	-6.8017	1.6353	-11.0297
-31.7109	1.5575	-6.7564	-2.3326	-3.5086	-3.6480	0.0717	-4.4695	1.0310	-13.6514
-12.6521	1.5556	-3.4168	-0.2174	-2.9086	-2.3847	-1.9159	-8.9803	0.4544	-12.9374
-7.8986	0.9899	-8.0550	-1.1156	-4.8076	-1.8507	-1.9952	-8.9026	2.1923	-7.0786
-17.9613	0.0559	-7.4327	-0.2268	-3.8447	-3.2545	-0.1732	-7.0720	0.7156	-6.8967
-18.1581	-0.1219	-6.1438	0.4845	-3.7694	-4.3219	-0.6894	-3.6102	1.3488	-10.7343
-16.7944	1.0385	-6.7363	-3.3971	-4.4844	-2.9818	-0.9824	-4.0725	1.6312	-7.2010
-10.1314	1.3263	-3.3037	-0.2255	-2.0059	-3.0270	-1.2654	-5.8836	0.5202	-18.8338
-10.5185	0.9246	-3.8550	-1.6012	-3.2529	-2.6853	-1.8376	-5.1032	1.8714	-7.9124
-13.7156	0.5989	-6.3635	-2.6192	-2.4067	-1.6321	-0.7215	-8.7909	-0.3016	-8.0721
-6.2645	1.0054	-3.5376	-1.5312	-4.0905	-2.7832	-0.7228	-4.4322	-0.7167	-9.7534
-16.7608	0.9482	-9.9716	-1.2776	-3.5942	-2.3080	-1.0669	-2.1932	2.2743	-12.1251
-9.8258	1.9120	-3.3480	-0.5320	-2.8330	-3.4669	-0.8894	-3.8304	-0.0591	-10.9722
-5.5814	1.0814	-7.8624	-1.8497	-4.7434	-5.3059	-0.8166	-4.6989	0.0414	-9.0101
-8.3291	1.6425	-6.7682	-1.8239	-3.0001	-3.0813	-0.4262	-7.9529	0.4130	-11.7675
-14.0172	1.2789	-5.2955	-1.2512	-1.9929	-6.0144	-2.2054	-4.9691	1.9517	-8.3484
-11.0690	0.8113	-3.2174	-0.6321	-4.2117	-8.2916	-0.6705	-5.1307	0.9707	-10.4146
-12.6228	0.3201	-8.0079	-1.3138	-2.1184	-5.2270	-0.1158	-3.3818	0.4827	-5.7811
-7.4863	-0.1119	-7.3036	-1.0925	-4.0203	-4.1104	-1.3783	-3.2622	2.9325	-6.8746
-8.6513	0.3860	-9.1415	-1.0575	-4.7743	-5.4019	-1.3084	-5.2476	0.7498	-11.5436
-8.2803	0.2669	-6.8882	-1.1486	-5.4920	-2.5473	-0.7196	-8.0464	1.1393	-3.7265
-13.6576	0.5267	-6.2598	-2.1718	-1.5142	-4.3950	-1.3253	-6.0412	1.4076	-6.1532
-11.7451	0.3197	-8.0146	0.1550	-1.8421	-4.7474	-1.8804	-3.6090	1.3887	-4.8119
-8.8249	0.8259	-4.8256	-1.9606	-4.2251	-4.6738	-1.0540	-5.7193	0.5315	-9.9950
-9.7166	0.5236	-8.0524	-0.4847	-3.0424	-3.2652	-0.1031	-3.7787	0.6060	-10.3336
-10.5638	0.4551	-3.5155	-0.3490	-5.5228	-6.7235	-0.2162	-3.5060	0.7081	-9.6247
-7.3114	0.0534	-6.1002	-1.0972	-3.7730	-6.4651	-1.1978	-2.8234	-0.7687	-9.6639
-5.2031	1.8510	-6.4126	-0.0056	-2.6469	-3.2822	-3.1351	-4.3870	0.7032	-7.9216
-10.0958	0.4753	-5.7173	-2.1428	-2.7545	-3.6020	-1.8199	-7.7966	1.7748	-7.3737
-8.1255	1.1925	-6.2405	-0.0239	-2.5355	-1.6692	-0.6720	-3.8653	1.1051	-17.8784
-15.0828	0.1176	-4.9768	0.3669	-2.7891	-3.9510	-0.7356	-4.2165	0.8030	-7.6113
-17.2189	0.5271	-3.7750	-1.7745	-5.3369	-1.1914	-1.1413	-6.7390	1.4592	-12.7066
-9.1326	1.3307	-6.2362	-2.4909	-2.1075	-2.7228	-2.5824	-6.0080	1.1431	-7.9928
-13.5699	1.7509	-8.0877	-2.5961	-4.4462	-5.6691	-0.1340	-5.3556	0.6841	-11.7096
-7.2111	1.1394	-6.8622	-1.2807	-5.0489	-5.5414	-1.5243	-5.2152	1.2461	-6.6844
-11.2082	0.4775	-3.3996	0.0471	-2.4142	-3.7961	-3.0296	-7.1126	1.2402	-9.5377
-10.4547	0.3227	-5.5533	0.4930	-7.0439	-3.0775	-1.6234	-5.2471	1.6717	-15.6191
-12.1719	1.3066	-6.8635	0.3031	-1.0732	-2.8427	-0.3821	-4.6735	0.7579	-7.0825
-11.3093	0.0911	-4.4017	-2.2205	-3.0369	-4.2481	-2.1788	-3.3458	1.2497	-12.7887
-8.5534	1.2466	-6.3167	-1.2125	-3.2274	-4.0239	-1.5198	-3.9794	1.3922	-6.3946
-14.9309	1.0861	-6.9000	-1.6317	-2.5250	-2.5144	-0.0649	-5.4914	0.9479	-7.2803
-7.0547	2.2830	-2.5793	-3.2938	-4.1683	-2.9810	-1.9348	-5.0657	1.7608	-9.1649
-7.5554	0.5995	-4.3475	-1.0451	-5.2321	-4.3822	-0.5884	-7.5622	0.5492	-11.1313
-15.1568	-0.0271	-5.2678	-1.7847	-2.1461	-2.4124	-0.8472	-6.0534	0.2826	-10.2947
-10.6981	1.1400	-4.8328	-3.8329	-2.2821	-3.1212	-1.9038	-2.6950	0.5495	-12.9258
-17.4940	1.0883	-4.9867	-1.3939	-3.1269	-2.4991	-0.0270	-4.6168	0.6338	-11.2372
-8.3852	1.8108	-4.1179	-0.9834	-2.1020	-3.3838	-0.2348	-7.0146	-0.3104	-10.0598
-9.5785	0.8259	-4.8940	-1.1118	-4.4162	-2.6873	-0.3062	-2.6542	1.5007	-10.2237
-13.9657	2.2668	-4.7054	-2.1778	-4.8372	-2.6208	0.1726	-3.9464	0.2028	-11.9124
-12.6421	0.0101	-5.0321	-2.1791	-4.3683	-3.8512	-1.3626	-2.9875	0.8172	-7.3181
-7.2583	1.9744	-5.0017	-0.0629	-2.7138	-3.7359	-1.4635	-8.6811	0.9822	-27.2973
-7.0500	0.2505	-9.8796	-0.8020	-2.5699	-1.8768	-0.5052	-3.1734	1.4279	-7.7147
-11.2387	1.3378	-6.9282	-2.8387	-3.6352	-4.9652	-0.9313	-5.3161	0.3701	-9.8960
-16.7221	-0.0591	-6.4881	-1.9217	-4.2771	-1.2088	0.2680	-4.8611	1.3293	-8.4145
-9.7922	-0.3662	-6.2258	-1.3171	-2.8416	-3.0036	-0.6129	-6.4630	0.6100	-10.2440
-7.8848	0.5454	-3.6258	-2.5797	-2.8915	-0.8916	-3.5640	-3.8616	1.1460	-9.8258
-6.1280	1.8836	-5.2005	-2.0695	-3.1039	-4.5687	-1.4843	-5.6098	1.4791	-8.2967
-14.9416	0.9679	-6.1620	-0.7304	-2.8336	-4.6391	-1.3309	-4.1409	1.1120	-10.6136
-10.0033	0.1208	-6.2436	-0.6218	-2.6843	-3.3455	-1.5197	-6.6479	1.8043	-3.5577
-10.8990	0.9448	-10.8959	-2.3099	-4.5904	-2.2817	-0.9619	-5.1460	1.3905	-15.4016
-13.1352	-0.3670	-4.3755	-0.4399	-2.6848	-3.5346	-3.1616	-5.3118	1.4060	-12.2732
-12.4140	0.5570	-6.1255	-0.4805	-2.2334	-3.8149	-1.9254	-5.1123	0.1432	-7.9470
-8.3984	0.8777	-7.3031	-1.9882	-0.8201	-2.5029	-0.7451	-4.8694	0.7374	-7.9246
-4.3268	1.8059	-7.4088	-1.5262	-3.5955	-3.9553	-1.6308	-5.2233	0.5278	-5.0152
-5.6141	1.3665	-2.7166	-1.1245	-2.6604	-3.5702	-1.1328	-6.0128	-0.4806	-9.9063
-13.4860	1.3005	-4.5535	-1.4902	-1.7442	-1.8309	-3.8553	-8.6489	0.8019	-10.0617
-17.8479	1.4999	-8.4226	-1.2474	-6.1268	-3.0742	-0.0017	-2.9933	2.0294	-3.2692
-7.6726	1.5942	-4.2907	-2.2922	-6.5722	-3.8709	-0.5167	-4.8192	0.4852	-13.1429
-10.0129	-0.0343	-3.2479	-0.8083	-1.6374	-2.0281	-2.6798	-5.4425	0.8352	-10.7669
-12.7380	1.9514	-4.3086	-2.3098	-2.8848	-4.2401	-1.1452	-5.5000	1.6104	-7.8066
-10.9279	1.8132	-6.2336	-1.7151	-4.9916	-4.8629	-0.2757	-1.7098	1.7154	-11.7386
-25.9411	-0.2933	-8.9267	-0.2524	-3.8184	-2.6353	-1.6879	-5.6009	1.9390	-8.2440
-11.2417	0.8790	-6.6458	-2.5834	-2.9893	-2.0415	-1.3506	-3.7157	0.1333	-11.7776
-9.6330	1.0658	-5.2520	-1.9677	-1.9963	-3.7165	-3.1017	-5.5224	1.0875	-9.5340
-9.7039	0.6993	-5.5014	-1.1745	-2.3680	-1.9424	-2.4326	-8.3607	1.8889	-4.2488
-8.8979	0.2285	-5.5743	-1.3342	-1.4511	-0.8794	0.5220	-4.8477	-0.5320	-10.0520
-6.8788	0.1729	-5.9354	-2.1480	-1.7578	-2.6704	-1.7379	-9.5466	-0.1544	-4.8852
-13.2148	0.6847	-3.2211	-1.1840	-4.1721	-3.7178	-2.8186	-7.8065	1.0580	-5.4548
-8.0241	0.1981	-4.1929	-0.4185	-2.8198	-3.8567	-1.0241	-4.7833	-0.4693	-8.1173
-10.3644	1.3975	-3.2215	-1.1792	-4.4070	-4.6376	-0.7457	-7.0424	1.2904	-10.4850
-10.9836	1.6938	-3.7655	-2.8476	-2.6594	-2.9140	-1.2850	-4.4368	0.7056	-9.1758
-11.9405	-0.2217	-3.3810	-0.9913	-3.6673	-2.3354	-1.4563	-4.9290	0.7368	-10.8850
-6.2258	1.0879	-2.5978	-0.1563	-4.7461	-3.9967	-2.3617	-3.8458	1.6949	-12.2306
-8.0526	2.2942	-5.9504	-2.3778	-3.5537	-2.0966	-0.3248	-3.9079	-0.8545	-6.7615
-7.0074	1.9444	-5.6442	-3.0514	-2.7578	-2.4041	-1.4572	-5.6761	1.0019	-14.8346
-8.3195	1.3141	-6.3212	0.6626	-3.8175	-4.7052	-1.6165	-4.8765	1.8859	-11.8384
-7.1217	2.4484	-4.3246	-1.0888	-3.2841	-4.4380	-1.3290	-5.0351	0.6798	-14.0079
-14.2398	0.9173	-5.8713	-0.5720	-3.3386	-0.4752	-0.8165	-4.5730	1.0508	-6.9647
-8.5293	1.4177	-5.7529	-2.5378	-4.3173	-2.5596	-0.8330	-3.9258	0.9136	-19.4893
-11.4633	0.3741	-5.3665	-1.5074	-3.0101	-2.9646	-1.9019	-5.8760	1.7922	-6.5723
-13.8805	0.6868	-5.6386	-0.3057	-4.3531	-3.6754	-0.2999	-4.1996	1.4062	-12.5419
-15.4309	0.6871	-2.6224	-1.2535	-3.2982	-2.7014	-2.9456	-3.9135	0.5275	-6.8299
-6.9348	-0.3448	-5.1213	-0.4995	-4.3723	-3.8348	-0.8549	-2.1937	-0.2436	-9.2268
-10.4626	1.4997	-9.1354	-1.7115	-2.4814	-3.6094	-1.6651	-5.3638	1.8118	-7.3570
-10.9246	0.7348	-6.7875	-4.2019	-1.9109	-3.1350	-0.3196	-5.3699	1.3921	-14.0780
-12.1648	-0.4558	-4.0924	-0.5231	-3.2085	-2.9570	-1.2127	-5.1397	-0.9584	-5.2937
-10.5004	0.7544	-8.2432	-1.6052	-3.4449	-3.3594	-1.6748	-4.2950	0.5977	-8.2842
-9.2537	0.9916	-6.7607	-1.7634	-2.0034	-1.4338	-0.9809	-4.7856	-0.7965	-12.1363
-9.1314	1.1814	-3.0742	-2.3105	-1.9397	-2.7965	-4.0011	-5.6877	-0.0667	-6.3396
-8.5880	1.6923	-4.3157	-2.1916	-5.0249	-3.5032	-1.5906	-6.2874	1.8941	-13.2824
-5.2649	1.4371	-8.2661	-1.2056	-3.4506	-3.6040	0.5996	-3.2918	0.6884	-9.0436
-7.6298	-1.1481	-5.8512	0.2294	-3.0426	-5.3598	-0.9021	-3.8310	1.1049	-12.3279
-15.3521	-0.0181	-4.8312	-0.2578	-1.6157	-2.8611	-1.7316	-4.6060	0.6330	-10.9326
-12.9943	0.3102	-5.8263	-1.3673	-2.3484	-2.7042	-0.6673	-7.3927	0.5980	-9.4203
-6.5897	1.6292	-3.6548	-1.1525	-3.5240	-5.3054	-1.6957	-4.4724	1.3530	-11.8449
-7.6107	0.9823	-4.5128	-1.9543	-5.5428	-3.3424	-1.9458	-5.4560	1.3698	-8.2648
-17.6987	1.6042	-6.4390	-2.0368	-5.3259	-3.1157	-1.8832	-3.7639	1.5190	-5.3070
-9.9592	-0.2631	-2.2332	-0.0525	-3.1761	-2.7031	-3.2840	-2.8926	1.2972	-9.2266
-11.3336	1.2053	-4.6451	-2.7222	-3.7048	-4.5359	-1.3436	-3.0478	0.2295	-9.2824
-12.3936	1.2098	-9.6239	-2.1723	-3.6917	-2.8697	-1.7145	-4.5917	1.9323	-10.0328
-7.6296	0.7248	-6.7253	-0.5733	-2.3020	-3.5329	-0.6863	-5.8779	0.6837	-12.8387
-7.9161	1.0305	-4.3530	-1.6290	-2.6478	-1.3145	-2.5513	-8.9190	0.7640	-7.8446
-8.0951	1.8685	-5.9694	0.4416	-3.3569	-5.7570	-1.1980	-7.1583	1.1102	-11.1032
-9.9553	2.0880	-5.6825	-1.3293	-0.9175	-5.4900	-2.4826	-6.3835	0.3277	-9.0307
-14.4857	1.1178	-4.5492	-1.0215	-1.8835	-1.7660	-0.1099	-4.9338	0.4715	-7.9242
-8.8057	-0.2079	-4.8059	-0.9040	-2.5266	-2.7102	-1.6172	-6.7468	0.2598	-7.2811
-7.6010	1.3256	-7.6229	-1.2246	-3.3538	-1.3714	-0.8900	-6.6641	1.4803	-9.8933
-10.4221	1.3341	-5.3604	-2.2990	-5.2948	-4.0000	-1.9331	-3.8300	1.8805	-9.0080
-9.9002	1.5505	-5.5544	-0.2870	-3.4707	-3.9052	-0.3640	-8.7546	1.1367	-17.1551
-9.9278	1.3710	-4.7113	-0.4126	-3.2049	-2.1513	-0.6401	-4.5639	-0.0278	-7.2494
-9.1352	-0.7718	-6.3360	-0.2360	-1.6584	-0.5594	-0.3576	-6.6992	-1.1932	-9.8615
-8.8978	1.3659	-9.1431	-2.9127	-3.7192	-2.4372	-1.1188	-4.7369	2.1683	-7.8528
-9.4945	2.0144	-7.2974	-4.0109	-4.7371	-1.1162	-1.5165	-12.6973	2.2208	-7.2760
-9.8273	1.9195	-1.3033	-0.2515	-5.2723	-3.7314	-2.2275	-4.4439	1.0806	-15.2034
-6.6518	1.0609	-5.9454	-1.3930	-2.8995	-4.8579	-2.4057	-7.6358	1.8955	-18.0677
-9.7726	-0.0711	-3.4830	-0.2508	-2.6319	-2.2493	-0.6835	-6.6329	-0.3241	-8.1237
-8.2494	1.5175	-4.7913	-0.1966	-4.3249	-4.0224	-3.1299	-5.2004	1.8042	-10.0023
-10.3949	1.4152	-5.6239	-2.8538	-3.2739	-3.5550	0.1211	-5.3750	0.0136	-7.8106
-8.5848	0.7049	-6.7698	-2.2452	-3.2007	-3.6786	-2.0610	-6.1055	1.2909	-5.9471
-10.1247	1.9688	-5.1749	-1.5905	-2.6422	-3.6550	-0.6945	-3.6663	0.3429	-8.8654
-7.1498	1.6086	-8.2985	-2.8147	-4.0082	-4.8926	-1.5894	-4.6485	1.7900	-8.7588
-11.3725	0.5707	-4.7928	-1.6662	-5.3661	-3.4867	-1.4105	-8.3699	1.1948	-8.7852
-10.8256	1.1873	-6.8083	-2.8608	-3.7172	-3.7272	0.6955	-2.3051	-0.0014	-8.5370
-14.6161	1.2449	-5.3497	-1.2168	-1.1461	-1.7252	0.2199	-5.5565	0.0439	-8.8630
-18.4109	0.3557	-4.4789	-1.2596	-1.5117	-1.6463	-3.0383	-12.1412	0.3358	-6.4162
-10.5658	-0.6496	-4.9295	-0.5719	-3.4185	-0.9169	-1.3639	-8.5844	0.1883	-8.2535
-12.2270	-0.7132	-4.8871	-0.0004	-1.8113	-1.3571	-2.6446	-4.8168	1.1367	-8.0053
-10.6982	0.3469	-4.5278	-2.1911	-1.8741	-2.8436	-2.5495	-4.7288	0.9455	-12.7619
-9.9005	1.2223	-7.9042	-0.8052	-0.6582	-3.8868	-1.6101	-3.1319	0.7859	-12.4611
-7.3945	1.0905	-6.7225	0.2884	-4.0098	-2.1540	-2.6919	-4.6142	1.7348	-14.2236
-7.8256	0.1276	-3.9962	-1.1561	-5.2227	-3.6226	-0.1234	-5.6334	-0.0051	-5.4067
-11.4361	-0.2406	-3.4786	-0.1708	-3.5984	-3.5871	-2.4736	-5.1393	0.8560	-15.8405
-18.5086	0.1685	-7.3886	-1.2016	-2.3487	-2.6876	-2.4659	-11.6890	1.8219	-13.0817
-10.5864	0.7247	-3.8884	-2.5696	-1.5346	-1.7276	-0.0346	-5.4852	-1.2765	-11.0673
-11.0549	0.6227	-7.5445	-1.2787	-1.3707	-1.4734	-1.6505	-2.4199	0.3187	-9.6455
-13.5592	-0.1006	-3.1715	-1.2880	-3.8037	-4.1660	-0.5225	-6.0696	-0.2716	-9.0045
-7.5115	1.2883	-6.4854	-3.2989	-4.0701	-5.2616	-1.5854	-4.8238	0.7134	-5.0137
-8.1701	0.4123	-6.7641	-2.9608	-1.0830	-3.3730	-1.6881	-3.4665	1.2119	-10.2934
-7.4604	1.0164	-6.2486	0.1127	-2.7773	-4.9171	-1.9893	-6.3351	1.0533	-11.0518
-7.1766	1.8173	-2.4067	-0.2591	-2.0730	-4.3144	-1.0108	-5.3248	0.0646	-16.3473
-17.7140	1.1535	-7.4973	-1.6538	-4.2657	-3.8099	-0.6676	-5.2419	2.0646	-6.6676
-9.9183	-0.4139	-7.9324	-2.3924	-1.9030	-1.9145	-1.5216	-4.7393	0.8926	-5.3822
-8.1076	0.9573	-5.9985	-0.8406	-3.2109	-3.9470	-0.4101	-5.5394	0.8717	-11.8882
-9.8580	0.7945	-3.9693	-1.8163	-2.1621	-1.9400	-2.3596	-7.2720	0.2991	-7.0755
-10.5568	0.9207	-9.6611	-2.6509	-2.8913	-2.5857	-3.6982	-3.2702	1.9599	-11.6806
-8.7787	1.0259	-3.7317	-0.6577	-4.0221	-3.0981	-1.5741	-5.1588	0.4572	-7.7039
-10.4578	1.0174	-8.6705	-2.2599	-4.1166	-3.0882	-1.5875	-5.2376	1.8930	-8.9657
-11.2630	2.4636	-3.9214	-1.5373	-1.7518	-4.2950	-1.5778	-6.2181	0.6596	-24.7271
-10.7391	1.2576	-6.1745	0.9326	-4.0886	-4.3365	-1.2349	-6.9887	0.6544	-11.1916
-18.7831	1.3160	-5.0029	-0.7597	-2.8969	-2.0105	0.5887	-6.6546	0.5674	-14.1417
-12.0775	0.7912	-5.5966	-1.9003	-4.5180	-4.9701	-0.5180	-2.9236	1.5550	-15.7953
-9.8431	0.7176	-4.7186	-0.2785	-7.1904	-3.7282	-0.0880	-9.6578	1.2802	-9.0577
-15.8747	1.1067	-6.9704	-1.3121	-1.1892	-3.4141	-0.1964	-5.1570	1.2565	-10.1328
-8.3147	1.3298	-6.4708	-2.2865	-2.8757	-2.4098	-0.1745	-5.3206	1.0090	-6.8186
-11.1760	1.4232	-1.9553	-1.2565	-4.0413	-3.6607	-0.8377	-6.7242	0.2646	-13.3644
-7.7203	1.4013	-4.7518	-2.7490	-3.3503	-2.3819	0.4823	-3.7135	0.0291	-14.6861
-11.4473	1.1600	-3.1730	-1.5050	-5.9566	-3.3790	-1.6067	-4.4274	1.0429	-11.4293
-13.1438	0.9627	-3.1127	-0.9234	-5.8863	-1.9096	-0.3936	-3.3218	0.1382	-11.7760
-10.9176	0.4637	-4.2540	-0.0991	-3.8062	-2.9511	-1.0091	-3.2408	1.4504	-8.0571
-9.4382	1.0215	-6.1510	-1.0457	-1.3275	-2.3238	-2.1907	-5.1612	0.7732	-14.1035
-8.7291	2.1647	-7.3995	-1.8466	-4.0016	-1.5421	-1.9960	-6.6709	1.9045	-6.9265
-7.6047	1.3269	-4.3273	-1.6866	-3.1739	-3.7605	-2.0798	-6.1289	0.9238	-10.4227
-9.5934	1.8371	-2.9081	-1.4633	-3.6032	-3.1175	-0.2410	-6.3010	-0.8830	-10.4774
-10.9931	-0.1793	-5.0334	-0.2042	-2.8921	-3.7547	-0.9077	-5.6203	1.3250	-11.9376
-12.8309	-0.2432	-5.0482	-0.5159	-2.6795	-2.7608	-2.0584	-4.6344	2.0899	-8.9352
-4.4112	0.4869	-7.7939	-1.3993	-1.9229	-3.3293	-1.6615	-5.4165	0.5477	-5.1811
-8.7070	1.0019	-6.7854	-1.3536	-5.5606	-3.9643	0.5962	-4.3665	0.2981	-9.0962
-14.6239	1.0365	-6.6135	-0.7646	-5.0398	-4.3404	-0.5697	-3.3639	1.9219	-9.0254
-6.3469	0.8269	-7.8523	-3.0408	-3.6477	-4.5327	-1.3531	-2.9724	1.0544	-5.7007
-9.5562	0.2214	-5.6811	-0.9625	-3.7850	-3.8357	-2.3244	-3.4103	0.7436	-7.3774
-11.2748	-0.0602	-5.3050	-1.8799	-1.9944	-2.0663	-2.6906	-3.5245	1.0454	-9.1612
-8.5315	0.9113	-4.1958	-0.6868	-3.7715	-3.0821	-2.4609	-4.8097	1.1692	-7.9788
-17.6717	0.3952	-3.5224	-0.8730	-2.3500	-2.9846	-1.4719	-7.6059	0.6817	-8.6544
-12.3425	2.2009	-6.3109	-2.9376	-0.9610	-3.7264	-1.9131	-8.2885	0.8797	-10.6949
-6.4839	0.2952	-7.0274	-1.1213	-3.5784	-3.4777	-0.8977	-5.6486	0.7091	-13.0794
-11.0121	0.3851	-5.5568	-0.6096	-2.4178	-2.2002	-3.8773	-5.2748	0.9166	-10.9493
-7.4006	1.2742	-5.8164	-1.7936	-1.5729	-1.8017	-4.3141	-6.2767	0.9838	-14.2816
-9.1635	2.2011	-4.3836	-2.6021	-3.7176	-3.5748	-0.2973	-5.5526	0.5991	-13.0502
-10.6542	2.4676	-4.2344	-3.8008	-3.6377	-4.3224	-1.2088	-4.5522	0.6447	-16.4072
-7.5091	0.6996	-5.7244	-1.3956	-2.1547	-1.8191	-0.1949	-4.9601	-0.1326	-15.5684
-8.7369	0.7892	-2.4422	-2.7790	-2.8931	-1.2456	-2.3759	-5.6824	0.9479	-14.5055
-8.6169	0.6449	-4.2367	0.4717	-2.1522	-2.2464	-3.1893	-6.5904	1.0540	-13.2234
-7.8060	2.4023	-4.2701	-2.1115	-1.6456	-2.2856	-2.3840	-3.9453	1.9565	-11.3781
-9.5730	-0.0950	-6.8362	-1.3965	-2.4839	-5.5990	-2.2947	-4.5184	0.6942	-7.1828
-5.8096	0.7999	-3.4656	-1.2244	-4.6355	-1.4332	-1.0762	-7.0744	0.4905	-12.2090
-10.5753	1.2682	-6.6191	-1.1919	-2.1541	-1.3341	-2.6388	-10.3584	0.7858	-7.7942
-9.2250	1.7884	-5.6116	-2.3036	-5.9656	-3.1264	-1.0761	-5.2937	1.5310	-12.5839
-8.6052	1.7336	-1.9491	0.1603	-3.1259	-3.6640	-2.9990	-8.0101	1.1077	-6.3844
-9.6887	1.3088	-5.1694	-1.8814	-4.4238	-2.5088	-2.5283	-6.0336	1.0875	-12.3344
-11.3096	0.4846	-5.8322	0.0243	-5.4063	-6.2775	0.3269	-4.0003	0.6285	-12.0069
-6.7688	-0.3016	-6.6176	-0.6997	-4.3009	-1.5140	-1.6375	-4.7353	0.9361	-6.8465
-18.6807	1.5719	-6.8193	-2.4975	-2.3381	-3.1460	-1.6438	-5.8591	0.8369	-10.2367
-12.9777	-0.2852	-10.0907	-0.8515	-3.7798	-2.3083	0.3903	-3.2954	0.5800	-7.3314
-15.8091	1.1010	-3.9490	-1.3280	-3.1165	-3.1777	-0.3732	-6.9832	0.9444	-11.0544
-7.1726	0.7670	-7.1082	-2.0162	-3.0606	-1.8571	-0.6967	-3.1692	0.9134	-7.2568
-7.7753	0.6467	-5.2609	-1.5672	-2.7620	-3.0435	-1.4088	-5.1620	0.5491	-7.6043
-7.0326	1.4393	-9.6283	-1.0014	-3.1525	-3.8705	-3.1873	-5.1479	2.7977	-12.9290
-10.3618	1.6858	-3.8757	-1.8037	-4.2678	-7.6904	-0.4984	-4.5850	-0.0948	-9.5033
-5.0295	0.3214	-4.5667	0.2341	-3.2866	-4.5239	-1.7529	-6.8042	1.4512	-12.8632
-12.4230	0.5377	-4.1754	-0.7817	-2.1535	-3.7807	-0.1396	-5.0572	0.4224	-9.9978
-10.0858	1.3132	-3.7355	-1.7688	-2.1820	-2.8048	-4.4942	-5.9460	0.4476	-11.8426
-9.5059	1.3840	-6.7233	-1.9066	-3.2226	-1.2584	-1.2159	-4.7196	1.1975	-12.4891
-13.5051	-0.0492	-5.8974	-1.8615	-3.0877	-2.6055	-1.0736	-4.9404	-0.1762	-11.7395
-17.8187	1.1972	-6.6853	-1.8759	-2.4359	-2.6216	-2.1720	-8.1088	2.3636	-9.0320
-10.9281	0.5266	-8.9136	-0.3304	-4.0339	-3.7943	0.0334	-3.3195	0.8626	-8.3420
-10.7633	2.0431	-3.7997	-2.2497	-5.1790	-4.2416	0.1988	-10.6151	0.4967	-8.0982
-8.3014	1.7714	-5.2736	-2.2938	-2.0177	-1.5686	-2.8677	-5.7554	1.6433	-15.0224
-9.6521	1.4943	-5.3872	-1.4429	-3.0319	-2.9991	0.3215	-3.8256	0.5797	-12.0551
-13.3874	-0.2394	-5.8336	-3.0400	-2.3747	-0.8520	-1.8710	-3.2563	1.0983	-7.0918
-8.5473	0.5839	-8.1433	-2.9996	-2.4777	-4.9154	-0.9032	-5.0230	1.9766	-8.5233
-11.8686	0.2071	-5.9813	-0.9787	-4.7679	-3.5228	-0.8660	-3.2295	2.0148	-7.5367
-11.4445	0.8646	-5.3789	-0.8509	-4.7986	-3.8608	-2.0808	-4.0091	1.5250	-11.6376
-8.4699	0.8353	-4.4677	-1.3901	-2.9727	-2.1361	-0.0149	-6.7515	0.1848	-8.0385
-5.2707	0.1466	-3.9063	-1.9835	-1.9711	-3.4363	-0.9207	-2.1949	-1.0344	-10.6851
-7.8356	1.7409	-5.2685	-2.2676	-2.9203	-2.5497	-1.7653	-5.0983	1.4384	-14.1666
-8.5229	0.6284	-4.7231	-0.4450	-3.0082	-3.0433	-0.9622	-5.1960	1.1972	-9.1414
-11.3248	0.3893	-4.7298	-1.7339	-0.9192	-2.2098	-2.3287	-5.2185	0.2720	-11.5070
-16.0610	-1.8709	-7.2880	-1.7421	-4.2709	-1.9013	-1.4476	-2.8081	1.0631	-4.9750
-8.0487	1.3880	-3.2826	-1.2499	-2.2759	-2.1164	-1.0780	-6.2796	0.0829	-8.1616
-11.0677	1.3885	-4.7366	-1.9772	-3.6037	-2.8252	-1.6169	-5.8931	1.7417	-10.9059
-5.7289	2.3289	-4.5258	-1.4039	-5.2946	-3.9591	-1.0569	-8.5523	0.7136	-11.3890
-10.3053	-0.1899	-3.5834	0.1276	-1.9045	-2.8918	-1.8387	-5.8589	0.5934	-11.4450
-7.8816	1.3986	-3.4264	-2.5728	-3.0956	-1.4178	-1.1140	-5.1290	1.4118	-10.4223
-15.1734	0.0188	-4.9934	0.3347	-6.4656	-3.5791	-0.8296	-4.5226	0.9783	-11.8363
-11.7421	0.3594	-3.1443	-1.8952	-1.5473	-2.1233	-1.6144	-4.3240	-0.8868	-19.3629
-9.7174	1.7118	-3.5613	-2.1583	-3.2140	-1.1369	-1.5561	-7.4627	1.3702	-6.2340
-9.8277	0.9869	-7.8487	-0.2850	-4.2839	-4.1054	-1.4302	-3.7540	1.7765	-8.1590
-7.2150	-0.9072	-6.5744	-0.5349	-1.1938	-1.1708	-3.4724	-5.4903	0.4529	-8.6424
-9.7846	1.2552	-5.1958	-0.9957	-1.9388	-2.8426	-3.2876	-6.7942	1.8877	-8.7993
-15.4788	1.3795	-4.2651	-2.7281	-3.2603	-2.1775	-1.4431	-9.0061	1.9162	-5.9321
-14.4029	1.8683	-9.8595	-2.7758	-1.7767	-1.0132	-0.7492	-5.5822	1.5281	-6.5103
-10.8974	1.6989	-4.6675	-0.5292	-2.2314	-4.5272	-3.0105	-6.8588	1.1525	-10.5937
-7.0125	0.1940	-2.0914	-0.2370	-4.5880	-4.0866	-1.0119	-7.2757	1.4192	-9.8483
-10.0123	0.4660	-5.5470	-2.2082	-3.8898	-1.9128	-0.9470	-3.8536	1.2711	-6.2625
-10.0212	-1.2870	-3.8182	-0.5369	-3.2292	-2.8815	-0.7484	-3.7736	0.4447	-12.1533
-10.0120	0.3396	-2.6809	-1.2686	-3.2726	-3.0178	-0.8546	-5.2056	0.7369	-11.1328
-7.9055	1.2192	-5.6768	-1.5699	-3.2092	-3.4951	-0.5140	-5.7458	1.1717	-9.1281
-8.3133	0.0888	-7.1341	-1.5345	-3.6600	-0.8825	-1.8741	-3.5626	2.2796	-10.8197
-7.2257	1.8779	-7.0038	-2.2303	-2.7265	-4.6232	-1.9811	-4.4117	0.7951	-12.0178
-8.1976	1.0867	-6.1440	-1.7118	-2.0441	-3.3522	-0.9490	-3.1950	1.5998	-8.9571
-5.7634	0.4031	-3.3822	-0.5172	-2.2853	-2.4499	-2.9318	-6.6886	-0.6047	-11.7842
-11.4054	1.7941	-4.3944	-2.8113	-3.7742	-3.5872	0.2201	-3.9096	-0.0032	-9.4625
-8.3568	0.9652	-5.6141	-0.4105	-1.9752	-2.0103	-2.0433	-5.6497	1.2155	-12.7086
-5.7304	1.2959	-7.0849	-1.9362	-2.6676	-4.3733	-1.0063	-4.1724	-0.0441	-10.2220
-7.6200	1.7880	-6.4890	-1.2010	-1.8879	-4.3961	0.4278	-6.1700	0.8584	-17.0242
-10.1472	2.1677	-6.2216	-1.1493	-2.1534	-2.6171	-0.7404	-5.2079	-0.0658	-5.3785
-11.1667	1.5261	-7.4372	-1.1006	-3.0866	-1.3281	-0.6456	-6.3576	1.0516	-9.6936
-7.1678	0.3613	-6.2636	0.1769	-2.4999	-3.8551	-0.7833	-6.0702	0.7597	-10.5966
-9.7386	1.1091	-1.7357	-1.6218	-5.5339	-3.2799	-1.4248	-7.0093	1.1549	-8.8621
-8.7913	1.5002	-5.3620	-2.7204	-2.5181	-3.3586	-1.5394	-2.9614	0.7642	-6.7622
-12.7604	0.9093	-6.2321	-1.5800	-3.3972	-5.4504	-0.8601	-5.1241	1.2145	-12.5196
-5.5006	1.3831	-3.8599	-0.4502	-4.5657	-3.1388	0.0401	-4.9605	0.6650	-14.5418
-13.2734	0.6199	-5.3297	-3.0200	-2.2615	-3.3176	-2.3754	-5.3411	0.5205	-8.1055
-7.8830	1.9196	-4.7834	-4.5731	-2.7326	-3.8887	-0.7020	-4.2656	0.7395	-15.8968
-12.2694	0.6458	-3.4438	-0.6598	-3.5650	-6.0428	-0.0170	-3.5206	-0.4110	-7.3175
-12.0010	-0.2132	-6.1251	0.3722	-3.3199	-1.7479	-0.4472	-6.3110	1.8080	-10.3367
-15.2967	1.6312	-3.2100	-1.0641	-1.6457	-3.8987	-0.9825	-7.7761	0.6376	-11.1757
-10.5881	-0.8246	-3.4053	-1.0920	-4.5525	-2.4172	-2.7966	-3.8732	1.2324	-7.0418
-7.8171	0.2529	-8.7996	-4.4983	-4.3432	-3.9034	-2.3529	-5.9747	2.5055	-6.1746
-7.4889	0.4503	-6.8043	-0.5260	-5.1176	-7.1981	-0.6048	-2.6978	0.8713	-7.5548
-6.5746	0.4176	-3.8187	-2.4416	-2.7060	-2.3075	-1.5547	-7.6765	0.1115	-11.5846
-7.7671	0.9662	-10.0372	-1.6148	-4.3435	-3.5918	-0.5178	-4.0620	1.2723	-11.4089
-9.1743	1.3635	-6.7707	0.4598	-2.9538	-3.1954	-0.8788	-7.3052	1.5438	-8.8453
-8.7916	0.7301	-4.1396	-0.1879	-3.5775	-5.1392	-2.9132	-5.6297	1.1388	-14.7375
-12.4458	0.8783	-5.4346	-1.1628	-1.7319	-4.2042	-0.8508	-4.9679	0.1006	-11.7827
-8.3129	1.1328	-5.6024	-1.5170	-2.9842	-4.9236	-2.2880	-7.2154	0.2895	-10.0006
-7.7224	-0.7673	-6.2294	-0.7090	-2.9191	-1.5767	-0.9059	-7.6626	1.0680	-7.4046
-12.5941	0.2372	-6.1392	-0.2259	-4.9735	-3.8834	0.3722	-1.9711	0.9036	-13.9815
-11.5093	1.5931	-3.6366	-1.7872	-3.6718	-1.1853	-2.1938	-7.1365	1.6633	-22.1980
-11.2687	0.6983	-4.4720	-0.7281	-4.5454	-2.2252	-1.7416	-8.4961	0.6856	-11.0164
-8.8585	1.5079	-4.2113	-1.9493	-2.9488	-2.8064	-2.9363	-3.1898	0.8472	-7.4123
-9.7350	0.8821	-5.2197	-0.3715	-1.6785	-3.2798	-0.7539	-6.3076	-0.2099	-4.5178
-8.7883	0.0780	-7.4063	-2.4011	-1.3202	-1.3016	-0.4131	-1.6761	0.2311	-10.1155
-12.1210	0.5542	-7.9253	0.4341	-3.9511	-3.4445	-1.0464	-5.4295	1.6995	-8.5482
-14.6924	1.0158	-4.1096	-1.5543	-4.7965	-5.4824	-1.3956	-3.6916	1.5752	-5.7333
-9.1114	1.6479	-4.5418	-1.1745	-3.8854	-2.9662	-0.0458	-9.5433	0.3304	-8.7122
-15.2431	1.1677	-4.7410	-1.3912	-2.7277	-3.4892	-1.3701	-4.7454	0.1832	-14.3129
-8.4561	0.8041	-5.8724	-1.2581	-3.8978	-2.2289	-0.5745	-4.8291	1.1070	-10.4887
-13.6235	1.1149	-4.5242	-1.7284	-2.6922	-2.8002	-1.7751	-4.7955	2.6344	-17.8082
-11.4970	0.8219	-8.3071	-2.8833	-2.2256	-2.5445	-1.1367	-3.1006	0.4048	-10.5827
-10.1418	1.0319	-5.4789	-1.0913	-2.6443	-4.6138	-0.3777	-8.6629	0.1881	-7.4518
-7.6161	0.8761	-5.5825	-1.4717	-4.6894	-4.1964	-0.5512	-7.7672	0.3427	-9.1580
-7.2270	0.7884	-3.8441	-0.3968	-4.2144	-0.6044	-1.2476	-4.6855	1.3855	-8.2809
-10.8723	0.4949	-2.9648	0.0206	-3.5950	-1.1832	-2.4161	-6.9007	1.4723	-7.9833
-11.0318	0.7887	-6.1576	-0.2570	-1.1614	-5.2772	-2.3435	-5.5905	-0.1844	-16.2823
-8.3935	1.6521	-6.9072	-1.8346	-3.0566	-3.7447	-0.6595	-6.4416	0.4127	-9.2020
-8.6909	1.5541	-5.3259	-1.4037	-3.2659	-2.3600	-0.4505	-7.7650	0.9245	-10.0175
-9.2287	2.6202	-9.9590	-0.3237	-3.5542	-3.2833	-2.5555	-7.9293	0.3237	-9.3476
-3.6159	0.4440	-6.1734	-1.2579	-3.7828	-2.5898	-0.5012	-5.1886	1.0272	-9.6340
-10.0940	1.7007	-6.7497	0.0798	-2.7135	-2.3344	-2.7711	-6.7921	1.6056	-11.6510
-12.1403	0.5024	-5.1677	-1.8550	-2.0845	-2.9741	-0.2203	-4.2360	0.0666	-12.3247
-13.8523	-0.1783	-5.2523	-0.7622	-3.6171	-2.3939	-1.5899	-4.6338	1.2931	-9.4849
-9.5045	0.9627	-3.8392	-2.5657	-2.3040	-1.7296	-0.9540	-6.8299	1.0194	-11.5142
-6.9782	-0.3790	-5.2742	-1.3905	-2.1765	-0.6334	-0.9534	-7.0880	0.0580	-10.0681
-5.5127	1.0702	-4.0118	-2.3282	-1.3989	-4.0093	-4.1918	-6.1141	0.8449	-11.4119
-8.9785	0.0996	-4.5842	-0.2450	-3.0715	-1.8386	-0.0593	-7.7123	-1.0092	-8.3502
-7.6738	0.7022	-8.1199	-0.7958	-5.3211	-3.5077	0.6567	-3.2580	1.2805	-13.3990
-14.9531	0.9334	-4.3189	-0.2951	-1.9284	-1.1968	-4.3482	-4.3954	2.5055	-10.1311
-8.5653	1.1257	-5.5488	-1.2770	-2.3870	-1.0858	-0.6073	-6.7642	0.8478	-10.0621
-9.5636	-0.1162	-6.4818	-1.5950	-1.7482	-3.4092	-1.7025	-3.5890	0.5563	-10.6253
-7.9858	0.7497	-3.4816	-0.4903	-3.4125	-3.5437	-1.3721	-5.5959	0.8468	-12.2922
-12.6276	0.4606	-6.7294	-0.7955	-2.1959	-3.8246	-0.2442	-6.1250	0.0624	-12.1962
-8.4564	1.2621	-5.6472	-1.0639	-1.7498	-2.2929	-1.5473	-10.8323	1.7364	-8.2541
-8.8805	0.6914	-2.7264	-1.9637	-4.7157	-5.8395	-1.8200	-4.0376	1.1567	-8.8254
-16.4644	0.9553	-5.0819	-0.6737	-2.2943	-3.8924	0.1947	-6.3334	0.4632	-13.6588
-11.1954	0.5635	-3.8940	-1.4169	-2.7671	-4.0982	-2.0013	-4.6413	1.1806	-10.6640
-13.3447	0.1169	-5.3694	-0.2529	-0.7381	-3.4107	-1.4190	-3.7891	0.1430	-7.2083
-10.3191	1.3711	-3.1680	-1.5215	-2.1731	-3.0455	-2.1864	-7.4389	0.2389	-11.3851
-9.7682	0.2934	-3.3398	0.2696	-1.4936	-3.2287	-2.9702	-5.9632	0.7796	-10.0958
-11.1138	-0.0203	-4.8663	0.5252	-4.1813	-4.8080	-0.9022	-4.6089	1.7583	-7.6771
-8.4705	-0.0697	-3.6846	-0.5546	-5.4933	-1.4479	-1.1663	-8.4993	1.3834	-9.1605
-9.1420	-0.6704	-8.7662	0.1581	-5.0624	-2.0512	-1.8570	-10.9296	1.9748	-11.1726
-9.2819	0.7156	-6.2337	-1.4307	-2.3641	-2.8425	-1.3206	-5.6111	0.4106	-14.0837
-14.8386	0.3611	-5.7421	0.0060	-4.0409	-2.0152	-1.4816	-5.8281	1.5868	-14.7575
-6.2574	0.0538	-6.1589	-1.4981	-1.3008	-2.1743	-2.1976	-3.9527	1.5961	-10.7878
-9.3512	1.3214	-3.9560	0.1282	-1.4472	-3.9169	-1.2861	-4.7048	0.0084	-15.9236
-13.4027	0.4006	-5.2816	-1.8586	-5.5315	-2.3091	-0.6954	-5.7596	0.9115	-9.3107
-8.9399	0.1963	-7.8922	-1.6314	-2.8140	-2.2773	-0.8232	-7.3477	1.6553	-6.8057
-11.8897	2.0164	-4.9126	-1.5407	-1.0559	-2.9260	-2.2572	-5.2849	-0.2001	-7.2263
-9.9203	1.0549	-7.0553	-0.8051	-3.5489	-7.0072	-0.7949	-5.8498	1.2243	-6.3757
-6.6448	1.3026	-2.8717	-1.7551	-3.4285	-2.6591	-2.7616	-6.7120	1.6122	-8.9440
-11.9788	0.2727	-5.3189	-0.9260	-3.8000	-4.2702	-1.7135	-3.7627	1.3864	-9.6818
-8.1629	0.0447	-5.6035	-1.0935	-3.5876	-1.1526	-0.3582	-4.3520	0.0480	-11.2182
-9.1106	0.6373	-4.8877	-1.0237	-2.3928	-3.8120	-1.9521	-5.7415	1.1743	-6.8278
-5.2711	1.3335	-3.0778	-1.2819	-4.2929	-4.4531	-2.0714	-6.4510	0.3398	-14.2545
-7.4870	0.1576	-7.6818	-2.0058	-3.2032	-3.2284	0.0255	-5.6488	0.8744	-9.4532
-14.0173	0.1754	-6.7732	-1.6047	-4.4696	-4.9823	-0.1537	-4.4966	0.2729	-11.5745
-13.2559	-0.1344	-7.1428	-0.3759	-4.7777	-2.8880	-1.6585	-2.8486	1.9889	-7.1377
-12.4600	2.2086	-2.5899	0.2571	-2.5431	-4.3803	-0.8466	-7.0724	0.3811	-9.2355
-9.7543	0.2520	-5.8124	-1.7671	-2.8966	-4.7788	-1.1763	-2.3278	0.4097	-8.1450
-8.8702	1.1010	-5.9032	-1.6629	-2.0691	-3.7360	-0.6282	-6.8518	-0.0954	-7.8305
-8.9466	1.9041	-7.9823	-3.2075	-5.2679	-3.3844	-0.6036	-4.7297	1.3818	-8.2387
-11.0638	0.5494	-8.7106	-1.4113	-2.6826	-1.5850	0.3385	-4.7059	1.6335	-5.4040
-7.1669	0.7835	-7.1175	-1.6178	-4.4768	-3.0168	-1.0990	-4.4738	1.3882	-7.8630
-9.1759	1.6379	-7.8167	-2.3688	-2.6309	-1.9451	-0.9955	-5.0465	0.3941	-15.6137
-11.0225	1.1111	-4.9948	0.0852	-4.0213	-3.1489	-1.4227	-5.2279	1.8698	-12.5894
-12.6539	0.2457	-3.4864	-0.5523	-5.5046	-3.8896	0.6704	-6.5164	-2.2384	-13.6442
-7.3968	0.4659	-9.7819	-1.2080	-3.0723	-2.1944	-2.4414	-5.7486	1.3250	-9.2746
-9.6220	0.8846	-5.7206	-2.5018	-4.4030	-2.9080	-0.3061	-4.4966	1.6953	-10.2270
-9.1595	0.6168	-4.3070	-1.7174	-2.1212	-2.7420	-0.2987	-2.6521	0.0780	-8.6513
-8.0051	0.3189	-3.7899	-0.8599	-2.6202	-3.7284	-1.5204	-3.9605	1.1809	-10.8980
-8.8328	0.9568	-5.4381	-1.8072	-3.6480	-2.7293	-1.0124	-6.3557	0.2326	-16.3363
-7.2625	-0.8209	-5.0516	-0.6663	-2.1813	-3.1683	-2.0114	-3.7513	0.5642	-11.1697
-21.8179	1.0933	-7.7524	-1.4192	-5.0425	-1.7693	-1.5913	-5.3335	1.2182	-7.4221
-9.3970	-0.2804	-5.9233	-2.3236	-2.2436	-4.9556	-1.4117	-3.4842	-0.1112	-6.7724
-9.0835	0.4092	-5.9751	-0.8111	-2.5582	-1.8428	-1.3582	-3.1827	0.8686	-25.4505
-4.0920	0.3144	-6.2106	-0.8942	-5.0692	-2.4241	-2.5836	-12.3804	0.8933	-9.9431
-10.7114	1.2294	-3.6367	0.0404	-5.3112	-2.9456	-2.7477	-7.1136	1.1383	-7.7766
-14.5153	1.5142	-3.9662	-2.3158	-1.4969	-2.8942	-2.8681	-10.9813	0.6038	-13.1832
-9.2700	-1.1829	-7.7809	0.7136	-3.9961	-3.4936	-2.7789	-1.7184	2.5207	-8.3222
-11.2911	1.3168	-4.5162	-3.7587	-3.4456	-2.2640	-1.3587	-6.0986	1.1474	-8.5180
-15.3052	1.0817	-7.8590	-2.4823	-3.2910	-3.9777	-0.5372	-3.6169	0.7938	-7.6418
-10.3440	0.0471	-7.2061	-0.9152	-4.7054	-2.7767	-0.5995	-5.3831	0.7297	-8.3529
-10.9637	0.8552	-2.5133	-0.4646	-2.0537	-2.2834	-0.9183	-6.2501	-1.0868	-16.0802
-8.3745	0.7676	-6.1697	-1.0901	-4.9446	-4.1604	-1.0267	-3.9788	0.4602	-8.5269
-11.9261	0.5117	-4.3721	-0.8568	-3.7446	-3.6572	-1.6965	-7.1702	1.5731	-9.5779
-12.7726	0.4403	-6.3968	-1.4793	-3.0806	-1.7399	-0.3898	-3.1733	0.1257	-11.4979
-8.8095	0.3625	-4.5727	-1.2046	-2.7837	-2.7753	-1.6644	-4.1488	1.5642	-19.4773
-10.2413	0.1631	-6.0004	-2.0420	-2.0719	-2.7513	-0.3148	-3.2575	0.6764	-10.7894
-8.6192	1.8588	-4.2531	-3.8419	-2.5240	-2.2190	-3.1646	-4.5711	1.3236	-11.4288
-4.7260	1.1410	-4.7027	-1.4400	-4.3426	-3.4352	-1.5826	-5.8949	0.4074	-9.9605
-6.7808	0.7896	-4.5623	-1.7414	-5.2325	-2.4434	-2.2887	-7.3939	1.4160	-14.6351
-8.5208	0.4563	-10.2918	-3.9927	-2.2472	-0.2710	-1.8484	-5.6446	1.6393	-9.8611
-9.1639	1.3611	-3.7786	-2.6106	-5.3542	-1.7860	-0.4706	-5.3844	2.3395	-7.2552
-7.5497	1.5922	-5.7845	-0.7604	-3.0322	-4.3271	-2.0998	-10.0641	2.2059	-8.4708
-6.7079	0.4889	-3.0418	-1.1665	-2.7505	-5.8355	-2.7110	-7.2731	-0.1166	-10.1443
-10.2435	2.3190	-3.5553	-2.2330	-2.7201	-3.2281	-2.3938	-4.7156	1.0780	-10.2040
-10.1340	-0.3844	-5.6400	0.7158	-4.5115	-4.0058	-1.6982	-4.2721	2.0034	-8.8207
-7.8779	1.6795	-4.2010	-0.8671	-3.2190	-6.4924	-0.9794	-3.7416	1.1306	-11.3309
-11.6496	0.8932	-4.4089	-1.8971	-3.8913	-2.4436	-0.0886	-6.6475	1.2539	-5.3141
-9.9056	0.0909	-8.7888	-1.7841	-5.1715	-2.4973	-0.3546	-4.2296	0.4860	-5.9100
-10.2062	0.0362	-7.7709	-1.7328	-2.9744	-2.5150	-1.7401	-3.4725	1.5276	-8.2901
-9.5171	1.5114	-3.6519	-1.1236	-5.2014	-3.6055	-2.1346	-3.6821	1.1696	-15.9293
-6.8452	2.1142	-4.0175	-1.5572	-3.9522	-6.1853	-0.7076	-4.9725	1.5038	-7.7612
-10.2863	-0.2865	-8.1394	0.1644	-2.4437	-2.8538	-0.2531	-6.8134	1.0206	-10.1775
-15.5565	-0.1611	-4.8862	-2.3419	-0.8518	-1.7153	-0.9415	-5.2590	0.6237	-4.2653
-10.8550	2.2316	-3.8778	-1.7651	-2.8447	-4.1068	-1.9325	-6.4059	1.3459	-12.8834
-13.1157	1.2149	-4.0642	-2.6442	-3.2247	-3.5452	-2.5135	-4.8656	1.9151	-7.6922
-8.1655	1.0347	-5.8589	0.1333	-3.5699	-3.5028	-1.6225	-6.7294	1.5145	-10.9693
-9.6757	0.5409	-3.7766	-2.5370	-2.6436	-2.4362	-0.9060	-4.2051	0.2868	-14.9394
-9.1617	0.0634	-8.6690	-0.7811	-1.9485	-5.1081	-0.2189	-5.3691	-0.1377	-10.1540
-11.1918	0.7289	-5.5514	-1.8948	-3.4130	-3.2853	-1.9774	-5.4814	1.2704	-8.1005
-8.8785	2.6651	-3.9736	-1.9470	-6.0795	-2.5892	-1.4001	-5.7230	0.4180	-6.3244
-6.8974	1.5443	-2.9974	-1.5944	-2.8499	-3.9120	-1.0703	-4.7220	0.0039	-13.4353
-9.3584	0.1016	-7.3809	-0.2785	-3.3432	-3.0258	-2.0497	-5.0415	1.2246	-19.1490
-15.9401	0.4696	-5.0708	-1.9619	-3.5933	-1.3263	-1.7624	-6.8367	2.3234	-8.1009
-9.8779	0.2018	-6.1853	-0.1611	-1.4574	-4.5637	-2.1441	-5.3470	1.0946	-6.0995
-11.4461	0.0544	-8.0164	-0.8571	-2.6229	-2.3303	-1.0035	-7.5907	1.4892	-6.8115
-9.3836	1.5114	-8.1707	-2.6890	-4.5233	-4.1986	-1.2294	-4.7612	0.9053	-4.4967
-8.9523	0.5755	-2.3467	0.6215	-3.8492	-4.0383	-3.8122	-6.6818	0.1283	-6.5370
-12.2680	1.0296	-7.2080	-1.8250	-3.4465	-1.2144	-1.7372	-5.9142	0.7293	-11.0230
-9.6171	1.4138	-3.9276	-1.6603	-6.4772	-3.6052	-0.9585	-6.0609	0.7731	-7.1900
-7.1585	1.7897	-4.0979	-1.1308	-5.1855	-5.1620	-1.2313	-7.9933	1.2244	-10.4920
-7.0508	-0.0596	-7.7326	-2.0391	-1.5981	-1.3266	-0.1788	-5.9634	0.7724	-8.2076
-9.4237	-0.2118	-6.9133	-1.1637	-3.7070	-4.1783	-1.0754	-3.0189	1.9824	-4.2818
-14.5101	1.0821	-4.8202	-2.3762	-4.4248	-2.7848	-2.0750	-7.5342	1.0974	-8.6186
-8.6700	-0.0209	-3.3496	-1.7153	-2.3334	-2.1334	-0.1900	-4.3609	1.2724	-6.5928
-10.7530	0.5065	-2.4437	-0.1216	-3.6884	-2.9534	-0.9954	-4.5883	-0.0707	-12.7545
-7.5605	1.1211	-9.4232	-2.7122	-1.4392	-1.8460	-3.8289	-5.3573	1.5564	-6.2550
-7.6463	-0.0581	-7.7540	-2.3955	-3.4527	-1.7081	-0.8329	-2.8944	1.5901	-10.3572
-12.6274	1.3361	-6.8173	-0.8924	-6.5324	-3.7257	-0.8197	-6.9567	1.8427	-6.4449
-10.6070	0.8353	-4.3356	-0.3607	-3.6156	-3.6167	-1.6796	-4.4434	1.5406	-20.8996
-8.9352	1.6967	-4.1540	0.1765	-0.5213	-4.2148	-2.1531	-4.5007	0.4003	-9.5146
-12.3673	0.3011	-3.1483	-2.1757	-4.1970	-3.3678	-1.0135	-2.1446	0.2491	-10.8251
-11.3814	0.0971	-6.9741	-2.1456	-4.2919	-2.9387	-1.3122	-3.0903	0.9654	-9.1445
-7.8541	1.2304	-6.7536	-3.1612	-2.7649	-3.9334	-0.7561	-4.1068	0.3691	-6.4875
-10.1602	0.3708	-5.5775	-1.9528	-5.2081	-2.8173	-2.0354	-3.3728	2.5998	-8.7805
-24.4276	1.6535	-5.4376	-0.0029	-3.1326	-2.1035	-1.2727	-6.2016	1.6112	-9.7951
-9.8443	0.1440	-6.1400	-0.0583	-3.6693	-5.3207	-2.5158	-5.5870	1.7982	-11.3859
-12.9862	-1.0271	-3.5981	0.2505	-3.4163	-2.7736	-1.1318	-5.3655	1.8602	-11.3667
-7.7025	0.3099	-6.3035	-3.0910	-0.8496	-1.3401	-1.3089	-5.1270	1.0303	-5.1611
-15.0307	1.7343	-4.3735	-2.4598	-1.9499	-2.7635	-0.7558	-5.8126	1.0276	-11.7439
-5.2616	0.6429	-6.7347	-1.5642	-2.9748	-4.8634	-0.5306	-3.7373	1.2186	-13.8360
-9.4830	1.6915	-2.3245	0.3898	-6.6061	-3.0821	0.1694	-4.0748	0.3621	-10.5745
-9.8176	0.1488	-3.3534	-1.3421	-2.8326	-3.4470	-1.5570	-5.9483	0.4749	-12.2631
-11.8147	1.4372	-5.1665	-1.2146	-6.6175	-4.7855	-1.8134	-7.4805	0.2914	-10.5583
-9.3883	-1.6311	-5.3284	-0.7672	-1.1206	-1.7802	-0.5490	-6.7029	0.8578	-9.9308
-14.9137	1.7168	-4.6307	-2.8269	-1.5617	-2.2995	-0.4898	-4.1405	0.6279	-10.2147
-10.4189	0.9558	-4.0729	-0.7986	-3.1033	-6.0400	-0.9725	-4.1813	0.1278	-11.6217
-4.3235	1.5759	-4.3660	-1.9004	-4.1478	-3.3892	-3.8958	-4.6438	0.8569	-8.0403
-8.3157	1.9957	-7.2646	-2.1374	-3.6666	-3.1513	-1.2666	-5.1525	1.4347	-7.1535
-6.7743	0.4556	-6.2000	-1.2324	-1.1506	-6.0976	-1.9256	-4.6000	-0.2559	-6.8875
-8.8650	0.7455	-6.0959	-0.5183	-3.3503	-2.4167	-0.0821	-4.0468	0.3520	-14.1885
-10.3581	0.7244	-4.0534	-1.2484	-3.4314	-2.8832	-0.9984	-8.2486	-0.0557	-8.3408
-13.8110	0.5992	-2.2642	-0.3369	-1.5146	-4.2625	-2.1535	-4.7901	-0.4172	-11.3259
-11.8835	1.0055	-6.7271	-2.0795	-2.7248	-2.0058	-1.1251	-3.3886	2.0005	-8.0817
-17.1809	0.4468	-4.7929	-2.8314	-2.7064	-2.8107	-1.0424	-4.5619	1.2477	-17.6046
-11.6447	1.3600	-4.5881	-2.2715	-4.0665	-3.4105	-2.5730	-5.0069	1.2789	-8.2557
-11.0143	0.8376	-2.3017	-1.4682	-4.4793	-4.2062	-0.7719	-2.8081	1.4564	-13.5484
-7.2586	2.1300	-8.1171	-2.1852	-5.2701	-7.0189	-2.2702	-6.9968	1.8540	-5.8137
-9.9528	-1.0266	-3.7588	0.3553	-3.0041	-3.8557	-1.8118	-4.8444	0.3962	-8.2547
-11.6165	1.0148	-6.3704	-2.1864	-2.7830	-4.1239	-1.2497	-2.3424	1.3959	-9.7021
-6.0607	0.9561	-7.4419	-2.6213	-3.1036	-5.3390	-0.7729	-6.1796	1.3367	-6.4434
-14.9248	0.2271	-5.6056	-0.6509	-4.0316	-4.4247	0.1342	-3.1022	0.7371	-7.2322
-9.8830	0.8375	-6.4767	-1.7308	-2.4307	-2.5115	-2.6406	-7.4390	1.2269	-11.4659
-5.1672	0.8614	-6.2023	-3.7324	-1.4337	-4.9676	-1.6674	-3.0385	0.1152	-8.7311
-8.2798	0.2863	-7.2927	0.0031	-2.0560	-3.1741	-2.1417	-7.6723	1.6707	-9.3162
-7.5655	-0.7129	-2.6888	-0.6740	-4.6279	-3.7757	-1.8569	-3.2025	1.0372	-20.8939
-6.3730	1.0432	-7.4880	-2.1198	-1.4631	-2.7842	-2.5192	-4.3712	0.7629	-6.8821
-12.5479	1.3325	-3.2094	-1.0900	-2.8753	-2.8668	-0.5557	-7.0274	0.6028	-9.0805
-6.8663	1.2483	-6.1979	-1.9618	-4.4063	-2.1617	0.3296	-3.9977	0.5929	-12.3437
-8.6037	0.4451	-3.6790	-2.5954	-3.7996	-2.4128	-1.4630	-6.9299	0.2571	-7.2809
-10.7526	0.8644	-5.6347	-0.3872	-4.8580	-2.9661	-1.9011	-8.1550	1.6573	-9.2299
-5.3229	1.3507	-8.2041	-1.6332	-6.7591	-3.2421	-2.0447	-4.9976	2.0749	-10.7690
-6.9645	0.5681	-5.4187	-1.3567	-4.1401	-2.4626	-0.5442	-4.6180	1.4049	-10.8078
-8.5664	0.7402	-4.5874	-0.7930	-4.3081	-3.3786	-0.4045	-4.4677	1.2425	-9.5543
-12.2789	1.2022	-3.5475	-0.9164	-2.9770	-2.5327	-1.3709	-10.4300	1.3305	-9.1560
-6.4679	1.4179	-5.4886	-1.7273	-2.1802	-3.1084	-1.0423	-5.8379	0.5086	-14.1145
-10.5683	0.4944	-3.8836	-0.6733	-2.2745	-1.1005	-1.4929	-4.6893	0.8126	-16.9536
-8.7792	0.2762	-3.8130	-0.0242	-1.8220	-2.0625	-1.0587	-7.0137	0.0927	-9.1764
-10.0255	2.3002	-8.2959	-2.4599	-4.0685	-3.9111	-0.2417	-4.8223	1.5890	-8.2842
-13.3348	0.3890	-3.2265	0.1911	-4.8175	-2.4892	-0.1952	-5.6881	0.8121	-12.4542
-11.7959	-0.2658	-3.3383	-0.9269	-5.4627	-2.4721	-0.5159	-4.1856	1.6349	-13.5914
-11.6004	0.3963	-4.6361	-2.2690	-2.4907	-1.9632	-1.4238	-5.4704	1.2186	-8.8503
-6.8813	1.7320	-6.2361	-0.8090	-1.2859	-4.1984	-0.9386	-6.4984	0.5351	-11.9805
-8.3326	1.2649	-4.2832	-0.4833	-3.6329	-2.3472	-1.1190	-4.9355	0.7380	-9.5189
-15.8808	0.8471	-4.8063	-0.0308	-2.9136	-5.8531	0.3029	-7.7078	0.8514	-11.5180
-11.1093	0.9777	-5.0160	-1.7761	-3.4517	-1.5311	-1.5194	-5.2976	1.1998	-10.8851
-12.0189	0.6283	-5.8087	0.3861	-1.7810	-1.5051	-2.0801	-10.0996	2.0135	-15.3563
-11.1281	2.3817	-4.9136	-2.2482	-3.2451	-1.9235	-2.8668	-11.4779	1.6440	-8.0644
-10.8436	1.0961	-3.2858	-0.7005	-4.4450	-3.7235	-3.1595	-6.7831	0.5630	-12.9049
-8.3592	0.8690	-6.3725	-1.1044	-1.3103	-4.1545	-2.7113	-8.8271	1.6053	-11.2422
-10.6395	1.9010	-8.3555	-3.1774	-1.1428	-3.1466	-2.4874	-7.1156	2.2926	-7.2427
-8.9388	1.3557	-5.6380	-0.9561	-1.5020	-3.5171	0.5645	-5.7141	-1.6419	-16.7337
-11.8699	1.0883	-6.1197	-1.7128	-3.8416	-2.2257	-0.6330	-5.6871	2.2537	-12.9286
-7.3135	1.2844	-8.2348	-2.8063	-3.7927	-3.1659	-0.6621	-5.6580	1.8342	-7.1375
-15.2696	0.4812	-4.2876	-1.6880	-4.5919	-4.8522	-1.3743	-6.0189	1.2764	-6.5573
-8.6239	0.7401	-5.0401	-1.3756	-5.1607	-4.8690	-0.2562	-2.9890	1.0026	-12.2526
-11.7094	1.6029	-2.0395	-1.2334	-3.0129	-3.0961	-0.7233	-4.8413	-0.2371	-16.9166
-11.2984	0.3529	-3.7531	-0.2025	-0.7990	-3.3797	-1.2108	-5.8615	0.0027	-14.8864
-10.7493	0.4670	-6.2472	-1.7122	-3.6149	-2.9731	-2.8628	-6.8596	1.8041	-7.4465
-13.9093	0.1927	-9.9767	-0.7709	-3.8491	-3.0959	-0.5885	-5.9344	2.2370	-11.7295
-8.7584	1.3374	-2.9979	-0.1211	-3.1939	-3.5750	-1.2436	-6.2759	1.1323	-10.0068
-13.2151	0.9381	-2.0221	-1.2141	-4.3737	-3.4305	-1.6512	-7.1339	2.1523	-7.9247
-13.1351	-0.4609	-2.9830	-0.1180	-3.7909	-2.4024	-2.2284	-6.1732	1.8722	-8.5592
-12.4117	0.0156	-2.9914	-0.5279	-3.6796	-2.5074	-1.0310	-10.2648	0.0850	-8.1707
-10.1297	0.8603	-4.0547	0.1394	-4.4023	-3.6548	-2.1454	-5.9431	1.2978	-8.7441
-9.1821	0.8237	-4.9786	-0.7293	-1.9217	-2.2497	-2.4117	-5.6944	0.8783	-8.1795
-12.4193	0.1177	-3.1905	-1.9020	-5.9106	-4.0162	-0.3591	-3.2520	2.3529	-13.9149
-11.6298	0.4650	-5.1825	0.2866	-6.9535	-6.1908	-1.1476	-4.1669	1.4973	-5.8647
-6.1005	1.8832	-4.5768	-2.1582	-1.8185	-5.0178	-0.5292	-5.4647	0.0746	-8.9042
-8.2490	1.5169	-7.5152	-1.6476	-1.6711	-2.6025	-1.1992	-7.6087	0.9756	-11.4219
-9.3136	1.3146	-8.5622	-0.6373	-1.7759	-2.3158	-1.0313	-9.0577	0.8565	-10.9811
-7.9425	1.0976	-4.2493	-0.4977	-2.1565	-2.9843	-1.9924	-8.0631	0.0702	-10.5924
-13.4529	-0.0729	-8.5838	-3.0997	-2.2457	-0.7146	-1.3050	-5.7174	-0.7777	-8.0890
-10.9700	0.0299	-5.7255	-3.8423	-2.4638	-0.5031	-1.6293	-4.2053	0.7406	-10.2602
-7.6869	1.1945	-4.5121	-1.2078	-2.0410	-3.6235	-2.0291	-5.9725	0.7354	-11.1365
-20.0049	1.5459	-7.0257	-1.3564	-3.5596	-4.9458	-0.0136	-9.4018	1.2775	-10.2267
-9.2042	1.0682	-5.0485	-1.3774	-4.3172	-4.5180	-0.0497	-4.0390	-0.3070	-13.0496
-12.4317	1.2532	-4.1268	-0.4836	-3.8010	-4.6442	-1.4578	-8.3392	0.4682	-6.9697
-6.1440	0.3387	-5.4076	-0.6227	-1.4168	-4.1449	-0.2987	-5.9506	-0.9870	-9.5631
-22.0565	1.3773	-8.2226	-1.8217	-4.4665	-4.3191	0.2115	-3.1030	0.3284	-7.5160
-10.4226	0.8681	-5.4293	-1.3297	-3.6179	-2.6891	-0.2329	-5.7673	1.0035	-10.4115
-11.3238	1.2182	-6.2104	-1.4380	-3.1135	-1.4923	-1.5712	-5.9434	1.8504	-33.0631
-13.3094	-0.0182	-3.8767	0.1386	-3.7002	-2.0894	-1.3622	-6.0472	1.8398	-11.4490
-9.5893	0.9474	-9.2826	-2.1006	-3.9765	-3.6946	-0.6038	-3.5332	1.7656	-5.1593
-7.9615	0.9091	-4.9135	-1.6670	-4.2760	-2.4597	-1.2241	-5.8754	1.7793	-12.5193
-8.6349	1.2396	-5.4672	-2.9610	-3.1958	-1.5226	-1.4941	-4.9859	0.5129	-8.5780
-11.5026	0.4544	-9.1770	-0.9056	-4.0925	-2.8833	-2.6469	-4.6602	2.1074	-9.0210
-8.9308	0.5174	-5.2347	-0.8608	-3.8426	-2.6966	-1.7251	-2.7912	1.0889	-12.2959
-3.9427	2.5862	-4.0644	-1.0369	-4.5382	-7.5716	-1.9361	-4.2220	0.4015	-6.8111
-5.6002	-0.6681	-5.3592	-0.3847	-1.7747	-1.2818	0.5325	-7.1847	-0.8020	-8.2544
-10.0920	1.7160	-5.9925	-1.7646	-1.6726	-4.1265	-0.9680	-6.2494	0.8927	-9.3518
-13.1675	0.8096	-10.2231	-1.7762	-4.9148	-3.7483	-1.0583	-2.3430	1.3403	-7.6490
-14.3159	0.1511	-4.1877	0.7540	-4.1715	-3.0310	-0.7985	-8.6413	1.6956	-8.0077
-6.8983	2.1199	-5.0390	-2.7899	-4.0103	-3.1813	-0.2012	-4.7676	1.0989	-9.8785
-9.4902	1.2777	-3.1317	-0.1572	-4.0531	-3.4822	-1.0980	-5.4283	0.8117	-11.0086
-4.6266	0.8817	-8.8388	-0.3851	-3.0633	-4.4547	-1.3548	-5.2269	1.6056	-6.6094
-10.8368	1.7520	-4.2734	-0.9637	-1.7702	-4.5204	-2.1654	-7.1197	1.7673	-13.4353
-8.9123	1.3070	-5.6277	-1.2204	-2.0099	-3.4130	-0.0576	-7.0365	0.5811	-6.3993
-13.2175	-0.0195	-8.3879	-1.9668	-2.4398	-3.8260	-0.7752	-2.2942	2.0129	-7.1470
-9.7585	1.7667	-7.7690	-2.2421	-0.9324	-5.8081	-0.9746	-4.8067	-0.9334	-6.8897
-9.3309	0.0173	-7.9429	-0.8861	-2.5586	-1.5580	-1.5284	-5.6688	0.6650	-8.1465
-5.1672	1.3029	-5.6523	-0.7823	-5.4001	-2.6749	-2.4821	-6.5860	1.6846	-7.8415
-7.3610	0.6894	-3.7679	-2.4532	-2.2702	-2.0554	-4.2322	-5.6328	1.3361	-19.9232
-16.1342	0.5958	-8.7503	-2.0430	-2.9786	-1.8822	-2.7407	-4.6691	2.2405	-6.4958
-9.1370	1.2776	-5.6010	-0.0416	-1.6200	-4.4042	-1.6968	-5.3422	0.9373	-10.5590
-10.1733	0.4926	-8.9478	-0.4441	-5.0734	-3.1102	-1.7664	-6.5220	1.9025	-8.3883
-9.1353	0.8128	-2.4107	-1.1761	-4.3769	-4.3440	-1.2644	-7.3860	1.0977	-12.0402
-8.0620	0.5797	-7.3392	0.0350	-3.8274	-1.7729	-1.2814	-4.6755	1.4762	-9.3375
-10.3226	-0.8883	-3.3641	0.4211	-2.1243	-1.9633	-2.4308	-6.0609	1.3270	-9.7366
-5.4706	-1.3696	-6.9401	-0.9977	-1.0489	-2.1059	-2.6051	-2.6130	0.7593	-5.7807
-4.4020	0.5646	-5.0050	-0.2392	-1.4810	-3.8951	-1.4296	-4.6672	-0.4462	-9.7246
-11.2479	0.0704	-7.9150	-0.5629	-3.3910	-3.8202	-0.3330	-4.0965	0.5521	-11.0552
-10.7375	2.0421	-4.7705	-0.5634	-3.6910	-3.4930	-0.8062	-6.0213	1.6255	-11.3245
-4.4834	0.6254	-8.1974	-0.1247	-4.3560	-4.1331	-0.9598	-7.2712	0.9394	-8.5691
-10.0408	1.2347	-2.3723	-2.7250	-3.2650	-2.8283	0.3331	-1.9658	0.1992	-8.4481
-20.4077	0.4325	-5.1553	-0.9269	-3.0208	-2.5904	-0.6875	-6.4165	1.4557	-10.8097
-8.8865	0.4772	-5.9522	-0.6055	-1.6295	-2.0448	-1.3318	-5.8399	1.2306	-8.1763
-9.9805	1.4459	-5.7951	-1.8893	-4.8345	-3.2689	-0.0280	-5.1511	1.2487	-9.7937
-7.7481	0.9439	-2.1017	-1.2406	-4.3389	-3.6124	-3.2471	-6.8126	1.2891	-9.0246
-7.8521	1.0756	-5.5730	-1.1222	-2.5650	-4.8195	-2.8055	-5.1532	1.2863	-10.6556
-8.9214	2.9231	-2.3418	0.1242	-3.8238	-4.4697	-0.5516	-8.5011	1.0828	-11.6871
-8.6591	1.0682	-4.1005	-1.9559	-2.3840	-3.9071	-2.2205	-3.4127	0.3493	-12.2299
-11.1324	2.1460	-8.3342	-1.5711	-1.8426	-3.5108	-0.2510	-6.5310	0.3160	-9.8596
-7.8612	1.3014	-3.9262	-0.7469	-2.6167	-3.3638	-1.8279	-2.8958	1.1477	-14.2188
-5.9188	1.6116	-6.2726	0.3250	-1.6361	-3.5885	-2.5172	-5.7335	1.6596	-17.2590
-12.8722	0.1344	-7.1441	-1.5025	-2.4375	-2.1299	-0.8846	-5.5677	1.3626	-9.9949
-13.5513	0.3753	-3.5417	-0.7041	-5.4705	-2.5113	-0.6682	-8.1836	1.0459	-9.1664
-10.2446	0.8232	-4.2645	-0.8157	-3.0731	-2.7706	-1.5938	-5.6168	1.2513	-9.2465
-11.8692	0.9183	-6.0664	-2.7435	-0.8281	-2.1983	-2.1157	-7.4854	-0.0812	-5.7469
-7.3627	1.0816	-5.6839	-0.6677	-3.6929	-4.0472	-0.5324	-4.8108	1.8140	-9.5865
-8.3659	-0.4632	-5.1798	0.3074	-2.7065	-1.9784	-0.8268	-4.1594	0.7694	-12.1385
-8.2314	0.9588	-6.0395	-0.7353	-3.0713	-3.1412	-0.3461	-7.4986	0.0407	-13.9612
-8.7089	0.0842	-3.7164	-0.5884	-4.8791	-3.0052	-0.8167	-6.7736	1.7990	-8.6821
-9.6565	1.6075	-6.5713	-2.7153	-4.7524	-2.2204	-0.1763	-3.5071	1.0671	-6.8725
-10.6726	1.5318	-5.8140	-3.3327	-2.5862	-1.7838	-0.2973	-4.3658	1.9465	-8.1317
-27.3180	0.9936	-8.2130	-2.3271	-2.5237	-2.3129	-0.6877	-4.2009	0.9744	-14.4095
-7.1754	0.0067	-3.8662	-1.0811	-4.3049	-2.8061	-0.7869	-4.6453	0.0408	-11.2337
-7.6391	1.0880	-7.4476	-0.2622	-5.8482	-3.4461	-2.4699	-5.8470	1.7070	-6.3802
-7.0375	0.3684	-5.7859	-1.1019	-3.3125	-1.2960	-1.7094	-3.4460	1.2171	-9.0324
-10.4563	1.7155	-4.3043	-4.3087	-3.4951	-1.2730	-2.2161	-6.5209	1.1280	-7.5115
-16.0727	0.7536	-4.4967	-2.3728	-2.8614	-0.6086	-1.1674	-7.1022	1.0848	-20.1286
-10.0449	0.8661	-3.6456	-1.1537	-3.7673	-0.3821	-1.1669	-6.5733	1.0499	-11.4508
-8.0162	1.2882	-4.6281	-0.8251	-3.5314	-2.9929	-1.4476	-5.1755	1.5824	-7.3299
-12.0825	0.2602	-2.5679	-0.5126	-2.4946	-3.5965	-1.7486	-5.2359	1.2603	-9.1908
-5.3410	1.7778	-7.2190	-0.8961	-4.5777	-3.6142	0.0815	-3.9892	-0.4932	-9.4082
-6.3837	1.2777	-5.9142	-2.6526	-2.0655	-2.4597	-1.0404	-3.6451	1.6501	-9.5958
-11.4105	1.5154	-3.5859	-1.7523	-2.5198	-5.1807	-1.1036	-7.4870	0.9768	-10.1329
-9.7249	1.2519	-3.0450	-0.9448	-4.1623	-3.8418	-3.6099	-6.7406	1.6906	-16.6987
-9.0044	1.3324	-8.1787	-1.2367	-2.0338	-2.8468	-1.1475	-6.0708	1.3507	-7.2412
-8.8218	0.3299	-11.1755	-0.8306	-4.5967	-5.1643	-0.6874	-7.1444	1.2954	-5.0531
-7.4689	1.1087	-5.1479	-0.7359	-2.2093	-2.4811	-0.8989	-3.3105	0.8475	-11.3744
-8.1514	1.1362	-9.6330	-2.1007	-2.6157	-2.3553	-1.5118	-5.9911	0.9407	-6.7024
-11.2426	-0.6794	-7.9846	-0.7929	-5.6064	-2.7448	-0.8653	-5.0492	2.2223	-7.1527
-10.1002	1.2304	-4.0148	-0.2504	-2.9028	-3.7737	-1.7383	-5.4042	0.9095	-14.9683
-5.7632	-0.9415	-5.9868	0.5965	-4.3354	-2.4380	0.3872	-4.4642	0.6486	-8.2538
-8.0915	1.8817	-7.0692	-0.7732	-5.6770	-4.4906	0.3616	-6.6275	0.3752	-12.8296
-9.2959	1.9989	-7.4548	-2.1040	-2.8309	-3.3725	-1.0941	-5.0534	0.2919	-7.3015
-7.5338	1.1688	-3.7979	-0.3798	-3.3060	-3.4467	0.6437	-4.7285	-0.9392	-9.1000
-11.5023	1.4539	-6.2747	-2.2516	-2.4593	-2.5375	-1.4907	-6.1690	0.8265	-8.7533
-6.7698	0.1363	-5.0905	-0.2490	-2.8592	-2.4571	-0.6797	-6.4047	0.9450	-7.4583
-5.5463	1.8937	-6.4477	-0.7014	-3.5822	-4.5780	-1.8484	-9.0507	0.9620	-9.3365
-8.7764	1.5772	-7.5825	-4.0450	-1.8055	-2.1064	-0.7999	-4.1663	1.2398	-6.6541
-6.9854	0.1382	-5.9362	-0.7292	-3.7147	-4.5502	-1.0715	-2.7498	0.7665	-7.8528
-10.7197	1.3977	-3.1624	-1.1120	-0.7796	-4.0188	-0.2894	-6.8720	-1.0746	-11.8177
-6.7119	0.5126	-5.1915	-2.0008	-2.9697	-6.6316	-1.0031	-4.6458	-0.6793	-7.2683
-8.8272	1.4444	-9.1884	-2.4470	-3.8473	-4.2386	-1.1501	-5.7270	0.9186	-9.0486
-9.5297	1.7985	-5.6314	-2.1504	-6.0252	-3.3844	-0.7083	-10.3703	0.9506	-9.6153
-7.3615	0.6051	-4.4733	1.1367	-3.1396	-3.7272	-2.6570	-10.1289	0.7656	-7.3759
-9.1310	0.9950	-7.6125	-0.6196	-4.4580	-1.0005	1.0675	-7.5815	-0.0671	-11.4482
-6.4091	0.9877	-6.5265	-1.0465	-0.8436	-1.6480	-1.6395	-6.7222	0.6253	-13.8594
-6.9497	0.9974	-5.7364	-2.5371	-4.1959	-1.5642	-0.9047	-6.3603	1.5078	-6.1236
-10.1501	1.2209	-3.8140	-0.6666	-2.7936	-2.9047	-2.5288	-4.9067	2.2565	-9.6574
-8.3550	-0.3327	-4.0281	0.3830	-2.2134	-2.1535	-2.9909	-5.1134	0.4152	-9.5547
-8.8687	0.1822	-3.3369	-2.9588	-3.1606	-1.4747	-2.4232	-3.2896	1.2333	-14.7440
-10.5017	0.1994	-2.6360	-0.4658	-5.1760	-3.2932	-1.0417	-5.0807	1.4608	-11.3623
-11.8670	1.3076	-5.6678	-2.3148	-2.6268	-3.1310	-2.4836	-6.6752	1.7354	-13.3258
-16.2175	-0.0048	-2.8262	-0.2715	-3.3505	-2.9651	-1.0517	-5.1071	0.1378	-10.1625
-9.9732	1.3920	-3.2918	-1.4841	-4.6340	-3.9300	-1.2150	-4.4661	-0.3002	-13.2269
-6.0572	1.0159	-6.0168	-0.7305	-3.4614	-2.1268	-2.2826	-4.8113	0.2315	-15.8642
-7.0072	-1.0511	-4.9825	-1.9207	-2.5430	-3.8192	-1.6985	-6.8816	1.9778	-7.6815
-10.2881	0.7397	-5.9514	-0.2359	-2.8553	-2.9887	-1.2603	-7.2917	1.2813	-7.2070
-12.2627	-0.0751	-3.0311	-0.7846	-1.9046	-3.4465	-0.7759	-2.7284	-0.3802	-8.8299
-11.4617	0.8653	-3.2773	-2.5136	-3.8952	-2.1158	-1.5555	-3.6398	1.7745	-9.9068
-8.8309	0.7712	-5.7210	-3.8513	-3.2371	-2.6882	-1.1368	-4.6648	1.1322	-8.3438
-13.5295	0.7971	-4.5261	-0.4015	-4.0115	-6.6785	-2.0003	-5.2873	1.4504	-3.5481
-11.6366	-0.4263	-5.4960	-0.6480	-3.6798	-2.4183	-1.0387	-4.3759	2.0908	-5.7059
-6.1750	0.4736	-7.5416	-1.7499	-2.1929	-4.8006	-1.5357	-2.7979	1.0030	-12.2857
-20.7102	0.1540	-12.3505	0.0138	-2.8395	-1.3431	-0.3824	-7.3330	1.2132	-23.8788
-9.1501	0.5822	-3.2168	-1.3352	-1.3736	-3.2817	-1.8918	-3.2067	0.3779	-9.0066
-11.0747	0.9037	-8.1256	-2.3189	-1.6780	-1.6996	-0.8009	-5.8490	0.7674	-9.3975
-10.8418	0.7818	-7.6893	-0.5999	-4.4592	-2.1846	-2.0172	-4.5789	1.5390	-11.0243
-15.3632	1.2576	-5.2007	-1.7919	-4.2155	-1.8344	0.0986	-5.0339	0.4538	-8.8825
-10.2500	-0.5206	-4.7521	-0.5522	-4.4309	-1.8830	-2.2938	-4.8975	1.7782	-10.6384
-9.4542	0.2202	-5.4844	-1.2269	-3.0402	-3.4212	-0.6171	-2.8820	-0.2845	-11.5619
-6.3625	1.6074	-4.7947	-0.4718	-5.0395	-1.5276	-1.9966	-9.5881	1.3616	-15.6678
-9.5738	1.0385	-8.1410	-2.0796	-3.9856	-4.3235	0.5951	-4.4317	-0.4764	-10.3770
-12.9483	0.3307	-3.8017	-1.6033	-2.3823	-1.9151	-1.9985	-5.6831	0.3882	-19.2185
-11.0392	0.7801	-6.6394	-0.9589	-3.0443	-4.6930	-1.2470	-6.1888	1.3084	-7.2355
-9.5738	0.6567	-7.0738	-1.9078	-2.0308	-2.3843	-2.0963	-4.5085	1.3652	-11.3366
-4.5425	0.8790	-8.1216	-0.4524	-2.1071	-4.2915	-1.2761	-3.6156	0.3629	-9.5217
-8.1434	2.0046	-4.8699	-1.7843	-2.9873	-2.2938	-4.2226	-7.2777	1.6768	-11.6719
-11.7283	0.5725	-5.2163	-2.0045	-3.3022	-3.2062	-0.3751	-5.6308	0.9826	-10.9394
-16.8131	-0.1530	-3.5333	-0.3739	-5.6828	-3.4181	-0.3746	-6.6241	-0.0228	-6.1387
-8.2443	0.8635	-4.8768	-0.6905	-3.1958	-2.3723	-1.7334	-7.2901	0.6177	-13.0909
-10.6372	0.5294	-6.0577	-0.7084	-2.1429	-3.7484	-1.8863	-8.4430	2.1601	-18.7797
-13.4086	1.7019	-4.9282	-0.6656	-3.1117	-5.4186	-2.3489	-12.9033	0.7926	-9.4585
-10.3824	1.1454	-9.6566	-0.6937	-5.1373	-4.8548	-0.9963	-4.3710	1.4907	-8.9495
-17.8611	0.7857	-6.5922	0.0449	-2.3253	-4.9654	-1.6838	-4.3905	0.6257	-11.6000
-14.6874	1.4497	-4.5811	-1.0669	-3.8160	-4.1830	-1.5579	-6.1875	1.2633	-10.0830
-4.0225	0.7283	-4.6331	-0.8333	-3.6589	-3.7032	-1.6268	-4.6558	-1.2728	-7.6868
-9.5859	1.3903	-5.2388	-1.4608	-5.0582	-2.5886	-2.1754	-5.1785	1.2151	-7.7702
-5.7717	1.1946	-4.6315	-2.3829	-1.4251	-2.0511	-1.9879	-6.8228	0.4402	-4.8822
-9.7411	0.4827	-6.1040	-1.4800	-2.6349	-3.5277	-0.3355	-3.2569	1.5872	-11.5940
-19.2119	-1.1118	-4.7076	-1.4700	-3.4238	-2.8399	-0.2606	-1.1333	0.5459	-21.3698
-10.4416	0.8137	-7.2510	-0.6550	-3.3513	-1.7630	-0.6011	-4.6042	1.6975	-14.3091
-8.2318	-1.3562	-3.3134	0.5768	-2.0163	-3.7481	-1.6028	-5.4220	-0.4459	-10.7317
-10.0903	2.0427	-7.0799	-2.4548	-2.9769	-5.1485	-0.8725	-6.4726	0.6354	-10.4934
-11.0863	2.0666	-4.4707	-2.4615	-3.6082	-3.1234	-0.2747	-4.5742	1.3457	-9.4524
-8.6140	1.9077	-4.0765	-0.9417	-5.4259	-3.4361	-0.9302	-7.4849	0.8714	-12.4110
-13.0401	1.6439	-9.2571	-3.1632	-2.8652	-4.4714	-0.9116	-4.8149	1.0419	-10.6252
-8.0817	1.1628	-6.1250	-3.5625	-3.8584	-4.9279	-0.3826	-3.6819	0.6101	-11.8906
-10.3633	0.3942	-3.2656	-1.1710	-3.4039	-1.9466	-1.3580	-5.4804	0.0342	-9.1142
-11.1691	0.0240	-4.1327	-0.1039	-1.2277	-1.5223	-2.6605	-7.6146	1.7881	-14.2154
-13.2103	0.7517	-3.7117	-0.4240	-2.6282	-2.8957	-2.1790	-4.1929	1.1698	-15.8028
-11.0377	-0.1738	-5.7854	-1.1888	-3.5928	-2.7924	-2.1458	-7.0968	2.5598	-4.3150
-8.0910	1.6353	-10.8808	-1.9219	-2.2413	-2.0844	0.5915	-5.8671	-0.4736	-14.8330
-8.1255	2.0067	-4.4914	-2.0965	-3.3843	-4.5720	-1.3307	-8.2582	1.3198	-21.9409
-10.2372	1.2086	-6.6572	-3.2775	-1.8572	-2.6851	0.0599	-7.3865	-0.2317	-7.0832
-10.4464	1.2854	-5.5387	-0.6074	-3.2760	-4.1353	-1.6263	-4.0838	0.6283	-11.5491
-8.4593	-0.4214	-5.9791	-0.9201	-3.6916	-3.4549	-0.9338	-4.1836	0.8920	-23.8178
-9.0976	1.4702	-5.3401	-1.8341	-6.3532	-4.9278	0.4037	-3.8007	-0.6412	-9.2517
-15.6078	0.8341	-7.4131	-2.6330	-2.5079	-1.9243	-0.4383	-5.4222	0.7146	-10.0855
-7.0566	0.5203	-4.1365	-0.4244	-4.5657	-2.0928	-2.9514	-4.5175	1.5881	-10.3246
-13.1784	0.7688	-2.9622	-0.1477	-2.9097	-2.0333	-0.5677	-4.4875	0.0331	-10.4917
-8.5499	0.2476	-2.5991	-2.0237	-6.3217	-2.2084	-1.6077	-5.6235	1.5482	-10.1960
-10.7084	1.3850	-8.4982	-1.6085	-1.5703	-2.7296	-0.2678	-7.9293	0.3930	-10.5424
-24.4091	2.0606	-2.7753	-3.3675	-4.8056	-3.1146	-0.8989	-4.3588	0.4838	-5.4486
-7.9788	1.1478	-4.4515	-0.8644	-2.5725	-3.6469	-1.1528	-6.1521	1.3575	-13.8747
-8.1241	1.6322	-2.9048	-0.6250	-2.0059	-4.6794	-2.8394	-4.6235	0.7234	-9.0426
-6.0726	1.1388	-5.9708	-0.4800	-3.8459	-3.8414	-2.2629	-6.8381	0.4094	-9.1865
-12.6931	1.6302	-6.5001	-2.2290	-3.0339	-2.8081	-0.5226	-3.5405	0.8407	-11.4921
-14.4869	0.6423	-6.4798	-0.8816	-3.2522	-4.2338	-1.5997	-5.7184	1.7491	-11.0247
-16.2399	0.6230	-4.9941	-2.0825	-4.1773	-1.8912	-0.6949	-4.6739	0.4545	-11.2783
-14.6142	0.1112	-5.9254	0.0192	-1.2186	-3.0497	-2.0101	-4.4011	0.9100	-10.4475
-12.0080	2.2233	-3.8177	-2.2908	-6.6327	-4.0706	-1.0420	-4.7283	1.2280	-7.8741
-8.0706	1.1380	-5.7808	-2.0685	-3.0936	-3.4864	-2.9790	-3.9397	1.4428	-6.4520
-6.6108	0.4193	-6.7024	-3.4646	-3.6409	-1.4535	-1.7188	-4.6792	1.4165	-7.7241
-13.0904	0.0081	-6.7977	-1.1906	-4.4283	-2.6009	-0.8991	-1.4197	0.8858	-8.7386
-9.0171	0.5484	-7.5352	-0.4752	-4.0160	-2.9581	-0.3720	-8.3229	1.0204	-15.8361
-10.8910	-0.4303	-4.9116	-0.7591	-3.4402	-1.8297	-1.9274	-5.6931	0.7545	-10.4491
-9.3963	1.9961	-4.7699	-3.1243	-1.9599	-3.8039	-3.3371	-6.7637	1.5169	-6.5331
-16.5147	-0.4815	-4.1337	-1.2062	-1.9050	-3.1417	-1.4316	-3.2443	0.9157	-8.5674
-7.9853	1.3522	-5.7549	-0.6584	-3.6027	-5.4466	-1.5668	-3.5316	1.1595	-11.3415
-13.6700	-0.0636	-3.7472	-1.1762	-2.1788	-1.6771	-1.9497	-8.0195	0.8898	-8.4887
-5.7962	0.8012	-2.3880	-1.5490	-4.4590	-1.9364	-1.4086	-5.3350	-1.6739	-13.0336
-10.7967	1.8978	-4.9196	-0.8231	-4.4894	-3.6487	-1.3388	-4.3596	1.3123	-8.4189
-7.7658	0.5276	-6.9506	-1.0410	-3.2164	-2.9315	-1.1330	-5.5343	0.7658	-11.0884
-9.5351	-0.5809	-10.4609	-2.8482	-3.1247	-2.1458	-1.6182	-3.8459	1.2546	-11.2762
-9.5741	0.6900	-5.7720	-0.2976	-2.0167	-3.7243	-0.3730	-4.9020	-0.1994	-8.5157
-12.1454	0.6225	-6.7198	-2.2296	-3.1104	-1.9928	-0.5121	-4.0828	0.9522	-8.7807
-5.2573	0.5855	-5.2713	-0.6587	-2.5885	-2.6775	-1.5852	-7.3817	1.2332	-14.5045
-7.9264	1.1322	-8.4231	-1.5731	-0.8769	-2.8436	-2.2638	-5.8147	0.0220	-9.6382
-10.9633	0.9011	-4.1094	-2.7222	-3.8671	-5.4901	-0.9637	-4.5240	1.0359	-7.4018
-13.2413	0.0721	-7.0753	-2.8836	-2.8742	-1.5033	-0.2416	-1.3927	0.8442	-9.5197
-21.9748	0.5368	-2.7498	0.0185	-3.0753	-2.5138	-2.1750	-7.0836	0.4754	-10.6488
-20.4617	-0.0528	-5.4972	-3.2501	-4.2354	-1.2072	-2.1560	-6.8932	1.4059	-9.3032
-8.6600	0.3198	-6.8366	-0.8144	-3.8068	-3.9899	-1.2600	-6.6733	1.4349	-8.1067
-6.8579	1.2419	-8.6783	-1.6562	-4.2803	-3.7620	-0.9932	-4.4495	1.2286	-10.9021
-6.8179	0.4049	-5.0206	-0.0153	-3.4893	-2.2978	-0.2389	-7.5635	0.8754	-10.3812
-10.0849	0.6382	-4.0428	-0.5482	-4.1072	-2.8115	-0.7481	-3.7473	0.5573	-8.6002
-7.9244	0.0987	-2.6581	-3.3228	-3.6420	-2.5880	-0.2494	-3.5776	0.3757	-7.7935
-10.6538	0.6939	-5.7939	-3.4785	-3.5593	-2.3721	-2.4903	-7.3977	1.1737	-7.4707
-8.5301	0.7115	-4.9117	-0.9555	-2.0640	-3.5986	-1.5295	-5.1088	1.1399	-13.9154
-7.9189	1.5103	-5.1396	-2.2316	-4.5666	-2.4723	-1.0177	-4.3893	0.5027	-7.2100
