-15.3814	-7.1549	-2.6201	-3.0404	1.8364	2.0117	-4.4854	-1.9216	-5.6583	-9.9261
-12.2050	-7.9787	-3.4135	-3.5768	1.6124	2.2979	-0.7960	-3.4360	-6.4241	-14.1551
-18.8198	-8.5482	-3.6961	-2.8370	2.5136	2.3920	-2.3470	-3.8193	-7.8617	-8.6586
-10.4118	-6.4610	-4.0337	-4.0383	2.0572	1.8392	-3.5320	-3.8587	-7.6972	-10.8451
-9.9849	-10.0959	-3.2980	-0.8486	2.2566	2.0839	-3.8186	-3.5943	-8.6548	-13.9444
-12.0289	-6.1966	-4.2470	-2.4272	2.2950	1.6384	-2.6322	-2.7849	-8.1625	-14.3280
-10.8013	-6.1586	-3.8321	-3.5508	2.0492	1.7188	-4.8063	-3.5406	-7.9471	-9.7697
-9.8077	-7.6356	-2.9309	-1.6814	2.0145	2.2862	-4.3178	-3.0628	-5.7836	-10.5736
-10.8797	-5.8713	-2.4358	-4.8266	2.4783	2.5217	-3.4547	-3.6228	-8.1168	-12.3912
-11.7353	-7.9251	-4.0743	-2.0902	2.4544	2.2525	-2.9089	-5.2949	-9.9251	-9.7263
-10.9604	-7.8744	-3.0119	-3.9796	2.5364	2.4067	-3.7017	-3.0609	-6.3307	-8.5608
-7.6716	-6.0710	-4.2750	-1.9850	2.4540	2.5392	-4.7929	-4.2486	-7.2834	-9.8155
-11.2108	-10.0784	-3.7970	-3.6250	1.3839	1.9874	-3.9375	-3.7283	-9.8481	-9.6778
-10.2771	-7.1918	-3.1533	-4.0326	2.5840	2.5572	-2.2334	-3.1526	-10.0517	-13.9605
-15.4244	-7.8662	-3.0767	-3.4785	2.3989	1.9593	-4.3333	-3.3305	-9.4609	-12.2331
-12.8396	-9.3275	-3.2691	-3.8360	2.3089	2.6109	-1.3237	-5.1520	-7.7733	-8.4849
-10.4821	-5.8137	-3.2052	-3.3113	1.6503	2.1563	-3.3928	-4.9646	-8.0838	-11.4758
-10.8786	-7.9679	-5.0088	-1.8751	2.0447	1.9799	-1.3260	-3.0026	-9.3996	-10.5575
-13.0254	-5.5861	-2.6250	-4.3858	2.3978	1.9888	-4.3874	-3.5729	-6.1991	-11.4467
-13.6673	-7.4721	-3.2664	-2.0853	2.4352	1.9832	-2.8146	-3.1383	-6.8042	-10.3839
-13.9939	-7.5123	-3.7386	-2.6190	2.5286	2.0139	-3.9996	-3.1093	-9.2909	-13.0234
-12.5073	-6.7686	-2.9316	-1.9583	2.2401	1.6795	-3.0443	-3.3891	-7.7194	-7.2237
-11.1467	-8.4123	-4.3407	-3.8200	1.8768	1.9092	-3.8698	-2.2765	-6.2199	-16.4638
-7.7573	-6.6287	-2.2613	-2.3316	2.2492	2.4340	-1.5861	-3.7469	-6.3686	-9.9007
-11.2750	-6.7020	-4.4904	-3.0197	1.9739	2.3979	-1.7472	-3.3776	-8.9819	-14.5930
-10.2475	-8.5200	-4.4946	-2.3185	2.7230	2.5752	-1.9264	-3.2341	-7.1533	-10.0407
-14.1562	-6.7758	-3.8577	-1.6691	2.5439	2.1129	-5.0609	-4.1022	-8.1349	-10.6435
-12.4418	-10.2117	-2.6609	-2.1717	1.8377	2.5502	-3.4890	-3.2873	-9.5929	-11.1419
-9.2145	-5.9657	-4.3498	-2.7399	3.0850	2.7435	-2.3581	-3.7149	-8.3303	-13.3865
-12.2903	-6.9184	-3.2645	-4.6218	2.1538	2.0375	-1.7614	-4.8746	-8.8899	-12.1407
-12.7874	-8.1428	-3.2230	-3.8474	1.9667	2.3332	-2.5622	-4.3925	-8.5036	-11.0210
-9.9777	-8.0177	-2.6252	-2.3434	1.5902	1.0076	-3.0722	-2.4677	-8.2596	-12.6586
-11.0626	-6.7811	-4.4916	-3.5964	2.3309	1.7875	-2.3844	-2.8561	-9.3197	-12.1435
-7.5133	-4.1847	-2.6628	-3.6766	1.9804	2.3197	-2.7790	-2.9084	-6.2996	-12.4135
-13.9920	-7.5016	-3.0849	-3.1918	1.8272	1.7561	-4.3625	-3.9097	-6.2204	-9.8154
-11.1504	-7.2948	-2.5690	-2.6424	1.4894	2.0087	-2.2039	-3.0078	-8.6485	-8.9312
-11.4240	-10.3261	-4.6285	-0.7847	2.6108	2.5168	-2.0622	-3.9974	-13.3789	-17.7478
-11.6321	-9.6681	-3.9803	-2.9418	2.5799	2.2886	-3.0567	-2.8772	-7.8371	-10.1322
-12.8032	-7.3606	-3.0399	-3.8549	0.5928	1.3084	-1.7589	-3.5832	-6.4956	-10.2260
-10.8869	-8.7102	-2.7984	-3.5625	2.3831	1.9436	-2.5830	-2.3893	-5.6501	-8.2550
-8.8328	-8.6409	-3.3599	-1.5774	2.3554	2.3863	-3.1920	-2.6875	-7.8556	-13.2456
-6.9951	-7.0130	-3.1561	-2.7570	1.8628	1.5660	-5.2390	-3.3048	-5.0717	-11.0456
-11.6647	-7.0047	-3.5203	-3.5900	2.2548	1.7282	-4.0808	-4.2737	-7.7115	-12.7035
-9.7261	-6.7082	-4.0204	-3.4806	2.5055	2.5184	-2.4568	-4.4453	-7.6724	-11.2200
-8.4114	-6.5167	-2.8657	-4.0079	1.5930	2.1778	-1.4962	-3.8121	-7.0828	-11.6977
-9.8380	-6.4343	-2.9931	-2.7634	2.0308	1.7818	-3.3657	-2.8195	-8.9792	-11.3029
-11.8340	-7.2240	-3.3882	-3.6224	1.8525	2.6635	-1.2022	-3.6657	-5.6691	-13.5396
-12.8604	-5.3839	-3.2237	-3.9510	1.9105	2.1005	-3.2184	-3.1139	-8.2658	-9.7264
-8.7808	-7.5754	-3.2750	-4.0137	1.5861	1.9256	-3.3249	-2.4535	-6.4772	-11.4794
-8.2653	-6.5708	-4.1930	-2.2388	2.3080	2.1739	-3.3647	-3.3455	-7.3988	-15.1737
-13.0131	-6.7535	-3.2699	-2.3161	2.7248	2.5592	-2.5096	-3.7041	-9.5892	-10.1053
-11.7591	-7.4390	-2.8266	-3.3794	2.4607	2.7967	-1.8782	-3.5390	-9.1012	-12.9373
-10.3354	-8.4927	-3.9103	-3.0113	1.7320	1.9791	-3.4259	-5.2412	-6.3168	-10.2085
-9.6826	-8.0244	-2.9757	-4.4500	2.3053	1.8713	-2.1615	-3.2209	-5.6934	-10.8055
-9.2671	-7.0579	-2.7046	-3.2108	2.1664	2.3012	-2.3949	-2.4276	-9.1266	-8.3288
-11.8041	-8.1676	-4.4549	-5.7305	2.4675	2.4445	-2.2203	-3.4829	-9.7725	-13.5266
-17.3998	-13.7271	-5.2992	-1.1108	3.2332	2.2793	-2.4440	-2.1488	-7.7504	-10.0813
-8.9902	-7.6675	-3.8938	-3.5360	2.4463	2.4723	-1.3016	-3.8410	-8.7491	-12.2911
-11.6515	-9.7963	-5.0815	-3.3959	1.7345	2.1712	-2.1668	-4.0649	-10.7329	-14.4533
-11.8323	-6.6885	-2.3994	-4.0969	1.3459	1.8997	-2.4319	-2.6576	-9.3657	-11.1896
-10.6962	-7.2575	-2.8507	-2.9514	2.7746	2.5441	-2.5632	-2.8081	-6.1297	-8.4157
-11.0178	-8.0868	-3.0220	-4.0731	2.6969	2.2083	-3.2532	-2.6241	-8.4265	-15.1128
-8.3175	-5.8812	-4.1357	-2.3321	2.2950	2.4097	-2.7043	-2.3350	-5.0995	-8.0609
-9.5477	-6.0353	-3.5299	-2.6168	2.4968	2.5839	-2.6457	-3.9484	-10.4986	-10.5404
-10.6173	-7.3143	-3.3354	-4.7553	1.7309	1.8557	-3.7665	-4.8025	-6.8020	-9.8601
-11.5641	-10.0226	-4.4824	-2.5614	2.4115	2.4932	-2.9909	-3.7600	-8.3978	-16.1400
-11.5543	-6.7027	-3.0257	-2.2704	2.1725	2.4999	-1.4665	-2.9771	-7.4076	-10.7812
-8.9427	-7.7459	-4.3041	-2.5328	2.3386	1.7146	-2.2148	-4.2261	-8.4356	-9.5414
-8.0842	-7.9504	-4.9438	-2.8864	1.9826	1.7746	-4.4789	-3.8044	-7.4896	-13.1738
-12.3035	-8.1128	-4.2700	-3.6564	2.5906	2.3179	-2.7677	-2.1064	-6.1780	-11.6775
-9.0197	-6.9611	-4.5610	-3.6301	1.9490	1.6263	-3.8784	-3.0692	-5.5998	-11.8225
-14.1660	-9.7319	-4.1992	-3.6972	2.4037	2.1136	-4.5424	-5.9104	-7.0587	-13.2429
-13.0280	-8.9540	-2.3175	-2.9242	2.4332	2.3784	-1.7001	-2.6457	-10.6166	-14.0941
-11.0849	-6.8693	-3.7984	-3.8891	2.1781	2.0943	-1.9075	-3.2204	-6.5299	-13.2775
-21.0122	-11.9341	-4.2302	-1.3852	3.1321	2.7070	-1.4459	-4.6515	-10.3924	-11.0385
-14.8136	-10.4190	-4.1219	-3.4623	2.6353	2.5753	-1.4277	-2.5503	-10.9450	-15.9310
-10.4110	-7.6108	-4.0478	-4.6702	2.1380	2.3320	-1.4853	-3.1542	-8.9135	-10.2377
-13.2840	-9.3405	-2.7007	-3.8330	1.4595	2.1845	-3.0405	-3.0557	-7.9291	-9.8465
-17.4431	-10.5610	-3.2599	-2.0419	2.5521	2.6577	-2.0721	-4.1428	-8.8650	-12.3006
-12.3034	-9.9019	-3.6400	-1.4351	2.5502	2.4665	-4.4062	-3.7256	-8.0069	-12.1225
-8.8664	-7.5685	-3.3951	-2.7189	2.2454	2.2442	-4.7033	-4.3750	-8.1809	-10.8830
-12.7904	-6.9115	-3.8374	-4.9659	2.7435	2.4029	-1.6699	-2.6829	-8.7084	-10.5899
-12.0365	-6.7378	-4.0479	-3.4735	2.1312	2.0698	-3.7374	-2.6010	-4.8237	-9.4881
-7.9265	-4.9515	-2.7237	-3.2484	1.6965	1.4483	-2.3267	-3.5210	-9.5032	-8.8423
-12.6829	-7.4213	-4.2203	-2.7792	2.5018	2.3112	-3.2735	-4.9926	-12.4521	-11.3307
-9.6491	-8.7113	-3.7303	-1.5648	2.2903	2.4584	-1.6813	-3.2910	-6.5435	-12.7033
-8.8583	-8.0242	-3.3232	-2.6527	2.1334	2.4754	-3.3971	-3.2866	-7.1753	-8.7582
-14.5484	-12.3067	-5.0497	-1.8020	2.4074	2.1252	-2.7420	-4.6389	-8.0696	-10.3672
-13.4641	-9.7453	-3.8647	-2.6159	2.5841	1.9792	-4.9396	-2.9279	-6.6881	-12.7825
-13.6154	-7.3135	-2.0453	-2.7664	1.8507	1.7896	-2.4185	-1.2197	-6.1779	-10.6818
-13.2397	-9.6328	-4.8235	-3.9593	2.8944	2.4824	-2.0503	-3.2589	-8.7290	-12.7006
-9.3055	-10.5263	-3.8902	-2.3003	2.1056	2.2876	-3.0983	-3.1436	-9.8315	-9.5745
-11.4378	-9.7364	-4.3820	-3.1781	2.5106	2.3154	-4.0962	-3.6510	-7.4324	-16.2372
-14.1207	-8.7393	-3.4134	-2.3440	2.9142	3.0013	-2.2023	-4.5856	-5.3223	-8.4343
-12.2536	-12.7249	-2.8485	-2.5877	2.2467	2.0195	-2.2422	-2.3354	-7.2707	-11.1720
-7.9456	-8.3155	-3.2598	-3.1925	1.8955	2.0261	-2.5422	-2.6998	-7.6599	-11.8179
-10.1929	-5.9933	-2.9012	-2.2516	1.9322	2.5410	-3.1517	-4.3854	-7.6884	-14.8283
-9.0634	-5.3821	-3.0447	-3.3040	1.7212	1.7371	-1.6919	-3.0362	-6.2318	-8.5099
-13.1917	-8.8144	-4.9527	-3.9390	1.7442	1.7428	-2.8791	-2.5862	-7.7634	-12.8780
-15.3091	-7.2854	-2.9007	-0.6484	2.0967	2.2850	-3.1667	-2.9050	-5.6390	-9.0390
-11.8723	-8.4338	-3.1910	-2.6574	2.6227	2.1508	-2.3204	-3.0009	-8.1960	-11.6271
-8.7868	-7.3465	-4.5341	-3.8423	2.2006	2.4646	-5.5839	-3.2522	-6.3649	-11.0494
-9.6197	-6.9646	-2.4355	-2.1410	2.4234	2.3387	-4.0144	-4.4596	-7.6784	-15.4496
-15.5547	-10.3970	-4.4987	-3.3712	2.4716	2.0753	-4.0211	-3.9351	-12.5577	-12.0537
-7.6616	-5.6887	-5.3008	-4.0579	2.6928	2.2211	-3.3147	-2.2224	-5.8723	-13.9223
-12.3148	-8.4560	-2.9926	-3.0575	2.0112	2.2535	-2.9114	-2.6413	-9.8250	-13.0640
-8.6581	-5.9421	-3.5023	-4.1284	1.7356	1.8591	-2.2581	-3.2801	-6.6665	-9.7347
-10.4664	-7.5204	-3.3119	-2.2923	2.3747	1.8183	-3.3355	-2.7717	-6.8713	-11.4504
-13.7828	-10.6852	-4.2854	-2.5647	2.5211	2.0771	-2.6141	-3.2996	-8.2800	-10.1069
-9.7140	-9.5793	-4.0074	-2.9888	2.5874	3.0955	-5.2407	-2.9918	-6.3248	-10.5074
-10.0442	-6.6043	-2.7092	-3.4570	1.3305	1.7502	-3.9668	-2.2504	-5.8215	-12.8895
-11.1348	-9.0155	-3.9130	-5.7287	1.9693	2.4405	-1.9536	-1.8042	-8.4110	-14.0315
-10.1957	-7.9223	-5.0601	-2.7123	2.3766	2.2193	-3.1363	-4.2969	-9.3723	-11.5394
-9.5057	-7.7429	-4.7889	-1.3068	2.2858	1.8112	-2.9331	-3.9727	-8.6829	-12.3376
-11.0665	-7.3267	-3.3031	-4.5239	1.7089	2.0460	-3.0042	-3.6156	-8.9075	-9.0982
-11.2486	-9.0046	-3.0839	-1.7637	2.1897	1.9464	-3.4241	-4.3209	-9.7143	-10.5038
-11.1911	-9.9626	-3.9940	-1.8852	2.9885	2.4617	-4.8070	-2.6949	-8.6090	-9.0922
-13.2529	-10.1990	-4.2053	-1.5791	2.3349	2.0583	-4.2183	-3.8521	-8.7569	-16.1445
-8.1543	-5.3268	-4.1462	-5.8053	2.1739	1.7016	-2.6123	-3.6212	-6.7870	-7.5308
-12.4867	-4.7862	-4.9757	-3.5495	2.6829	1.9309	-2.3729	-3.4564	-8.5703	-11.0909
-9.4272	-5.5259	-1.9920	-1.7950	1.6704	1.9926	-3.4278	-3.7506	-7.6027	-12.8769
-9.7787	-9.8575	-4.6092	-3.0752	2.4913	2.2526	-2.1744	-4.8164	-8.7096	-10.7522
-7.8759	-5.1617	-4.6449	-3.2789	2.5944	1.7290	-3.6359	-3.0042	-7.6581	-11.5522
-11.5720	-7.0504	-1.6012	-2.0119	2.0722	1.8611	-2.6738	-4.2776	-10.9054	-8.4232
-11.7395	-7.0499	-3.5108	-3.9099	1.6147	1.7284	-3.6670	-3.1484	-9.7709	-11.5128
-7.2658	-5.5787	-3.9372	-2.6993	2.8855	2.2658	-3.0724	-1.9811	-8.1921	-14.6580
-11.4243	-6.8088	-2.5186	-3.7912	2.0399	2.7253	-3.6809	-2.8286	-6.6330	-9.6362
-12.4631	-5.6673	-3.6604	-3.8982	2.5350	2.0626	-2.8115	-2.0207	-7.5338	-11.7233
-24.0644	-7.3003	-2.5186	-3.2802	2.1008	2.6211	-3.6848	-3.5897	-7.6873	-12.3568
-11.8670	-7.5964	-4.3264	-5.0121	2.0971	2.4059	-3.4196	-4.5921	-6.2646	-13.6635
-13.5210	-6.4302	-4.4214	-3.6531	2.4663	2.6539	-4.0068	-3.2627	-7.7680	-12.9662
-10.8345	-7.6678	-2.7843	-4.8655	2.1737	2.9730	-2.3762	-3.3449	-8.2844	-12.2525
-10.1772	-5.1603	-2.3102	-4.2377	2.0244	2.2523	-3.2268	-2.6242	-6.1388	-9.8264
-10.4854	-7.6400	-4.6834	-2.6795	2.1493	2.0676	-2.8885	-3.8333	-8.9388	-9.9960
-12.0779	-9.5426	-5.7384	-2.0983	2.6623	2.3699	-5.0898	-3.5391	-8.1106	-14.3790
-9.5006	-7.2618	-3.8764	-4.1428	2.5291	2.0236	-2.5652	-3.8701	-8.7433	-8.5288
-8.2312	-7.5239	-3.6399	-2.4945	2.4657	2.3282	-4.4230	-3.2261	-6.2898	-8.5147
-12.7335	-7.1129	-2.2997	-2.9622	1.9626	2.3453	-3.6859	-3.5255	-7.2109	-10.2670
-14.6055	-7.8365	-1.9654	-2.8911	2.0065	2.3177	-3.8813	-4.4276	-8.8500	-9.7405
-11.7147	-7.7596	-2.1849	-2.4180	1.8366	1.6750	-1.9078	-3.4972	-10.6048	-18.5085
-11.5326	-4.8209	-3.5324	-3.3295	1.9745	1.1254	-3.7330	-1.9999	-7.7423	-8.6312
-12.9768	-6.1822	-2.7042	-2.8638	2.2177	1.5773	-3.2256	-3.8690	-8.7847	-12.9087
-15.0508	-7.8093	-3.1011	-1.8338	1.8085	2.6993	-2.3438	-5.5050	-11.8192	-13.7387
-10.8832	-5.5248	-2.9017	-4.8854	2.1575	2.2840	-2.3891	-3.0868	-6.8349	-8.6592
-11.3198	-7.6400	-2.7995	-2.9495	1.6001	1.9933	-1.4983	-3.9203	-9.2241	-11.1391
-16.9003	-9.3270	-3.5259	-3.1329	1.9454	1.7725	-2.6763	-2.3109	-7.1890	-11.6616
-8.5170	-6.0545	-1.7742	-3.9940	2.4852	2.4253	-2.0839	-3.3620	-4.3174	-10.2525
-11.2248	-8.4923	-4.1568	-2.9537	1.5432	1.6724	-5.4444	-3.2731	-5.9846	-11.9399
-12.5188	-10.7769	-3.5460	-2.8374	2.0602	2.2818	-2.8484	-3.2794	-7.4428	-11.8947
-12.6591	-8.6488	-3.6241	-4.2494	2.5706	2.8408	-2.8515	-4.4632	-8.8641	-10.8920
-10.1303	-7.1167	-3.7967	-4.8605	2.0007	2.3217	-2.1236	-2.9527	-6.3540	-6.7559
-13.2178	-8.3237	-2.9134	-2.1523	2.6102	2.2852	-1.8628	-3.2640	-6.8016	-8.1624
-11.3243	-9.6188	-2.6292	-1.9426	1.6135	2.0646	-3.0998	-2.6263	-8.4289	-10.9052
-9.6538	-8.7425	-3.7066	-2.8501	2.0967	2.0768	-2.5936	-3.8237	-7.1351	-8.8710
-15.9598	-7.4241	-3.6149	-2.3890	2.6411	1.7951	-2.9090	-3.1010	-6.8208	-13.0095
-11.0029	-7.6154	-2.8899	-2.2797	2.5324	2.7914	-2.6631	-4.7460	-8.5117	-11.0280
-11.7422	-7.1302	-3.9127	-5.1551	1.9683	2.4132	-2.5506	-4.1914	-6.6035	-8.9992
-12.2745	-8.5453	-3.8448	-3.8622	2.7654	2.4421	-2.9955	-3.7809	-7.7317	-11.2431
-10.4282	-10.0444	-2.7880	-2.3484	1.8536	1.7212	-3.8812	-4.0317	-9.2387	-8.9769
-11.5416	-6.4104	-2.1671	-2.7560	2.6544	2.3552	-1.8462	-3.8421	-7.7698	-9.7988
-10.2067	-7.5511	-2.8844	-2.1325	2.5011	2.2189	-3.1653	-3.4598	-9.1105	-8.7454
-13.3992	-5.8963	-3.6303	-4.7830	2.1154	1.8661	-2.7776	-3.5973	-7.6724	-10.0578
-10.4061	-7.5791	-3.0527	-2.7555	2.5247	2.3200	-1.8768	-3.5171	-7.1057	-13.0995
-10.7219	-7.1974	-3.1022	-3.0441	1.9091	1.8588	-3.5639	-2.8148	-7.3571	-8.9617
-12.7213	-7.5582	-4.5320	-4.1232	2.4831	2.4846	-2.2255	-4.1237	-10.1767	-11.5368
-18.7164	-7.2625	-2.4694	-3.0841	1.7335	2.0742	-1.2739	-2.5089	-9.7246	-10.2455
-13.9159	-7.2900	-3.1447	-3.6900	2.2732	2.2525	-3.6292	-4.8590	-7.8924	-15.5469
-12.1141	-6.4023	-4.6148	-3.0237	2.7707	2.1546	-2.2258	-2.7051	-8.7874	-16.5621
-8.3518	-7.1810	-2.7696	-2.9949	2.4080	2.2850	-1.9472	-3.3484	-10.0661	-11.9790
-7.7513	-7.2160	-5.6042	-5.1486	2.2870	2.2064	-3.6600	-2.6590	-6.4940	-8.8403
-8.6905	-8.9531	-6.2803	-2.9062	3.0684	2.7973	-3.3176	-4.1841	-8.4022	-12.0055
-9.8945	-9.3802	-3.3267	-3.0202	2.4035	3.0265	-3.6190	-2.9982	-6.2433	-10.5812
-11.4486	-9.1571	-2.7516	-2.3510	3.0482	2.8118	-4.1085	-2.7055	-6.8346	-11.7155
-8.3168	-10.0252	-3.8179	-1.6421	1.7899	1.7987	-3.7039	-2.5170	-7.7120	-12.5894
-12.9720	-7.7365	-2.9906	-2.8716	2.1405	2.8121	-2.8868	-4.4865	-8.6749	-9.3657
-15.2345	-8.7035	-2.7355	-2.6866	2.1680	2.1382	-2.4621	-3.6018	-7.9161	-8.1845
-7.1227	-11.7699	-3.6235	-3.3009	2.2266	2.0405	-2.6656	-3.0735	-10.3918	-11.0937
-13.0848	-7.9187	-3.5217	-4.0213	2.1879	2.1017	-2.0176	-2.5056	-7.8984	-12.2261
-13.1116	-6.1796	-3.9386	-2.9768	2.2886	2.0046	-2.0323	-3.0483	-6.9195	-7.8726
-11.8205	-8.7392	-3.5530	-2.0359	1.7903	1.8346	-4.0168	-3.5805	-7.8004	-11.1810
-15.9157	-7.7918	-3.1387	-2.3589	2.2779	2.3483	-4.6590	-3.3244	-5.8049	-9.0814
-10.6052	-7.1184	-3.3184	-4.4683	2.8449	2.2560	-1.7426	-3.0123	-9.9017	-15.3730
-12.2428	-6.2265	-2.5343	-3.3755	2.2358	2.8090	-2.8158	-3.6638	-9.8316	-11.5685
-11.6095	-9.4701	-4.3283	-2.7062	2.5487	2.0467	-1.2200	-4.3579	-11.2303	-14.0751
-11.3638	-10.1678	-3.1081	-3.3135	2.4319	2.8130	-1.5587	-2.9616	-8.9866	-12.4044
-9.7615	-8.9383	-2.5208	-2.3803	2.2247	2.7777	-3.5775	-2.8385	-5.5919	-10.8688
-11.6741	-6.4609	-3.8270	-1.0503	1.7412	2.0183	-3.5133	-3.6125	-8.9304	-11.6258
-12.8834	-7.5641	-3.5830	-2.0629	2.6061	2.6181	-2.3470	-3.0546	-5.3617	-13.3690
-11.9251	-7.1946	-2.9094	-2.6792	1.7328	1.9303	-2.2574	-3.3249	-8.8077	-10.3313
-14.6389	-6.5812	-3.2941	-2.0712	1.7989	1.2016	-2.8068	-3.1645	-8.5724	-10.8608
-13.6976	-6.6001	-3.9967	-2.2987	2.1557	1.3912	-2.7860	-2.7443	-8.9409	-16.5124
-8.8765	-6.0862	-2.9895	-4.3132	2.2545	1.5877	-3.4190	-3.2763	-8.1197	-11.0841
-11.1973	-6.9512	-4.2408	-4.5348	2.2693	2.2136	-1.6495	-1.6888	-6.7931	-11.4135
-8.0728	-8.1101	-2.9565	-4.9801	1.6843	2.5785	-2.6882	-4.9109	-5.2725	-12.7624
-9.9431	-9.3475	-2.6694	-1.8804	2.9101	2.0180	-3.4424	-3.0522	-7.6301	-10.3760
-9.5689	-8.4050	-2.9106	-2.7283	2.0492	3.0035	-1.6109	-3.7134	-13.9301	-18.1137
-12.6837	-8.0540	-2.6351	-2.8286	2.0383	2.3919	-2.8580	-4.4395	-12.6627	-11.2132
-11.7117	-5.9863	-3.1672	-4.8067	1.5738	1.4302	-2.9442	-2.9105	-6.4418	-12.9043
-10.7662	-7.5090	-3.4630	-3.9834	2.2613	1.9200	-3.6163	-2.8143	-7.6576	-10.7020
-7.6143	-9.1670	-3.8417	-2.4972	3.0533	3.1449	-3.2219	-4.1327	-9.1576	-10.0009
-17.4038	-9.1778	-3.5009	-2.2906	2.4466	2.4408	-2.8612	-2.7122	-7.8480	-9.8106
-11.4640	-7.9067	-2.9050	-1.3552	1.9762	2.0289	-2.1607	-2.7677	-6.4293	-12.6685
-14.8564	-7.4985	-2.6045	-3.4574	2.2597	2.1947	-2.4544	-2.9995	-6.0546	-10.3135
-9.6758	-7.1420	-4.3653	-3.9612	2.6340	1.9592	-2.2057	-2.7998	-8.9866	-10.2476
-13.0546	-10.2648	-4.0347	-3.5934	2.6072	2.9676	-1.7128	-3.7098	-8.0238	-9.6205
-11.3488	-9.5059	-2.5910	-1.9227	1.7881	2.1888	-3.8747	-2.8916	-7.7613	-10.0698
-11.2765	-7.1211	-2.3848	-2.4164	2.0737	2.4896	-2.3517	-3.3944	-9.8591	-9.9220
-12.3385	-8.2118	-2.4708	-2.2378	1.8159	2.1640	-3.5545	-5.7229	-8.3305	-10.2386
-11.6180	-10.1579	-3.5666	-3.1897	2.2839	2.0971	-1.2399	-2.9218	-7.7747	-10.7039
-7.6583	-9.6086	-3.5250	-1.8972	2.3005	2.3024	-4.2062	-3.5344	-7.7983	-10.6136
-10.3068	-7.2813	-3.7338	-3.4355	2.4740	2.0790	-1.6638	-2.6807	-6.4013	-8.3159
-13.7660	-8.8383	-3.6036	-2.8884	2.7965	3.0835	-2.6381	-2.8736	-7.7362	-13.5218
-11.7936	-10.2669	-3.3842	-3.5042	2.5954	2.5976	-3.6759	-4.6381	-8.6125	-15.8270
-8.0279	-6.9037	-3.6486	-3.6431	2.3278	2.7934	-2.3066	-2.1204	-6.0808	-13.8086
-7.9457	-5.9016	-2.9391	-4.2017	2.2141	1.8038	-3.6605	-2.8346	-5.7687	-8.7392
-14.4561	-9.7561	-4.1137	-4.8626	2.3225	2.5615	-2.3270	-4.4012	-10.4773	-10.1470
-16.6880	-7.9407	-2.6564	-3.9866	2.5601	2.4496	-2.8622	-3.4687	-7.1608	-9.4426
-9.3691	-8.4433	-3.1488	-3.4665	1.8421	2.1167	-2.5891	-2.9238	-7.7146	-11.4435
-10.9274	-5.9155	-3.8034	-4.2740	2.5153	2.5169	-2.2033	-2.7320	-8.9912	-10.5295
-13.5302	-8.7820	-2.4255	-2.0877	2.7085	2.7560	-1.2927	-2.3873	-8.0805	-13.3731
-16.4563	-7.8300	-2.9521	-1.9106	2.2812	1.9190	-3.2849	-3.9170	-8.1734	-11.5516
-16.6908	-8.4702	-2.9844	-2.5804	2.6789	2.9040	-3.1780	-4.6504	-8.9713	-13.4905
-11.6829	-7.4719	-2.4715	-4.1308	2.0927	1.6904	-4.6171	-2.7657	-7.6752	-10.8176
-12.0015	-8.4372	-4.1274	-2.5082	2.1309	1.9536	-3.5942	-3.8178	-8.6309	-13.3868
-9.6615	-8.4573	-2.7979	-3.7260	2.1560	2.4806	-2.3562	-3.7499	-11.8989	-13.2720
-9.2263	-6.6940	-2.4358	-4.3198	1.8542	2.2126	-4.4166	-3.2129	-5.1139	-10.1014
-11.1223	-12.3007	-3.5091	-2.0789	1.6728	1.4255	-3.5305	-2.9675	-4.7941	-7.6889
-8.7152	-8.7380	-2.4716	-4.5322	2.4848	2.7312	-2.2646	-3.9376	-7.5983	-14.3935
-6.1299	-5.5865	-3.7136	-3.0783	1.9700	2.2910	-4.2099	-4.8217	-6.7874	-11.1197
-9.4244	-7.9956	-2.9531	-3.4079	2.5579	2.2896	-3.4824	-2.5468	-6.7958	-11.1434
-11.2987	-8.2664	-2.6132	-2.6710	2.4749	2.5318	-2.4135	-2.0243	-7.3608	-12.0398
-9.1391	-6.3111	-3.3213	-2.9667	2.2346	1.6750	-3.0811	-3.3236	-8.0268	-10.4621
-16.1018	-11.6788	-4.0447	-4.1874	2.6531	2.5286	-2.8354	-3.4759	-8.2320	-8.7682
-13.0200	-11.0381	-3.8410	-1.8142	2.6145	2.5351	-3.6762	-3.5603	-5.9545	-13.1224
-8.4784	-7.0263	-3.8853	-3.5258	1.6456	2.3207	-3.4658	-3.3094	-7.4057	-12.3308
-11.0577	-7.7007	-3.6346	-1.3977	2.5419	2.0485	-4.3720	-3.7962	-8.0143	-11.9793
-11.4485	-7.2592	-2.2269	-2.6511	2.1316	1.4324	-1.5356	-3.2268	-8.4751	-11.9599
-15.2926	-8.9531	-3.8349	-3.7304	1.9970	2.6297	-1.9913	-4.2551	-12.1632	-8.8047
-14.0291	-7.2362	-3.9836	-3.6463	2.7764	2.3298	-2.2832	-2.8505	-8.1776	-12.3040
-18.9083	-7.4726	-2.1843	-4.3646	2.0532	2.3225	-2.1930	-3.2825	-10.2830	-13.6244
-9.8702	-7.1647	-3.6134	-3.3067	2.2608	1.6910	-3.1117	-3.3830	-9.4403	-14.2216
-10.5599	-6.9049	-2.8480	-4.6378	2.5879	2.5672	-2.1536	-4.2209	-9.3818	-13.2583
-10.3970	-5.9878	-2.8218	-4.3230	1.6834	2.2247	-1.5569	-4.2767	-7.0427	-12.9820
-8.8062	-6.3704	-2.1565	-1.6225	2.0126	2.6719	-2.8995	-3.2852	-6.9782	-13.6195
-12.7315	-8.0098	-4.4360	-4.2983	2.2114	2.3161	-2.4699	-3.7758	-7.3336	-11.6446
-13.1706	-7.0062	-3.2508	-2.9243	1.6193	2.1781	-2.0914	-1.4464	-7.1033	-18.2598
-10.1750	-7.2105	-3.2062	-2.5955	1.6130	2.0292	-4.9280	-2.2066	-5.9235	-12.6042
-11.1809	-6.1614	-2.5156	-2.1576	3.1510	2.4659	-3.2922	-2.2888	-8.5033	-11.3412
-11.6521	-9.3966	-2.4635	-2.1102	2.3821	2.6376	-2.4179	-3.4177	-7.4158	-8.0973
-13.3002	-7.5375	-3.2224	-3.5395	2.3029	2.3860	-3.4583	-2.3732	-6.9573	-17.5705
-9.2557	-7.9250	-3.1109	-4.0144	1.6261	2.3471	-2.1504	-4.5753	-10.0285	-9.4916
-15.9822	-10.0237	-3.5058	-3.0226	1.9993	1.7981	-3.4146	-3.6463	-9.1698	-12.7220
-9.9659	-7.9040	-2.3836	-3.5768	1.6125	2.5343	-1.1577	-3.6494	-9.4402	-16.3656
-6.7489	-7.1479	-4.9353	-4.8568	1.5986	1.5029	-0.8945	-3.0230	-9.3131	-9.5202
-12.9952	-7.5875	-3.0573	-4.2088	2.6715	2.8593	-3.0050	-4.4519	-9.2203	-8.1775
-10.7089	-6.8095	-3.0437	-3.6318	2.4353	2.2666	-4.5765	-3.1255	-6.2089	-8.1936
-14.7822	-10.7686	-4.2530	-2.1623	2.0997	1.8229	-2.8603	-2.8011	-8.3955	-12.6981
-11.1173	-6.8092	-4.6111	-3.8112	3.0684	2.4264	-2.4111	-4.1727	-7.4376	-8.5530
-15.9620	-10.5051	-4.4042	-3.7870	2.7053	2.1255	-1.9293	-2.9853	-8.4882	-9.9449
-11.3302	-7.8101	-2.9876	-3.2489	1.4365	1.9337	-1.6051	-2.3891	-9.3770	-14.3806
-12.3783	-8.4102	-3.2006	-2.0389	2.0978	2.2162	-5.7045	-4.3121	-6.4971	-10.2082
-12.5712	-11.6065	-4.5811	-2.7972	2.7495	2.9464	-1.8223	-3.9883	-11.8672	-15.5989
-15.6623	-6.7704	-3.3037	-2.6668	2.1845	2.5475	-3.8706	-3.2667	-8.5838	-12.6454
-12.5428	-10.2180	-2.6967	-2.6513	1.9043	2.1967	-1.9695	-3.4962	-7.1115	-12.6344
-21.0599	-7.0828	-2.8384	-3.6276	2.4923	1.8972	-3.3196	-2.9105	-7.5242	-7.3253
-14.4611	-8.1429	-3.3138	-2.0651	2.2174	2.1784	-5.2770	-3.4866	-6.2436	-12.7617
-9.2271	-6.0045	-4.2331	-2.6034	2.7770	2.3627	-3.5180	-3.8757	-7.3899	-11.5373
-11.1898	-10.1433	-3.8527	-3.1393	2.1071	2.6225	-2.9063	-3.2759	-6.0710	-10.9031
-9.9601	-5.4472	-3.0786	-4.0108	1.7832	2.0267	-2.9452	-3.5593	-7.5047	-12.0586
-11.5315	-7.2562	-2.6120	-6.1790	1.8826	1.9576	-2.0081	-2.8089	-7.1381	-13.0941
-13.0423	-8.1539	-3.1215	-3.5224	2.1646	2.8600	-2.6934	-3.9250	-9.2823	-14.9888
-17.3250	-9.6528	-3.8508	-2.9921	2.3533	2.2513	-2.7022	-3.2686	-11.6282	-11.5631
-10.2974	-7.9180	-4.9671	-2.8833	2.2469	1.7391	-4.0708	-2.4008	-7.0239	-10.2887
-7.8778	-9.3588	-3.4301	-1.1424	2.3841	1.9774	-3.0323	-2.4066	-7.0405	-9.1582
-10.3067	-4.6070	-2.0387	-3.3724	2.3016	2.4702	-3.3276	-3.1021	-6.5112	-11.4150
-8.8146	-7.4885	-4.6932	-3.0823	2.3477	2.0165	-2.7009	-3.3775	-9.2055	-11.0089
-10.4144	-7.3977	-4.3284	-2.1433	2.0467	2.2275	-5.3112	-2.3182	-7.2879	-18.6422
-10.5949	-5.5119	-2.6718	-3.9757	2.2794	1.8020	-3.6190	-3.1376	-8.1822	-12.7387
-9.6041	-6.1541	-2.6882	-2.3790	2.4626	2.4674	-1.6822	-4.4715	-7.7489	-13.3989
-8.5215	-6.8131	-3.8924	-2.8007	2.2571	2.2954	-3.5023	-4.5569	-8.1511	-8.8435
-12.0568	-8.9930	-2.8307	-3.5262	1.8770	2.2053	-3.6776	-2.6691	-7.5914	-7.9549
-14.5661	-10.8873	-4.5776	-2.3892	1.8839	1.9491	-3.8773	-4.8120	-11.1370	-15.7591
-11.3310	-7.3587	-3.8494	-2.9711	2.4751	1.8273	-3.8630	-4.9253	-8.2354	-9.8711
-7.8789	-6.7305	-4.5473	-2.9867	2.8518	2.4314	-2.6604	-4.0719	-8.1990	-11.6912
-15.6499	-7.9014	-3.5694	-2.9157	2.1858	2.0074	-3.1586	-4.5168	-7.1662	-14.1653
-10.6255	-9.0574	-3.4915	-2.5747	1.7498	1.9174	-2.0355	-2.8056	-6.5854	-7.6116
-10.1267	-7.7402	-3.6644	-3.0569	1.7382	2.5869	-4.5153	-4.5587	-7.0051	-13.7101
-12.4586	-7.4422	-2.7488	-2.9235	1.6960	2.3309	-2.9466	-4.3061	-10.1889	-11.0861
-12.0729	-7.5735	-2.2367	-1.3864	2.5167	2.5748	-4.4221	-3.7094	-5.6287	-10.9073
-9.3557	-8.1669	-4.3545	-2.4763	2.9210	1.9661	-4.3719	-3.4177	-7.1785	-9.8513
-12.1598	-8.5182	-2.5718	-4.7921	2.0780	1.4023	-2.5904	-2.0340	-6.8582	-10.0403
-11.2800	-6.9414	-3.4665	-3.7528	2.3435	2.0922	-4.9016	-3.5637	-4.3918	-11.1548
-11.5443	-7.5632	-4.5575	-2.1952	2.2501	1.4689	-3.0260	-3.8507	-9.8704	-8.5991
-11.7863	-8.6063	-3.1454	-4.9295	2.1058	2.3812	-2.8677	-3.5688	-7.6417	-12.8881
-12.0957	-8.5009	-4.3523	-5.4636	2.1977	2.4638	-3.3562	-3.7425	-6.1650	-11.3463
-8.1452	-8.1765	-2.3445	-1.6436	2.3806	2.7613	-4.1656	-4.3627	-7.0493	-7.4464
-14.2982	-9.2865	-3.0412	-4.2714	2.4239	2.2545	-1.5925	-3.0922	-6.3111	-10.2272
-10.5835	-8.4288	-3.1468	-3.0153	2.0224	2.3628	-3.4145	-4.4539	-6.5442	-8.9988
-9.2698	-9.8246	-3.0161	-3.3364	1.4451	1.9556	-3.9325	-2.2357	-5.9256	-8.8304
-10.3667	-6.5882	-3.2808	-4.3926	2.7765	2.4393	-3.2068	-3.3545	-5.4860	-9.5609
-12.7070	-7.6969	-3.2511	-2.9602	1.8216	1.3361	-2.0549	-2.7025	-7.2093	-8.7639
-5.9552	-6.4819	-2.5407	-2.6423	2.0652	1.9304	-3.0696	-2.4668	-4.7651	-8.5206
-10.7107	-5.9635	-1.9988	-5.1389	1.6723	2.3680	-2.0550	-3.1057	-8.5642	-9.8509
-14.0016	-8.8004	-3.1028	-3.0887	1.8821	2.2454	-3.9378	-3.4507	-5.9614	-10.8709
-13.5267	-5.7286	-3.9265	-3.2312	2.3581	1.8915	-4.8177	-1.9934	-5.8780	-11.1446
-9.0727	-9.2418	-4.0460	-3.4721	1.7387	2.5221	-2.2649	-4.1526	-5.3797	-11.4973
-12.4887	-9.7945	-2.5532	-3.3566	2.7778	2.7421	-2.6402	-3.4883	-6.7439	-11.3711
-8.6490	-5.4829	-2.3962	-1.5289	1.6740	1.4563	-2.5832	-2.1032	-6.7849	-13.3926
-12.9813	-12.5809	-3.1414	-1.8029	2.1407	1.8237	-2.9727	-4.4911	-8.6062	-15.1156
-11.2982	-5.7260	-4.2636	-2.3380	1.8469	2.0484	-2.2102	-3.7424	-7.5396	-9.9864
-9.8095	-7.4449	-1.6645	-5.4960	1.0612	1.3519	-3.7509	-2.3033	-4.9837	-10.7916
-9.8047	-6.2780	-3.2925	-4.3459	1.5191	2.1880	-2.9351	-3.8757	-5.0968	-9.1111
-7.9377	-8.6626	-3.4907	-2.3526	2.2755	2.0516	-3.1954	-3.4896	-10.0678	-17.9349
-6.9269	-6.9620	-3.3237	-3.4316	2.2581	2.0777	-4.2113	-4.4685	-8.5312	-6.7921
-8.2510	-6.6776	-3.7136	-4.8126	2.3098	2.1611	-2.7666	-5.3238	-8.1399	-10.9499
-9.1405	-8.2172	-4.3268	-2.8910	3.0447	2.3633	-2.5658	-2.9011	-6.9696	-16.4323
-13.6571	-7.3643	-2.3236	-2.9416	1.9154	1.6234	-3.1545	-3.1754	-8.1091	-11.3035
-18.4533	-7.8822	-2.9294	-2.7706	2.5626	1.9864	-3.6149	-3.1239	-9.1075	-14.8079
-13.3517	-7.1786	-4.0050	-4.2703	2.5481	2.6778	-2.1083	-2.7793	-11.0336	-11.6414
-9.0457	-7.4674	-4.4926	-4.1668	2.0590	2.1842	-1.4859	-3.6579	-14.5601	-10.5099
-11.2895	-7.2376	-3.1529	-4.8459	2.0594	1.8371	-2.9930	-3.9660	-8.0218	-10.7470
-10.5903	-6.4939	-3.7782	-2.4933	2.1222	2.3627	-3.9661	-4.3013	-9.1356	-11.5403
-10.3171	-6.2614	-2.9715	-2.2750	2.1776	2.5040	-2.3750	-2.6397	-7.4062	-8.3526
-13.8862	-5.6759	-2.4127	-2.5154	2.2171	1.9316	-6.4145	-3.1495	-5.6391	-8.8590
-10.6017	-6.7346	-2.9552	-3.4875	1.6902	2.1305	-3.0409	-4.3144	-7.7458	-9.4860
-11.4017	-7.7493	-3.9039	-2.0528	2.7413	2.3879	-1.7692	-3.0232	-8.0881	-14.3423
-10.8849	-8.5751	-4.1711	-3.6581	2.1161	2.5947	-2.6658	-3.1269	-8.5828	-13.7343
-12.7229	-6.3609	-2.5394	-3.3955	1.9919	2.4683	-3.0951	-4.9579	-6.0569	-8.7280
-7.8759	-7.3753	-3.5562	-3.3431	1.8976	1.6809	-2.7928	-2.6745	-7.3759	-15.6112
-10.9429	-7.0476	-2.5035	-3.9256	2.0698	1.6364	-2.4837	-4.1376	-10.2157	-8.9700
-11.7946	-7.8287	-3.5382	-3.6779	2.5724	2.5073	-2.5052	-2.7083	-9.2068	-11.3489
-13.1749	-9.0189	-4.5731	-3.4262	2.3166	2.0747	-2.4714	-4.3418	-11.5559	-10.5336
-9.3157	-7.1790	-2.9852	-3.3997	1.9029	2.3771	-1.9304	-4.2756	-7.3012	-12.1504
-9.7283	-6.9630	-4.2198	-5.5265	2.8005	2.9289	-2.6671	-4.6408	-8.2493	-8.8878
-16.3583	-7.5177	-4.0824	-3.5625	2.2869	2.9727	-2.6111	-3.1800	-8.2664	-11.2721
-11.4418	-5.1751	-2.6371	-2.3002	2.1884	2.3872	-2.5101	-3.7285	-8.5173	-11.1797
-10.1910	-6.9389	-2.5463	-0.9725	2.4826	2.1035	-3.7419	-4.2890	-8.5786	-11.2059
-11.9975	-6.5349	-3.9306	-4.4769	2.5545	2.6531	-2.3458	-4.4008	-9.6556	-12.8553
-12.9691	-7.3236	-2.8862	-2.7224	2.3103	1.7441	-3.7966	-3.4046	-8.7956	-12.4465
-13.2391	-11.5425	-3.4678	-1.9768	2.3227	2.2110	-3.6658	-4.7537	-9.6341	-19.6671
-11.7522	-8.9696	-3.9740	-2.4482	1.6006	2.1385	-1.5138	-4.9814	-10.2327	-11.5836
-11.4658	-7.8463	-2.9514	-3.8226	1.6620	1.9460	-3.5609	-3.2256	-6.6165	-12.5675
-7.8514	-5.5711	-4.5862	-3.3509	2.8436	2.0045	-4.4292	-3.0549	-7.2503	-10.3518
-13.3006	-7.0944	-4.7131	-4.1749	2.9400	2.6081	-3.2230	-3.9726	-9.5275	-15.0732
-9.6515	-8.1699	-3.0179	-2.6722	2.2269	2.4377	-4.4786	-3.4940	-6.4238	-6.7098
-11.1967	-6.3680	-2.5521	-3.9410	2.2388	2.5647	-1.7589	-2.7932	-6.1202	-14.3650
-12.3764	-8.6924	-4.7789	-2.2112	2.5700	2.6190	-4.0629	-4.0474	-10.2449	-16.2021
-10.3553	-6.8436	-3.2207	-2.1511	2.4516	2.8004	-2.7411	-5.0293	-6.8867	-10.8871
-15.6928	-8.1806	-4.0859	-3.0218	1.8106	2.4692	-3.7309	-3.1462	-7.3801	-11.9766
-13.2848	-8.4321	-3.8687	-2.7302	2.7822	2.0748	-1.8226	-3.8408	-10.7453	-10.7921
-14.7576	-6.0247	-2.5371	-2.9721	1.6178	2.5928	-2.8880	-2.8688	-8.4414	-16.3192
-14.6500	-7.1382	-4.5143	-4.5002	1.9425	2.1420	-4.1559	-3.4579	-8.2399	-14.3521
-14.1553	-8.8955	-2.6659	-2.0077	2.3671	2.4690	-3.0524	-2.7159	-8.0499	-14.7095
-12.9330	-7.8519	-4.4085	-2.5349	2.3102	2.0420	-2.4495	-4.5172	-7.7953	-9.2359
-14.9566	-6.2076	-3.4010	-3.2156	2.6876	2.1876	-3.4240	-2.2357	-7.5223	-7.6256
-16.9767	-6.0975	-3.1129	-4.3972	2.5830	2.5900	-3.7732	-3.6680	-8.8723	-9.5522
-7.0829	-5.4170	-3.4874	-3.3097	2.0006	1.7985	-3.5459	-1.8102	-6.8355	-11.5330
-9.9809	-8.1820	-4.1978	-4.0629	2.5929	2.8060	-3.0105	-4.0651	-7.2156	-14.8146
-8.9555	-6.8520	-3.7492	-3.7612	2.0235	2.4994	-3.0996	-4.4501	-8.5353	-10.6432
-8.9925	-6.1653	-3.9071	-5.3773	2.0857	2.1968	-2.5689	-3.0328	-7.1416	-10.6371
-10.1957	-7.7771	-3.7123	-2.2530	2.8455	2.3472	-4.3208	-3.4246	-7.2966	-9.7148
-9.7620	-8.6879	-4.0691	-5.2785	2.8484	2.9952	-1.6384	-2.8765	-8.9231	-9.4190
-10.7544	-9.6083	-3.0331	-3.1133	2.4367	2.2780	-1.8946	-2.3896	-10.2882	-9.0589
-17.1691	-7.8565	-2.1542	-0.6978	1.9578	2.4713	-4.2154	-2.0517	-4.2938	-8.7942
-8.1064	-6.5460	-2.8666	-3.7348	2.0426	2.1950	-2.4153	-1.9688	-7.8973	-8.6757
-9.2845	-6.5910	-3.0966	-2.4127	2.0810	2.4656	-2.6593	-2.0636	-6.0759	-16.1855
-12.7368	-6.9244	-3.0062	-2.6638	2.0541	1.5031	-5.9071	-3.0568	-6.4027	-10.9110
-13.6079	-8.5202	-4.2275	-3.0130	2.3122	1.9426	-3.1138	-3.8510	-8.6313	-9.8429
-13.0956	-9.5376	-2.9328	-3.3940	2.5527	2.9730	-2.3841	-4.1779	-7.3070	-13.0373
-17.7947	-8.5282	-4.0063	-2.2576	2.2435	2.2421	-3.2969	-4.5102	-6.9903	-12.9438
-15.8702	-8.2541	-3.7303	-4.9279	2.1097	2.3229	-2.6986	-3.6165	-8.8459	-9.7873
-9.5514	-8.0623	-4.7347	-3.4264	2.5112	2.2597	-4.4536	-3.7562	-7.8623	-8.3862
-18.8318	-7.5173	-3.9963	-3.6526	2.4793	2.1457	-4.1324	-3.0087	-6.8091	-7.9319
-15.4643	-14.3108	-4.2089	-2.4811	1.8289	1.8722	-2.3502	-4.8273	-9.9012	-8.3378
-8.1993	-10.1105	-4.4786	-2.0102	2.3848	2.2559	-2.4588	-4.1945	-8.8430	-10.5556
-9.7470	-7.6749	-3.1327	-2.5691	1.6642	1.3588	-3.9895	-2.8384	-6.3161	-8.9047
-13.2584	-7.4483	-3.2132	-4.8317	2.4454	2.1223	-1.4509	-3.4071	-9.5870	-11.3149
-10.0985	-9.3688	-3.3316	-3.7647	2.0249	2.1320	-3.6934	-3.4746	-6.9006	-10.2143
-15.0567	-8.9127	-3.6060	-5.0446	2.2938	2.0286	-2.5486	-1.9327	-6.1247	-12.6724
-14.9179	-9.4416	-3.9046	-4.3251	2.3762	2.2910	-2.7488	-4.4975	-10.4165	-11.4167
-8.5835	-5.2967	-3.5287	-3.8787	1.6681	2.2116	-3.2697	-4.2848	-6.8415	-12.1097
-10.2629	-7.0685	-4.1562	-4.0830	1.9455	1.9050	-2.8360	-3.8095	-8.7170	-9.6858
-9.7835	-7.3370	-3.8965	-3.7622	2.0597	1.6551	-3.8619	-3.1033	-7.8952	-11.0879
-9.3857	-8.1609	-3.4122	-3.8255	1.7807	2.5214	-2.6157	-4.3403	-7.0162	-9.3502
-12.7948	-7.2092	-3.7596	-2.9577	2.4945	1.9873	-3.6408	-2.9598	-7.1640	-13.7479
-10.8434	-8.1324	-3.6768	-3.6958	2.2690	2.0496	-2.1800	-2.7463	-6.8636	-17.1026
-7.2956	-7.0774	-4.4000	-2.6230	2.5929	2.2121	-3.5658	-2.7625	-8.5263	-14.0862
-8.7093	-7.3210	-2.6194	-2.4129	2.7687	2.3064	-2.6154	-4.0332	-7.3327	-10.5071
-11.4332	-7.6454	-2.3543	-3.6024	2.3796	2.7423	-2.2708	-3.1994	-8.6007	-14.3354
-11.5111	-9.3563	-3.8774	-2.9809	2.6881	2.1954	-3.1710	-2.7864	-7.8632	-11.4873
-12.0350	-7.6921	-3.8116	-3.7681	2.2290	2.1307	-4.7791	-4.4459	-9.3833	-10.7478
-9.4817	-6.0952	-1.9725	-2.5940	2.6085	2.5952	-5.2450	-3.8382	-6.1928	-10.4820
-11.2547	-5.9206	-3.8962	-3.0426	2.5208	2.4016	-3.8655	-2.5288	-5.0742	-6.6985
-14.1645	-6.4710	-3.5209	-2.6287	1.8603	1.3961	-4.4401	-3.3929	-6.0521	-9.0416
-8.2263	-8.3164	-3.5886	-2.1541	3.0105	3.0204	-4.1543	-4.6309	-9.7143	-9.7673
-11.7800	-9.6459	-3.8977	-3.1489	1.7780	2.0775	-3.7802	-5.6639	-15.0465	-12.9973
-11.3684	-6.5057	-4.6542	-3.9845	2.6499	2.4456	-3.7809	-3.1432	-6.9990	-10.4766
-8.3636	-8.2888	-3.3350	-2.5584	2.2882	2.4084	-3.7590	-3.9286	-8.0546	-8.2012
-9.0812	-8.9362	-3.5987	-1.2553	2.6012	1.7528	-2.0845	-3.3503	-8.9743	-9.2553
-15.1414	-8.1793	-2.8497	-1.1479	2.1499	2.4100	-2.7178	-4.6536	-9.9813	-10.5065
-10.9040	-10.3984	-4.1271	-1.7767	2.2318	1.9662	-1.6790	-2.4309	-5.9648	-10.3735
-9.2350	-5.7753	-3.5690	-3.1825	2.3050	1.7942	-5.7392	-2.7964	-6.6232	-11.8942
-13.0822	-7.9517	-3.0081	-2.6868	2.1674	1.8882	-1.8589	-4.6228	-11.5415	-15.4500
-15.4813	-9.4510	-4.6185	-3.5647	2.3432	2.1972	-2.5386	-5.0362	-10.5592	-8.0892
-12.7384	-9.6704	-3.1596	-1.5145	2.0222	2.1681	-3.6437	-2.8069	-6.2753	-11.3945
-12.6284	-8.8313	-2.8092	-1.6679	2.7659	2.6578	-3.2465	-3.0457	-7.9934	-8.9047
-13.1088	-8.0738	-3.2100	-2.6888	2.0605	2.5906	-2.7492	-4.2937	-6.1014	-10.1252
-10.4425	-5.5339	-3.1802	-3.4960	2.5399	2.5415	-5.0799	-4.1815	-5.4140	-8.2804
-12.4592	-10.5674	-5.4916	-3.7466	1.6464	1.9494	-2.6611	-3.1814	-7.8892	-11.5932
-10.5502	-7.3336	-3.6710	-3.6520	1.5440	2.0475	-4.3836	-3.9112	-8.0878	-13.4922
-10.4822	-6.3385	-4.1898	-2.3276	2.6180	1.9463	-3.9913	-2.5323	-7.5582	-9.8298
-7.6179	-9.5646	-3.8501	-2.2355	2.3387	1.6885	-2.9599	-3.5963	-8.0788	-10.2220
-20.6067	-7.0382	-3.0026	-2.9023	1.7549	1.8642	-2.7297	-3.3651	-7.0146	-12.1015
-14.2692	-9.4609	-4.5683	-3.4748	2.4056	2.1202	-3.5669	-4.2181	-7.8353	-12.8499
-13.0322	-7.7417	-3.5590	-1.6859	2.9940	2.2094	-4.0171	-3.2222	-9.0204	-16.2100
-11.7475	-8.2996	-5.0697	-4.6090	2.1546	1.6074	-2.7766	-2.5065	-7.8448	-8.8655
-11.6590	-8.3505	-4.6475	-3.1651	2.1691	2.8707	-2.1529	-4.0155	-6.8652	-10.7754
-10.7575	-6.4494	-2.7357	-5.1091	1.7228	2.5407	-1.2245	-3.4502	-9.6131	-10.6933
-10.2952	-8.5561	-2.8001	-2.4225	1.6259	1.3571	-2.8652	-2.4693	-6.4738	-11.2429
-9.9032	-8.1442	-4.0686	-4.0765	2.5347	2.5713	-3.7209	-2.8406	-7.5236	-16.5675
-13.5586	-8.2877	-3.7018	-4.8498	2.6565	2.9791	-3.6702	-4.2558	-7.1947	-9.3646
-17.5316	-7.5705	-3.8065	-3.6901	1.9260	2.1141	-1.6322	-3.3177	-7.9136	-14.5152
-8.2760	-8.4088	-3.1150	-2.2116	2.4912	2.0198	-1.9284	-3.7735	-7.1671	-13.6073
-14.8975	-8.1680	-3.5474	-2.8344	2.8124	2.8504	-2.5696	-3.3265	-6.7408	-10.7070
-9.0383	-5.6827	-1.6912	-3.4696	1.8817	2.2316	-2.2716	-2.7354	-6.7463	-9.8375
-9.6538	-10.0732	-3.9677	-3.5562	2.1561	2.2820	-2.6458	-1.7245	-7.2008	-9.2224
-11.3055	-10.2685	-3.3005	-2.0793	1.7792	2.7110	-2.6512	-3.6220	-7.8987	-13.9377
-16.1176	-10.8679	-4.8844	-3.4088	1.9902	2.3727	-3.3767	-3.8710	-7.1030	-11.2137
-9.6891	-5.2753	-2.5629	-3.6950	1.8164	1.6399	-4.3045	-3.6691	-5.8540	-8.8650
-9.7378	-8.0594	-2.5549	-1.9939	2.1754	1.4542	-3.5869	-3.2248	-9.3859	-13.8171
-9.5188	-7.7746	-3.4046	-1.0452	2.7509	1.9675	-3.6510	-3.9953	-8.4428	-9.8233
-10.2069	-6.4857	-3.0822	-2.6360	2.2504	1.5728	-3.7188	-3.4945	-10.4311	-11.2777
-12.1829	-6.4554	-2.6225	-3.6760	1.9714	2.5675	-3.2601	-3.4173	-6.2281	-9.4952
-12.7188	-12.6937	-4.3228	-4.3162	2.4129	2.6645	-2.7685	-3.1773	-7.4461	-10.2938
-11.1358	-7.5650	-3.0679	-3.0085	2.2586	1.9679	-2.3969	-3.4158	-7.8373	-8.8219
-10.6092	-10.4939	-5.2116	-4.0665	2.2517	2.9668	-3.5653	-4.6061	-10.6015	-10.1661
-8.6150	-7.0112	-4.8889	-3.4369	2.1691	1.6939	-3.4919	-5.2235	-6.7069	-11.8254
-15.9936	-8.9320	-2.9723	-3.3860	2.5190	2.1917	-2.2523	-3.0066	-8.1872	-13.4021
-8.0452	-6.1542	-4.2136	-5.9583	2.5377	2.2310	-2.0509	-2.8627	-6.5160	-8.1414
-17.1130	-8.6566	-2.5455	-3.1607	2.5452	1.8464	-3.4191	-2.3830	-6.3246	-9.5480
-7.0657	-6.5174	-4.0568	-4.8575	1.9780	2.5844	-2.0599	-2.7908	-5.5719	-9.1369
-9.1728	-7.3075	-2.2170	-2.4251	2.0522	1.7336	-4.2386	-1.6928	-5.8676	-12.3135
-8.5365	-6.3328	-3.0036	-5.6413	2.2855	2.4330	-1.3641	-1.5087	-9.9628	-11.7492
-13.9934	-6.4065	-3.5787	-2.1478	1.9435	1.8515	-4.9802	-4.8396	-6.9716	-10.2801
-12.7994	-8.5060	-2.1903	-2.7759	1.2787	1.8102	-1.7172	-2.5922	-7.6400	-10.1922
-10.8966	-8.4804	-1.9994	-5.2103	2.3225	2.2198	-3.0772	-3.0083	-6.0031	-9.5048
-10.0078	-7.1263	-2.3946	-2.0744	2.3565	2.4419	-3.4823	-2.7921	-9.8648	-15.7820
-9.0658	-7.1790	-2.3160	-3.2245	2.2404	2.1694	-4.1453	-2.7514	-6.3671	-12.5228
-9.1733	-9.9954	-5.6913	-3.0595	1.7363	1.9690	-3.2397	-3.8932	-6.5933	-12.8516
-13.6171	-10.5932	-3.6440	-2.5866	2.3605	2.4660	-2.7705	-2.8840	-8.8306	-14.2759
-13.5715	-7.4429	-3.9222	-6.2821	2.6473	2.3753	-1.7753	-3.6534	-8.6422	-12.3181
-9.8183	-7.0124	-4.8672	-4.3093	2.0129	2.3573	-2.8384	-4.3717	-7.6035	-9.1836
-11.6314	-8.1250	-3.0140	-2.4345	2.3478	2.3339	-3.6344	-2.5063	-6.0008	-9.3300
-15.5186	-8.5312	-4.7382	-5.8506	2.1632	1.8841	-2.2378	-2.7832	-11.2481	-15.0769
-13.4596	-8.3268	-3.8401	-3.9887	2.3328	2.2222	-4.6496	-3.1188	-6.9833	-12.0328
-10.4852	-9.7234	-4.7084	-5.2126	2.6225	2.7034	-2.3270	-4.6899	-12.0841	-13.6910
-8.7801	-7.4360	-3.7507	-5.1573	2.2121	2.0706	-2.4864	-3.6997	-5.5977	-10.2186
-18.4885	-6.7782	-2.5933	-6.3822	2.2665	2.1645	-2.0001	-3.5099	-10.3707	-10.5611
-17.1153	-8.2018	-3.1637	-2.4517	2.6482	2.1139	-2.3002	-3.6103	-7.6122	-9.6986
-14.2045	-9.9578	-5.0826	-3.0112	1.9985	1.7790	-3.4280	-4.0306	-6.7701	-9.7926
-13.5013	-8.3839	-3.0260	-3.0691	2.1130	2.1092	-2.6279	-1.8451	-5.6737	-13.0218
-14.2863	-10.2651	-2.7702	-3.0482	2.2967	2.5604	-3.3931	-3.6967	-7.0281	-11.8992
-13.6768	-9.2063	-3.4889	-1.4505	2.2714	2.1970	-2.8677	-4.1097	-8.1766	-8.8812
-16.6495	-9.1184	-2.4606	-2.6252	2.7039	2.2417	-2.7503	-3.3277	-7.3840	-12.5263
-13.1442	-8.1799	-4.3553	-3.9530	2.5784	2.0686	-1.9589	-2.7470	-7.7473	-12.3418
-8.8743	-6.6192	-4.0980	-2.4792	2.1658	2.7555	-2.2168	-4.1573	-7.5469	-12.9702
-9.6606	-7.2210	-3.4671	-3.0133	2.5454	1.9941	-3.8618	-2.9197	-8.3081	-14.3588
-14.1534	-10.1622	-3.7240	-2.5380	1.9139	2.5161	-3.0715	-4.3886	-8.0007	-12.8951
-9.0427	-5.2553	-2.7457	-2.7455	2.4127	2.4475	-2.6139	-4.0921	-8.4585	-8.1231
-13.1955	-8.1981	-3.2779	-2.4146	2.7241	2.7891	-2.4875	-2.8096	-8.8454	-12.7021
-10.1791	-11.2699	-3.4102	-2.7059	2.8435	2.8439	-2.8493	-5.0737	-8.6472	-8.1623
-10.0351	-5.5842	-3.2998	-1.5400	1.8340	2.2451	-3.2558	-2.7618	-5.8293	-9.4893
-11.9611	-6.3082	-2.4394	-3.7037	2.1775	1.9265	-2.5052	-3.2375	-6.5472	-11.9216
-13.1700	-9.7904	-3.0691	-3.1763	2.3557	2.5174	-3.2999	-3.9349	-7.7173	-12.8025
-13.6260	-7.2158	-2.7578	-3.6982	1.2301	1.6685	-3.9785	-3.4479	-7.4475	-10.3727
-10.8723	-6.4108	-3.5802	-2.0917	2.5192	2.3008	-4.3345	-4.5430	-9.0820	-8.9598
-13.8100	-7.9386	-2.9055	-2.0196	2.4271	1.8437	-2.5305	-4.0361	-6.0305	-11.7744
-12.4680	-8.8148	-3.3679	-2.4369	2.6897	1.9193	-3.5734	-4.0894	-8.9581	-11.9643
-15.9356	-7.9318	-3.2972	-4.6183	1.5435	1.8792	-1.2080	-2.6057	-6.8092	-9.4169
-13.9427	-10.0642	-4.2849	-4.3631	1.6528	1.8335	-2.2920	-3.5249	-5.8788	-10.6086
-10.2065	-5.9333	-2.2645	-3.6705	2.0274	1.4042	-3.6167	-1.9393	-6.5925	-13.8398
-12.6790	-11.0414	-4.7021	-4.3506	2.1790	2.4042	-2.1937	-2.6831	-7.7392	-16.1844
-9.4180	-7.9536	-3.4143	-2.7890	2.3886	2.4316	-4.2370	-3.9935	-9.9633	-11.8961
-9.1976	-6.0477	-2.5736	-5.1824	1.4797	2.3538	-2.3534	-3.5277	-6.3102	-8.8825
-10.5852	-6.7980	-3.8927	-4.3073	2.2614	2.5839	-3.9419	-4.2551	-7.0782	-13.9703
-10.9209	-6.4112	-4.0712	-2.5859	2.6129	2.0541	-2.9193	-3.0658	-7.1485	-9.7945
-10.9268	-8.6436	-3.4722	-3.9393	2.2911	2.4241	-2.9919	-3.6387	-8.3790	-12.7152
-10.5794	-5.9219	-3.2499	-4.0780	2.3737	2.3913	-3.2534	-4.1229	-8.0447	-10.8937
-13.3039	-10.4339	-4.2462	-3.2018	2.0998	2.7606	-2.9745	-5.2534	-8.8511	-12.3546
-11.7015	-5.9780	-2.9146	-2.9865	2.2961	2.3633	-1.9530	-3.4812	-7.6495	-9.5113
-15.7310	-9.9247	-4.9993	-3.1512	2.5958	2.2143	-1.1516	-3.2172	-12.2350	-13.0741
-10.7943	-10.1151	-3.5974	-2.4363	2.0023	2.1657	-3.3810	-3.9222	-6.8173	-11.9443
-10.2490	-6.5621	-2.4417	-2.9964	2.0626	2.5886	-4.1344	-3.8994	-8.9230	-13.5916
-8.5395	-5.8052	-2.5630	-2.4185	1.8868	2.2480	-3.5712	-3.2603	-6.9407	-9.4833
-12.0138	-10.5232	-2.6342	-3.3080	1.8338	2.1463	-3.0081	-3.5597	-8.0269	-12.5049
-15.4027	-9.8137	-5.8033	-3.6380	2.6245	2.5040	-4.0294	-3.9608	-8.4030	-14.0945
-10.2723	-6.5004	-3.7057	-4.4985	1.7725	2.2848	-2.9258	-3.1003	-6.2990	-10.7464
-11.0027	-12.1619	-2.8541	-2.0718	1.9563	2.6826	-3.2344	-3.2437	-8.3307	-10.2612
-9.9009	-6.4493	-2.0226	-2.9085	1.9069	2.3393	-3.4578	-3.1446	-6.0991	-8.4535
-13.5959	-7.9824	-2.5935	-3.2594	2.1410	1.9784	-3.2938	-4.4773	-6.5950	-8.4566
-11.1241	-9.4876	-4.7199	-2.5965	2.6815	3.1824	-3.4495	-4.0223	-5.7291	-10.5356
-16.7203	-7.9107	-4.8459	-3.8938	2.1265	2.7201	-1.8201	-5.3014	-8.0153	-9.8646
-10.6291	-9.7000	-4.5187	-2.7184	2.8594	2.3360	-3.9252	-1.6558	-8.2247	-14.2731
-9.9104	-7.0866	-3.0018	-3.2515	3.0196	2.8242	-3.0429	-2.7461	-7.6673	-12.2026
-11.7567	-9.6800	-4.1985	-2.8927	2.9663	2.5787	-2.9788	-3.5435	-6.6338	-11.8585
-11.0773	-6.6144	-4.6482	-2.1964	2.4308	2.8343	-3.2268	-2.8026	-6.8631	-10.6921
-8.1947	-7.6097	-3.5070	-3.0459	2.7615	2.4548	-3.6872	-4.1820	-8.6365	-15.3887
-11.1460	-6.3014	-2.9576	-2.3480	1.5336	1.4037	-5.0737	-2.7739	-8.4659	-9.2977
-13.0213	-7.4249	-3.5673	-3.4651	1.8527	2.3284	-3.9592	-2.9094	-5.1696	-13.9804
-16.2149	-11.7849	-4.3500	-2.7351	3.0122	2.2257	-3.5128	-2.3474	-5.4760	-12.6735
-13.1202	-8.9410	-2.1812	-2.9127	1.9507	1.5846	-2.5827	-2.7760	-5.4593	-13.2010
-8.7533	-7.6596	-2.9329	-2.3511	2.3919	2.2086	-3.7526	-4.2572	-7.3200	-7.5856
-9.0337	-7.0386	-4.2388	-2.8847	2.2338	2.2319	-3.0938	-2.5454	-6.0558	-11.9147
-11.2343	-9.5659	-3.5895	-1.9531	2.4515	2.4099	-3.1635	-5.2432	-9.9544	-8.0216
-7.5689	-6.9673	-3.7955	-3.1014	2.3105	2.8859	-1.6944	-3.6205	-10.6457	-17.2151
-9.6995	-5.3537	-3.1425	-3.0281	2.4378	2.7339	-2.7566	-3.4291	-9.6086	-10.2274
-15.0451	-9.5665	-3.3848	-2.4955	2.1794	2.0354	-4.4220	-3.3250	-9.1651	-22.3939
-13.3491	-5.9530	-3.0293	-2.4693	2.1589	1.9455	-3.9797	-3.8398	-9.8878	-11.9512
-11.2523	-7.4005	-3.2590	-3.3122	2.2968	2.2184	-1.5829	-3.9671	-10.1662	-16.1935
-13.1581	-7.5179	-2.9254	-3.4112	2.4632	1.8459	-2.5666	-2.9764	-8.3708	-11.7933
-11.3424	-6.0235	-2.9826	-2.7614	1.5707	2.0863	-2.3409	-3.3822	-8.3483	-7.9062
-12.4018	-7.9871	-2.9071	-1.3288	3.3451	3.2340	-2.9189	-4.5865	-9.0433	-12.6236
-10.1630	-6.4812	-2.1426	-3.4051	1.6954	1.8703	-3.5980	-2.3906	-5.8809	-11.8175
-12.0167	-8.4406	-3.8378	-2.7527	2.5844	1.8457	-1.8358	-2.3896	-6.9443	-10.1035
-9.8376	-5.9835	-4.2394	-4.8740	2.3505	2.1473	-2.4972	-2.7901	-9.1580	-10.4123
-11.4731	-8.5700	-2.9723	-3.4554	1.6458	1.8353	-3.3008	-2.6776	-5.6212	-11.8108
-10.3696	-6.8611	-2.8286	-3.6228	2.6935	2.5251	-3.0451	-3.5032	-9.3386	-14.3887
-9.6113	-5.8113	-1.8927	-3.6885	2.2031	2.2696	-3.4996	-2.6473	-6.7824	-10.4799
-12.0274	-10.9026	-4.1586	-1.4256	1.9723	2.0081	-4.5294	-3.7099	-8.9979	-9.7046
-6.9937	-5.6968	-4.3622	-2.9072	2.3979	2.4762	-3.3909	-4.9652	-7.8881	-17.0250
-12.6847	-7.8526	-2.8273	-3.7436	2.0918	2.4304	-2.9848	-4.4349	-7.1336	-10.9170
-11.0392	-7.6426	-2.7917	-3.1757	2.1129	2.2900	-3.1084	-3.7998	-7.4464	-9.5513
-11.9142	-5.7275	-3.3091	-3.5514	2.2723	2.6806	-4.1909	-3.1474	-6.7216	-7.4468
-13.2624	-11.6222	-2.6467	-1.4443	2.1298	2.4171	-2.1302	-3.1120	-5.7062	-13.6883
-10.4455	-7.7759	-4.1374	-3.2990	2.4877	1.6926	-2.8566	-3.9450	-6.9496	-7.6046
-11.4474	-7.1258	-2.2489	-1.8145	2.0126	2.1536	-3.2416	-2.0685	-7.4122	-10.6190
-9.0347	-6.7686	-2.7550	-2.0629	1.8938	2.2241	-1.6164	-3.8509	-10.3954	-11.0225
-19.2069	-8.9245	-4.0766	-2.1793	2.8297	2.5660	-2.1932	-4.1119	-11.0702	-10.9401
-8.9518	-6.3977	-3.1811	-3.4775	1.7463	2.4881	-3.0140	-3.1777	-6.2342	-9.8739
-23.2780	-8.6156	-4.3750	-1.2769	2.9258	2.4292	-5.2171	-5.4190	-9.6159	-12.4989
-12.7629	-7.0204	-2.2735	-3.1391	1.9567	2.4806	-4.2160	-3.3240	-5.4094	-12.6468
-14.7620	-8.5060	-2.5251	-1.2563	2.9034	2.8877	-3.3189	-4.0365	-8.3318	-10.0681
-8.3158	-6.8501	-3.7391	-2.5172	1.6299	1.7368	-4.2424	-3.6267	-7.5766	-13.4743
-15.2292	-8.1988	-2.9901	-2.0173	1.9175	1.9159	-2.3318	-3.2118	-7.8025	-9.3954
-12.9000	-9.7602	-2.6905	-2.6361	2.4193	2.5400	-3.2818	-2.5482	-4.9160	-9.6474
-11.9858	-6.4515	-2.7251	-3.4627	2.2337	2.3841	-2.3265	-4.2953	-7.2868	-10.7459
-12.6724	-9.6761	-3.5670	-2.4570	2.3037	2.1074	-4.4526	-3.6323	-7.4490	-16.4726
-13.0578	-8.8630	-3.4355	-3.0781	1.4600	1.5913	-2.7509	-3.1098	-6.0558	-13.6852
-12.7362	-10.1683	-3.4113	-2.5872	2.1752	2.2748	-2.1390	-4.2210	-8.0501	-12.4858
-13.0830	-7.5888	-5.5251	-2.6922	3.0010	3.3175	-2.0681	-4.8051	-10.3843	-12.3450
-11.1448	-5.7649	-2.8513	-4.3602	2.5178	2.5618	-3.4457	-3.9592	-7.8502	-8.6158
-11.0634	-7.3329	-2.8499	-3.4380	2.2063	2.3748	-3.3534	-3.3454	-8.5170	-11.0022
-13.2766	-8.0598	-2.7226	-2.8663	2.1115	2.1381	-3.4728	-3.5102	-8.0658	-13.0825
-15.4070	-7.7525	-2.7760	-3.1967	1.5570	2.4361	-2.7933	-2.3386	-4.7034	-7.8005
-12.5003	-6.8131	-3.2401	-3.1133	2.1860	2.4483	-4.2738	-4.0365	-6.7665	-9.3677
-9.7683	-7.1598	-3.3368	-4.1169	2.0804	2.1807	-2.4100	-4.0274	-7.7569	-9.3758
-10.5473	-6.5731	-4.0204	-4.0843	2.3034	2.0378	-2.8269	-3.4432	-7.8580	-13.8845
-10.6638	-6.5921	-2.5548	-3.3819	1.9238	2.4654	-2.1004	-3.0543	-9.9669	-14.0000
-7.5845	-7.5096	-3.7214	-1.7291	1.8597	2.1750	-3.0351	-2.9242	-6.7892	-13.4770
-9.9849	-6.7285	-3.0853	-3.4798	2.4441	2.9241	-3.9270	-2.2687	-5.2760	-9.7460
-11.6753	-8.5360	-3.1721	-2.3157	1.9153	2.6782	-4.1605	-4.1876	-7.9684	-14.0918
-12.5293	-7.7765	-4.2449	-1.6883	1.6300	1.7357	-3.7914	-5.2612	-8.4160	-11.3840
-11.4402	-6.7059	-3.7743	-2.6452	2.7009	2.4131	-5.0586	-4.5354	-7.8443	-11.5401
-11.3755	-8.9739	-4.3253	-2.2558	2.4713	2.6458	-4.7322	-2.7057	-5.5659	-9.7620
-10.7572	-7.7116	-3.0810	-3.0995	2.2636	2.1754	-2.1381	-3.0077	-8.9408	-12.0379
-12.1029	-8.7043	-3.4264	-2.8899	2.3053	3.1371	-1.7072	-3.7292	-7.0607	-10.8724
-9.2173	-6.6007	-2.7874	-3.2903	2.0347	2.0101	-3.2839	-2.8904	-7.7322	-12.8859
-12.1849	-5.9149	-3.2352	-3.8672	2.4628	2.2465	-2.6584	-2.6656	-7.3062	-7.9057
-17.0070	-7.6550	-2.7946	-2.8193	2.8982	2.0716	-3.5470	-3.2524	-8.5418	-13.8429
-11.6767	-5.6675	-2.7880	-3.1962	1.5419	1.3369	-4.9628	-2.3198	-6.1402	-12.3786
-11.4466	-10.6957	-3.7389	-4.0566	2.0975	1.6416	-2.4343	-4.1984	-8.0151	-12.1642
-10.3305	-7.2725	-3.0746	-4.8646	2.2852	1.8497	-2.6022	-2.7366	-9.2749	-11.7490
-11.8117	-8.2274	-4.0579	-2.1131	2.3371	2.5768	-3.8616	-5.2838	-8.7812	-9.4524
-12.5603	-8.2063	-3.5639	-3.1530	2.3760	2.3568	-4.6862	-2.4832	-9.2620	-16.6155
-14.1191	-5.9148	-3.5239	-2.8352	2.5149	2.1868	-2.6850	-3.8912	-8.8188	-14.4470
-10.1247	-9.4345	-2.9344	-2.9270	2.6613	2.7969	-2.1914	-2.9631	-7.2022	-12.4919
-7.0781	-4.8673	-3.3389	-2.7368	2.4670	2.2607	-4.2889	-3.1294	-7.5268	-8.4428
-9.9807	-9.5276	-2.7381	-3.1201	2.6220	2.8133	-2.9545	-3.2371	-7.7650	-9.7240
-10.6134	-6.7454	-3.6083	-3.3838	2.8886	2.3393	-2.8460	-4.4493	-10.1972	-7.4116
-13.0353	-6.5575	-3.5130	-2.6673	2.8792	2.8043	-1.5428	-3.3192	-9.2735	-11.1372
-11.2010	-7.2937	-4.4207	-2.0988	3.0018	2.6789	-2.5320	-2.2586	-8.2204	-14.4505
-12.9103	-7.9564	-4.3083	-4.0823	2.6561	2.1493	-2.8564	-4.3240	-8.6155	-9.5347
-12.0441	-11.1277	-3.5550	-2.0723	2.3763	2.7545	-2.4127	-4.2100	-8.4267	-9.7149
-9.5257	-6.7686	-4.4745	-3.6367	2.5519	2.7278	-2.2920	-3.3017	-10.7224	-10.6626
-11.5183	-8.5297	-3.7406	-3.6395	2.1587	1.7031	-4.5505	-3.9426	-7.3952	-11.0318
-15.3280	-7.5143	-2.1453	-4.1166	1.7864	2.3980	-2.9349	-4.8202	-7.8520	-11.6275
-14.1739	-7.1618	-3.7587	-2.0617	2.2771	1.7959	-2.6783	-2.1038	-7.7422	-13.3889
-12.6029	-8.2577	-3.8008	-2.3084	2.0368	2.3274	-2.7316	-5.0651	-10.5435	-9.2795
-12.3252	-7.3397	-3.2486	-3.5521	1.6701	2.0574	-4.2383	-2.7198	-6.5200	-9.3171
-10.1527	-6.6591	-3.0745	-2.7631	2.1066	2.1387	-3.5108	-4.6091	-7.7143	-9.2972
-8.9479	-10.2598	-2.7543	-2.8703	2.3555	2.2975	-2.8062	-3.2696	-8.7528	-14.0038
-7.8216	-8.3184	-3.1415	-1.9713	2.1534	2.6568	-3.0332	-4.9737	-6.3667	-7.8872
-12.8792	-6.5769	-2.8122	-3.6204	2.4913	2.1333	-3.1617	-2.6477	-7.8077	-20.6729
-13.2304	-8.7696	-2.0908	-3.2332	2.1592	2.5053	-3.6910	-2.5983	-7.3275	-11.5424
-11.6508	-6.4542	-2.7570	-3.4537	2.7915	2.5039	-3.0800	-2.8693	-7.7641	-10.7592
-10.2881	-6.4376	-2.0994	-2.3860	1.9428	2.0412	-4.9009	-2.8014	-7.0261	-10.9011
-10.7841	-6.7606	-3.3491	-3.6529	1.7717	1.5051	-3.6372	-2.1216	-5.8908	-11.0994
-10.3365	-7.8678	-2.6696	-2.1473	2.2023	1.5991	-2.0224	-1.2501	-9.5501	-14.2464
-11.0448	-7.7038	-2.7572	-4.2386	2.2391	2.6079	-2.6948	-3.5535	-8.1415	-14.0098
-11.3736	-7.0815	-2.4375	-3.7677	1.5551	1.6108	-3.2550	-3.6830	-7.3977	-9.2010
-14.4001	-8.0412	-4.3510	-3.3013	1.9154	1.8448	-1.3231	-3.2590	-9.6223	-10.7740
-11.3383	-7.3555	-4.2136	-4.0603	2.8111	2.7898	-3.9075	-4.7833	-7.3211	-9.4439
-9.8595	-8.3437	-3.0154	-1.4186	2.0538	2.0828	-2.9467	-2.1862	-8.0969	-15.8333
-8.6185	-6.3473	-2.7712	-4.6150	1.9092	2.2498	-2.5351	-3.5558	-8.9261	-13.2581
-18.0899	-8.8399	-3.6772	-2.9163	2.6740	2.9895	-2.8163	-4.9615	-8.9842	-10.6234
-8.5603	-5.4340	-3.3487	-2.7652	2.2971	2.5800	-4.0898	-2.6253	-5.6808	-13.9308
-9.2499	-7.3716	-3.6007	-4.0816	1.6420	2.2731	-3.0680	-4.0828	-7.4033	-11.4010
-10.3291	-7.3099	-3.1002	-2.6779	2.2002	2.5417	-2.6457	-3.0241	-7.9686	-15.7536
-12.5606	-11.1329	-3.8048	-2.6357	2.7409	1.9656	-2.6310	-2.3637	-9.2588	-15.1187
-12.4967	-5.7286	-2.4359	-2.6054	2.8660	2.9119	-2.5230	-5.4680	-9.2285	-8.9948
-14.2324	-12.6420	-5.3728	-1.8159	2.2724	2.6322	-2.9895	-5.4988	-9.1091	-11.0722
-11.3649	-11.6096	-5.0659	-3.5779	2.3160	2.1864	-2.0225	-4.1851	-12.5162	-8.9693
-9.7451	-6.2018	-2.9109	-1.5248	2.3702	1.9845	-2.9830	-4.2942	-11.7801	-18.6022
-10.8690	-5.2873	-2.7700	-3.9601	2.2300	1.9731	-4.6933	-2.1139	-5.5116	-10.4114
-18.7122	-7.6664	-2.9941	-2.2072	2.1496	1.9389	-4.8465	-2.4210	-7.4297	-10.5085
-12.5681	-5.6232	-2.6100	-3.9354	2.2403	1.8233	-2.7670	-3.7406	-7.6552	-7.7751
-12.1696	-6.7621	-2.9532	-2.2663	2.3877	2.7829	-2.5288	-2.7809	-7.2718	-11.2176
-12.8292	-12.0152	-3.8017	-3.0946	2.3726	2.4755	-2.4378	-3.6815	-7.6878	-11.6262
-9.5239	-9.0209	-2.9731	-1.0007	2.5233	2.5670	-2.4350	-5.0034	-8.7544	-11.5010
-9.6984	-5.9737	-2.7847	-3.2481	1.3717	1.6256	-3.2629	-3.1930	-6.4021	-9.7525
-10.5945	-7.1849	-2.5955	-2.8826	2.0732	1.5791	-5.0102	-3.2885	-7.3037	-11.5653
-11.8598	-6.7165	-3.1458	-1.4873	2.5621	2.9653	-3.2354	-3.1068	-9.5498	-12.9349
-10.2502	-8.4727	-2.6175	-4.0861	2.3987	2.3579	-3.8005	-3.2793	-6.7534	-9.7788
-14.3485	-9.3008	-2.6516	-3.1077	2.0425	2.5416	-2.1454	-3.1179	-8.9935	-17.3454
-10.4802	-5.7389	-2.9134	-3.7868	2.8522	2.5790	-3.3194	-3.8383	-7.6708	-10.3997
-13.9117	-8.5431	-3.8062	-3.3393	1.9352	2.5983	-3.2208	-3.1632	-6.7313	-11.7176
-10.5462	-6.1764	-3.5781	-4.0337	2.4555	2.3529	-4.7501	-4.6927	-6.8586	-8.2015
-10.3575	-7.6987	-3.8720	-3.4449	1.7078	2.2669	-1.6616	-3.8706	-10.5021	-10.4554
-13.1355	-9.4960	-3.2610	-3.0426	1.6557	1.8658	-3.8299	-2.8674	-6.5983	-9.4325
-8.6212	-6.3980	-3.3966	-2.7188	1.8412	2.6344	-2.8573	-2.9031	-9.4851	-9.5100
-11.8535	-7.3345	-3.8497	-3.1091	1.9431	1.5608	-4.5482	-3.6305	-8.2075	-11.7655
-8.0259	-7.2791	-5.2646	-1.3957	2.6515	2.6096	-3.0786	-4.1547	-8.3771	-13.2464
-9.3570	-7.3737	-4.0970	-3.9045	1.3977	1.5017	-5.2911	-3.5982	-5.9635	-8.2936
-13.0792	-11.0143	-2.9893	-2.8426	2.0397	2.3811	-3.1609	-3.4034	-7.9789	-14.3622
-11.6684	-9.7503	-3.3872	-4.0866	1.8170	2.3987	-1.0589	-3.9004	-6.7461	-10.0824
-8.6195	-7.0274	-3.7605	-2.7630	1.9990	2.3701	-3.3132	-4.1137	-8.9170	-16.6162
-11.2291	-7.3215	-2.6041	-3.7211	1.6993	2.1352	-3.4607	-4.7047	-10.7816	-10.1913
-8.7374	-6.9899	-5.5929	-4.7900	2.6879	2.6944	-4.5429	-4.1106	-9.0181	-14.3297
-12.3542	-5.8238	-3.9579	-4.2819	2.8986	2.1595	-2.8235	-4.0040	-7.9615	-9.2811
-10.2781	-6.0065	-2.7892	-5.0540	2.2030	2.5216	-3.3551	-2.2501	-7.6537	-14.4329
-11.0529	-5.2602	-2.4161	-3.1498	1.9409	1.9909	-2.9318	-1.9154	-7.2685	-11.4825
-13.2051	-8.4661	-3.2259	-3.0167	2.4734	2.6811	-3.6192	-3.5544	-7.2362	-8.8969
-10.8581	-6.5629	-2.1409	-2.8682	1.9194	1.9173	-3.5730	-2.8327	-7.4829	-12.5134
-9.6183	-10.5464	-3.4110	-3.4782	1.8699	2.0041	-2.5760	-3.4823	-8.7797	-12.3318
-10.3359	-6.0625	-4.2571	-2.0395	2.6003	2.8714	-3.6355	-4.1471	-7.9865	-9.4636
-10.8288	-7.0946	-2.7075	-2.7103	2.2478	2.1838	-3.7055	-4.6496	-7.4237	-14.7231
-7.7684	-8.4488	-3.8026	-2.9635	2.1695	1.9811	-3.1168	-2.8746	-7.2757	-12.2484
-10.3333	-5.7784	-3.3746	-3.1381	1.6580	1.8875	-4.6787	-3.5976	-6.6510	-12.3745
-13.6951	-6.8345	-5.6817	-3.5319	2.9369	2.3940	-3.1711	-3.1093	-5.4532	-11.7699
-11.3717	-9.1067	-3.9486	-2.4288	2.5152	2.1277	-5.6619	-4.1437	-6.1775	-11.5795
-14.5113	-11.5685	-3.1302	-2.2111	2.2560	2.5736	-3.5433	-4.2331	-8.3001	-15.2855
-13.7539	-10.8749	-3.3407	-3.5212	1.5034	1.8625	-4.6375	-3.9232	-8.0711	-11.4814
-12.5474	-8.1253	-3.3144	-3.7569	1.7997	1.3168	-2.9008	-3.2192	-7.9936	-10.6628
-11.9745	-9.8360	-2.7126	-3.0895	2.1408	2.1186	-2.8278	-2.5456	-5.5993	-15.4172
-9.7331	-9.6724	-3.5786	-1.8292	1.7934	2.3639	-4.3250	-3.8592	-7.8955	-10.7281
-8.3643	-7.7184	-4.0064	-4.8049	2.3616	2.0761	-3.3791	-3.5406	-7.0160	-9.8436
-7.7714	-6.6183	-3.2727	-2.3078	1.8325	1.7552	-3.8685	-2.6840	-7.3110	-14.4212
-9.9492	-5.8069	-2.9737	-3.7920	1.6255	2.3760	-4.0800	-4.4329	-6.1810	-9.3361
-9.4699	-7.4406	-3.0657	-2.7200	1.7244	1.6646	-4.7032	-3.7979	-6.2840	-9.7029
-16.3316	-6.3025	-2.7098	-2.2766	2.7120	2.3946	-4.7375	-4.7044	-7.6528	-13.1788
-13.6443	-8.8869	-3.2192	-2.2252	1.6933	1.9927	-2.4804	-3.9292	-7.3496	-6.0261
-13.2773	-8.7625	-3.1683	-1.7674	1.8992	1.8094	-3.0268	-3.7467	-8.2834	-12.6169
-11.0412	-7.1294	-3.3862	-3.0461	2.3282	2.3949	-2.6174	-2.7637	-6.2886	-10.8943
-10.4237	-8.8502	-3.5776	-3.0432	1.2073	1.8799	-1.2075	-3.4732	-7.4837	-10.8988
-7.6380	-9.5532	-4.0867	-3.0260	2.1061	2.2160	-2.6658	-4.5968	-8.6088	-11.9078
-12.3085	-9.5640	-3.1289	-2.9043	2.3749	1.7572	-3.4373	-4.0482	-8.3172	-14.6054
-14.2150	-7.4999	-1.9599	-1.6709	2.3905	2.1550	-3.6586	-3.5136	-8.6135	-19.4412
-10.6931	-8.7637	-3.4443	-3.9019	1.5307	1.6526	-3.8612	-3.3210	-7.1974	-16.0270
-7.9192	-9.4424	-4.6449	-1.0793	2.9140	1.9919	-5.5341	-3.9789	-8.1945	-10.1883
-9.9391	-6.9514	-4.8287	-4.4770	2.2603	1.9368	-1.4711	-2.7050	-8.3157	-16.8575
-14.0113	-7.3812	-3.1210	-3.2775	2.2816	1.3379	-4.8367	-3.9735	-7.1724	-14.0670
-16.2035	-6.9416	-1.9448	-1.7130	1.9703	2.3895	-3.6613	-3.7495	-9.1062	-14.2724
-9.2967	-7.7209	-4.5383	-2.3411	1.8904	1.8746	-3.2183	-3.7291	-8.1333	-10.5214
-14.5102	-8.1823	-3.0353	-2.9573	1.8812	2.5123	-1.3303	-3.3626	-12.9529	-14.6811
-8.5746	-9.3538	-4.2283	-2.4105	2.4107	2.3114	-1.6443	-1.0800	-5.7598	-11.2114
-12.0212	-6.2335	-3.2661	-3.1826	1.5635	1.7165	-4.3364	-2.5015	-5.1386	-7.9032
-11.9106	-7.3719	-2.3847	-3.7768	2.0266	2.0016	-4.5611	-4.2136	-9.1340	-8.5023
-10.6897	-8.0902	-3.5123	-3.7129	1.1865	1.5904	-3.0501	-3.8098	-7.6387	-11.9429
-13.7845	-8.9766	-2.9050	-1.1059	1.8535	1.5889	-3.8589	-3.2773	-7.7682	-7.9469
-11.8703	-10.9304	-2.4561	-3.1695	2.4645	2.8360	-3.4486	-4.9427	-9.8672	-15.6743
-14.7528	-8.6495	-2.5098	-3.1733	2.1496	2.2948	-3.9536	-4.5980	-6.7080	-9.7517
-11.3972	-11.4496	-2.7555	-2.6810	2.3427	2.5351	-3.7476	-4.4477	-7.8609	-12.5622
-11.8515	-7.8590	-3.2787	-3.4934	2.0364	2.3788	-3.9833	-4.6915	-6.0438	-11.8312
-9.9519	-5.0277	-3.7480	-3.3540	1.7097	1.9027	-4.0680	-3.5279	-8.2255	-9.3734
-14.2526	-7.1863	-5.2669	-2.6605	1.9069	1.5602	-2.3564	-3.1052	-8.5924	-13.8131
-13.7048	-8.8407	-2.6157	-1.9545	2.3373	2.2843	-2.9560	-3.5305	-7.0183	-9.8589
-12.8510	-7.9129	-2.6952	-4.6361	2.1030	2.4866	-2.5051	-4.0428	-7.7723	-10.9635
-8.0981	-7.1887	-2.7820	-3.7933	1.5281	1.8692	-1.5897	-2.6581	-6.6433	-10.5306
-15.8261	-11.2964	-3.8060	-2.3727	1.7367	2.6949	-1.8454	-5.8013	-10.9441	-11.5265
-19.9430	-8.2308	-3.1916	-3.3114	2.4060	1.9607	-3.3007	-3.5885	-7.5609	-9.2935
-6.0857	-7.5973	-4.4871	-2.9281	2.2391	1.8854	-3.3696	-3.3571	-6.1687	-7.2677
-9.8991	-9.4870	-4.4037	-4.3527	2.4319	2.3200	-3.2762	-3.4348	-5.5684	-11.2476
-14.2500	-7.2288	-4.6095	-2.6521	2.1970	2.4643	-2.7112	-4.6044	-10.1949	-9.7468
-10.3507	-7.9837	-3.3148	-1.6403	2.5277	2.2661	-2.7641	-3.5162	-7.4078	-7.0975
-10.5130	-9.8312	-2.6338	-2.0556	2.1832	1.9666	-2.5688	-3.2304	-8.3118	-13.2865
-11.4065	-6.0078	-3.2191	-3.6365	2.9724	2.3111	-4.0083	-3.5110	-7.4957	-9.6584
-10.7473	-8.8091	-3.1152	-3.3909	1.8618	2.2177	-1.6540	-2.8551	-10.9279	-14.8356
-11.8775	-7.1118	-2.8068	-3.6440	2.5733	2.6937	-3.2076	-3.4554	-9.2204	-9.7387
-9.7311	-7.1943	-3.1329	-2.6890	2.0977	1.7659	-3.6012	-2.9081	-6.9308	-9.1929
-10.0016	-7.2638	-3.3886	-3.0539	2.3511	2.1536	-2.5817	-3.5619	-7.3703	-8.7348
-8.9419	-7.4869	-3.8540	-3.4550	1.8870	2.6818	-3.5217	-3.2876	-7.6176	-10.5137
-9.9011	-7.8830	-3.1802	-1.8656	2.0461	2.1570	-2.3731	-4.1916	-7.3071	-12.3149
-15.1293	-10.1981	-3.5384	-0.8818	2.1781	2.3692	-4.1626	-3.0939	-6.7282	-13.0180
-11.7272	-4.5814	-2.7792	-3.7174	2.1327	2.3275	-2.6320	-3.3953	-9.4772	-10.7448
-9.7335	-9.4582	-3.4569	-5.2014	2.4037	2.3490	-2.7481	-2.5604	-6.7383	-10.9063
-10.6899	-7.2912	-2.1354	-2.3544	2.1153	1.4659	-4.0279	-3.3974	-7.3961	-11.3391
-11.7237	-7.3202	-3.1338	-3.7263	2.6542	2.1537	-6.2646	-3.5467	-4.8558	-12.6978
-10.4525	-6.1418	-2.3366	-4.3934	1.7462	1.7915	-3.2831	-3.2421	-6.5416	-9.3145
-10.8600	-8.1034	-3.4708	-3.0926	2.6698	2.4005	-3.2434	-3.5213	-9.1723	-14.1360
-11.5155	-4.6641	-2.9016	-2.3444	2.4852	2.4222	-3.8269	-3.4150	-6.1873	-10.5376
-14.0057	-8.7955	-3.3218	-4.1872	3.3304	3.0638	-2.9685	-2.2928	-8.5950	-11.4001
-10.5528	-5.7508	-3.7098	-3.5141	2.2179	2.2576	-2.0136	-2.2576	-5.8763	-10.8269
-9.5144	-7.1748	-4.6023	-2.4732	1.9949	2.0649	-4.0087	-5.1157	-7.7038	-9.2765
-15.3522	-10.2474	-4.3659	-2.5765	2.6675	2.5998	-3.3564	-3.3693	-7.4901	-9.9981
-10.3753	-8.6960	-3.4158	-1.5879	1.7156	2.4062	-3.6666	-4.0920	-7.8537	-9.8005
-12.3790	-7.6558	-3.3061	-3.8393	2.3371	2.4257	-3.0278	-3.8495	-9.3003	-12.3641
-8.9607	-6.2961	-2.2681	-3.9478	2.6593	2.2406	-2.0634	-3.3536	-9.1821	-11.2926
-13.9708	-7.9510	-4.0240	-2.2535	2.6356	2.1966	-3.5984	-3.4901	-8.7085	-9.6832
-13.0869	-5.5123	-2.3425	-3.3788	1.7809	2.1670	-3.5769	-2.5290	-7.0635	-12.5405
-11.6614	-9.8230	-2.8308	-2.7506	2.7068	1.7629	-2.2675	-3.0211	-7.4895	-11.0142
-9.7637	-6.8888	-2.6610	-3.2542	2.1663	2.6510	-1.5911	-3.3049	-9.2740	-8.3794
-11.3845	-8.7419	-4.5620	-1.8609	2.2099	2.3082	-3.2512	-2.9847	-7.5982	-9.6769
-10.4402	-10.0163	-3.7349	-2.2310	1.4974	1.9721	-2.9926	-2.8803	-6.3977	-9.0226
-13.7936	-10.3636	-2.4213	-2.2472	2.5876	2.1688	-2.8366	-4.6888	-6.9962	-11.3802
-8.9582	-7.2514	-3.5816	-2.6626	2.3186	1.7856	-5.5913	-2.9847	-8.2959	-11.4280
-9.3557	-7.2814	-3.6902	-2.9506	2.6360	2.4606	-3.5436	-3.0027	-6.9070	-12.6839
-12.9199	-7.6956	-3.9373	-3.1617	3.2150	2.8325	-2.0855	-2.5863	-10.7041	-18.6685
-14.8732	-8.9827	-3.5432	-3.5674	2.3265	2.1993	-1.3508	-4.0454	-9.2358	-17.9858
-13.6535	-10.7863	-3.3719	-4.5487	3.4053	3.0758	-2.0550	-3.4353	-10.2171	-9.5919
-9.2307	-6.7626	-4.0344	-3.4938	1.6631	1.6794	-3.3142	-2.3625	-5.8685	-10.1250
-10.8467	-10.2162	-4.8451	-3.4667	2.6484	2.2376	-2.5284	-4.5571	-7.7126	-7.5397
-11.8364	-8.9500	-3.3414	-3.2974	1.8998	1.8231	-2.8195	-4.6715	-7.0564	-9.5887
-10.6153	-7.3245	-3.8202	-3.7734	2.3686	2.2335	-3.1390	-3.6329	-8.8447	-8.7033
-8.3605	-7.2589	-4.0264	-2.0775	2.2820	2.3078	-1.7227	-2.8095	-8.0424	-12.6149
-13.0093	-6.2183	-2.2436	-3.1396	2.0414	2.2381	-3.1916	-3.7066	-7.8081	-10.0376
-10.3156	-8.7804	-3.6976	-3.2960	2.0009	1.8732	-3.5885	-3.4418	-9.7207	-7.4887
-10.7691	-4.9400	-2.0109	-3.1795	1.3502	1.9112	-2.4376	-5.5289	-10.2762	-11.9621
-10.7620	-9.2496	-4.1690	-2.8686	2.5630	3.0453	-1.8085	-2.4994	-9.5630	-16.0867
-11.0895	-6.7072	-3.8463	-6.1019	2.0297	2.2693	-2.4720	-3.5129	-7.6661	-12.6558
-7.4916	-4.8362	-2.9773	-2.9039	1.9625	1.7007	-4.4140	-2.9654	-8.5570	-9.7542
-13.9488	-6.6962	-3.1176	-2.8195	1.7300	1.8566	-2.6971	-4.5674	-8.5093	-10.4740
-11.3041	-7.5385	-4.5867	-2.5210	2.3437	1.7948	-4.3911	-2.2522	-4.7252	-10.9860
-10.7615	-9.7721	-3.9500	-3.4001	2.2430	2.3330	-3.2631	-3.9118	-7.5216	-12.1139
-10.4002	-5.4445	-2.7607	-4.2267	2.3790	1.7041	-1.7398	-3.9618	-7.2007	-12.5474
-10.9830	-6.1765	-2.0301	-3.3647	1.7277	1.5957	-2.4162	-2.2609	-7.9758	-13.1880
-10.2621	-7.4683	-3.0413	-4.2946	1.7643	2.3137	-2.7879	-2.7918	-6.3003	-11.1078
-9.1110	-9.1663	-3.6638	-2.2637	1.7051	1.6246	-3.3507	-3.4778	-6.2762	-13.5860
-10.9142	-6.2364	-2.8240	-4.0690	2.2744	2.6622	-2.4017	-3.5190	-8.3262	-11.1935
-14.4452	-8.6460	-3.0259	-3.9841	2.1141	1.7065	-3.0448	-2.7595	-7.4471	-10.6136
-14.2759	-5.9759	-3.8427	-4.6280	2.3199	2.2801	-1.9048	-2.8577	-9.2856	-9.0710
-11.9914	-11.7766	-4.1249	-3.1454	1.7252	2.2788	-3.1127	-3.8061	-9.1456	-15.1770
-13.2587	-7.9273	-3.3660	-3.4499	1.9138	1.8474	-2.6224	-3.1384	-5.9991	-10.0382
-15.7422	-7.9837	-4.3251	-3.6484	1.9964	2.0358	-2.2855	-2.6785	-7.7184	-11.7066
-7.4020	-4.6467	-3.9547	-3.1109	1.4613	1.4547	-3.0745	-2.0983	-8.0246	-16.5790
-11.6412	-5.6839	-3.0521	-4.1262	2.7297	2.6403	-2.1791	-3.0028	-9.1208	-12.8723
-10.5779	-6.6338	-2.4651	-3.3864	2.2155	2.8548	-2.9906	-3.2266	-5.9439	-9.6544
-13.6644	-8.3408	-3.6927	-1.9473	2.2322	2.2751	-3.8399	-3.2509	-8.1592	-12.8422
-10.1026	-8.0561	-3.1319	-4.3458	2.9070	2.1302	-1.4457	-3.0923	-10.1023	-11.5156
-8.6733	-7.3245	-2.6379	-2.8869	1.3333	0.9669	-3.7779	-1.3134	-6.7320	-11.1833
-10.3888	-6.2413	-3.2080	-4.4118	2.3928	2.3918	-2.1552	-2.3834	-6.2969	-10.4502
-12.9111	-8.8618	-3.8360	-2.0617	2.0304	2.1116	-3.0408	-2.0839	-6.9662	-11.1168
-8.6071	-6.1954	-4.1343	-4.7491	2.8463	2.0236	-3.6441	-2.7701	-6.7815	-12.1312
-9.0841	-7.4748	-2.7270	-3.7927	2.0238	1.9712	-3.0769	-3.1800	-7.1134	-11.6036
-10.8691	-7.2318	-2.9862	-2.8673	2.4228	2.2643	-1.2542	-5.2306	-6.3466	-7.7822
-9.3091	-8.3346	-2.7838	-1.0885	1.8403	1.7864	-4.1175	-5.6043	-7.2885	-7.3534
-10.3180	-7.6988	-3.2406	-1.9284	2.3738	2.1189	-4.0636	-4.8745	-8.1676	-13.0902
-10.5055	-6.0517	-3.2333	-2.5881	2.1383	2.6256	-3.0612	-3.2849	-7.6421	-12.8491
-10.0806	-8.2306	-4.8843	-2.8863	2.8498	2.7548	-4.0627	-3.9847	-9.9960	-13.0095
-11.0446	-7.2724	-3.5672	-2.0868	2.3441	1.9522	-2.9280	-3.4091	-6.0786	-7.3804
-9.6471	-5.6644	-2.2218	-2.5098	1.9997	1.4075	-2.8660	-2.7737	-7.9166	-9.5719
-15.0646	-7.2307	-2.4930	-2.3978	2.2240	2.3921	-3.6344	-2.5788	-7.4579	-10.5415
-8.8842	-7.8291	-3.5949	-3.4113	2.3924	2.2852	-1.7255	-4.1172	-6.1080	-12.5285
-12.5890	-7.0868	-2.8353	-4.1462	2.0666	2.6630	-2.7867	-3.0730	-5.3773	-9.4350
-10.8085	-8.2182	-3.8374	-2.6511	2.7984	2.4530	-4.2427	-3.5550	-7.3099	-12.2679
-9.5568	-10.3454	-3.7108	-2.5984	2.4588	2.5017	-3.1944	-4.2522	-7.6811	-10.4558
-15.1803	-6.8553	-3.4569	-2.9537	2.5942	2.0702	-1.9356	-4.5618	-9.6893	-11.1484
-9.1446	-7.5732	-3.2198	-3.7018	2.6716	2.4928	-4.2299	-3.1771	-7.7065	-11.9571
-18.3451	-9.2035	-3.5844	-4.1446	2.1971	2.4116	-0.9355	-3.1716	-10.5507	-15.7666
-12.3193	-7.1228	-3.6648	-4.8924	2.3031	1.7995	-3.5659	-3.0533	-7.1975	-10.7781
-9.9505	-7.7084	-3.5533	-5.0044	2.0222	2.8177	-1.7773	-3.4154	-8.1672	-11.1914
-13.0781	-7.3905	-4.1129	-3.3901	2.3070	1.9402	-3.5721	-5.2806	-8.0963	-11.8431
-11.3908	-7.8902	-2.6588	-2.4749	2.6412	2.7520	-3.6134	-3.7387	-9.8221	-12.0095
-8.1659	-7.4446	-4.1604	-2.4016	2.2715	1.6546	-2.0197	-2.8162	-8.7423	-14.3709
-10.5584	-9.6765	-3.4744	-2.2480	2.1038	1.5651	-3.6903	-3.0033	-7.6834	-8.9456
-9.4523	-5.2221	-2.5817	-3.6883	2.1799	1.7966	-2.7523	-2.8254	-10.0408	-11.6729
-10.5366	-8.4080	-1.4378	-1.2353	2.7523	2.3014	-3.7851	-3.6585	-8.9510	-9.8799
-9.1451	-7.2279	-3.7152	-4.8645	1.9187	2.0248	-2.1877	-3.4223	-9.1257	-10.5230
-12.9574	-9.1640	-3.7494	-2.6959	2.7201	2.1650	-3.0675	-2.8150	-6.6839	-15.1683
-10.6682	-8.3046	-4.1257	-2.0512	2.4265	2.2520	-4.5074	-3.3930	-7.3862	-10.0875
-13.8004	-8.9905	-4.2732	-3.7897	1.9511	2.3988	-2.8667	-4.2243	-7.1947	-14.4205
-12.3463	-6.4329	-2.5008	-3.6441	1.3746	1.6716	-2.4199	-2.4773	-8.3625	-12.6074
-12.0477	-5.4745	-4.2803	-4.5213	2.0601	2.0296	-2.5250	-3.7703	-8.2744	-10.2930
-13.6630	-7.5532	-3.5310	-3.1642	2.9867	2.5674	-2.7466	-4.4730	-9.6949	-9.7380
-13.5689	-9.0639	-3.9192	-2.9752	2.8649	2.6165	-3.4703	-3.1211	-6.8157	-12.9867
-8.5543	-8.9668	-3.8441	-3.1100	1.6666	2.3431	-3.1437	-4.5753	-7.3143	-14.4810
-11.0294	-10.6683	-4.4065	-3.2005	2.6792	2.6216	-1.9276	-3.6072	-10.8392	-13.7078
-16.3067	-9.2949	-4.7064	-3.4148	2.5869	2.4212	-3.7207	-2.9192	-7.3750	-10.3591
-12.2697	-5.0299	-2.7862	-4.1345	1.7616	2.2810	-2.3680	-2.1550	-6.8461	-9.5612
-15.4857	-8.3155	-2.6007	-2.6288	2.6391	2.6578	-4.6702	-4.8437	-11.8415	-10.8202
-11.4057	-8.3178	-4.1435	-2.5746	2.3074	1.4286	-3.1596	-3.0855	-5.7552	-12.2048
-10.5925	-8.3444	-3.8003	-2.9474	1.8030	1.6962	-1.9535	-2.6453	-6.1480	-13.0858
-10.4310	-6.5483	-2.6606	-2.6805	1.5976	1.8846	-3.3834	-2.5128	-6.6528	-10.0494
-10.7003	-10.8680	-3.1947	-3.2039	2.3982	2.9834	-1.6967	-3.5080	-11.5162	-13.9450
-9.1617	-8.3615	-3.8442	-2.4471	2.1816	1.9788	-3.1490	-1.6164	-7.0608	-11.7463
-10.1543	-6.2004	-4.0732	-4.0995	2.3801	2.5672	-2.7835	-2.3811	-7.6915	-10.5555
-17.0931	-9.5748	-3.8172	-2.9098	2.6283	2.7439	-3.0716	-4.9659	-8.2420	-12.8496
-10.7973	-7.1857	-3.8973	-5.0405	2.6673	2.5245	-1.5349	-3.5537	-9.2592	-11.8952
-12.3094	-8.2618	-4.7134	-1.3979	2.6444	2.5777	-3.3139	-4.7583	-9.8853	-12.8432
-19.5555	-9.5739	-5.2953	-2.9894	2.4866	2.3466	-3.1002	-3.9428	-13.7735	-15.0937
-8.6262	-7.7425	-3.4211	-1.9895	2.4134	2.5470	-1.4918	-3.9563	-10.3267	-16.4360
-10.4288	-9.0057	-3.8272	-3.4935	2.4231	2.8432	-2.8814	-3.9259	-8.9300	-13.4298
-9.1224	-8.2397	-4.7256	-3.0376	2.6052	2.3098	-3.1642	-3.9969	-9.6034	-10.3002
-9.6881	-10.9317	-5.3348	-2.3879	2.6492	2.1750	-3.4205	-4.5813	-10.7053	-12.4116
-8.8443	-6.9179	-3.5529	-3.0970	2.5168	2.7403	-2.9313	-2.1764	-7.3608	-9.2885
-9.3896	-4.8257	-2.9045	-2.7167	1.8404	1.5913	-3.0720	-3.1234	-10.1158	-11.4028
-11.2866	-5.8888	-3.5898	-2.9014	2.0110	1.9831	-2.5251	-2.8855	-6.4234	-15.4485
-10.6583	-5.7707	-1.9012	-1.9774	1.7914	1.6776	-4.6564	-3.5111	-6.0759	-9.2345
-8.8773	-7.0638	-2.5422	-1.9478	2.5501	1.9369	-3.4693	-2.2569	-7.8598	-12.8041
-9.6235	-9.5957	-3.1391	-4.8241	2.3080	2.7767	-1.1703	-2.8538	-5.8524	-10.6124
-12.3457	-8.6925	-3.7349	-2.3405	1.9418	2.2175	-3.1453	-3.8162	-6.0370	-11.2298
-11.5386	-8.7182	-3.3342	-2.3371	1.7424	1.2862	-4.7705	-3.2048	-8.3616	-9.7180
-12.3174	-11.0171	-3.1080	-3.7051	2.1316	2.6103	-4.1189	-4.3435	-7.6985	-13.2696
-13.3376	-10.2210	-4.0912	-2.9074	1.8786	2.2922	-1.9850	-3.2103	-7.7708	-12.4852
-14.4126	-8.6935	-3.8428	-3.8602	2.6254	2.3739	-2.9434	-2.4269	-8.4089	-10.2950
-9.9489	-7.3162	-3.0028	-1.4554	2.0015	1.9168	-2.0985	-2.8811	-5.8126	-12.3552
-9.9982	-5.0568	-2.4587	-3.6682	2.3720	2.2470	-3.9680	-2.5573	-8.2131	-10.2806
-13.5508	-7.7835	-3.4363	-4.2204	2.0337	2.8023	-2.9141	-3.3348	-6.0368	-8.8119
-12.5318	-6.9194	-3.6247	-4.6634	1.8650	2.0693	-1.7747	-2.6296	-8.0539	-6.6622
-11.6978	-6.1255	-2.2139	-2.9981	1.8961	2.2066	-3.2058	-4.4808	-8.0884	-9.1008
-10.8898	-5.9504	-3.8687	-4.8668	1.9411	2.1625	-3.5552	-3.3630	-7.5480	-9.4246
-12.6855	-7.5520	-3.0479	-3.9683	2.5881	1.8328	-2.7976	-2.7660	-6.5534	-10.9060
-8.8737	-5.9516	-2.0967	-2.7927	2.2290	1.8549	-2.6909	-3.3107	-7.6180	-12.3227
-11.6299	-8.6259	-3.7163	-3.5481	2.7418	1.9680	-2.7403	-4.2238	-11.9073	-11.9502
-19.9952	-9.5617	-3.7759	-2.0301	2.0214	2.0247	-2.2325	-3.7178	-10.4494	-15.5294
-12.9675	-6.6835	-2.3408	-3.1276	1.9946	1.8846	-2.8518	-4.0843	-7.0809	-9.2905
-11.4428	-7.3608	-3.4987	-3.0092	2.6008	2.6295	-1.6455	-3.8321	-6.3612	-12.7736
-8.2612	-9.2566	-3.9448	-2.3844	1.6421	1.3252	-3.5172	-2.2115	-5.3487	-8.4993
-9.2157	-8.1135	-4.5670	-3.4360	2.3061	2.3153	-2.8008	-4.3622	-10.2136	-15.8898
-14.5019	-7.0673	-2.7038	-1.7893	2.6842	2.3508	-1.7491	-3.3140	-5.7029	-11.0516
-11.3720	-5.8751	-3.8525	-2.8733	1.4158	2.0807	-4.8291	-2.5885	-5.6597	-9.1152
-12.1165	-6.4496	-4.0012	-4.8989	2.6091	2.7812	-2.6735	-3.2862	-5.5245	-16.3813
-6.8073	-5.5253	-2.2868	-4.1412	1.9209	2.0677	-4.1999	-2.3586	-5.8960	-10.8756
-13.4253	-6.8883	-2.3392	-2.8799	1.7136	2.0998	-3.4104	-3.6624	-6.7524	-9.2243
-12.2152	-8.4978	-4.8110	-2.3200	2.8846	2.3603	-3.4814	-3.2364	-9.5761	-10.5369
-8.4347	-8.3559	-5.0731	-2.5288	2.5768	2.3512	-2.8777	-2.5700	-7.2671	-15.6662
-8.6466	-5.5110	-3.4728	-3.8397	2.3196	1.7647	-3.5388	-2.1612	-7.3403	-9.7101
-15.0736	-8.3386	-3.9320	-4.0250	2.6801	3.2818	-3.5351	-4.8722	-9.6128	-10.4019
-8.5007	-7.7184	-4.0956	-3.4609	2.2329	1.5515	-4.5659	-4.3614	-8.5744	-11.1511
-10.9122	-7.2986	-3.3543	-4.7213	2.2236	2.8749	-1.3671	-3.9030	-9.0978	-11.9474
-9.0231	-7.9102	-3.1659	-1.2755	1.6949	1.4664	-3.3939	-3.1590	-7.7451	-9.7499
-13.1941	-6.6429	-3.1768	-3.1701	1.8720	2.0148	-4.3184	-3.7230	-8.2686	-11.8159
-12.2916	-7.9807	-3.5125	-2.5369	1.7184	1.9523	-3.0022	-3.1243	-6.6446	-15.4665
-12.2774	-10.8400	-3.6968	-2.3408	2.4567	2.3298	-3.0967	-3.4572	-5.9773	-8.8175
-9.7283	-8.9865	-4.7951	-3.5411	3.0224	2.7606	-2.8984	-4.1065	-7.7313	-13.7145
-11.4494	-7.4462	-3.9042	-3.5678	2.5271	2.5848	-3.4855	-3.6479	-7.0707	-8.4074
-9.6739	-6.1468	-2.9445	-2.1448	1.9270	1.5601	-3.6826	-2.2584	-7.0861	-10.8081
-10.5450	-7.6602	-2.6926	-2.6393	2.2362	1.9496	-3.2497	-2.9873	-6.2185	-13.7556
-13.9773	-9.7515	-3.3662	-4.0431	2.9180	2.1966	-1.3763	-2.0485	-7.1914	-11.7250
-13.2579	-5.8803	-1.5846	-2.7521	2.3192	1.2517	-3.4402	-2.9605	-7.4972	-8.4214
-7.4996	-6.6981	-4.8382	-3.4601	2.5653	2.4801	-3.5375	-3.4483	-6.9171	-13.5482
-11.4007	-8.1685	-3.8762	-3.4392	2.4969	2.1362	-3.0925	-3.5640	-6.1656	-13.9314
-11.8009	-7.8891	-2.5750	-2.7270	2.0485	2.0843	-4.7012	-2.7868	-7.7469	-17.0333
-13.8304	-10.0314	-3.2421	-2.2541	1.8678	1.6624	-3.2326	-4.2707	-7.6215	-8.8777
-15.4481	-9.0050	-3.4776	-2.8400	2.3309	2.7909	-4.2916	-3.3681	-8.8270	-15.0982
-10.1165	-8.3670	-2.9456	-2.8824	1.9451	2.4864	-2.2993	-3.3054	-7.6980	-9.4898
-13.2329	-7.1949	-2.3345	-2.8733	2.2009	2.0615	-2.7189	-3.0269	-8.6977	-11.3610
-12.7782	-11.5355	-3.6598	-4.5547	1.9784	2.4473	-2.4090	-3.0291	-7.5404	-13.3183
-11.4931	-5.5557	-2.1959	-2.4630	2.4394	2.5127	-4.3143	-2.8762	-8.2987	-13.6677
-11.2097	-11.6883	-3.3137	-2.1379	1.5815	1.7465	-2.1782	-3.1100	-7.4564	-9.7565
-15.9863	-8.8690	-3.7081	-3.7782	2.3282	2.2765	-2.6366	-3.6940	-8.1161	-11.1714
-14.9920	-6.4497	-2.5599	-3.0122	2.0293	1.5034	-3.0181	-2.8605	-8.2691	-8.8657
-11.6527	-7.4164	-3.6359	-3.8431	2.4428	1.6872	-2.8546	-2.5344	-6.5918	-14.3476
-14.3054	-9.1309	-3.3486	-2.7440	2.5295	2.2076	-2.8657	-3.6013	-6.8641	-10.8810
-12.9406	-6.6697	-5.0928	-2.5206	2.8379	2.6558	-4.1588	-4.2084	-8.0188	-9.4240
-13.0936	-9.6257	-2.6771	-2.0467	2.0066	2.0941	-2.7408	-2.0749	-7.0465	-10.9507
-13.1679	-7.1040	-2.7117	-2.3169	1.7863	2.2280	-3.0099	-3.4275	-7.6164	-11.0783
-8.1417	-9.5874	-4.0770	-2.3831	2.2730	2.0028	-2.0248	-4.4247	-8.2585	-11.4551
-9.2893	-6.8135	-2.6250	-3.0360	1.5995	1.8841	-3.2443	-2.8108	-6.5770	-12.5675
-12.8606	-6.4217	-3.3816	-2.7181	2.7334	1.9721	-2.6867	-2.5167	-8.5086	-11.0262
-11.6683	-9.6728	-3.7711	-4.3044	1.9935	2.6566	-2.2741	-4.7648	-8.2691	-11.5958
-11.6819	-7.2040	-4.4117	-1.7806	2.4060	2.3879	-6.3317	-3.0991	-7.9428	-10.9473
-10.8306	-9.6125	-4.0782	-2.5247	2.6333	3.2666	-1.0677	-4.0071	-9.6660	-12.5994
-8.7605	-7.7159	-5.1854	-4.9171	2.0507	2.1327	-3.6409	-2.9483	-6.2901	-10.7113
-7.4676	-7.0745	-4.7069	-3.1781	2.5232	2.5182	-3.2312	-3.0039	-5.5476	-9.7827
-11.5723	-8.9978	-3.5224	-2.9612	1.5718	2.1805	-3.8064	-2.9458	-6.9193	-11.9713
-13.8529	-7.9349	-4.0219	-3.4205	2.9092	2.3612	-0.8756	-3.7712	-9.2273	-12.2486
-8.4296	-6.7283	-3.6421	-3.7556	2.4895	2.6157	-2.1339	-3.4141	-7.6039	-10.5589
-9.1921	-7.3431	-4.4936	-4.1261	1.8362	1.9054	-3.1190	-2.8026	-6.3510	-10.4118
-8.3368	-6.0824	-2.9411	-4.3837	2.0824	2.7414	-3.1909	-3.3183	-6.0065	-8.0383
-10.3845	-8.6998	-2.9563	-2.3605	1.8002	2.5268	-3.3244	-2.5228	-7.7913	-17.0991
-12.4436	-8.9354	-2.2232	-1.2742	2.4292	2.0833	-2.5896	-4.0225	-7.3353	-8.8247
-10.3332	-6.2916	-4.3826	-3.8582	2.3686	2.3672	-2.7142	-3.6737	-8.3850	-10.0978
-14.1877	-9.0305	-4.8046	-2.5860	2.6113	2.3573	-3.0709	-4.7086	-10.0915	-13.7097
-13.0708	-7.8099	-2.0445	-2.0619	1.9735	2.5144	-4.1466	-3.2354	-9.6034	-14.2805
-12.7223	-12.1127	-3.6376	-3.7748	2.0927	2.2592	-1.8947	-3.7429	-11.7875	-11.9115
-13.0047	-9.0089	-3.4402	-4.4859	1.9013	1.7233	-4.9193	-3.2457	-7.1241	-12.3200
-12.3998	-10.1005	-3.9128	-3.1497	2.5489	2.0794	-2.2580	-2.3432	-9.5924	-14.0328
-18.6439	-6.0811	-3.2162	-4.6773	2.6466	1.8057	-2.4023	-2.9284	-8.0063	-10.9253
-10.9237	-7.5681	-4.3127	-1.7185	2.0720	1.7589	-1.9674	-4.7612	-12.2434	-12.1254
-13.6440	-6.7014	-5.1945	-4.0630	1.8840	1.8660	-1.2988	-2.7906	-7.8811	-14.1424
-14.2090	-11.3893	-4.1991	-2.5401	2.6858	2.4897	-3.0535	-3.4319	-8.9414	-11.5580
-10.8136	-7.0876	-5.1733	-3.7419	2.6699	2.2195	-2.1085	-5.5596	-8.9798	-8.1114
-9.5156	-8.1164	-4.8120	-2.1472	3.2545	2.4352	-4.2811	-2.7506	-7.9462	-14.8578
-20.4193	-6.8876	-2.4455	-2.0186	1.5897	2.0765	-3.4945	-2.3057	-5.4296	-10.8287
-10.6106	-8.5123	-3.7001	-4.2895	1.8659	2.3625	-2.3812	-3.7320	-8.5691	-10.6179
-10.6729	-7.6102	-3.1457	-1.2764	2.5734	1.3819	-3.4982	-2.7237	-9.4514	-11.4319
-9.6765	-6.0590	-3.1177	-2.4137	2.3829	2.4299	-4.8199	-3.5475	-9.0517	-10.7818
-9.2515	-7.1256	-2.8967	-1.5089	1.9359	2.6303	-3.7240	-3.3155	-5.2188	-11.8481
-15.3426	-10.3453	-3.9059	-2.6174	1.7758	1.7773	-1.8998	-3.4212	-9.1006	-14.7174
-12.5158	-6.4344	-2.4373	-2.7457	2.1711	2.2857	-2.8234	-4.4258	-11.7249	-12.0771
-9.6843	-6.6037	-3.1654	-2.5883	2.2848	2.3490	-3.4407	-3.3326	-11.5266	-15.3539
-11.4291	-6.5760	-2.5785	-4.1323	1.2894	2.2300	-2.4149	-2.4148	-7.5405	-12.6054
-10.4722	-8.0332	-4.7118	-3.6807	2.8556	2.6129	-2.7541	-5.6842	-11.9612	-12.4066
-7.3273	-5.9071	-2.8761	-3.5250	1.9280	1.2927	-2.8701	-2.2063	-6.7971	-10.0230
-11.8485	-7.1847	-2.8099	-2.8782	2.2002	1.9079	-1.9571	-5.1249	-8.0045	-8.6984
-12.6952	-8.6234	-4.3220	-3.9467	2.3269	2.4550	-4.0625	-4.9945	-9.0276	-15.7445
-8.2294	-7.3705	-4.7683	-1.6988	2.6824	2.2244	-4.4351	-2.7591	-7.1171	-8.3043
-13.4395	-10.0434	-3.0702	-2.4154	2.7009	2.2556	-2.6732	-2.0912	-7.9759	-9.4279
-9.2644	-6.7865	-3.3167	-4.0377	2.0863	2.5013	-2.1752	-4.1822	-6.7761	-15.4011
-10.0166	-6.7370	-4.2092	-4.7284	2.3195	2.4170	-2.4550	-3.3869	-7.7629	-14.0999
-12.7989	-6.1910	-2.9153	-5.2172	2.7987	1.9860	-2.2157	-2.0366	-7.2701	-9.7880
-14.0557	-6.7831	-3.4656	-3.5411	2.4580	2.5654	-2.2378	-3.9888	-7.2378	-9.6616
-10.0455	-5.0722	-2.6276	-3.7385	0.9825	1.4168	-3.4040	-3.0823	-7.6447	-9.0606
-9.8173	-7.1445	-2.2031	-3.1933	2.3036	2.0545	-1.8557	-1.9048	-5.9526	-9.3766
-14.1451	-8.4188	-5.7298	-2.2826	2.6034	2.2078	-2.1246	-5.0948	-13.8741	-12.3254
-9.7419	-10.0859	-2.8780	-4.7282	1.5632	2.4142	-3.0919	-2.8761	-6.6195	-9.5884
-10.8632	-11.4871	-3.1830	-2.3235	2.2171	2.6106	-2.8456	-3.4827	-7.7680	-12.0756
-9.7266	-9.0431	-2.9473	-0.8209	2.0868	2.1470	-3.7562	-4.7545	-7.7676	-9.4881
-7.0546	-6.4458	-3.1113	-4.7883	1.9661	2.2423	-3.8653	-3.2772	-6.7517	-9.3138
-14.0519	-6.3630	-3.6310	-2.1229	2.3603	2.0763	-4.2887	-3.2745	-5.4640	-9.2766
-8.6660	-6.1309	-2.2249	-1.3178	1.7892	1.6192	-3.2951	-4.3418	-6.1075	-7.3481
-9.6699	-8.8877	-2.3522	-3.6303	2.1000	2.1323	-4.1820	-3.8396	-5.7030	-11.1630
-9.5951	-7.6108	-3.1914	-3.1590	1.8915	2.2403	-2.3481	-3.3654	-6.0250	-9.6977
-13.0993	-9.4087	-6.1227	-3.1750	2.5098	1.7730	-3.1516	-3.4387	-6.9000	-12.0550
-10.0404	-7.6740	-3.2037	-3.5477	1.8870	2.0884	-1.7373	-3.0668	-6.6039	-9.4462
-10.2256	-6.7866	-3.9142	-4.0903	1.9900	2.2285	-2.4039	-3.9456	-6.1468	-8.0085
-13.6160	-6.5537	-2.7211	-3.3057	2.5342	2.3996	-2.6383	-1.8997	-7.8134	-9.3895
-8.8645	-6.9080	-3.7619	-2.5666	2.3048	3.0617	-3.9102	-3.6864	-6.8611	-10.3634
-8.8096	-7.7633	-5.0572	-2.1290	2.5684	2.5246	-2.9506	-4.1924	-9.2772	-14.2925
-8.3054	-9.6627	-3.6223	-2.4402	1.8214	2.1731	-3.4896	-4.3610	-5.1908	-8.0498
-9.2161	-10.7131	-2.4784	-2.0405	1.6367	2.0475	-3.0233	-4.6011	-6.8111	-11.1250
-12.0884	-8.4072	-3.5894	-3.4439	2.2971	2.5376	-1.9388	-3.1075	-8.5913	-11.3396
-8.8085	-8.7578	-3.2648	-2.4847	2.5877	2.8226	-4.1006	-4.2133	-11.3758	-10.3017
-8.2160	-8.5158	-4.3775	-4.3076	2.3105	2.5508	-1.7936	-3.3039	-6.4795	-10.4797
-11.8027	-7.4231	-4.3357	-2.8711	2.3154	2.3849	-3.6014	-3.0395	-9.1255	-11.7530
-10.6922	-8.2409	-3.4239	-2.6749	2.1797	2.2712	-1.0232	-5.2178	-10.1950	-12.0048
-11.8399	-8.1760	-3.2206	-2.8137	2.0290	2.3794	-4.5823	-3.6744	-6.0645	-11.6460
-10.9390	-9.0449	-3.2906	-3.0746	1.2632	1.9449	-4.0591	-3.8685	-7.2229	-10.6577
-10.4580	-7.5070	-3.8558	-4.9652	1.8991	2.2632	-3.8832	-3.5260	-8.6875	-15.4490
-11.6965	-9.4513	-4.3394	-4.4328	2.3041	2.7506	-1.4277	-3.8281	-9.6034	-17.6976
-9.9522	-9.9843	-3.2261	-2.7568	2.0109	1.4864	-2.9147	-2.8420	-8.0441	-8.8837
-12.5174	-7.6843	-3.0541	-2.0024	1.7107	1.6312	-4.4050	-4.4580	-7.7830	-11.1192
-15.8218	-7.3651	-3.1407	-3.6921	2.0456	1.7993	-4.2659	-3.4075	-6.8988	-9.9863
-11.6458	-8.1263	-2.7949	-3.2250	2.1536	2.2260	-4.9444	-5.4902	-9.3265	-10.5298
-14.5012	-5.1608	-2.6583	-3.0725	2.0412	2.7191	-3.2624	-3.3503	-7.2756	-10.7399
-10.5011	-8.0674	-4.5036	-4.3409	1.5900	1.8821	-1.5894	-2.3935	-6.1498	-10.1433
-11.6476	-8.1367	-4.5987	-3.1986	1.8888	1.5152	-2.6674	-2.8832	-5.7702	-7.2756
-8.3420	-6.0641	-3.6097	-2.3527	2.8505	1.9944	-3.6026	-4.4475	-5.5330	-8.6550
-8.1883	-7.0945	-3.5730	-4.4832	1.8385	1.6046	-2.4807	-3.4755	-7.6540	-8.6744
-14.0972	-9.8748	-4.0924	-2.0326	2.2710	2.7846	-2.3964	-5.6836	-7.6158	-10.5069
-9.3035	-6.0524	-3.3494	-3.8495	2.5804	2.1350	-3.7638	-4.0653	-7.4228	-8.0197
-9.0139	-8.8249	-4.4257	-2.9267	1.8505	1.7855	-4.0453	-4.3461	-6.8483	-14.1443
-10.3505	-6.6337	-2.8638	-3.5646	2.2064	2.5027	-4.2037	-5.4651	-8.8174	-8.4220
-13.0889	-9.4300	-3.7456	-3.4978	1.9422	1.5790	-3.3709	-2.2269	-7.8818	-10.9739
-12.2359	-9.0385	-3.2949	-2.0457	2.0072	1.9366	-3.8876	-4.4002	-8.6265	-9.7185
-12.5404	-7.0424	-3.6207	-3.9045	2.0397	2.0670	-2.6871	-4.0299	-10.0540	-10.0893
-12.6684	-7.0808	-3.2106	-3.5938	2.5455	2.5802	-0.8637	-4.0375	-7.4438	-10.2096
-11.9869	-8.0393	-4.0503	-3.1950	2.2476	2.6509	-3.2564	-3.9096	-8.3318	-7.3633
-18.1739	-9.1217	-3.0899	-3.9720	1.9616	2.2966	-2.3616	-2.5789	-9.2068	-12.3113
-14.0989	-7.7179	-2.8938	-3.6032	1.0585	2.3214	-3.3419	-3.7086	-7.0361	-9.5587
-11.3816	-8.4591	-4.3901	-4.0721	2.7082	2.0463	-3.4283	-2.1181	-4.9088	-11.5374
-9.0681	-8.5756	-4.1109	-2.5039	1.8865	2.0672	-3.3520	-3.0981	-7.4826	-9.7880
-9.5412	-9.1217	-4.3469	-3.4705	2.5738	2.0601	-2.2792	-4.5406	-7.1776	-8.6925
-12.4789	-9.1006	-3.4922	-2.7212	2.2150	1.8091	-2.9228	-2.7279	-7.0440	-12.4538
-8.0663	-6.4191	-3.0676	-5.2824	2.2335	2.3814	-3.0455	-2.8238	-8.0373	-10.1893
-10.3514	-8.6691	-4.1976	-3.6730	1.4261	1.6543	-2.3427	-3.1112	-7.3719	-10.9518
-10.7023	-8.0489	-3.1181	-3.2538	2.2429	2.6830	-2.9991	-3.1918	-6.0316	-10.3674
-12.6194	-7.2384	-3.7126	-2.8570	2.1778	2.1379	-4.1357	-4.9015	-6.6737	-12.2255
-11.1131	-7.1056	-2.4642	-3.9540	1.9483	2.0849	-4.1899	-2.7129	-5.1273	-9.0645
-11.2645	-7.0088	-2.5279	-2.8361	1.4510	1.8289	-3.7775	-2.9338	-6.4332	-9.6895
-11.6013	-10.6061	-4.1649	-2.3455	2.1861	2.1056	-4.0184	-5.3535	-8.7624	-10.7004
-7.8971	-6.9610	-3.0275	-3.7198	2.6738	2.7534	-2.6077	-4.2521	-13.1534	-14.8881
-12.2307	-7.1036	-2.6529	-2.1777	2.4341	2.0426	-3.5498	-3.1846	-6.2775	-11.3088
-9.3593	-4.8742	-1.9850	-3.5816	2.1005	2.3771	-2.1097	-2.8280	-7.3264	-13.8358
-7.7297	-4.9743	-3.4331	-5.0610	1.6893	2.1654	-1.7190	-3.1208	-7.1086	-9.8013
-15.2385	-8.1529	-2.7903	-1.3007	2.8290	2.5798	-4.4322	-4.4857	-7.5591	-10.5281
-14.3688	-6.5354	-3.2459	-2.8088	1.4379	2.0891	-2.7064	-3.5789	-6.2977	-14.5601
-15.4228	-11.2580	-4.0661	-2.3457	2.2691	2.3442	-3.9902	-4.9964	-8.0016	-11.6478
-12.2217	-7.8096	-4.2539	-5.1518	1.7411	2.3465	-2.3794	-3.9736	-7.7809	-9.7387
-12.1324	-5.4572	-3.0580	-2.0385	2.7498	2.0902	-2.1979	-3.2742	-9.4374	-13.7047
-11.7720	-6.7686	-3.6802	-2.1041	2.2065	2.6406	-3.5399	-5.0655	-8.5045	-14.2347
-20.3738	-7.9853	-4.4628	-1.3408	2.3358	2.2275	-2.2549	-3.8185	-8.0532	-13.1366
-11.3557	-7.1219	-3.7346	-3.1652	1.9360	2.6836	-3.9945	-4.7886	-7.4981	-9.2140
-10.6053	-8.0475	-2.2087	-1.9827	2.0412	1.9250	-3.4300	-4.6683	-8.2426	-9.9907
-14.4932	-7.1669	-2.8166	-2.2333	1.5736	2.4563	-3.2556	-4.0268	-12.3941	-11.9673
-10.4865	-6.3954	-3.7213	-3.7211	2.5049	2.1710	-3.3306	-2.9240	-6.8403	-10.8066
-12.2446	-7.4255	-1.9825	-1.4112	2.6640	2.7168	-4.9532	-2.4898	-5.2854	-17.6501
-11.2931	-5.2324	-3.4188	-1.9059	3.0155	2.8271	-1.6176	-5.4210	-7.5769	-10.0948
-14.7451	-7.1353	-3.0244	-4.6297	2.3433	2.1158	-2.5698	-2.4932	-5.3032	-10.5097
-11.8398	-6.2662	-3.6393	-5.4597	2.6218	1.8634	-3.0910	-2.2003	-5.6308	-10.1762
