-7.0307	-2.4580	0.0194	-2.3757	-4.2695	-2.9034	-2.5958	-1.8364	-3.9462	-3.4704	-0.8654	-4.6845
-5.7021	-2.8171	-0.0329	-2.0560	-4.5212	-3.2144	-3.1046	-5.5240	-3.3067	-1.5088	-2.0146	-9.8782
-5.4625	-3.0659	-1.2972	-1.3219	-1.8958	-2.3557	-2.1067	-2.6783	-4.0212	-2.0785	-1.9141	-3.8393
-10.1505	-2.1762	-1.1044	-4.2051	-1.5572	-1.1878	-2.4707	-2.5365	-4.5243	-1.1721	-1.7680	-6.6201
-3.6793	-1.6149	-2.9837	-1.5491	-2.7048	-1.8167	-2.0601	-5.6768	-2.4668	0.1304	-1.2166	-8.2215
-6.6677	-2.7616	-0.0060	-2.2834	-5.6628	-5.1461	-1.6119	-2.0236	-5.3192	-1.6053	-0.6880	-6.2665
-9.9792	-2.6649	0.3576	-0.8646	-4.2698	-5.0900	-5.9105	-3.3551	-1.0701	0.4307	-2.1565	-10.1631
-6.2012	-1.4440	-1.6813	-4.2833	-4.1565	-3.7070	-2.6687	-2.8305	-4.4206	-3.5545	-0.9572	-4.3018
-7.0653	-1.4367	-1.4149	-3.9447	-2.9680	-2.5473	-3.4760	-3.7607	-1.6054	-1.5016	-2.6737	-4.5078
-6.1207	-3.4269	-0.9998	-1.8184	-3.0711	-3.3765	-3.1296	-2.5560	-3.7684	-2.7218	-2.8846	-4.6441
-6.5672	-2.0116	-2.0148	-3.0586	-1.4660	-1.9740	-6.1466	-5.8261	-2.0797	-0.1439	-2.5107	-6.4740
-5.7632	-2.2186	-0.3079	-3.4200	-4.3981	-4.7495	-3.5259	-0.8241	-4.2306	-2.3968	-1.0211	-4.3992
-6.8584	-0.5942	-1.1335	-4.3788	-3.7830	-3.3717	-1.8549	-1.0735	-2.8965	-1.2108	-3.3480	-4.6311
-6.4269	-1.8106	-1.0397	-3.4422	-2.1736	-2.1287	-5.4691	-5.0720	-2.5350	0.5003	-2.4864	-9.4919
-5.2051	-1.9533	-2.1920	-2.3492	-1.8041	-2.9677	-4.8051	-4.2096	-1.7500	-0.5189	-3.3201	-9.7670
-7.1864	-0.1628	-0.1321	-4.9247	-2.5045	-1.1164	-4.0224	-8.1124	-2.9735	0.2923	-1.0775	-13.2012
-5.5990	-1.7430	-2.0668	-1.4941	-1.8730	-4.8978	-4.9605	-2.9904	-3.2531	-2.2418	-1.3558	-6.4276
-9.0030	-2.0931	-0.3078	-2.4870	-3.2672	-2.6882	-2.8192	-2.9937	-3.7894	-2.8119	-2.5731	-3.7086
-6.5916	-2.9301	-0.7402	-1.9342	-2.9925	-2.6776	-1.0278	-4.1590	-4.5185	-0.4349	-1.8046	-7.4933
-6.9510	-2.6296	-0.8974	-3.3415	-5.6515	-2.8846	-1.1130	-3.7680	-5.8880	-1.0377	-0.2556	-7.1875
-6.9894	-3.0142	-0.7751	-2.0485	-4.3304	-3.9440	-6.1631	-2.6844	-1.8258	-2.1643	-2.5834	-5.3713
-5.5343	-3.1472	-0.8562	-2.2109	-4.6620	-4.4305	-3.3082	-2.7790	-1.9029	-2.1919	-1.2301	-5.2594
-5.7707	0.0571	-0.6956	-1.7632	-2.1535	-3.1588	-3.2976	-6.1741	-3.9349	0.2579	-0.5619	-10.5416
-7.8870	-1.4762	0.8188	-3.0541	-4.1541	-2.0641	-2.9736	-4.2347	-3.0310	-0.6783	-1.3021	-9.2980
-6.7063	-1.3538	-2.8677	-1.7267	-2.3987	-3.2596	-4.4966	-5.4474	-1.5064	0.8512	-1.6647	-7.9095
-4.7247	-0.7685	-3.9400	-3.8155	-1.5161	-1.9159	-3.4650	-3.7683	-3.5047	-0.2519	-1.3525	-7.8326
-6.1625	-3.7099	-0.6718	-1.3246	-1.4001	-3.2785	-2.1657	-2.0371	-2.8443	-1.6377	-2.5022	-10.3425
-6.1947	-0.9974	-0.6607	-4.6163	-5.7945	-2.7738	-3.2571	-2.6337	-2.2132	-1.3864	-2.6007	-6.4612
-9.7301	-1.1796	-0.9113	-5.6132	-4.1147	-2.4170	-2.3823	-4.2115	-3.2317	0.0825	-2.4844	-9.7795
-7.0141	-2.7313	-0.6456	-0.5473	-3.9370	-7.5920	-2.5079	-2.6680	-0.5992	-0.9173	-2.8997	-7.2902
-5.2998	-1.1126	-0.5459	-5.8892	-3.6622	-2.4436	-3.0763	-4.9014	-4.6907	-1.9628	0.0784	-6.2041
-4.5010	-1.9857	-3.3363	-3.1497	-1.5967	-2.2548	-3.2610	-2.0061	-1.5701	-1.3204	-1.3550	-4.1910
-6.8212	-3.2354	-1.5547	-1.9521	-1.9260	-2.1369	-4.0173	-3.4225	-0.9567	-2.7908	-2.3921	-5.3816
-4.7768	-2.0928	-2.0942	-3.6866	-2.9972	-1.5220	-3.3311	-8.4906	-3.2826	0.2384	-1.3322	-7.2471
-6.7431	-1.6688	-0.9912	-1.7253	-3.6978	-5.1083	-8.3104	-3.6350	-0.3028	0.2342	-2.6793	-8.4480
-6.9453	-1.2149	-1.0846	-3.7166	-3.2526	-4.4382	-3.7248	-2.4285	-1.1682	-2.6108	-3.1977	-4.3083
-9.4045	-2.0093	-1.2443	-2.4578	-4.5833	-2.7911	-3.2936	-4.6312	-2.8096	-1.8609	-2.2402	-5.9471
-7.6725	-2.0393	-0.2715	-0.7821	-2.9504	-5.4040	-4.3677	-4.0763	-0.5125	-1.0638	-3.1918	-10.1220
-5.4458	-0.7787	-2.8736	-4.1129	-3.6582	-2.9026	-2.1956	-1.6865	-2.0709	-2.3187	-2.3387	-7.1735
-8.2134	-2.7819	-1.0305	-2.2786	-3.1277	-1.9433	-3.5642	-1.7964	-2.6547	-2.2739	-2.7650	-4.2658
-4.7757	-2.0653	-1.3390	-4.9837	-1.9914	-0.5866	-4.7460	-9.0580	-3.8399	-1.2369	-0.7793	-4.9381
-10.9527	-1.6878	-0.1855	-1.5318	-3.3736	-1.8701	-3.2294	-4.8482	-2.9016	-0.5702	-0.7503	-6.6565
-4.1107	-1.4413	-2.3287	-3.4827	-2.1746	-3.1016	-5.6668	-3.7716	-1.3410	-1.0858	-1.5073	-5.9277
-5.8573	-3.3732	-0.8167	-2.4083	-2.5835	-2.8253	-2.5081	-3.4386	-1.5698	-1.4507	-3.4326	-6.4931
-5.9022	-1.6756	-1.9096	-4.0087	-4.5891	-3.5500	-1.5450	-3.0666	-3.6491	-0.5323	-1.2359	-7.5880
-8.2028	-1.9878	-0.1021	-2.8139	-4.4342	-2.0221	-2.4756	-7.9705	-3.9491	-0.5747	-0.8939	-10.6414
-7.9675	-0.8431	-0.3826	-5.1423	-1.5524	-1.6554	-2.9417	-1.0396	-3.1515	-1.8093	-2.6633	-5.5274
-7.8012	-1.2854	0.1173	-2.4515	-7.4012	-4.4213	-3.2131	-2.9406	-3.3589	-0.5544	-2.0579	-9.5203
-6.4679	-3.7019	-1.5843	-2.6172	-2.6921	-2.4956	-2.1805	-2.2011	-4.1429	-1.0618	-0.5331	-7.6885
-8.8016	-1.8605	-0.7266	-2.5277	-2.1228	-4.2364	-5.0040	-4.8053	-3.3437	-0.2456	-1.8738	-9.4788
-6.9847	-1.9122	-1.2388	-2.5881	-1.5953	-4.3154	-5.6538	-3.2606	-2.8979	-1.3439	-0.8092	-9.5855
-7.0701	-3.7325	-2.1821	-3.9694	-2.7583	-2.3531	-3.0742	-2.9298	-4.6913	-3.0044	-2.0016	-5.9037
-7.2315	-2.6165	-2.3054	-4.3213	-2.5003	-2.4953	-3.9314	-2.2281	-2.3562	-2.2736	-2.1124	-7.3224
-7.7206	-0.8832	-1.1539	-2.1711	-2.6239	-3.6281	-4.0774	-4.6408	-2.5347	-0.3790	-3.7809	-4.5881
-4.9658	-1.8591	-1.5783	-3.2867	-3.4723	-2.4668	-1.5203	-2.7557	-4.0597	-0.9045	-2.0082	-10.7822
-10.5310	-2.8207	0.7924	-2.0512	-5.2578	-4.2036	-1.8542	-3.9121	-4.6850	-1.2355	-1.6411	-6.1014
-6.4814	-2.7374	-0.0128	-1.3484	-5.3972	-5.0162	-2.7299	-2.2365	-1.5310	-0.8916	-2.3030	-8.7473
-4.7690	-1.8365	-2.4659	-2.3681	-2.2688	-2.9255	-1.6608	-2.0937	-4.4367	-1.8578	-0.1270	-5.4140
-8.6091	-1.9842	-0.1843	-3.5940	-6.2046	-2.1522	-2.5464	-5.7325	-4.2372	-0.1905	-1.7316	-7.3491
-5.6717	-2.8069	-1.7409	-2.6470	-4.1212	-1.6395	-1.7902	-4.2501	-3.7616	-2.0281	-1.0793	-5.5181
-6.4599	-2.0204	-0.8901	-1.7897	-5.7594	-3.8465	-3.1858	-2.4989	-1.2052	-0.9290	-5.5753	-8.2550
-7.6231	-0.3643	-0.1118	-3.6443	-2.8425	-1.7939	-2.7273	-2.3709	-2.0723	-3.0470	-1.2723	-4.5224
-5.5282	-1.7792	-2.2131	-2.5818	-2.8918	-4.7538	-2.2991	-3.5507	-3.4530	-0.6845	-1.8139	-5.0115
-12.6028	-1.8917	-0.2136	-2.4112	-6.0483	-3.6241	-2.8452	-1.1642	-1.0010	-1.1322	-3.6418	-3.8530
-6.5998	-2.1136	-1.8060	-3.0657	-1.5322	-3.4248	-2.0885	-1.3184	-3.6473	-1.6288	-2.2247	-4.6053
-5.3986	-1.7880	-2.1108	-2.2325	-0.7310	-4.0685	-4.0589	-2.9322	-4.7349	0.1821	-0.9242	-8.5302
-5.6328	-2.4192	-1.4668	-3.3078	-2.9906	-0.7267	-1.1863	-4.3207	-4.5729	-1.3196	-1.5199	-7.5461
-4.9089	-3.5056	-2.5874	-2.6192	-1.6197	-3.4023	-5.0925	-6.0156	-1.7189	0.3613	-1.5946	-6.9485
-4.9767	-1.7499	-1.3494	-2.6126	-3.4688	-2.7442	-2.6105	-6.3891	-4.8352	-0.8497	-2.4892	-6.1396
-10.3445	-1.4203	-0.8017	-2.8477	-1.4730	-1.7681	-4.8346	-8.3875	-2.4244	0.3765	-1.3515	-9.5546
-11.4738	-2.0875	0.6109	-1.3447	-7.3062	-5.1008	-3.9778	-3.0860	-1.5136	-1.6937	-2.5718	-6.6954
-6.3459	-2.5948	-0.4139	-2.6715	-4.4650	-3.1675	-1.9463	-1.8617	-4.5067	-2.4641	-1.4784	-7.9082
-13.1047	-1.2654	0.2169	-2.1298	-7.8467	-3.8425	-0.2539	-2.0590	-4.7690	-2.4602	-1.2907	-5.0725
-7.3812	-1.4258	-0.9643	-1.8384	-2.8200	-1.9145	-2.5497	-4.0674	-3.8175	-2.8175	-1.2599	-5.8982
-10.6430	-2.9596	0.6007	-2.2002	-3.9514	-4.2642	-1.1039	-2.7972	-3.3840	-0.2488	-0.8364	-8.1601
-6.4942	-0.4372	-1.3896	-3.6336	-2.5686	-2.2675	-2.6034	-2.9605	-1.5980	-1.9160	-2.1637	-5.9931
-5.6461	-2.3734	-1.1157	-3.8740	-4.2196	-1.2728	-1.7061	-5.5020	-2.5226	-0.7942	-2.0425	-10.9416
-6.6197	-1.5847	-1.1337	-3.4203	-5.1317	-3.1698	-1.7714	-2.3277	-3.8458	-1.2200	-2.2239	-5.5682
-2.6680	-2.9999	-2.2989	-3.3314	-2.2276	-2.9498	-3.3566	-4.2494	-2.9451	-0.1809	-2.6286	-12.6445
-9.7770	-1.7245	-0.8374	-5.1296	-5.0155	-3.6875	-3.0124	-1.5199	-2.3991	-1.5854	-0.7710	-6.3724
-7.9897	-1.0229	-0.6759	-3.8707	-3.5323	-3.1405	-1.1808	-1.7625	-7.2904	-1.2060	-1.0014	-10.2456
-10.0953	-2.7127	-0.7999	-3.1906	-3.2378	-3.6375	-2.4071	-1.9599	-3.8877	-1.6075	-1.1675	-5.8188
-6.6139	-2.5847	-2.7547	-3.3190	-2.1323	-1.3095	-3.3181	-3.4629	-2.2236	-0.9782	-1.6576	-6.8120
-3.6940	-3.1775	-3.2235	-2.6286	-2.0662	-2.4098	-1.8559	-2.5315	-3.5191	-1.1848	-1.0395	-9.0235
-8.7319	-3.1473	-1.8107	-2.6553	-2.9211	-2.6361	-3.6182	-2.0621	-2.0028	-1.5463	-2.3289	-4.4064
-6.1394	-1.5386	-0.7230	-2.6750	-3.9872	-4.9125	-4.4080	-2.1398	-2.1721	-0.7597	-1.6031	-6.9038
-4.7686	-2.0033	-1.0114	-1.2263	-2.2842	-6.0805	-2.8347	-1.6780	-7.2107	-2.8766	-0.5397	-4.7859
-4.8894	-2.7841	-0.7965	-3.8177	-2.9439	-2.5864	-2.3563	-1.2449	-3.1817	-2.3292	-3.1256	-4.8555
-7.2647	-1.0631	-1.9557	-2.7496	-4.1311	-1.7186	-1.5979	-3.2125	-6.1440	-1.6443	-0.3458	-6.4955
-4.9560	-1.4053	-0.8132	-3.1902	-3.7728	-2.9583	-1.6381	-4.0463	-3.6698	-1.1584	-1.5358	-5.2206
-2.9909	0.2910	-3.9695	-7.5194	-2.4610	-1.5379	-2.9665	-3.9157	-2.2319	-0.9861	-0.6616	-8.6664
-8.7469	-0.0104	-1.0224	-6.1812	-5.6602	-2.9487	-0.8978	-2.1849	-5.6700	-2.9983	0.1566	-5.2757
-6.6601	-3.1254	0.6126	-1.2557	-3.6232	-4.1757	-5.4436	-2.7937	-1.9341	-0.7268	-3.6056	-5.3449
-6.8285	-2.5996	-1.2937	-2.3719	-5.2903	-1.8911	-2.1128	-2.7730	-3.1901	-2.4695	-0.7003	-9.8177
-8.1956	-2.2255	-1.4188	-1.9084	-3.7209	-5.4973	-3.6360	-3.0584	-2.8142	-0.5611	-1.5427	-7.8023
-5.1480	-2.4161	-0.7417	-2.7121	-3.1934	-3.0866	-2.1944	-1.2338	-2.1590	-2.0711	-2.3562	-5.3187
-3.9977	-1.4725	-1.7636	-1.8616	-3.4574	-2.9628	-3.3919	-3.6602	-1.5333	-0.8879	-1.8805	-9.1976
-6.8495	-0.9303	-2.2243	-2.9574	-2.2397	-1.8598	-2.5534	-6.4246	-3.3249	-0.3574	-1.4422	-9.0482
-7.4192	-2.0812	0.1709	-2.2893	-5.7682	-3.9022	-1.7045	-5.1842	-2.2207	0.7353	-2.3252	-9.4663
-7.2515	-0.4333	-0.3374	-2.8216	-3.9270	-3.2641	-1.4745	-4.0049	-5.8439	-1.3956	-1.8413	-6.2410
-8.5118	-1.9602	-0.1639	-5.1819	-4.1770	-2.2684	-1.8478	-2.8054	-4.3077	-1.9341	-1.9815	-6.1097
-7.0795	-3.2189	-0.2739	-1.5801	-4.6517	-5.2119	-3.4165	-2.0937	-2.8660	-1.9273	-1.4280	-6.7758
-4.6434	-0.9289	-2.0452	-3.4815	-2.5771	-3.0084	-3.2165	-4.3491	-3.2302	-0.6954	-1.8425	-7.9524
-6.0529	-2.0117	-3.5246	-1.1587	-1.2174	-4.0116	-7.2913	-4.9221	-2.1060	0.7435	-1.9927	-7.2535
-6.3015	-2.3086	-0.9924	-1.3865	-3.2708	-3.8762	-2.8932	-2.4223	-4.0823	-3.3147	-1.5106	-6.1733
-5.0531	-1.5570	-1.8247	-1.2848	-2.7765	-7.7078	-3.5848	-1.1144	-1.2908	-2.6271	-1.8815	-4.3369
-6.5550	-1.2743	-1.4943	-2.1593	-3.2077	-5.4936	-1.4890	-2.3682	-4.9134	-2.3805	-1.1843	-5.2207
-8.1976	-1.3570	-1.9641	-2.5465	-0.5512	-3.7374	-4.6894	-1.3153	-3.4421	-1.5332	-0.3442	-7.8041
-5.4255	-2.5438	-1.5367	-3.3236	-1.0481	-3.2102	-7.9990	-2.9052	-1.7711	-1.0119	-3.1072	-5.8645
-6.2252	-1.6202	-2.3144	-2.0365	-1.4645	-2.9704	-4.6857	-4.1555	-2.2229	-1.0428	-0.6438	-6.5200
-4.8884	-3.2991	-0.9959	-2.2280	-4.2664	-3.6821	-2.6924	-1.3357	-4.2999	-2.2005	-1.2647	-8.8699
-4.6589	-1.3262	-2.4729	-3.9435	-4.8137	-1.8331	-2.4418	-3.2342	-4.4288	-6.1266	-1.0114	-4.0930
-6.1893	-1.9771	-1.1586	-1.9687	-3.7828	-5.4128	-3.2898	-3.1471	-3.2434	-1.1712	-2.4094	-5.1194
-7.4686	-1.9007	-1.1797	-1.8007	-1.8961	-2.9857	-2.3972	-2.1003	-3.6010	-1.5594	-2.2502	-5.5907
-5.3788	-2.9161	-1.7950	-0.9382	-1.8373	-4.1352	-4.0437	-3.5921	-6.4636	-1.3291	-0.8421	-8.7560
-7.1793	-1.5039	-0.8924	-4.2761	-2.2996	-1.8512	-2.8353	-5.3541	-3.5988	-0.7479	-2.4643	-8.4207
-8.1996	-0.5352	-1.0824	-3.3211	-4.0899	-4.5734	-4.4508	-2.7950	-2.5253	-1.1030	-2.7460	-5.8372
-7.3857	-1.2869	-2.8358	-4.9427	-2.8369	-2.6939	-1.5518	-3.6166	-2.8380	-0.9763	-1.2540	-4.0867
-5.5664	-2.5544	-2.3221	-3.0052	-3.1110	-2.4419	-3.3154	-4.9857	-3.8343	-0.8058	-1.4895	-12.4016
-11.2611	-0.3719	-0.8102	-6.1543	-2.6562	-3.1824	-3.4362	-2.9708	-3.7139	-2.3590	-1.0912	-7.1319
-6.4929	-2.0391	0.1326	-3.4670	-5.8093	-2.8469	-1.2645	-3.7199	-4.3214	-1.1818	0.1392	-6.9188
-6.6114	-3.8406	-0.3739	-3.4325	-5.0001	-3.4529	-3.5950	-5.4002	-2.9111	-1.1699	-2.6269	-4.1380
-11.8286	-2.8446	-1.4520	-3.6142	-3.9731	-3.1007	-2.7043	-5.1370	-5.2996	0.4064	-1.4867	-8.3596
-6.6664	-2.6897	0.0663	-2.5516	-4.4270	-2.6034	-2.4170	-3.4033	-2.8354	0.3256	-1.3444	-9.6377
-4.7557	-1.3710	-1.0788	-4.2670	-4.2549	-2.3328	-4.6538	-3.9705	-3.1095	-0.7822	-1.8346	-8.1260
-7.6404	-0.8512	-1.6450	-1.9620	-1.8106	-3.2513	-1.8923	-4.3564	-4.3552	-1.1393	-1.1487	-5.3213
-7.9327	-1.1001	-2.6485	-1.9640	-2.4959	-6.6341	-2.2450	-1.5206	-3.6677	-0.4342	-1.7933	-8.5241
-8.7701	-1.9862	-0.4542	-1.5080	-2.1590	-5.6710	-6.2718	-2.6997	-1.1483	-0.5805	-3.3348	-7.0145
-6.1134	-0.9166	-0.3800	-2.8653	-5.4034	-2.5695	-2.1641	-2.7531	-2.2415	-4.6146	-2.4737	-3.6218
-9.4688	-1.3659	-0.6769	-3.7046	-5.4178	-4.0775	-2.4175	-2.3823	-2.5281	-1.6471	-2.5138	-5.7800
-8.5466	-1.8795	-1.5682	-4.1347	-3.2960	-2.3615	-4.3012	-3.7141	-2.4485	-0.2429	-1.3093	-10.6824
-5.1864	-2.3370	-0.8668	-3.0368	-3.0405	-2.7337	-4.2678	-2.6589	-2.2425	0.0060	-2.9987	-8.9866
-7.3628	-1.7034	-0.0115	-2.0702	-1.9802	-1.1829	-2.7468	-3.4622	-3.1737	-1.6966	-2.3537	-6.9340
-5.0060	-1.2228	-3.3333	-4.2891	-1.5724	-3.6659	-5.7119	-2.0680	-2.8165	-0.5334	-1.9652	-6.1669
-10.0773	-2.1463	-0.8553	-3.9330	-2.6434	-2.8790	-4.0703	-5.4053	-3.8134	-0.8839	-2.1407	-6.9082
-4.8730	0.1244	-2.1062	-4.3409	-3.3929	-2.7224	-3.7781	-3.7598	-2.4466	-0.2669	-2.1554	-8.4005
-7.3108	-1.8365	-0.1870	-1.8899	-1.4184	-3.3727	-6.1764	-3.5117	-1.6286	-1.7096	-2.9245	-8.5659
-9.4314	-2.1661	-0.8656	-2.3603	-3.1620	-2.2913	-4.4121	-2.1335	-2.1099	-2.1600	-0.9473	-3.8912
-4.2788	-2.7100	-2.1197	-1.7383	-3.1496	-2.5937	-2.8215	-4.6258	-2.0913	-0.7573	-2.4512	-6.7874
-8.2107	-2.8889	-1.4601	-2.2123	-2.5938	-5.4443	-4.5538	-2.7443	-1.7917	-2.9024	-1.8077	-3.9637
-6.2823	-1.0993	-1.3195	-3.5044	-3.9363	-3.3666	-3.0873	-5.1850	-3.3590	-0.1378	-2.2059	-6.0435
-5.3633	-1.6847	-3.5974	-6.0938	-1.8339	-1.6142	-3.7227	-3.4520	-1.7952	-0.8840	-2.2533	-8.2767
-6.4583	-2.4626	-1.9464	-1.5176	-1.2167	-3.4397	-6.8015	-1.5964	-1.3871	-1.7720	-3.5347	-6.2686
-5.9302	-0.6144	-0.6445	-4.2749	-5.1155	-2.3975	-3.2467	-4.2697	-3.6158	-1.1752	-2.0703	-6.1987
-7.4128	-0.6676	-2.2944	-2.3234	-3.1952	-4.6653	-0.2442	-3.7287	-4.3583	-0.2646	-1.2303	-5.4415
-7.5911	-1.0409	-1.0888	-2.8799	-5.5770	-1.7874	-1.9431	-4.1632	-2.5916	-0.7743	-2.0367	-5.0065
-6.6965	-2.8530	-1.4714	-2.1221	-3.4609	-5.8061	-4.1892	-0.8340	0.0518	-0.4209	-4.3320	-4.2286
-7.1369	-0.9281	-1.8521	-3.8982	-2.7397	-5.8070	-2.7228	-1.4309	-4.6746	-2.1166	-0.8378	-4.1361
-6.0289	-0.7671	-3.0668	-5.3532	-4.1333	-0.8875	-1.2368	-5.7761	-2.7717	-0.6679	-3.4808	-5.1459
-8.1292	-3.3951	-0.1123	-1.8591	-4.4142	-4.7081	-2.9888	-2.1182	-2.8747	-1.1258	-2.5258	-5.6618
-8.3025	-1.8479	-1.2433	-3.1342	-4.0995	-1.3501	-3.1896	-4.4509	-3.1183	-0.3271	-0.8982	-8.7467
-7.7153	-2.6799	-1.9361	-1.9965	-2.2434	-3.0663	-2.7018	-2.6107	-3.9181	-2.0708	-0.5996	-6.2158
-5.7879	-1.0763	-1.4888	-3.5347	-4.8492	-4.1429	-2.2310	-3.5366	-2.7363	-0.7603	-3.1571	-8.9323
-6.1957	-5.3319	-1.7651	-2.3887	-3.5231	-2.9458	-3.4126	-3.7912	-1.8737	-0.3260	-2.8064	-5.6245
-7.6393	-0.0511	-0.9955	-4.8012	-1.9163	-1.9238	-3.8280	-3.6848	-1.4627	-1.0593	-2.2221	-6.8126
-9.6920	-2.9287	-0.4397	-3.9120	-4.5559	-3.2704	-2.9037	-1.9166	-3.1282	-2.7881	-1.4816	-4.1116
-7.1765	-1.8605	-1.6356	-3.1549	-2.3788	-2.2019	-3.1599	-2.8058	-1.5461	-2.2980	-3.4477	-4.7607
-5.3223	-0.7418	-2.0693	-3.2956	-4.0558	-4.8173	-1.2809	-1.3608	-2.4327	-1.5566	-0.8796	-6.5679
-8.2518	-1.4518	-0.8237	-2.9069	-3.0439	-3.2379	-2.1560	-2.3879	-5.0208	-2.6667	-1.3181	-5.4547
-7.0888	-1.8410	-0.5024	-4.5671	-4.0417	-2.7598	-3.9673	-2.9212	-2.6533	-1.5140	-1.6828	-8.1261
-6.9020	-1.9559	-0.0599	-3.6938	-4.8301	-2.9059	-1.5912	-2.5027	-3.7874	0.0112	-1.8482	-8.4336
-7.7574	-1.0140	-0.0015	-3.4703	-5.6906	-4.1859	-2.2704	-3.8289	-2.7406	-0.6024	-2.0264	-7.8275
-7.1423	-0.9160	-2.3425	-6.1592	-3.1506	-2.3694	-1.8269	-2.6838	-2.3457	-0.9989	-1.6282	-5.9111
-8.6985	-3.2399	-0.4607	-1.5798	-3.7644	-3.5028	-3.5182	-3.6124	-2.7902	-0.7960	-2.3107	-6.1458
-6.3023	-1.0207	-0.3071	-3.0329	-5.8781	-4.1297	-1.3367	-3.0442	-2.3760	0.3981	-2.2696	-9.1322
-6.1388	-1.6663	-1.3292	-2.7486	-3.2578	-1.4268	-2.5350	-4.3561	-3.6021	-0.4446	-1.2851	-6.8739
-10.0307	-1.8483	-1.9100	-3.7875	-4.4629	-2.2843	-1.7731	-1.8179	-1.8643	-1.3977	-1.8537	-5.8873
-5.4556	-1.8986	-1.7937	-2.2924	-4.0945	-4.9076	-2.9953	-2.2890	-1.6788	-0.2328	-2.8613	-6.5655
-6.4767	-0.0269	-1.1871	-6.0838	-2.9515	-3.0170	-5.1043	-4.8757	-2.2839	-0.2844	-2.8483	-9.2593
-9.0285	-2.5105	-0.1593	-0.8739	-3.0914	-3.6763	-3.5741	-2.5677	-2.6975	-2.5632	-2.2223	-7.2658
-6.8056	-2.7777	-1.0767	-0.1802	-2.2973	-3.1451	-4.5676	-4.1176	-2.8331	0.1594	-0.3674	-9.1965
-4.6003	-1.9402	-1.9227	-2.1425	-3.8942	-3.8939	-1.4831	-2.6286	-3.0697	-1.3215	-1.0429	-5.6489
-9.6269	-1.7723	-1.9774	-4.1583	-3.5597	-2.2445	-1.6083	-3.1501	-3.2309	-1.4344	-1.7317	-6.8338
-8.4626	-1.9729	-0.2343	-1.7454	-2.4730	-4.4572	-3.2694	-1.0547	-1.4176	-1.6602	-0.8470	-4.8133
-8.9831	-1.2172	-0.7078	-2.0088	-2.6787	-4.4659	-3.8172	-3.2287	-1.3206	-2.4438	-1.4885	-5.1275
-6.0923	-0.4953	-1.3857	-3.7802	-2.2170	-2.9252	-2.7548	-1.5367	-2.2807	-2.5999	-1.2580	-7.0796
-8.1670	-2.3404	0.2574	-4.4976	-5.9738	-1.9225	-1.9844	-2.0489	-3.8454	-4.7004	-1.9121	-5.0579
-8.9631	-1.4864	-0.1864	-3.2746	-3.4843	-1.7913	-4.2884	-4.5129	-2.2420	-0.1019	-1.2580	-6.4144
-5.3984	-2.4594	-2.1436	-4.2583	-1.5168	-3.0397	-2.9726	-2.0095	-2.3032	-3.7889	-0.9526	-4.0194
-5.7613	-2.4351	-0.5064	-2.3490	-2.5158	-2.4664	-2.9699	-1.1878	-2.6709	-4.1147	-1.5342	-5.0215
-7.4043	-1.2890	-1.2401	-2.6880	-3.2048	-5.0671	-2.2710	-2.3848	-3.9090	-1.7330	-1.1156	-4.6248
-9.3784	-0.8689	-0.8988	-4.9126	-2.9419	-1.5596	-2.5140	-3.9970	-4.2939	-1.2986	-0.9280	-8.5813
-7.3327	-1.1274	-0.5973	-2.5877	-5.6664	-2.3737	-1.4868	-4.2881	-3.2440	0.3179	-1.4711	-6.7086
-4.6247	-2.5994	-3.0814	-2.0191	-1.9855	-2.7598	-4.2507	-5.9435	-2.4915	0.0840	-0.8696	-7.9948
-5.8007	-1.7270	-3.6378	-4.5886	-2.6007	-1.9191	-3.3929	-5.0812	-4.0349	-1.0555	-0.8685	-9.2743
-7.0174	-2.2380	-1.4173	-2.9381	-2.9393	-2.9940	-2.5234	-2.3249	-2.5638	-2.9909	-1.2186	-5.1428
-6.4125	-2.6846	-3.3317	-1.4683	-2.3305	-4.8853	-4.4045	-2.1543	-2.3651	-1.9551	-1.9450	-5.4419
-5.0457	-0.5864	-1.5455	-9.7445	-7.4977	-1.4399	-1.8263	-4.9895	-2.4590	-0.5273	-2.2068	-6.7118
-6.2712	-1.0619	-1.5763	-3.7171	-4.3566	-4.9474	-4.3643	-1.9450	-2.8201	-1.1717	-1.9533	-5.7772
-5.8291	-1.2850	-0.6629	-3.2707	-4.9026	-2.2808	-2.3494	-5.7998	-2.6818	0.1762	-1.9302	-14.0084
-8.7522	-1.3463	-0.8490	-3.2117	-2.9731	-3.1453	-3.5745	-2.3038	-2.1189	-0.5351	-2.0742	-9.4156
-6.2192	-2.3389	-1.4338	-0.8747	-1.8222	-4.1334	-0.8702	-2.1398	-3.8911	-0.3386	-1.5147	-6.4296
-6.1319	-1.8609	-2.4197	-3.9014	-2.4953	-3.5095	-4.3596	-2.4524	-1.6328	-2.3158	-1.6977	-4.8666
-5.1520	-1.7154	-0.6873	-2.4396	-3.0466	-3.4186	-3.5878	-3.2550	-0.7380	0.5502	-4.1714	-5.6814
-7.4134	-2.4764	-1.7282	-1.8874	-3.5000	-3.2325	-2.7278	-2.2702	-3.0061	-1.2639	-2.2574	-6.2116
-6.7947	-1.2536	-1.3216	-3.0505	-4.2416	-3.9674	-1.8706	-2.4047	-2.5285	-1.3887	-0.9404	-6.6884
-4.4445	-2.6175	-3.2836	-2.5749	-1.8561	-3.8092	-3.4477	-2.4783	-0.6770	-0.6604	-1.7934	-6.9133
-4.1640	-4.9297	-1.2441	-2.4132	-3.8586	-2.8953	-3.8069	-4.5563	-2.1028	-1.2731	-1.6442	-8.9119
-4.8050	-0.8707	-2.4407	-3.1664	-3.5893	-3.6448	-1.8648	-2.4384	-1.2320	-0.9064	-3.1945	-10.5102
-5.6026	-2.0733	-1.3463	-2.0140	-2.2541	-4.3608	-3.9048	-4.7462	-1.6802	-0.6967	-2.6725	-4.8103
-8.3736	-2.4771	-0.5220	-2.3863	-3.6465	-2.7680	-3.2050	-1.7485	-3.0101	-1.9533	-2.1254	-5.0715
-7.8652	-1.7076	-1.6839	-3.6456	-3.8154	-3.4757	-2.4159	-2.5605	-3.1348	-2.9190	-1.2390	-4.5221
-5.0300	-1.6746	-0.4313	-3.7307	-4.7425	-2.9561	-5.9000	-6.1857	-1.8923	-0.3634	-3.1004	-7.9928
-7.5672	-1.6094	0.1050	-1.4694	-2.5316	-4.3024	-4.3391	-4.6696	-2.8687	-1.3334	-1.7214	-7.5393
-6.7088	-0.8555	-1.0825	-4.2290	-5.6277	-2.4463	-0.9381	-3.1087	-4.2037	-1.0629	-1.7217	-5.7387
-8.7384	-1.8242	-0.0252	-2.0288	-3.5873	-1.9335	-3.1025	-2.6913	-3.8473	-2.5810	-0.6792	-6.4158
-6.1749	-2.2361	-2.1738	-2.7151	-1.7195	-3.0335	-3.1403	-3.0451	-4.6490	-1.6027	-1.5432	-6.1010
-5.5825	-3.1119	-0.8845	-1.6153	-3.8520	-5.2731	-3.9427	-3.9196	-2.0858	-0.4422	-2.3736	-8.5369
-7.1227	-0.8166	-2.0317	-3.9785	-4.6820	-2.3604	-2.2084	-5.7316	-3.6471	0.2705	-0.9498	-10.1019
-6.2926	-4.0485	-1.0488	-2.4582	-2.1139	-3.2898	-7.8553	-4.9685	-3.7371	0.6075	-1.2667	-9.2534
-5.2660	-2.3382	-0.7674	-2.3175	-3.2418	-0.6169	-2.9995	-4.6437	-1.5825	-1.3145	-1.6391	-8.8259
-5.3774	-2.3483	-1.6170	-2.3611	-2.6134	-2.5793	-2.4425	-1.2312	-1.4797	-1.7894	-4.0595	-4.3466
-9.5578	-2.1811	-0.4433	-1.6194	-1.5847	-2.7606	-4.8266	-1.6164	-3.0989	-3.8711	-1.3156	-4.1619
-6.6252	-2.1614	-1.1764	-2.8503	-2.6558	-2.2990	-3.7040	-5.6711	-4.3884	-1.2850	-0.9721	-5.6453
-6.2848	-3.4549	-0.8895	-2.6392	-3.1945	-4.3963	-2.6399	-2.3721	-4.7122	-1.6964	-0.4760	-7.7429
-5.8985	-2.3873	-1.8045	-4.6178	-3.4190	-1.0054	-2.7752	-3.1207	-4.9319	-2.1349	0.1509	-6.9610
-9.9942	-3.9438	-0.6648	0.1839	-2.2884	-4.7213	-4.1740	-2.0733	-1.2902	-2.0595	-2.1611	-6.1589
-4.9671	-0.7785	-2.6783	-3.3028	-3.5468	-4.2932	-4.3326	-1.5507	-2.9456	-1.7712	-2.9102	-5.7945
-5.3935	-2.3655	-2.3656	-2.4509	-2.5824	-3.5748	-3.6814	-2.2831	-2.1208	-1.0289	-3.9785	-6.1790
-8.0956	-2.7769	-0.2530	-2.4179	-3.2009	-3.5276	-5.0135	-3.8868	-1.9628	-0.7664	-2.4352	-6.4353
-7.5253	-0.5775	-1.1537	-5.2659	-2.1680	-1.9377	-3.1755	-3.0181	-3.6964	-1.5774	-2.6911	-7.0062
-5.5625	-3.2336	-1.0161	-2.0632	-2.5863	-3.9687	-4.3975	-3.0923	-2.6692	-2.9164	-0.0297	-4.6297
-7.2690	-2.0167	-1.2146	-4.3099	-2.6503	-0.5670	-2.9107	-3.1569	-4.4463	-2.1572	-1.2854	-6.8450
-4.6229	-0.7527	-2.5041	-5.3506	-3.1465	-1.8465	-2.7842	-3.6039	-0.8885	-1.2567	-2.8420	-6.0335
-5.2867	-1.6579	-2.5180	-2.7888	-1.1024	-2.3129	-4.3491	-4.2942	-4.6503	-1.2293	-1.4391	-9.1934
-7.2457	-2.9085	0.0851	-2.0058	-6.4674	-3.6397	-2.5796	-3.8383	-1.7373	-0.8303	-2.7083	-5.6039
-7.0035	-4.1701	-0.2752	-1.6423	-4.1622	-2.6946	-1.5927	-3.0390	-6.0492	-2.7252	-0.5861	-5.9349
-6.8705	-1.6206	-0.5090	-2.4073	-4.8949	-3.3971	-1.8707	-1.5186	-3.7294	-2.8103	-2.0015	-5.5273
-6.9809	-1.3419	-1.2380	-3.9280	-0.9032	-0.7223	-4.5252	-5.0696	-3.7889	-1.2893	-1.3659	-9.2160
-5.2650	-1.0635	-1.7305	-2.2922	-2.8147	-3.1049	-3.0100	-6.0029	-5.0861	-0.3512	-0.9089	-10.6870
-6.3172	-1.5388	-1.8011	-3.6400	-1.3443	-1.5890	-4.5142	-2.7292	-3.5238	-1.3084	-1.1460	-6.8272
-7.5662	-1.0618	-1.2239	-3.1945	-2.2869	-1.6761	-5.2260	-3.0691	-2.7133	-1.2291	-2.1507	-3.2415
-9.4408	-0.7990	-0.3698	-4.2228	-3.6600	-2.4929	-3.9153	-3.1879	-2.4948	-0.5326	-2.6121	-8.2537
-4.6607	-0.7977	-2.1752	-3.1332	-1.1492	-2.4669	-4.8838	-4.8342	-4.5453	-1.1479	-0.9024	-8.8101
-7.1348	-2.7228	-1.0237	-1.2803	-3.4285	-3.2621	-2.5686	-4.0284	-1.8550	-0.3616	-2.9180	-9.4337
-3.7479	-2.7572	-3.5575	-1.9619	-1.4458	-4.5624	-2.4424	-1.0472	-2.5237	-0.5845	-2.8498	-6.8925
-7.6958	-1.3191	0.1401	-3.1135	-6.0875	-2.6707	-1.9721	-2.5564	-2.9651	-1.2441	-0.7589	-9.9023
-6.4094	-0.5727	-1.5873	-3.9898	-4.3609	-1.7235	-2.7264	-4.3447	-3.7225	-3.3187	-1.4992	-4.8885
-7.4381	-2.1270	-0.4218	-1.3206	-4.2154	-3.1359	-1.9749	-3.2471	-4.8526	-3.1821	-0.9639	-4.3830
-4.9190	-1.2933	-2.9972	-2.7001	-0.8605	-0.8240	-3.5149	-7.9254	-3.7018	-0.8408	-2.4763	-6.2739
-4.6528	-5.1765	-0.5448	-0.5937	-2.9426	-1.7626	-2.4284	-3.2834	-3.5070	-0.8393	-1.8484	-7.0004
-5.2628	-2.2664	-0.5887	-4.8812	-6.9168	-4.7101	-2.5956	-1.8357	-2.1567	-3.0000	-1.4373	-6.2293
-11.4918	-2.1393	-1.2083	-1.8915	-3.3180	-4.3983	-3.6423	-3.4175	-1.9608	-0.6937	-3.7231	-5.4318
-5.3131	-1.1935	-2.3098	-2.2194	-1.6583	-2.6353	-2.7829	-2.3966	-2.4889	-0.8729	-1.5847	-9.2611
-4.7371	-5.0824	0.0127	-2.0370	-2.7366	-3.6730	-3.9532	-3.5612	-1.4523	-0.7549	-3.3399	-9.1643
-9.7416	-2.9024	-0.3169	-2.1886	-2.1782	-2.7033	-5.5214	-4.6457	-3.0555	0.4849	-0.6869	-11.2683
-4.8215	-1.9687	-2.0379	-4.6864	-4.2563	-2.5841	-1.2472	-3.1646	-3.3520	-1.1943	-1.0472	-4.9050
-9.1425	-1.3508	-1.4849	-3.7495	-3.3392	-2.4711	-2.2417	-4.6570	-4.6674	-0.7180	-2.3170	-10.9823
-5.8465	-2.5985	-1.9102	-3.9833	-2.3071	-2.2213	-1.1972	-1.2189	-2.8742	-4.8688	-2.2484	-4.5128
-5.6643	-1.5819	-1.6710	-3.4187	-1.8293	-2.1842	-3.8628	-4.5971	-4.2586	-0.4917	-0.7046	-4.8786
-5.2241	-2.8147	-0.3974	-2.2690	-2.3297	-2.3514	-4.8969	-4.0129	-1.2089	0.6402	-1.8396	-5.4867
-5.4782	-0.2092	-1.4698	-3.1967	-3.5125	-3.3297	-1.0298	-2.6666	-5.9602	-1.8365	-0.3878	-5.8319
-7.2166	-1.5501	-0.8136	-1.6223	-2.0638	-2.3387	-5.5230	-3.8790	-3.4505	-0.3096	-0.8925	-9.5693
-6.8755	-2.9200	0.0973	-2.0553	-7.8930	-6.8879	-0.9789	-1.5763	-4.6342	-2.5824	-1.2327	-4.8025
-5.8071	-1.8935	-0.8802	-3.9124	-2.7273	-1.7247	-3.2771	-4.1762	-1.0187	-0.1742	-2.7324	-8.8376
-4.7447	-0.9797	-1.6238	-2.2978	-3.9643	-4.3412	-2.2519	-3.8016	-3.2062	-0.2400	-1.3107	-7.8765
-5.5449	-0.0942	-1.4904	-4.2534	-1.9395	-1.2224	-3.5120	-3.0949	-2.1524	-1.0830	-1.7146	-8.7643
-5.0752	-3.4224	-0.1169	-2.0007	-4.6451	-5.9046	-3.1875	-3.2572	-5.0182	-0.3606	-0.0816	-7.2945
-6.0872	-2.7758	-0.5195	-2.5644	-3.5614	-3.6399	-2.7053	-2.6170	-3.1530	-1.1922	-0.3316	-6.3046
-6.7343	-1.8230	-2.6963	-3.8268	-2.3373	-1.8047	-3.6846	-6.0375	-3.8811	0.1036	-0.9536	-7.5516
-7.2536	-2.2276	-0.8731	-4.0375	-5.4718	-1.7611	-1.8670	-3.9108	-5.6786	-2.7214	-0.4681	-4.8681
-5.4447	-4.4449	-0.8485	-1.7052	-3.9387	-3.0908	-4.2078	-4.2444	-2.5119	-1.2671	-2.0486	-7.0359
-7.4185	-1.4094	-2.1437	-2.7938	-3.0880	-2.7712	-2.9058	-2.3966	-3.9495	-2.5899	-1.1496	-4.6321
-3.4118	-2.5476	-2.7122	-2.8633	-0.9697	-2.5287	-5.2619	-3.4654	-1.1813	-0.5989	-0.9877	-6.8654
-8.0375	-2.1732	-0.4303	-3.1199	-2.8969	-2.5785	-4.4230	-2.8313	-1.4072	-1.5405	-2.4681	-5.3305
-8.5295	-1.3556	-1.1982	-4.0988	-2.5987	-2.9551	-2.8871	-1.5615	-2.0485	-2.8031	-2.0769	-5.0366
-6.7266	-2.4505	-1.2365	-0.7080	-1.9075	-4.0523	-5.6488	-5.0315	-1.1082	-0.2368	-3.7360	-6.9790
-10.3342	-3.1667	-0.2721	-2.7756	-5.3355	-4.7677	-1.9983	-1.6284	-1.5691	-1.3875	-2.6647	-6.0100
-3.9219	-2.6559	-1.9217	-2.5512	-2.6533	-2.6634	-1.7620	-1.4574	-1.8345	-1.6702	-0.9652	-7.6230
-7.2745	-2.6468	0.0917	-1.3309	-1.9768	-3.6606	-4.6643	-3.9820	-1.7529	0.1923	-2.7362	-6.0035
-8.3933	-2.0938	-1.5510	-3.1598	-3.3825	-2.6580	-4.3008	-5.6008	-1.5782	-0.2628	-1.9698	-5.4152
-7.2311	-1.5441	-0.4286	-2.1041	-4.3506	-4.1017	-3.0367	-2.9010	-4.2242	-1.9954	-1.3996	-5.7743
-5.7628	-1.0338	-0.9133	-3.4526	-1.6670	-1.9488	-5.0974	-3.9606	-3.2655	-1.5073	-3.6564	-5.8498
-3.9788	-1.4413	-2.1866	-2.3415	-2.8591	-3.4043	-2.8183	-2.6670	-2.5146	-0.9735	-2.7921	-7.0042
-6.1651	-3.6034	-0.5171	-1.3781	-2.4242	-1.9990	-3.2153	-4.5173	-4.2581	-1.1614	-1.8168	-5.8662
-5.2558	-1.7974	-2.7499	-1.4738	-4.8882	-2.7968	-1.0656	-3.3292	-5.0208	-1.9410	-1.7610	-6.0249
-5.5800	-1.7469	-1.5502	-2.1531	-2.2936	-3.6767	-2.8918	-2.5989	-0.6178	-2.0421	-3.5769	-4.2962
-6.7828	-4.0536	-0.2705	-2.6815	-4.2997	-3.8800	-2.9657	-1.2712	-1.9580	-1.2351	-3.9407	-4.0419
-5.5134	-2.7542	-0.5967	-3.0104	-3.7205	-1.8436	-2.0629	-4.3771	-3.4344	-0.7301	-2.8294	-10.8357
-7.7774	-3.2605	-1.5674	-2.6580	-1.8617	-2.6633	-3.9599	-4.4474	-3.0669	0.0453	-3.6091	-4.5777
-5.6281	-2.8360	-1.7055	-2.2007	-2.3068	-2.8352	-3.5472	-2.9424	-2.9262	-1.5794	-1.3837	-7.3443
-4.8774	-2.8444	-0.8507	-1.1328	-3.7488	-2.1574	-1.3131	-4.1613	-1.9038	-0.6287	-1.3669	-8.5188
-5.0133	-2.3565	-0.6109	-5.9920	-2.6984	-0.6393	-2.1932	-3.4489	-5.6863	-0.7043	-1.2542	-6.6479
-8.4205	-1.3565	-0.3516	-4.4294	-4.4022	-2.0570	-2.6625	-2.9179	-3.3620	-0.7027	-1.7812	-7.6209
-5.4045	-2.0618	-1.4963	-2.4913	-5.7580	-2.4669	-2.3897	-4.3595	-2.3281	-0.5367	-1.7172	-6.4693
-4.9339	-3.3785	-1.5846	-1.2824	-3.6548	-8.8298	-2.0711	-0.5532	-3.3930	-2.5255	-1.8762	-8.2043
-4.9673	-1.7129	-2.8262	-7.1932	-5.4706	-2.9312	-1.8549	-2.5370	-2.5375	-1.7021	-3.2868	-5.6723
-9.1522	-0.4787	-1.2200	-3.2164	-3.3305	-2.9236	-4.7120	-5.7499	-3.3185	-1.3141	-2.1185	-11.8462
-8.9497	-1.6212	-0.7728	-1.8850	-3.8801	-5.6006	-1.1117	-3.0684	-2.7640	0.3232	-4.1412	-5.0441
-6.0644	-3.1396	-1.8292	-1.7792	-2.3915	-5.2808	-3.5906	-1.7628	-2.9119	-0.4623	-1.2950	-7.1077
-4.3520	-1.7619	-3.1092	-3.9447	-4.4227	-6.8420	-2.6019	-2.3619	-3.4603	-1.3234	-1.1400	-7.2654
-8.0599	-3.1025	-0.2060	-3.5901	-3.1579	-2.9647	-3.0870	-3.4637	-3.6053	-0.7763	-1.0791	-6.9576
-5.6075	-1.3398	-1.1689	-3.0149	-2.8631	-2.0467	-3.3751	-3.0340	-2.2157	-1.0464	-1.7557	-4.6994
-7.3044	-2.6405	-1.4658	-4.3196	-2.9564	-3.2560	-4.1564	-3.0753	-2.4820	-1.3315	-1.8646	-6.5030
-7.2562	-2.2364	-2.5171	-3.7221	-3.0370	-3.3976	-2.7247	-2.0536	-4.0264	-1.1842	-0.5520	-7.3720
-7.7505	-2.1685	-0.8675	-1.6253	-2.9865	-3.4362	-1.8809	-3.5648	-3.2363	-1.5552	-2.7295	-5.3741
-4.5234	-5.1916	-0.8362	-1.0089	-3.5319	-2.7154	-2.0192	-4.3687	-2.8785	-1.0549	-1.7871	-7.6679
-6.2354	-1.3100	-0.9639	-1.9162	-3.2110	-4.9217	-3.6700	-2.1921	-3.2777	-1.1713	-2.1077	-6.5664
-6.6857	-1.2921	-1.0054	-3.7891	-3.2271	-4.2248	-2.5671	-2.4655	-4.6020	-1.6647	-1.0307	-4.6486
-4.2770	-2.7171	-3.5818	-2.8238	-3.2640	-2.2560	-3.3075	-3.5321	-2.4814	-0.7031	-1.0153	-6.1118
-11.0956	-2.1319	0.6814	-2.5780	-2.6993	-2.6758	-5.0493	-4.6348	-2.8249	-0.3987	-2.2341	-5.5007
-10.0300	-1.7727	-0.7883	-2.7988	-1.9361	-3.1465	-3.0271	-3.6797	-4.8809	-1.1967	-1.1983	-6.7976
-5.9203	-2.0691	-2.0380	-2.4133	-3.6751	-2.3699	-2.7344	-2.7319	-5.0459	-3.6468	-0.3654	-5.0610
-5.5030	-1.9808	-1.4151	-2.9853	-3.2756	-2.9470	-2.5282	-2.9242	-2.7551	-1.5873	-1.1306	-4.1520
-4.5597	-4.3737	-0.7580	-2.9140	-4.4674	-3.1794	-2.8363	-3.0835	-2.0629	-1.0652	-1.9390	-6.8708
-6.9446	-1.6980	-0.7874	-1.8800	-3.2221	-6.7236	-1.9722	-2.2643	-3.1190	-3.2119	-2.1662	-5.9979
-7.3108	-0.7661	-1.5220	-3.9885	-1.6368	-5.4871	-2.6546	-0.7193	-3.3175	-3.0093	-1.5123	-4.1635
-7.4711	-1.7305	-0.5143	-1.2443	-4.6285	-1.6704	-0.3898	-4.1886	-4.1445	-0.3628	-1.6918	-7.4384
-4.9692	-4.4069	-1.1424	-1.4816	-3.6592	-4.3546	-3.1098	-3.0613	-1.6527	-0.8312	-2.8157	-9.0098
-8.7097	-2.1191	-0.6804	-1.7470	-3.9004	-3.9255	-2.6317	-3.1414	-4.7643	-1.1092	-0.5319	-9.7027
-5.6856	-1.4044	-1.4154	-6.2110	-3.3724	-1.3837	-6.2528	-4.6873	-1.5098	-0.6139	-2.0386	-6.7576
-6.6295	-1.1567	-1.1640	-3.4607	-5.1449	-3.6684	-1.9636	-0.2928	-1.7431	-1.2425	-2.5215	-6.2738
-4.6745	-0.7919	-1.9266	-2.5006	-1.0784	-3.5307	-4.0948	-2.9675	-1.6423	0.0168	-4.1156	-6.2840
-4.7242	-0.8994	-3.9449	-3.6665	-1.2620	-1.5622	-3.1093	-1.9094	-3.8398	-1.2894	-0.5028	-5.9371
-11.3785	-1.8850	-0.6898	-2.3027	-1.9448	-3.6502	-3.7656	-2.7802	-3.4317	-1.4594	-0.5241	-6.8864
-7.0738	-3.0323	-0.8611	-0.8984	-2.4289	-2.4930	-2.7430	-3.5629	-2.5457	-1.0720	-1.3550	-5.8348
-8.8089	-1.0849	-0.7822	-2.8079	-3.3256	-4.8552	-3.2955	-2.8822	-2.2630	-0.4873	-2.8577	-7.5909
-6.8647	-1.2297	-0.5683	-2.4005	-3.1851	-4.1383	-2.2072	-2.1229	-4.1697	-2.9715	-0.3486	-4.3139
-8.8807	-1.4211	-1.1368	-1.4377	-3.0419	-4.2542	-3.2701	-0.9127	-2.4424	-1.6314	-1.5827	-4.5569
-6.2038	-3.5120	-0.7097	-3.5909	-4.8932	-3.0361	-2.4953	-2.5254	-3.6807	-1.7482	-2.6559	-6.0660
-7.1433	-2.5033	-1.6651	-1.0839	-1.8945	-4.5671	-6.0785	-3.8869	-2.7616	-0.5074	-1.6113	-7.4654
-8.1092	-2.3546	-0.0936	-2.8945	-2.5656	-2.5004	-3.8302	-3.4609	-5.8564	-2.6261	-1.1029	-6.3205
-7.8087	-2.5013	-0.8792	-1.7788	-2.9280	-5.1335	-6.0350	-3.8105	-2.2747	-1.1340	-1.1966	-7.1362
-4.5064	-2.4641	-3.0950	-3.5152	-2.4639	-1.3644	-1.4996	-3.4992	-2.8121	-1.0634	-0.8961	-6.6942
-6.7057	-2.2844	-1.8445	-3.0483	-2.5581	-3.1932	-2.9189	-2.1924	-3.7087	-2.5817	-0.9214	-5.0481
-5.0393	-1.2117	-1.1023	-3.0487	-2.6070	-1.9061	-3.4659	-4.2515	-2.3883	-0.2754	-1.5712	-8.4967
-4.9871	-3.4389	-1.3733	-3.0080	-1.7456	-1.0445	-3.9927	-2.7640	-2.6129	-0.6756	-1.4357	-8.2490
-9.1241	-1.3962	-0.5884	-2.3850	-3.2465	-4.6054	-4.3156	-5.7101	-4.1611	-0.1643	-2.5346	-8.1731
-7.9614	-1.5584	-1.2253	-4.2256	-2.6854	-3.3029	-2.7265	-3.5407	-2.3269	-1.3962	-1.6931	-5.7908
-5.1239	-2.6334	-2.5195	-3.9334	-2.4143	-2.6000	-2.9427	-4.4287	-3.0673	0.0804	-2.2442	-6.8952
-6.4907	-1.1646	-2.8936	-3.7432	-2.8988	-2.9607	-2.8620	-1.8858	-2.1021	-0.6488	-3.3670	-7.5279
-6.0757	-2.3396	-1.8486	-2.3562	-2.8781	-2.0196	-2.3585	-4.5180	-2.0300	0.3588	-1.2445	-9.3349
-11.9164	-1.8115	0.4187	-2.3526	-5.4195	-2.8252	-3.0555	-3.0333	-2.1386	-2.4470	-0.9882	-7.7388
-7.0426	-1.6288	-0.6631	-3.4224	-4.1606	-2.7985	-2.7459	-4.2560	-3.2622	-0.6912	-2.1682	-7.7189
-3.4118	-0.2706	-3.5842	-4.4558	-4.4959	-4.5324	-2.7560	-2.1632	-1.8843	-0.5283	-3.6632	-6.8398
-7.8261	-2.2932	-2.0157	-2.8072	-2.1110	-3.8351	-3.1855	-3.3267	-2.6813	-1.0000	-2.3566	-6.2143
-5.4136	-2.6627	-1.8178	-1.6586	-1.4153	-4.9744	-6.5281	-3.3724	-2.0204	-0.4039	-2.7033	-4.1954
-6.1299	-2.1248	-2.9422	-2.1547	-3.7867	-2.7152	-2.6785	-2.9423	-1.6249	-1.3513	-2.4066	-7.1195
-5.7858	-2.1539	-2.9130	-2.5908	-1.7215	-1.6948	-2.7006	-1.6382	-1.9457	-2.0204	-3.7184	-3.1835
-8.2078	-1.4740	-2.8340	-1.5949	-2.8117	-3.8944	-3.3620	-4.4325	-4.7689	-1.2935	-1.1701	-6.4710
-6.2013	-0.7979	-2.9010	-4.6371	-1.6375	-2.3729	-3.9037	-4.3729	-1.2499	0.0964	-3.8923	-6.9059
-7.3472	-2.2879	-1.6171	-2.2421	-3.3433	-2.9052	-1.9557	-4.3038	-3.4784	-1.5370	-1.9284	-6.0864
-7.8571	-1.1263	-0.5011	-5.0745	-4.1531	-3.3782	-2.6554	-0.9388	-2.1864	-1.5151	-1.1180	-11.5297
-6.7732	-1.0785	-2.1735	-4.1952	-1.4357	-3.4188	-3.3899	-3.6587	-2.7605	0.1317	-2.9370	-6.0842
-11.5086	-2.2302	0.0256	-4.1502	-4.2709	-3.5621	-3.1257	-2.5264	-4.0480	-3.2154	-2.2230	-5.1035
-7.2066	-1.8985	-2.1710	-3.2458	-2.9496	-2.5252	-2.6678	-5.3156	-6.9733	-1.5512	-1.6592	-5.6920
-6.4468	-2.1594	-2.1800	-4.2678	-1.8317	-1.4837	-3.7399	-5.1540	-1.9368	0.4326	-1.1135	-7.7296
-6.9119	-2.5629	-0.2178	-1.6763	-4.1888	-4.9323	-2.3488	-2.5398	-3.5167	-1.8383	-2.0010	-5.8731
-6.3171	-4.1747	-1.3506	-1.7336	-2.2081	-3.8464	-1.6729	-2.1301	-3.2141	-3.1988	-1.4092	-5.1722
-10.0282	-2.3387	-0.9598	-5.0941	-3.9667	-1.1289	-3.4874	-4.4953	-1.7297	-0.6665	-3.7398	-6.6239
-7.3631	-2.2239	-1.2357	-2.6067	-3.0609	-3.4771	-2.4152	-1.2694	-0.8394	-2.4349	-2.3764	-6.6585
-12.3536	-1.2581	-0.3891	-5.4406	-5.5858	-2.0510	-1.3941	-4.1850	-2.8238	0.9309	0.2313	-8.2046
-8.0106	-2.0934	-1.0111	-2.2424	-3.3686	-3.0887	-3.4270	-6.0999	-2.6814	0.6650	-1.8078	-7.6055
-3.9529	-0.6694	-2.7379	-3.1244	-1.9210	-2.0205	-3.5075	-3.8941	-3.8038	-1.3942	-1.2154	-6.8844
-6.8260	-1.5244	-0.7876	-3.9048	-4.2529	-2.1923	-4.0140	-5.4365	-1.2072	1.1685	-2.3907	-8.4636
-4.7389	-0.8871	-1.9214	-7.1596	-2.7938	-1.0971	-2.5387	-4.2432	-3.7184	-1.3365	-1.9428	-5.8220
-7.4808	-3.1155	-1.3598	-0.4813	-2.3520	-4.2931	-4.5586	-3.6016	-2.3676	-0.3153	-1.4254	-8.8814
-4.8776	-0.9059	-3.5415	-3.0801	-1.6862	-2.2616	-4.3249	-6.5496	-4.6798	-0.0724	-1.2444	-9.9718
-8.0725	-0.6222	-1.6066	-4.7847	-2.6706	-2.3252	-3.1810	-3.2524	-2.0522	-1.0572	-1.8047	-7.7788
-7.7512	-0.5162	-0.6021	-4.9465	-2.5186	-1.6453	-2.8244	-4.2891	-1.8062	-1.9566	-2.5512	-6.2493
-6.5240	-1.7543	-1.5847	-4.6590	-1.9866	-1.4610	-4.7749	-3.9960	-1.8288	-1.2124	-3.9245	-6.4578
-5.7360	-1.7821	-2.0098	-3.9222	-2.2834	-3.1952	-3.5049	-2.5138	-2.9494	-1.4258	-2.7053	-8.2768
-7.7927	-1.2798	-0.9049	-3.2416	-1.7791	-2.4205	-2.3211	-4.0656	-3.2733	0.3201	-0.4301	-7.8973
-6.8321	-1.5003	-1.8968	-3.7822	-2.2526	-2.3862	-2.8429	-4.1756	-4.6484	-1.6266	-0.5484	-5.7383
-6.8148	-0.4843	-0.6252	-4.5481	-4.1329	-2.3467	-3.7670	-3.7746	-2.5154	-0.4048	-4.4772	-6.5356
-6.6421	-1.2625	-0.1907	-2.9050	-5.8149	-2.9420	-2.4027	-1.6354	-2.7283	-1.4620	-2.0251	-8.1074
-6.7202	-1.1298	-1.0036	-4.3781	-3.0690	-2.1936	-2.2375	-2.9294	-3.5932	-1.6445	-1.6767	-6.2213
-5.6153	-2.4073	-0.8438	-1.5329	-3.4768	-2.7709	-2.5157	-4.5373	-1.6625	0.2913	-3.8232	-7.6506
-4.4806	-2.2798	-2.3745	-2.8561	-2.0491	-3.5215	-5.0592	-1.8513	-2.7288	-2.2309	-1.0111	-6.9347
-7.8128	-2.0595	-0.2920	-3.0315	-4.2307	-4.1550	-3.8931	-3.5946	-1.0374	0.0034	-3.1979	-9.4970
-4.0571	-1.4761	-2.8226	-2.8194	-2.7589	-2.8909	-3.6362	-2.1205	-2.5415	-1.8754	-1.2960	-5.6549
-9.3174	-1.8845	-0.2500	-3.2401	-4.6346	-3.2428	-2.2890	-2.6115	-2.6092	-2.9658	-1.2184	-5.1198
-14.8742	-1.2037	-1.0929	-5.0404	-5.1889	-4.3366	-1.8635	-1.3176	-3.0525	-0.5961	-1.1097	-10.5767
-7.9215	-1.2522	-2.7025	-5.6274	-2.6826	-1.7355	-4.3999	-4.1391	-2.1278	-1.1238	-2.0130	-7.6024
-6.2182	-2.7362	-1.3077	-1.7581	-3.0590	-2.9971	-2.5709	-3.6966	-3.9100	-1.2765	-1.3032	-7.1966
-4.4558	-1.1637	-2.8536	-4.8605	-2.5938	-0.8706	-2.5018	-5.0694	-2.8185	-1.9142	-1.8337	-6.7722
-5.1752	-1.2599	-1.4283	-3.6659	-2.7092	-2.1000	-4.6263	-2.7741	-2.2425	-2.0698	-1.7024	-7.1837
-8.0192	-1.4098	-0.1324	-5.2027	-6.0484	-2.4927	-3.5848	-3.4977	-0.7569	-1.0656	-2.1105	-5.6548
-7.7733	-2.8506	-0.0627	-2.8089	-3.3353	-2.9393	-3.2295	-1.6886	-2.8895	-1.1944	-1.1314	-4.5780
-5.5214	-0.6468	-1.3895	-6.0850	-2.0365	-1.2682	-4.2744	-5.7165	-3.6330	0.5375	-1.7733	-7.7394
-7.2663	-0.9116	-1.6485	-3.7417	-2.6881	-4.3075	-5.3289	-3.2627	-1.0510	-0.3526	-2.4679	-9.9443
-9.3278	-0.8997	-0.7420	-4.0373	-3.9373	-2.3458	-2.7795	-4.2151	-2.9312	-2.4863	-1.0016	-3.7956
-5.8630	-1.1129	-1.4702	-3.9413	-5.2100	-3.9592	-1.8694	-2.0164	-3.5305	-0.3654	-2.5439	-9.1644
-8.8509	-0.3521	-1.6045	-10.0546	-3.3508	-0.4955	-2.2610	-4.3599	-3.4821	-0.6501	-2.2839	-6.1043
-7.5364	-4.3864	-0.1508	-2.2710	-3.4844	-1.7147	-2.7327	-3.6094	-2.1179	-0.7485	-0.9530	-5.9231
-4.3026	-2.9536	-2.2932	-2.1066	-1.3540	-2.6423	-3.6122	-3.2859	-2.6938	-1.7567	-2.0001	-5.4386
-6.7634	-1.7563	-1.6701	-5.1435	-1.5810	-1.2558	-4.0328	-7.6354	-2.6069	0.8302	-2.1098	-9.9377
-5.4264	-0.7241	-1.6319	-5.0609	-3.0262	-0.5380	-2.4179	-4.5995	-1.8622	-0.2955	-2.7372	-13.5840
-5.3150	-2.0349	-1.5401	-2.8039	-3.5289	-1.7560	-2.2610	-3.8833	-3.3991	-1.0319	-2.4251	-6.0080
-5.7874	-0.9613	-1.3660	-6.6963	-3.4224	-2.5828	-1.1667	-3.4747	-4.2624	-1.4972	-2.2779	-5.2724
-8.8124	-0.8498	-0.7547	-4.1251	-4.9968	-3.8728	-1.8503	-1.4943	-4.5017	-1.6378	-1.3566	-7.3652
-4.0839	-0.7340	-1.7717	-2.5644	-2.5306	-3.4588	-2.8711	-2.8852	-2.3011	-2.9101	-1.4837	-5.8557
-7.8062	-1.6943	-0.8542	-1.1567	-1.8238	-1.5104	-4.9446	-6.5557	-2.4208	-1.0207	-1.9592	-6.4026
-3.0945	-1.2816	-3.5437	-1.8264	-1.3514	-2.6217	-4.6697	-3.8712	-2.8465	-0.9503	-1.9081	-6.9312
-7.8744	-2.4700	-0.8632	-2.1666	-4.0528	-3.4222	-2.6568	-3.8052	-2.1353	-0.1893	-2.5876	-8.7483
-6.9871	-1.0646	-1.4483	-6.0383	-3.8015	-2.0698	-2.4039	-3.6211	-2.6913	0.4752	-2.3776	-10.3310
-9.3382	-1.0734	-1.4837	-5.2238	-3.2416	-1.3935	-2.7147	-5.9018	-3.1575	-1.2252	-1.5234	-4.6118
-6.6004	-3.2739	-2.0078	-2.8797	-2.6759	-2.1663	-2.8390	-3.3442	-2.4446	0.1857	-2.8872	-7.4353
-8.3813	-2.4230	-0.8353	-2.7253	-2.1099	-4.1240	-4.3839	-3.2792	-4.8940	-1.8071	-0.8849	-5.6362
-7.0980	-3.4581	-1.0107	-2.3998	-3.8952	-2.3432	-4.0690	-3.2585	-1.2783	-1.1490	-2.8178	-6.5103
-6.3899	-1.4321	-0.1717	-1.2947	-3.0280	-6.9511	-3.4457	-3.7972	-3.8695	-1.2442	-0.4735	-6.4220
-5.6461	-1.5042	-1.9731	-4.6309	-2.3595	-1.6512	-4.8021	-5.2062	-3.5955	0.2512	-2.6791	-7.0699
-7.0892	-1.9365	-2.2565	-2.9293	-1.8828	-1.3262	-3.1953	-3.2955	-4.8934	-2.3069	-0.1120	-5.6168
-7.0386	-1.9941	-0.2460	-1.1779	-2.9039	-4.8725	-4.3307	-1.8830	-3.4434	-1.2021	-0.5962	-10.5043
-10.0574	-1.4147	0.4854	-2.9944	-4.4243	-2.8454	-0.2926	-2.0368	-3.6849	-1.7967	-1.8977	-7.8048
-10.1467	-2.3112	0.5840	-1.3972	-3.8647	-1.0066	-1.6486	-3.3460	-3.3577	-2.3754	-3.0045	-7.9478
-6.7424	-1.3075	0.0159	-1.4363	-5.3826	-7.1712	-2.0489	-0.4820	-3.1434	-4.6613	-2.2144	-5.7380
-4.6838	-0.1126	-2.9935	-5.4374	-3.4720	-1.8565	-1.6512	-2.7364	-2.2330	-2.2375	-2.3259	-6.9830
-11.5279	-2.0437	-1.1374	-3.0829	-6.2877	-5.5009	-1.9171	-2.0706	-4.7814	-2.8058	-1.6710	-3.6926
-6.5437	-0.4501	-1.1633	-4.1153	-4.6825	-2.5652	-1.0415	-4.2966	-4.6393	0.2886	-1.3510	-8.2981
-10.5282	-3.4989	0.0977	-1.0521	-3.5693	-3.9649	-3.8252	-0.2699	-1.8450	-3.9043	-2.1254	-3.9175
-6.5753	-4.0333	-0.4589	-1.6195	-2.1438	-3.8399	-3.7240	-2.5632	-3.4495	-1.0676	-1.8451	-6.4595
-8.1755	-1.7378	-1.2554	-4.7764	-1.6325	-1.9338	-1.7457	-1.5425	-3.7116	-0.6003	-3.2137	-6.6039
-5.8681	-1.1722	-1.1651	-5.1798	-3.0940	-1.7969	-2.1644	-3.9238	-4.5675	-0.6432	-2.2644	-9.2273
-8.8483	-1.7844	-0.7956	-3.0491	-3.3346	-5.5948	-6.5107	-1.8012	-2.2174	-3.0486	-1.3241	-5.5257
-7.1381	-1.6856	-1.6019	-3.4283	-1.7419	-3.1362	-2.9639	-1.6272	-2.9035	-1.1592	-2.0994	-6.8876
-7.0026	-2.6470	-1.3492	-3.6294	-2.4029	-2.5611	-1.9995	-6.3700	-4.6696	-0.3347	-2.4140	-7.2522
-10.5981	-0.9106	-0.6757	-4.3943	-3.1567	-4.1094	-2.9054	-2.2818	-3.6820	-0.9734	-0.7781	-10.0945
-6.1282	-3.6260	-0.5668	-2.4388	-4.6951	-2.6023	-2.8984	-4.0797	-2.4619	-0.0755	-3.4805	-6.2307
-4.3605	-2.2073	-0.6002	-2.7059	-3.2931	-3.6361	-2.4741	-4.8004	-4.5116	-0.3885	-1.6863	-6.6308
-10.2781	-1.9724	-0.4222	-1.3678	-3.4944	-6.9993	-3.6402	-3.5239	-1.2803	-1.3584	-3.8578	-7.0932
-6.0092	-0.8865	-3.2952	-4.7384	-2.3632	-1.0152	-2.1009	-5.2361	-4.1954	-0.5319	-2.2016	-9.3603
-7.3670	-1.6213	-0.0821	-3.0052	-4.7848	-3.5956	-1.4014	-2.8871	-3.1989	-1.5546	-1.6823	-7.5623
-8.3035	0.0673	-0.6305	-3.0395	-3.1435	-2.7392	-3.5037	-4.9960	-3.1980	1.1798	-0.5575	-9.6302
-5.8760	-1.9471	0.6496	-2.8813	-3.1074	-3.7481	-1.9190	-2.5045	-4.1147	-1.9957	-2.1614	-5.9823
-6.6070	-0.8572	-2.5394	-6.1513	-2.8847	-2.5448	-3.3288	-3.2168	-1.3969	-1.2580	-2.4199	-9.1090
-7.0080	-1.3598	-0.0369	-4.6720	-2.7299	-2.6285	-3.5735	-4.2680	-2.2948	-0.8471	-1.6593	-7.9761
-7.1030	-0.4385	-0.4227	-3.7393	-6.6033	-4.6425	-1.2125	-2.3088	-4.2037	-1.3771	-1.7769	-8.0911
-6.5411	-3.2563	-0.2788	-2.8257	-3.1724	-1.8195	-3.0506	-4.8171	-2.5904	-1.2626	-2.3235	-9.7985
-7.6785	-2.8261	-0.7162	-2.4793	-3.3869	-3.3015	-3.6723	-1.6234	-2.2247	-1.0017	-3.1563	-6.7089
-8.3020	-1.8820	-0.6944	-2.3240	-2.1274	-1.7151	-3.7726	-3.9646	-3.5130	-0.3604	-1.0834	-11.8822
-5.9994	-2.2519	-2.4407	-1.7706	-3.6129	-2.6085	-1.6463	-2.5904	-3.6627	-2.0883	-0.8519	-6.1818
-6.3404	-3.4471	-1.0868	-0.5807	-2.8526	-4.4952	-2.6095	-2.3034	-3.0694	-2.2612	-2.3532	-5.3895
-6.4373	-0.9658	-1.0478	-5.6583	-0.6922	-1.5916	-3.9084	-4.7330	-3.9285	-0.9565	-1.6544	-8.4979
-11.3226	-1.5737	0.0083	-4.0683	-3.8516	-1.8896	-3.4099	-8.4007	-5.8592	-0.4460	-1.1319	-7.6411
-9.3694	-1.9211	-0.7292	-2.1961	-3.2141	-4.6869	-4.6244	-2.6380	-1.7214	-1.9723	-2.1950	-6.9765
-11.3453	-1.1014	-0.9689	-7.3895	-3.5984	-1.8531	-3.3282	-3.2482	-2.4121	-0.1601	-2.7963	-4.8142
-8.0767	-0.5081	-3.6172	-1.9763	-1.4249	-7.8041	-5.4830	-2.1689	-1.9512	-0.2964	-1.8172	-10.4411
-7.7936	-2.0011	-1.4117	-4.9612	-5.4596	-3.2417	-0.9131	-5.7968	-6.5591	-0.9098	0.0106	-5.1705
-7.0286	-3.0880	0.0573	-2.4133	-4.9818	-2.2935	-0.9174	-5.9465	-4.2859	-1.7663	-1.6376	-5.9849
-7.6938	-2.1446	-1.2715	-1.5059	-4.8899	-3.6608	-2.8252	-2.6448	-2.2944	-2.7775	-3.0308	-3.2815
-7.6905	-1.6027	-2.0894	-1.4457	-1.5722	-2.9191	-3.6728	-4.1400	-2.8519	0.1430	-0.6331	-7.7079
-7.5609	-1.6458	-2.7701	-4.3455	-3.1467	-3.2573	-1.0189	-2.7202	-4.4928	-1.6664	-1.0880	-6.4073
-10.6911	-2.2448	0.0905	-2.7623	-3.6322	-3.4250	-2.2788	-4.1325	-6.4911	-0.6156	-0.8425	-8.1113
-5.8905	-4.9280	-1.0648	-0.7069	-2.1353	-6.4412	-3.1262	-3.5752	-2.1340	0.1313	-1.0374	-8.6075
-5.8830	-5.2306	-0.8971	-0.7475	-3.5305	-3.7647	-5.1414	-5.6794	-1.5693	-0.0354	-3.4232	-6.1103
-9.0216	-1.9415	0.2059	-1.8480	-3.0166	-3.9705	-2.5120	-2.8121	-3.3660	-0.2562	-0.9248	-15.3638
-4.3844	-1.8407	-0.8739	-3.9842	-4.6356	-1.7022	-1.5602	-3.3439	-5.1515	-1.4833	-0.5733	-4.9731
-5.7093	-3.7777	-1.3747	-2.3925	-4.0897	-4.0199	-2.4856	-3.3263	-5.8502	-0.8902	-1.6239	-5.9742
-6.2949	-0.7539	-2.7072	-5.2328	-2.8251	-0.9201	-2.6827	-3.2647	-4.2870	-1.9659	-0.6985	-5.1101
-9.1429	-2.2031	-0.5224	-3.7151	-3.8273	-5.3353	-2.7860	-1.8546	-1.8688	-2.9120	-3.1722	-5.9757
-6.3510	-1.4229	-2.3731	-3.7781	-2.0075	-2.8618	-4.7451	-5.1068	-2.7145	-0.6578	-1.8701	-9.0415
-6.1424	-2.0990	-0.2918	-1.3870	-3.0433	-1.2952	-1.0649	-3.9768	-3.2933	-2.4367	-1.3974	-7.0210
-8.3113	-0.5692	-3.3950	-2.9442	-0.6283	-1.9481	-4.8985	-3.8920	-1.5581	-0.7935	-1.6321	-6.4226
-8.0324	-2.3989	-0.1318	-1.9108	-6.7938	-3.9334	-0.7093	-3.6926	-5.7601	-1.3088	-1.2282	-5.8032
-7.0992	-1.3442	-1.1414	-3.1382	-3.4127	-5.6478	-2.4388	-2.5662	-2.9565	-0.5148	-2.3421	-8.5863
-4.2428	-2.4147	-1.1610	-2.1926	-2.7764	-4.5168	-3.4988	-3.4637	-3.0657	-1.0065	-1.5859	-8.0596
-5.7344	-4.3087	-1.6305	-0.9825	-1.9731	-3.1129	-2.1417	-4.1886	-2.8804	-0.0849	-2.2900	-8.0315
-4.9365	-2.7589	-1.0981	-3.3969	-3.6694	-2.7429	-3.9375	-5.7260	-4.2063	-0.7567	-0.1759	-6.2677
-8.8453	-2.9546	-0.1992	-2.3427	-4.7493	-2.2998	-2.4594	-3.5777	-3.1970	-2.1530	-2.7215	-5.2835
-4.4991	-3.7703	-1.6895	-1.3607	-3.4962	-5.0583	-1.8977	-1.7287	-1.9730	0.0535	-2.1974	-7.2539
-8.5872	-0.9339	-1.6012	-2.2928	-1.1515	-3.4338	-5.4580	-4.9123	-5.1983	-1.3941	-2.3268	-4.0392
-7.3893	-2.1196	-0.3099	-1.0267	-4.0322	-4.2630	-4.1120	-3.1118	-1.7625	-2.3725	-1.8859	-6.2492
-6.6818	-1.4585	-0.6657	-2.1579	-6.1688	-6.1700	-1.4379	-0.9491	-2.8404	-0.7127	-1.7445	-5.7581
-7.6637	-2.7837	-1.1240	-4.6452	-3.3009	-2.7650	-2.5666	-2.5656	-3.8910	-0.7539	-2.0154	-6.6427
-7.2460	-1.4419	-0.9690	-3.0453	-3.8242	-4.1922	-3.2135	-2.1330	-3.8957	-3.4152	-1.1811	-6.5967
-5.0447	-2.4052	-0.9847	-2.3226	-1.9529	-1.0993	-5.4476	-6.6482	-2.1432	-1.0027	-1.8028	-6.7772
-3.6026	-4.1140	-1.5070	-1.5135	-1.7603	-2.3096	-2.1276	-1.8645	-2.0040	-4.0977	-0.8288	-4.2946
-12.2062	-1.4518	0.2416	-1.0464	-4.5295	-5.1130	-2.8937	-2.1286	-1.5669	0.2525	-1.6710	-4.6312
-9.0401	-1.5973	-1.2073	-3.8360	-3.9371	-3.8067	-3.7358	-3.7768	-3.7329	-0.5590	-0.9412	-6.4015
-11.7131	-2.6700	-1.2661	-1.0348	-3.2222	-2.2582	-3.1965	-4.0823	-1.5627	-0.3601	-2.1171	-8.5586
-9.7797	-1.6393	-0.1321	-1.8526	-4.0107	-5.5349	-3.5545	-2.0004	-2.2986	-0.9929	-3.4222	-9.0808
-5.5099	-1.9516	-1.2267	-3.0575	-2.4130	-2.4844	-2.7111	-6.8345	-3.6792	0.3878	-1.2171	-9.2570
-7.4037	-1.5123	-1.4363	-3.0953	-2.9808	-3.0454	-2.3516	-3.5100	-2.4495	-0.7941	-2.0552	-10.1883
-11.3843	-2.0920	-0.9568	-2.9602	-2.5844	-3.6959	-2.1059	-0.8261	-4.3636	-3.7407	-0.5060	-5.7713
-5.5177	-2.7520	-2.4057	-4.4601	-3.3171	-2.0590	-3.8164	-3.8125	-0.7172	-0.4047	-2.2959	-7.7225
-8.3992	-2.7136	-1.2752	-1.9585	-2.4927	-4.1368	-3.0208	-1.3544	-2.5574	-2.4069	-1.1775	-5.1741
-6.7577	-2.5044	-2.3416	-3.2990	-1.7732	-1.6268	-4.4319	-4.1200	-1.3338	-0.4804	-3.1809	-9.6352
-5.6063	0.0681	-2.0970	-3.5186	-2.2467	-4.0645	-1.6221	-4.3794	-3.4016	-0.4821	-3.2428	-7.9986
-5.0457	-1.4352	-3.9714	-3.1711	-1.1418	-2.0801	-2.5319	-4.2923	-3.6162	-0.2455	-1.8662	-10.7689
-9.0748	-1.6669	-0.0860	-1.6294	-4.8657	-4.1495	-2.1820	-2.2143	-1.1951	-1.1029	-3.0040	-6.2412
-4.8076	-0.9963	-3.1571	-4.1415	-3.0859	-2.8790	-2.3287	-4.0021	-4.2540	-1.8308	-1.6184	-8.2500
-10.1502	-2.3463	-0.5284	-1.9181	-5.0228	-3.0687	-2.7956	-3.9317	-2.4600	-0.1002	-2.1055	-11.2763
-4.2008	-3.9498	-0.0776	-1.7423	-6.7486	-5.1059	-1.0668	-3.6204	-6.7538	-0.9354	-0.8644	-7.0190
-5.8714	-1.1720	-2.7311	-2.4534	-2.0928	-3.6614	-3.9811	-2.6656	-1.2270	-0.0064	-3.5826	-6.2487
-6.1076	-2.2571	0.3068	-2.1981	-2.4802	-4.0127	-2.7823	-3.1506	-4.0445	-0.7911	-0.3740	-6.6194
-4.9829	-2.0968	-1.3531	-2.9779	-4.2227	-4.0199	-4.1111	-2.4250	-3.3959	-2.3828	-1.3161	-7.4989
-3.9659	-1.8901	-3.5309	-2.9926	-1.2046	-3.3560	-4.2459	-1.8407	-2.0183	-0.8838	-1.0797	-7.6494
-8.5663	-1.0105	-0.8099	-5.7972	-5.0314	-2.5903	-2.2364	-2.6952	-0.7609	-0.2501	-2.8980	-11.5626
-5.7374	-2.1839	-0.7249	-3.4178	-4.4498	-1.9530	-3.6515	-4.3610	-1.2968	0.2617	-2.0098	-12.6071
-7.4440	-0.6752	-0.9032	-4.5709	-3.6881	-3.1531	-3.2153	-2.9145	-2.4730	-0.7516	-2.3058	-5.5112
-5.2704	-2.3310	-3.1729	-2.7504	-1.2076	-1.3540	-2.2557	-3.0950	-1.2135	0.1207	-2.3763	-7.0195
-7.0886	-1.2624	-0.8132	-4.1595	-3.1771	-1.7271	-3.2037	-4.9957	-4.5558	-1.1603	-1.2389	-6.9574
-4.8870	-0.8495	-2.3340	-3.4803	-2.1987	-1.7338	-3.5347	-5.3857	-4.3350	-1.4728	-1.2850	-7.2814
-7.5563	-0.8493	-1.1957	-5.0980	-4.2049	-1.2676	-3.8036	-4.0412	-1.8072	-1.3431	-1.4622	-5.8661
-3.8904	-4.4453	-1.3915	-0.9698	-2.6462	-2.7808	-4.1139	-4.6303	-2.6695	-0.3323	-1.7025	-8.8255
-8.2561	-1.2257	-1.3983	-4.1148	-4.3231	-0.0872	-1.1710	-3.8960	-9.3124	-0.9809	-1.6141	-6.8814
-7.6901	-2.5818	-0.2195	-2.7038	-3.6681	-4.2183	-4.1816	-2.5895	-2.6519	-1.5577	-3.4425	-6.0590
-6.4495	-1.5208	-1.5025	-2.2625	-3.8969	-2.3364	-3.1635	-6.1411	-3.1021	-0.2504	-1.7712	-7.7990
-10.0418	-2.6158	-0.8089	-1.5338	-3.1245	-3.6451	-1.6460	-2.0656	-5.9289	-2.4346	-1.1450	-5.5250
-6.8729	-0.1581	-0.7999	-4.3432	-3.7194	-4.8088	-2.7389	-2.2200	-2.3404	-0.7269	-1.8332	-8.0055
-5.7332	-1.6435	-3.5569	-4.7403	-1.9193	-2.6782	-3.7005	-2.0475	-1.2575	-2.2355	-1.3965	-6.2973
-9.7250	-0.9394	0.1124	-3.1757	-6.5961	-1.6583	-1.3471	-6.7467	-3.2050	0.0329	-2.6183	-5.9236
-6.1085	-1.3041	-1.6596	-9.1930	-4.4204	-1.8321	-2.9606	-4.7114	-4.3085	-2.2006	-1.3100	-5.3306
-4.6576	-3.1659	-1.9694	-0.3838	-3.1052	-2.2220	-3.2537	-4.2964	-1.7728	-0.6180	-1.3747	-6.1905
-5.9657	-2.5717	-0.8286	-1.6474	-4.9025	-2.3368	-1.6130	-4.3618	-2.7670	0.7941	-1.1701	-7.7115
-5.7917	-1.8634	-2.1016	-3.3307	-2.6520	-2.1116	-3.5412	-4.2433	-3.1261	-1.2330	-0.4731	-8.2124
-3.7547	-3.5651	-2.0287	-2.1277	-1.9090	-3.4836	-3.7652	-3.7015	-2.1539	-0.0796	-2.9652	-10.2446
-10.8276	-0.9304	-0.5077	-2.5485	-3.7047	-2.9368	-1.8545	-3.3220	-4.2161	-1.6331	-1.7382	-9.5658
-5.9908	-0.6154	-2.9428	-6.9683	-2.9549	-2.7056	-1.9484	-4.8712	-4.5781	-0.5796	-1.4951	-6.7525
-6.1043	-1.4535	-1.1936	-3.7794	-3.7431	-3.5648	-3.0507	-2.4754	-2.1110	-1.9869	-3.0313	-7.0800
-8.4974	-2.5991	-1.8397	-1.8147	-3.6063	-1.7997	-1.6436	-4.7005	-4.7062	-0.9511	-1.4765	-10.5331
-7.8556	-0.9877	-1.1986	-3.9191	-4.2618	-2.3994	-1.7391	-2.3386	-4.1967	-0.1755	-2.0131	-10.4229
-4.9039	-1.4264	-1.1394	-4.9460	-4.2088	-3.1718	-2.1024	-2.5271	-2.8663	-0.7155	-1.0492	-8.6293
-5.3174	-3.0158	-2.2914	-3.8256	-1.6546	-4.3670	-4.1541	-1.4870	-3.0744	-2.0271	-1.8342	-5.5479
-3.3494	-2.3402	-2.3087	-3.7148	-1.7464	-1.0756	-4.4000	-6.9125	-2.2368	-0.3796	-2.6437	-10.6053
-8.6247	-1.7817	-1.3700	-1.6652	-1.3674	-4.2117	-7.2933	-3.2940	-1.7621	-1.1843	-2.6270	-5.5457
-8.4445	-0.8380	-1.6584	-6.1932	-3.2691	-2.4363	-1.0135	-2.4841	-2.5492	-0.0530	-1.9242	-7.9434
-8.0743	-0.9118	-1.9584	-6.2360	-2.2170	-1.5165	-3.3383	-5.7618	-4.1803	0.4323	-1.3668	-9.6647
-6.4124	-3.5752	-1.4824	-3.0408	-2.9579	-3.9428	-2.6519	-2.2031	-5.0250	-2.7779	-1.3087	-5.7230
-6.6412	-2.5293	-1.2139	-2.0219	-2.3514	-1.7639	-4.4708	-4.4065	-1.9432	-0.7955	-3.3238	-5.9209
-5.7508	-1.4455	-1.6221	-2.8885	-1.8175	-4.0732	-5.3983	-3.0236	-1.8378	-0.9445	-2.4922	-6.0584
-6.3376	-3.1181	-1.4137	-2.8778	-2.4700	-3.3891	-3.8523	-3.0887	-1.8514	-0.0110	-2.4289	-6.8658
-9.4606	-2.1867	-1.4858	-1.9663	-3.3395	-5.0413	-2.2614	-2.5266	-1.9332	-1.6008	-2.5010	-5.1350
-9.0089	-2.2460	-1.0675	-5.8556	-4.8669	-1.7827	-2.0610	-2.6028	-3.7318	-2.0932	-2.5155	-4.8332
-7.3777	-1.6422	-0.7772	-1.7509	-2.4540	-5.0669	-4.8142	-2.8486	-3.0271	-1.6517	-1.4388	-4.6755
-7.8907	-1.7283	-0.8296	-2.5356	-2.1588	-3.0164	-2.9925	-2.5629	-3.4884	-0.5362	-1.2498	-9.1872
-5.5024	-1.1891	-1.6406	-3.9770	-3.3391	-2.5799	-2.9458	-3.6707	-2.7302	-1.2811	-1.9567	-5.7565
-5.9917	-0.8556	-3.7122	-4.1540	-2.5203	-2.1819	-2.1633	-3.3864	-4.9005	-2.0631	-1.5570	-6.3938
-4.4305	-3.1106	-1.7456	-3.2514	-2.9881	-2.2261	-2.5077	-2.2190	-3.5102	-2.3257	-1.5023	-3.1253
-5.9014	-1.0349	-1.4376	-4.6264	-2.4283	-3.5894	-2.5056	-2.8226	-4.8571	-5.4919	-0.8350	-3.8937
-6.8674	-1.0877	-1.1765	-3.5517	-2.8196	-2.6337	-3.6077	-3.1738	-4.8328	-1.7531	-1.4529	-5.4656
-5.7715	-2.5397	-2.7481	-5.4914	-1.1231	-0.1488	-3.6609	-5.2038	-3.3819	-2.0600	-1.4750	-5.5371
-4.8952	-3.0253	-3.7450	-2.0650	-2.0944	-3.3726	-6.1957	-1.2658	-1.3103	-2.2168	-2.2375	-7.4489
-4.5695	-3.2282	-2.2807	-2.6842	-1.7979	-3.0364	-4.1226	-2.5270	-1.0341	-0.7090	-4.5909	-5.8660
-5.7773	-2.3816	-1.0810	-5.0802	-3.4810	-3.5353	-1.7935	-1.1927	-2.6233	-3.3738	-1.3377	-8.4171
-9.6550	-3.0890	-0.6374	-1.9431	-4.6527	-5.6027	-2.1056	-0.8741	-2.3405	-1.0255	-2.5018	-5.6991
-5.7567	-3.7691	-1.5913	-1.9512	-2.1290	-2.3062	-3.9090	-4.9815	-3.2347	-0.1893	-2.9146	-10.6013
-7.0326	-1.8052	-1.6828	-3.0149	-1.9875	-2.8694	-2.0103	-2.8788	-4.6681	-2.4336	-1.2361	-4.7706
-5.0538	-2.2855	-2.1988	-3.5530	-4.8283	-2.3667	-1.6085	-3.2710	-4.7811	-0.4746	-0.5138	-7.1283
-11.1914	-2.2797	0.1488	-0.9620	-2.9349	-2.6187	-4.1852	-4.5834	-2.8235	0.7327	-1.4560	-9.1606
-5.8045	-2.6852	-1.1104	-1.6219	-6.2516	-3.4376	-0.6775	-3.8017	-3.7303	-0.1634	-1.2359	-8.5041
-4.8374	-1.1075	-3.1909	-3.9772	-1.7096	-2.4752	-4.7478	-3.3785	-2.0608	-1.8855	-1.3944	-5.6607
-8.6362	-2.7999	-0.3579	-2.8676	-4.1521	-2.1503	-2.3856	-2.9613	-2.5096	-0.9640	-3.0288	-6.2211
-6.0149	-2.5471	-3.0783	-2.0996	-1.9475	-3.2862	-4.1855	-4.2643	-0.6368	-0.7002	-1.1275	-7.9731
-8.1682	-3.5489	-1.8924	-1.2512	-2.8830	-4.4677	-3.2250	-2.6707	-3.7065	-3.1041	-2.2131	-6.4397
-5.9131	-0.4734	-2.8600	-3.7096	-3.5472	-1.3430	-2.1941	-3.1328	-3.0904	-1.6073	-0.5750	-7.5286
-9.1189	-1.3062	-1.0869	-2.5475	-3.2896	-3.6541	-2.8902	-4.0348	-2.4685	-0.5022	-1.9875	-15.4631
-4.2967	-1.7733	-3.3493	-4.0073	-2.1078	-2.4261	-1.7392	-3.4306	-4.7127	-2.6647	-1.0435	-6.1992
-6.9208	-2.7157	-0.7455	-0.3430	-2.5124	-5.4394	-3.6762	-5.6222	-3.7445	0.0314	-3.0671	-10.5450
-5.1955	-3.1426	-0.8101	-1.7549	-4.7974	-2.8701	-1.5507	-3.0880	-2.9542	-1.0770	-3.6951	-8.7053
-5.9418	-2.0366	-2.6006	-2.4539	-2.7715	-3.8827	-2.2424	-2.7562	-5.0381	0.2641	-0.8698	-8.9533
-10.0290	-1.1939	-0.6918	-4.2995	-4.6446	-5.4922	-1.5879	-0.3883	-2.9395	-1.4200	-1.1510	-7.4278
-8.9787	-1.2801	0.1757	-0.5782	-2.3196	-7.2729	-3.5018	-4.0485	-3.7360	-1.4566	-1.0349	-8.7100
-7.0736	-0.1462	-1.8627	-3.0904	-0.6835	-3.6640	-4.6937	-3.9238	-1.6851	-0.8663	-2.5798	-7.5734
-6.9650	-2.0962	-0.8856	-2.3297	-3.1634	-2.4643	-2.7956	-2.9119	-3.0178	-3.2196	-1.9082	-4.7316
-5.9983	-1.0994	-2.9960	-2.3749	-1.2254	-2.6838	-4.2418	-3.2820	-2.8944	-0.5541	-1.4319	-8.8661
-5.4243	-2.5420	-2.0063	-4.5484	-5.1416	-1.3181	-1.5341	-3.4565	-1.1957	-0.8707	-1.5513	-4.7758
-10.4421	-1.7445	-1.7359	-2.3852	-3.6517	-3.7018	-3.7551	-3.0446	-2.8223	-1.1316	-2.7425	-9.7136
-6.8691	-1.0679	-0.7430	-5.9014	-5.0072	-1.2436	-1.0733	-3.1872	-4.5811	-1.9171	-1.6154	-5.1354
-3.5196	-1.3056	-3.6911	-3.3730	-1.6882	-1.6599	-2.1547	-3.5542	-3.1725	-0.7394	-1.8007	-6.8008
-7.0644	-3.4782	-1.5510	-1.6791	-2.2875	-4.8885	-3.2956	-4.8137	-3.5618	-0.3372	-2.1480	-7.4917
-9.4840	-1.4824	0.0320	-3.0569	-5.1116	-2.9594	-1.7245	-1.9593	-2.9571	-2.6976	-2.2796	-5.3328
-10.1197	-0.1681	-1.6844	-8.7093	-5.7045	-2.5554	-0.6958	-2.6566	-4.6994	-1.6705	-3.2110	-5.8207
-9.0132	-1.3234	-0.9086	-3.8792	-1.7247	-3.6264	-4.8682	-3.8011	-1.2367	-0.9631	-3.0858	-9.4689
-7.4987	-4.5660	-0.8112	-2.9432	-3.1101	-2.1190	-3.4558	-2.1112	-2.6104	-1.6150	-1.0262	-5.2404
-6.4258	-1.4116	-1.5192	-6.5757	-3.7006	-1.7212	-1.4784	-3.0720	-3.8365	-2.4499	-1.9014	-6.2412
-7.6150	-2.3505	-0.4347	-1.7810	-4.0863	-4.7102	-2.6276	-2.0547	-2.2410	-1.7119	-1.3284	-7.7176
-8.5384	-1.8413	-0.4053	-4.1435	-5.7596	-2.6849	-1.4735	-2.9199	-3.0328	-0.7491	-2.1726	-10.6589
-9.2748	-1.4228	-1.0721	-1.0306	-4.9056	-3.6544	-3.0239	-4.3687	-3.1268	0.1052	-1.1867	-8.6998
-6.1840	-2.9847	-1.8981	-1.5635	-1.6954	-2.1227	-2.3876	-5.9458	-6.2002	-0.4471	-0.7052	-11.3002
-8.5893	-1.6506	-1.1520	-3.9018	-5.1673	-2.4705	-1.3595	-3.2117	-3.6219	-2.3788	-1.3750	-6.8523
-7.9835	-1.7346	-0.5913	-4.1085	-3.3590	-1.1628	-2.4834	-3.6081	-4.0047	-0.1734	-2.3609	-9.4103
-5.3814	-3.4201	-2.4806	-2.3616	-1.9387	-2.4479	-4.0544	-3.2858	-3.9057	-2.8578	-0.8079	-5.3322
-8.1284	-3.7370	-0.4161	-1.0211	-2.5449	-3.4766	-6.2396	-3.2430	-1.5506	-0.6935	-1.8072	-6.7112
-8.2441	-1.2915	-1.1396	-6.3092	-3.8579	-1.9139	-3.1170	-4.7953	-2.1559	-0.6097	-1.8212	-9.3341
-5.5396	-2.9739	-1.6857	-0.8857	-2.3322	-5.9551	-6.1869	-3.0819	-1.8300	-0.4636	-1.3915	-9.0060
-8.2284	-2.3961	-0.4220	-1.8728	-2.2577	-1.8299	-3.3475	-2.9007	-3.7501	-1.1830	-0.1276	-4.7606
-6.6181	-1.7497	-2.2926	-1.8164	-2.1656	-4.7486	-4.3206	-1.9137	-2.5988	-1.1123	-2.7692	-9.3970
-9.4084	-1.4709	-1.2273	-2.7761	-3.7110	-2.2968	-4.4864	-5.3440	-0.8769	-2.3059	-2.0997	-5.3567
-6.6274	-1.8330	-0.3373	-2.3809	-0.9880	-2.7717	-3.2213	-2.2470	-2.0979	-1.8589	-4.6833	-6.4914
-8.3897	-2.1070	-2.0854	-2.7257	-1.8976	-3.3106	-3.6563	-2.1919	-1.8622	-1.4998	-3.2866	-6.6011
-8.9702	-1.2516	-1.1155	-3.3042	-3.0993	-3.3005	-3.1250	-2.9532	-2.8738	-1.9045	-2.0440	-5.2466
-7.4379	-1.1916	-1.8777	-2.2629	-2.1131	-5.2172	-4.5810	-3.8376	-1.2765	-1.2948	-2.1817	-4.5144
-6.5650	-1.7441	-0.2870	-2.2719	-2.6126	-2.9883	-2.4732	-3.4918	-1.3930	-0.6927	-3.2318	-8.8049
-5.9597	-0.8371	-1.4691	-3.4370	-3.1288	-4.3889	-4.0896	-1.9267	-1.6337	-0.5238	-2.0368	-6.7505
-6.7981	-2.5845	-1.1442	-4.0198	-2.8420	-1.9726	-3.4329	-4.2419	-2.7552	-0.7694	-2.2300	-7.4002
-9.4404	-2.3578	-0.7886	-3.4147	-4.0143	-1.6585	-2.4055	-4.3227	-1.7403	-1.6655	-3.2214	-5.9248
-10.1439	-1.9045	-0.5086	-1.2087	-3.7418	-5.0613	-3.2275	-2.6447	-4.2700	-0.8389	-0.4125	-9.5072
-8.9714	-1.1951	-1.1079	-2.4147	-3.7471	-2.5326	-2.2851	-4.3697	-1.3696	-0.6833	-1.5702	-6.6833
-7.0495	-1.5871	-2.3167	-4.3482	-1.8445	-3.0526	-3.6205	-3.3092	-2.2915	-1.8270	-3.1296	-5.1205
-6.9353	-1.5354	-1.5438	-3.0194	-3.5969	-3.2296	-2.3949	-4.7823	-1.9372	0.1039	-3.5251	-6.0841
-8.1298	-2.2476	-1.2015	-2.9750	-5.4926	-3.1197	-3.2573	-2.8613	-3.7409	-2.7089	0.0292	-6.6781
-6.3676	-1.1880	-1.4136	-2.7785	-1.5008	-3.6316	-4.5019	-4.4122	-4.4912	0.0308	-2.6458	-8.6966
-9.1284	-2.1121	-0.6825	-1.5781	-3.2756	-5.2132	-3.5163	-1.0630	-3.6827	-2.1984	-1.0449	-6.7147
-5.3677	-0.2716	-1.1704	-3.6060	-5.2383	-1.9432	-2.8700	-2.7596	-3.3142	-1.2606	-3.7673	-5.8834
-4.9490	-3.1725	-2.6517	-1.8989	-2.7443	-5.3773	-4.8855	-2.3996	-1.1115	-0.3670	-2.7080	-7.9147
-9.3179	-1.7910	-0.8620	-3.0763	-3.9258	-2.0319	-2.8917	-4.7897	-3.2425	-0.5588	-2.0132	-6.2448
-9.1712	-1.8498	-0.6105	-3.3478	-5.1447	-2.5772	-2.6845	-5.7284	-7.3773	-0.5640	-0.9986	-9.2485
-7.7179	-2.1069	-0.1618	-1.8898	-2.5183	-2.8887	-2.6386	-2.3346	-2.6139	-0.4733	-2.0252	-4.6324
-7.7914	-2.1238	-2.5811	-1.9771	-2.5249	-4.9603	-4.3953	-1.8381	-1.7302	-1.5291	-2.5560	-5.8604
-8.7720	-2.4198	-1.0788	-4.7358	-2.4744	-2.3462	-4.3081	-3.3855	-6.2386	-1.7915	0.2387	-5.5873
-8.9014	-2.5290	-0.6318	-3.4736	-4.0840	-2.9801	-2.9810	-3.6235	-4.5362	-0.3652	-2.4108	-8.2527
-5.6280	-2.6290	-2.7448	-2.5234	-2.6675	-3.2601	-4.6918	-3.3055	-2.6896	-3.4460	-1.3241	-4.6474
-6.1857	-0.7045	-1.3385	-1.9032	-3.9183	-3.3537	-1.9826	-4.0060	-3.7842	-0.5861	-1.3930	-7.8402
-5.2577	-1.1868	-1.9157	-3.4200	-2.4649	-2.9704	-1.9411	-2.7627	-3.0999	-2.1906	-1.4256	-5.1589
-8.0601	-0.9180	-1.2404	-5.3562	-2.9929	-0.8896	-1.7098	-5.5798	-4.6406	-0.1977	-0.9855	-7.0988
-7.1460	-0.9802	-1.6629	-5.5765	-4.1164	-2.0785	-1.1821	-2.3886	-3.6432	-1.9993	-0.8856	-4.2925
-7.1873	-1.6193	-0.8512	-2.8577	-2.2715	-1.2704	-2.9112	-5.4641	-4.2459	-1.4062	-1.5449	-4.8116
-5.4931	-2.0337	-1.7645	-4.5547	-3.0529	-3.5611	-3.0259	-1.8276	-2.8679	-1.1094	-3.0896	-6.0347
-5.6523	-1.3650	-2.1289	-2.8858	-4.4406	-2.0991	-0.7309	-2.7059	-4.2514	-2.3839	-1.4027	-6.8522
-5.3215	-1.7654	-1.7624	-2.6550	-3.4464	-3.6151	-2.5068	-1.9187	-1.9308	-0.7770	-3.4887	-5.2592
-5.3244	-1.4594	-4.5816	-3.3381	-2.0303	-3.5511	-5.0925	-2.7667	-2.3037	-1.4206	-1.9977	-5.9537
-5.6573	-0.6624	-2.8433	-4.0789	-1.4136	-3.3600	-4.2185	-2.3337	-2.6757	-1.1865	-1.3615	-4.8480
-5.6432	-5.5509	-1.3606	-0.9929	-2.5846	-2.7180	-2.8248	-1.4984	-1.8202	-2.8631	-2.5000	-3.4149
-8.2219	-1.8601	-1.8027	-3.0833	-1.9761	-2.0593	-3.7282	-4.7856	-4.4085	-3.5764	-1.1873	-5.4190
-7.6301	-2.1802	-1.0180	-3.2638	-3.8539	-4.7081	-2.4088	-2.2634	-4.7942	-1.8449	-2.8983	-5.6095
-7.0621	-3.5711	-0.2022	-1.6411	-2.3673	-4.8258	-2.9530	-1.3278	-3.9933	-2.5415	-2.1117	-6.7672
-8.5983	-2.0578	0.0444	-2.8619	-4.5674	-4.0132	-3.0821	-2.5146	-3.2973	-0.0519	-1.6243	-10.4111
-5.9195	-3.1064	-0.9512	-1.9726	-3.5421	-4.0161	-4.9251	-3.4804	-0.9637	0.2251	-2.3467	-9.0180
-7.0462	-2.9374	-0.7959	-2.9406	-3.1957	-2.9798	-3.3991	-2.6857	-1.9259	-0.4699	-2.1143	-5.9539
-5.6348	-2.7831	-1.9349	-2.4626	-4.4409	-3.6811	-3.4407	-3.0138	-1.9427	-1.1453	-2.3689	-7.2310
-7.0120	-3.0324	0.5340	-2.9689	-5.3358	-2.3366	-3.4702	-2.8125	-0.9199	-0.9531	-2.7208	-7.9104
-6.6652	-3.8127	-1.0100	-2.5221	-4.4261	-4.9412	-2.5084	0.1330	-2.8935	-3.9339	-1.5351	-3.8907
-5.2624	-1.7450	-0.9597	-3.0511	-4.1577	-3.6219	-2.6692	-3.1179	-3.6122	-1.0220	-0.6591	-7.3403
-7.9780	-1.4504	-1.4579	-3.8857	-1.9222	-3.0226	-5.3447	-1.8895	-0.6000	-3.5713	-2.8199	-3.9561
-5.6219	-2.8407	-1.1148	-2.2173	-3.9218	-3.8020	-1.1866	-1.2153	-1.7028	-1.0201	-3.5001	-5.3342
-7.3960	-0.6205	-1.5933	-2.6308	-2.9902	-4.9993	-6.0707	-3.5798	-2.7334	-1.5574	-1.8805	-7.4804
-6.4934	-4.7232	-0.4875	-1.6913	-3.6028	-3.3349	-4.0337	-4.4196	-2.4005	-2.1444	-2.2174	-8.1468
-6.5478	-1.2933	-0.6459	-4.8660	-4.9097	-3.7358	-3.3871	-1.8920	-2.3099	-0.9834	-2.0845	-10.2277
-8.3964	-0.5326	-1.3751	-4.3905	-2.9845	-2.5866	-2.4740	-1.6718	-4.2093	-0.5612	-2.5710	-7.4330
-4.9757	-1.7304	-2.3287	-4.6360	-2.1666	-1.7977	-3.4771	-2.2608	-2.2316	-1.0426	-1.4716	-5.9939
-6.3679	-1.8005	-1.1211	-3.7716	-3.6654	-2.3389	-1.9577	-3.4568	-2.7689	0.1328	-1.0429	-5.4033
-7.8628	-1.7143	0.1386	-3.5097	-4.3122	-1.8405	-6.3191	-4.9749	-0.6317	0.0080	-1.3526	-6.6330
-5.2932	-4.2448	-0.2762	-1.9399	-4.3537	-3.4578	-3.3737	-4.4573	-2.5009	-0.3992	-2.7367	-5.6562
-6.9958	-2.3664	-0.4080	-1.7122	-3.9189	-6.0198	-4.0962	-3.5496	-1.3484	-1.2144	-3.2481	-6.3018
-4.6155	-1.6996	-2.6887	-2.7914	-2.1555	-2.6709	-2.0494	-2.9579	-4.1353	-2.0349	-0.9922	-6.6445
-8.3411	-1.7246	-1.7997	-1.2877	-4.0570	-3.7429	-3.2006	-4.6016	-5.7279	-0.8889	-1.2261	-8.5032
-6.6784	-1.5710	-0.9491	-4.0726	-2.7677	-3.5404	-5.6942	-2.3047	-1.5561	-0.6124	-3.6593	-10.5223
-5.9342	-1.4279	-0.5645	-4.3931	-5.3074	-2.0739	-3.5698	-3.8445	-2.3196	-2.7789	-2.2990	-6.6763
-7.4821	-3.7345	0.2048	-0.2697	-1.8345	-4.4079	-3.8259	-2.2380	-0.9065	-1.0464	-2.0698	-12.9216
-5.4027	-2.0266	-0.9596	-0.8458	-4.6516	-5.7812	-3.5075	-2.0323	-0.8756	-1.4234	-4.3706	-3.3368
-6.9654	-2.2960	0.0780	-3.2231	-2.6474	-2.0294	-3.6976	-4.7489	-6.2991	-0.4880	-0.7279	-11.8399
-3.9735	-1.9919	-0.9316	-3.6086	-2.1572	-3.0539	-3.8337	-2.1171	-1.4208	-3.0348	-4.3271	-5.0753
-7.2262	-2.1150	-1.2392	-5.4443	-5.2065	-4.5043	-1.4014	-2.1692	-4.0418	-1.5410	-2.3654	-5.7922
-9.9879	-1.8276	-1.4095	-2.4028	-3.3506	-3.9040	-3.1864	-2.6678	-1.5178	-1.3199	-3.2502	-10.3753
-6.6525	-2.0409	-0.7860	-1.9160	-3.8913	-3.2254	-2.0781	-2.5909	-3.9433	-2.0403	-2.2116	-4.0656
-8.9836	-0.6291	-1.0473	-3.5444	-5.7070	-4.2894	-2.7120	-1.4483	-2.3848	-3.1477	-2.8682	-5.4408
-7.9183	-2.8069	0.8423	-1.7088	-4.6778	-4.5813	-2.6406	-1.7847	-1.0096	-1.0061	-2.5114	-7.8228
-6.4987	-1.8077	-2.1866	-2.1553	-3.0832	-5.8520	-2.0389	-1.7862	-3.0786	-1.9207	-1.3814	-8.6038
-7.4952	-0.9535	-1.3557	-2.0481	-1.1905	-4.4726	-6.3875	-2.1936	-1.9842	-0.7739	-2.0655	-6.6794
-6.3873	-1.7114	-0.3707	-2.7662	-1.7340	-3.3411	-7.9746	-3.4237	-2.2227	-1.1478	-2.7735	-8.9248
-5.1235	-2.9708	-0.6874	-1.9537	-3.9735	-3.8450	-3.8817	-5.2941	-2.3832	-0.2152	-2.5908	-6.8359
-5.4879	-1.4363	-0.2328	-2.4048	-2.5934	-4.1312	-6.9305	-4.8409	-2.1436	0.4945	-4.4712	-5.9237
-5.4717	-1.7456	-0.8065	-2.7596	-2.8965	-2.2895	-3.5572	-1.8976	-2.3377	-2.2165	-1.2965	-4.2106
-7.1879	-1.5529	-0.4830	-4.0100	-3.6940	-2.7076	-3.0517	-5.2714	-2.0993	-0.4215	-2.3880	-7.8509
-6.8566	-1.2146	-0.8022	-2.7405	-3.8603	-4.2907	-2.2031	-2.5071	-3.4068	-2.2708	-2.5058	-8.5389
-6.7206	-2.4395	0.0188	-2.5062	-5.4234	-3.5191	-1.5218	-2.0188	-5.4884	-4.0409	-1.2076	-5.0968
-6.2910	-1.4791	-1.2054	-5.4632	-3.6951	-4.2774	-4.0430	-3.6619	-3.1894	-0.4924	-2.4670	-8.2836
-6.9554	-1.4333	-0.9497	-2.2265	-4.4190	-4.4178	-3.0875	-3.5883	-2.7778	-1.2549	-3.1733	-4.9543
-7.0035	-2.4265	-0.5073	-1.6248	-2.7358	-3.2324	-3.7950	-3.5268	-3.9154	-1.2533	-1.3116	-6.3950
-7.4351	-2.9055	-0.5352	-2.6504	-1.8465	-3.8218	-4.0321	-2.2088	-2.6674	-2.2654	-1.5066	-5.9896
-5.1262	-2.0865	-1.1465	-4.9702	-5.3871	-2.2601	-2.3647	-4.6547	-4.4646	-0.6208	-1.5828	-6.4092
-7.8183	-2.0627	-2.1011	-2.3087	-2.9585	-3.0021	-2.9182	-6.2416	-2.8166	-0.4285	-2.1062	-6.4973
-6.1397	-0.9255	-2.6614	-0.7028	-1.5691	-2.7340	-7.2112	-5.5585	-1.5077	-0.5473	-0.5007	-5.3999
-5.2599	-3.8829	-1.1327	-1.3833	-3.4232	-3.0446	-2.9046	-3.9101	-4.2143	-1.2051	-2.2382	-5.6580
-7.2997	-2.3774	-0.0697	-3.2573	-4.7754	-2.6412	-1.2777	-3.2275	-4.0878	-0.8253	-1.1923	-8.1460
-7.9023	-1.4608	-0.2369	-3.0480	-5.0950	-2.4218	-1.7663	-2.7761	-5.1934	-1.0956	-1.0216	-8.2723
-8.7873	-1.3510	-0.1444	-3.1733	-3.6535	-1.6334	-1.3696	-3.4745	-3.1291	-0.3571	-2.4155	-5.8455
-4.0685	-2.9214	-1.9227	-0.6844	-0.7829	-5.2305	-7.6113	-1.6458	-1.7506	-1.9912	-0.9256	-5.9984
-7.1364	-1.6368	-0.7698	-3.5524	-2.0392	-2.4467	-4.6766	-5.4425	-3.0573	-1.6327	-1.3838	-6.0280
-7.1903	-1.3565	-1.8666	-4.3156	-2.5075	-3.0682	-2.1237	-2.2946	-2.7243	-2.1969	-1.1276	-5.4545
-6.4083	-0.4966	-0.8699	-3.9906	-3.2253	-4.1056	-3.9032	-1.2461	-2.8937	-2.4860	-1.9958	-4.8217
-6.2178	-1.5715	-1.3039	-3.6945	-1.7686	-1.4381	-4.7658	-2.2094	-2.2090	-3.2287	-2.1171	-5.3228
-6.6610	-1.0584	-0.4827	-2.2312	-5.2058	-4.4287	-2.6660	-3.2035	-6.4802	-1.0380	-1.6057	-7.4645
-6.1558	-2.5685	-0.3441	-4.1766	-6.2741	-3.1806	-1.4394	-1.5303	-3.2632	-2.9481	-1.0994	-5.3811
-6.6347	-2.6563	-0.6472	-2.0617	-2.0795	-4.3251	-3.1263	-2.9339	-3.2631	-0.4121	-1.9982	-6.5923
-7.4168	-0.6954	-1.5803	-3.1633	-1.7623	-3.2685	-5.8733	-4.5848	-2.2003	-1.2277	-1.8543	-8.3938
-7.1355	-3.5908	0.5450	-1.9353	-5.2073	-4.0244	-3.4542	-3.4703	-2.3474	-2.1772	-1.9831	-6.6805
-6.1877	-2.0562	-0.5278	-2.8372	-3.0138	-2.3211	-3.3479	-6.2459	-3.7134	0.4659	-2.1486	-8.4677
-5.6963	-4.6082	-0.9348	-1.6606	-3.3455	-3.3158	-1.0523	-3.1088	-4.9952	-1.4053	-1.7599	-8.8535
-8.4573	-2.0903	-0.2407	-3.9270	-6.2951	-1.6279	-1.7407	-4.9710	-4.5924	-1.4145	-1.4606	-6.1156
-7.0673	-1.5262	-1.5050	-2.7576	-2.9974	-3.0717	-1.5593	-3.8804	-3.8464	-0.0153	-1.7124	-9.0974
-6.6902	-2.0470	-1.8739	-5.4691	-2.9793	-1.3968	-2.5766	-2.8696	-2.9953	-1.6604	-1.6209	-6.6562
-10.8536	-1.7848	-0.2158	-3.6310	-3.4096	-5.4617	-5.9493	-2.6391	-2.3273	-0.5454	-2.0675	-6.1675
-6.9111	-3.2536	-0.0678	-2.2045	-5.9213	-4.0755	-2.1434	-3.1256	-2.2090	-0.4375	-2.4947	-4.3665
-6.1275	-1.7492	-0.5516	-2.8701	-2.6272	-3.6676	-3.9778	-4.2278	-2.9103	0.1775	-1.7144	-8.9205
-6.5419	-2.1652	-1.0402	-4.6898	-2.5933	-2.2972	-4.4390	-3.3871	-1.7259	-0.1944	-2.1261	-6.9854
-6.2959	-1.5401	-1.3040	-5.6963	-3.2217	-2.2699	-3.4439	-3.6163	-2.9639	-1.2408	-1.3725	-6.3702
-7.2239	-3.9560	-1.1856	-0.6722	-1.7839	-4.1284	-4.3597	-4.5578	-3.0663	-0.5673	-0.9425	-10.1105
-7.8536	-2.2325	-1.7658	-2.8869	-3.6536	-1.0226	-2.2645	-1.9178	-1.8671	-1.3689	-3.5830	-5.3564
-8.3298	-2.0902	-0.4699	-3.6706	-4.5519	-2.2792	-2.1383	-4.3587	-3.5036	-1.1741	-2.1156	-6.4454
-8.1680	-1.2025	-1.1099	-4.5626	-3.5810	-1.3892	-2.9421	-9.0509	-3.9914	-0.3689	-2.8067	-7.0156
-6.0750	-2.0888	-1.5068	-6.5408	-5.4284	-1.7743	-3.0998	-7.9822	-4.2420	-0.1701	-0.7655	-10.5294
-5.2972	-4.0592	-2.1625	-1.7302	-4.1824	-3.5885	-3.0996	-3.1039	-2.1682	-0.0791	-2.3933	-6.9845
-6.9331	-1.8377	-1.5073	-4.7511	-3.9214	-1.4797	-2.7763	-2.6330	-4.4282	-2.4044	-2.1564	-6.2990
-8.1515	-1.1707	-1.6649	-3.6993	-3.3714	-0.6711	-2.1290	-3.3903	-5.2356	-1.9182	-0.1599	-4.7406
-9.2406	-2.1756	-0.3403	-2.1943	-3.0168	-1.6035	-3.1481	-3.3609	-1.1504	-1.5193	-2.8345	-7.0017
-6.2519	-1.5345	-1.6923	-3.7896	-3.4379	-2.8315	-2.2672	-3.6510	-3.9690	-1.2218	-1.9652	-8.5986
-11.6346	-3.0761	-1.0377	-1.0725	-2.1596	-2.4026	-1.8304	-3.5890	-4.5269	-2.4042	-1.5732	-6.2992
-7.3897	-3.1315	0.6221	-1.4277	-2.9020	-4.3996	-2.6985	-2.8498	-4.5498	-0.9425	-1.4161	-8.7867
-4.5025	-1.6482	-1.8109	-4.5917	-2.7597	-1.2441	-2.5260	-4.7928	-4.0520	0.0668	-2.1777	-5.8094
-7.2493	-1.7165	-1.9469	-4.4670	-3.7231	-1.8315	-3.6117	-6.0833	-2.4952	0.6189	-0.3607	-7.6832
-5.7879	-1.7454	-2.2122	-1.4597	-1.4851	-3.8063	-4.1787	-2.1396	-1.0178	-0.1503	-3.1554	-5.5755
-5.7353	-1.9270	-1.3062	-3.1572	-2.6112	-4.1373	-3.4479	-2.5321	-2.2548	-1.8796	-1.4227	-6.3734
-7.1729	-3.1590	-0.7691	-1.5294	-3.5494	-2.2959	-2.4468	-3.8243	-3.6710	-2.2592	-1.8377	-5.1556
-9.8537	-1.5824	-1.0866	-1.9045	-3.0408	-4.0975	-4.3500	-2.2609	-2.6600	-1.9323	-1.5197	-6.4746
-6.9569	-2.9935	-0.6297	-1.8456	-4.4760	-4.9481	-5.0679	-2.5081	-0.9468	-1.9053	-3.3424	-6.0993
-8.2568	-1.4139	-1.5808	-3.6185	-2.5139	-2.2836	-2.8564	-2.6537	-3.5684	-1.2442	-2.1378	-6.7785
-5.3629	-3.4079	-0.8600	-0.1272	-3.5016	-5.0753	-4.1396	-3.9464	-1.3502	0.2842	-2.2708	-7.3704
-6.2620	-4.5533	-1.5475	-1.0808	-3.9578	-3.5556	-1.5270	-2.6078	-5.8878	-1.5277	-2.4077	-5.9485
-6.0191	-1.7324	-1.7306	-2.3322	-1.9023	-2.3829	-4.2942	-5.0885	-3.9415	-0.6125	-3.3942	-3.3559
-8.3872	-3.3043	0.2368	-2.2548	-4.6375	-2.2501	-2.2855	-1.9396	-2.1266	-3.0299	-1.4941	-5.4493
-9.2550	-2.2912	-1.8326	-2.2110	-1.2692	-3.8482	-4.5570	-2.2512	-2.7286	-1.4418	-1.8524	-7.9183
-8.6632	-1.7887	-0.6334	-2.6355	-5.2047	-2.0739	-1.3044	-3.2640	-3.3767	-1.2768	-1.0624	-7.4603
-6.6234	-0.5193	-1.3667	-3.7437	-2.8486	-3.6937	-3.0353	-3.8971	-3.7051	-1.7903	-2.1002	-6.4509
-8.2838	-0.8946	-0.6582	-3.4396	-3.3015	-3.1515	-5.4037	-3.7207	-2.9886	-1.8644	-1.4773	-8.2755
-6.6142	-0.7461	-1.6807	-4.1964	-5.0095	-3.4584	-1.8001	-1.0611	-0.8948	-1.4210	-2.8473	-7.2471
-8.4360	-0.8281	-2.7397	-9.5689	-3.0781	-0.9619	-3.1783	-2.4465	-0.6093	-2.2245	-2.0260	-5.1288
-9.0017	-1.0691	-0.2849	-2.1806	-2.1245	-1.7317	-4.1243	-4.5727	-2.7166	-0.3985	-0.8863	-6.7691
-6.2094	-0.9430	-2.2157	-2.7823	-1.4893	-1.6233	-5.8376	-6.3149	-0.9915	0.6110	-2.9121	-4.5595
-8.4992	-1.8062	-1.0261	-3.9021	-3.1535	-2.9321	-2.7100	-2.4910	-1.6672	-1.0068	-1.8148	-9.9934
-6.0500	-1.3634	-1.4506	-3.3352	-3.4202	-2.2423	-3.0601	-1.5224	-2.4000	-2.5838	-1.9842	-5.4443
-4.9154	-1.2356	-1.6206	-2.6808	-2.9426	-2.0882	-1.9560	-1.7308	-3.3851	-1.9123	-1.8471	-5.4742
-8.4691	-2.8303	-1.3534	-3.4169	-2.0634	-1.6530	-6.1741	-5.2226	-0.7092	-0.4074	-2.4545	-8.3868
-7.0463	-3.1835	-0.1508	-2.2515	-2.8259	-2.9903	-3.7201	-1.7120	-1.9584	-1.1595	-2.1453	-6.5952
-7.0448	-3.3704	0.2292	-2.0764	-5.1230	-2.6932	-3.2329	-5.3876	-2.5148	-0.7741	-1.8896	-5.5493
-8.2805	-3.4719	-0.0240	-2.3073	-3.5247	-4.2548	-2.9374	-2.5470	-2.0610	0.8175	-1.5035	-8.9313
-6.1478	-2.1666	-0.1084	-2.5250	-2.8864	-3.1561	-2.6380	-2.4740	-3.2387	-0.9174	-1.7070	-10.8887
-6.3744	-2.3759	-1.2866	-2.3854	-4.1433	-1.8165	-2.8323	-3.1901	-2.3382	-1.3007	-1.6708	-9.9093
-10.3940	-1.5652	-0.3990	-3.8946	-3.4440	-2.8533	-4.2722	-1.9274	-2.0451	-0.7480	-3.7153	-5.3601
-5.7967	-1.9922	-0.3823	-5.9080	-3.6719	-2.2883	-3.2360	-3.0769	-2.0137	-0.7476	-1.9770	-5.9900
-8.9631	-2.0523	0.4708	-2.4140	-7.9570	-3.3202	-1.1791	-2.2321	-3.6289	-1.1728	-0.8538	-6.1062
-7.4653	-0.9399	-2.1432	-4.0632	-1.3325	-1.9819	-5.2206	-6.7386	-1.5123	0.1760	-3.2402	-8.4107
-7.1029	-1.0677	-1.3095	-3.2062	-6.3597	-6.4140	-1.6838	-1.0349	-1.5137	-2.5649	-1.7023	-6.1845
-6.8322	-1.4700	-1.1356	-4.1389	-4.6612	-2.0693	-1.9732	-5.6315	-5.2295	-0.6003	0.0873	-7.4372
-4.7915	-5.8087	-0.8840	-1.3646	-3.7065	-6.1612	-2.8713	-1.8191	-2.4403	-2.8711	-2.4185	-5.2848
-8.1153	-2.6758	1.6525	-1.2402	-4.1539	-4.0226	-4.0189	-4.1097	-5.1931	-1.8462	-1.3515	-4.7746
-8.4884	-2.2671	-0.4325	-0.4460	-1.1946	-4.3764	-3.8333	-3.0025	-2.8527	-0.6411	-1.9937	-6.9713
-8.1701	-3.3041	-0.9763	-2.3034	-3.1102	-3.5540	-3.8450	-6.2690	-1.8239	-0.1858	-4.4333	-7.5847
-10.8908	-1.9038	-1.2140	-5.6027	-5.7059	-1.9389	-0.9407	-4.1314	-3.3215	-2.2544	-1.2804	-6.5209
-6.9886	-1.0657	-1.7462	-1.6300	-1.3574	-2.8081	-4.4378	-5.2866	-3.4095	-0.3851	-0.7869	-9.3553
-7.1925	-1.3408	-0.0051	-2.4943	-4.1679	-2.4401	-1.6835	-3.1090	-4.3756	-1.2125	-2.5512	-6.5875
-8.5374	-1.7594	-1.1923	-3.1011	-2.8030	-3.7518	-3.2841	-3.3215	-3.1863	-1.6675	-1.7267	-6.9461
-5.8268	-0.4159	-3.3129	-3.1455	-2.9632	-1.9177	-3.0621	-3.1997	-2.8685	-2.1097	-3.3992	-5.6876
-4.7476	-1.8056	-0.2974	-0.7475	-3.3517	-5.4440	-3.3408	-2.9509	-3.5658	-0.7776	-1.1380	-6.3913
-5.7628	-4.3669	-0.6411	-2.7712	-2.6262	-1.2832	-1.7867	-3.2880	-4.0267	-1.3616	-1.5468	-4.8342
-9.6372	-2.0922	-0.3287	-1.6470	-3.2815	-4.1864	-3.6922	-5.9281	-2.5289	0.5360	-1.3650	-9.4709
-6.2795	-0.5071	-2.1284	-3.3869	-1.1719	-1.6169	-5.9413	-5.3467	-1.8906	0.0884	-2.3262	-11.3467
-4.6200	-0.8090	-3.0586	-4.5812	-4.4311	-2.1090	-3.2779	-6.2096	-2.7456	0.2254	-2.1539	-7.2790
-7.0796	-3.7131	-0.7222	-2.0420	-3.5987	-3.0747	-3.6504	-4.5039	-5.2749	-1.6324	-1.1723	-7.1351
-7.0005	-1.5236	-1.2061	-3.3128	-3.3166	-2.6975	-2.0336	-2.6541	-3.1281	-2.4922	-1.8204	-6.0761
-7.6197	-1.3097	0.4474	-2.9294	-7.5811	-6.1745	-4.3904	-1.4504	-1.4309	-3.2625	-1.9840	-5.7667
-7.3065	-3.5691	-0.7653	-1.8684	-3.0166	-2.7859	-2.7448	-5.5563	-5.1513	-0.5535	-0.7549	-10.4491
-6.6356	-3.5522	-0.3820	-3.0649	-4.7216	-3.9278	-2.3846	-3.4644	-1.5881	-0.6162	-2.0029	-7.8788
-5.8642	-0.9486	-1.9279	-3.4447	-2.9756	-4.6507	-3.8448	-1.8308	-2.7720	-0.9850	-2.7578	-6.3640
-5.4635	-1.9565	-0.5889	-3.4210	-3.1312	-2.8080	-3.4247	-3.1799	-1.9375	-1.0121	-1.6569	-7.5191
-9.0468	-1.3529	0.3062	-2.7091	-4.1164	-2.1170	-2.3211	-2.1752	-5.4741	-2.8510	-0.7371	-9.4147
-5.7769	-3.9036	-1.6976	-2.6861	-1.6723	-3.9572	-1.8886	-2.9937	-5.4564	-1.1547	-2.3897	-6.3430
-10.3909	-1.4715	-1.6902	-3.6086	-1.8381	-2.2586	-3.8125	-4.2068	-1.3832	-0.7599	-1.9903	-8.5943
-3.9043	-2.3653	-1.3886	-3.2362	-3.8399	-3.4266	-1.5130	-2.9431	-4.0649	-3.6166	-0.7114	-4.6909
-9.8250	-0.9787	-2.8613	-4.1036	-2.7511	-2.9643	-1.1509	-3.2035	-5.8429	-1.8279	-3.0492	-5.8572
-8.0934	-1.5557	-0.4358	-3.5592	-5.6737	-2.5674	-2.9093	-6.7899	-2.9563	-1.5255	-2.2561	-9.0840
-4.4997	-2.0381	-3.1909	-4.3374	-2.4217	-3.0118	-2.2825	-2.0516	-2.8834	-1.3304	-2.4669	-6.4882
-7.1821	-0.9861	-1.3331	-6.1141	-4.4714	-3.2665	-2.4987	-2.1088	-6.1241	-3.3610	-0.0769	-5.4700
-6.6295	-2.1552	-0.7475	-3.4275	-3.3390	-4.7146	-4.5109	-2.7873	-4.3675	-1.1204	-0.8105	-6.9935
-7.0075	-3.3798	-0.6432	-2.0914	-4.4277	-3.4660	-2.7800	-1.8424	-4.3409	-1.6386	-2.1313	-6.0218
-7.6796	-1.1720	-1.1481	-3.5796	-2.1921	-1.5395	-2.2462	-3.1093	-4.9298	-2.3146	-0.9157	-5.6299
-5.2915	-2.5423	-1.8997	-2.8465	-2.8154	-2.7047	-1.8140	-2.2623	-5.7727	-0.7969	-1.6973	-10.7313
-5.8197	-2.0065	0.1296	-4.3350	-6.9644	-2.5092	-1.7612	-4.0330	-3.2500	0.0314	-1.9383	-8.8692
-7.3812	-2.0601	-0.7184	-3.1660	-2.4916	-4.4486	-2.8257	-3.0409	-4.7174	-0.9084	-0.7004	-10.3897
-6.4740	-2.4501	-1.3506	-2.2670	-1.2330	-2.9278	-3.7237	-3.1719	-4.0761	-2.3284	-2.5815	-4.4281
-9.3328	-2.5346	-0.0402	-3.8058	-2.7942	-2.0437	-5.6178	-4.2944	-3.3969	-1.5396	-2.3261	-5.4710
-7.3259	-1.0487	-1.8006	-5.5345	-2.8884	-1.3355	-1.9500	-3.3786	-5.8020	-2.1822	-0.9735	-7.1694
-6.6566	-2.6495	-0.3094	-1.6600	-5.8811	-7.5502	-1.4005	-3.2679	-5.2240	-2.6444	-1.4632	-6.5203
-6.5081	-0.9144	-2.2792	-3.7329	-2.0311	-2.0856	-1.8800	-4.4260	-3.4300	-0.9710	-2.8346	-7.4563
-9.3045	-1.8620	-1.1095	-1.7244	-3.1474	-4.9160	-2.7156	-1.3345	-4.0627	-0.1007	-2.9475	-4.9357
-8.0181	-0.8297	-2.0459	-1.5768	-2.5984	-3.9688	-2.1928	-2.8421	-4.0959	-0.3358	-0.4052	-7.0698
-5.8260	-2.1908	-4.0251	-1.9979	-2.4714	-3.8823	-1.7328	-2.7744	-1.8092	0.3427	-1.8022	-11.6805
-11.6476	-2.4924	-0.2148	-0.9814	-3.1751	-2.9115	-1.7371	-3.1768	-3.4047	-0.0604	-2.7265	-7.8853
-9.3575	-1.4895	-1.3500	-3.7282	-3.1554	-6.0620	-2.6767	-1.9449	-2.5321	-1.5997	-1.0768	-8.6364
-6.0160	-2.6548	-2.5670	-3.7230	-4.9878	-4.4264	-3.6873	-1.6818	-1.6430	-1.0831	-1.7575	-12.2962
-8.1570	-3.6786	-1.0058	-1.7909	-2.9231	-2.8229	-3.1226	-2.5136	-2.2333	-2.0963	-0.8393	-5.3772
-4.1893	-3.9102	-2.0371	-2.7366	-1.2397	-0.2767	-2.9105	-2.1383	-4.0715	-3.3683	-1.5613	-4.2290
-8.2074	-1.4674	-0.6880	-4.8179	-6.4291	-2.6335	-1.2242	-3.8050	-3.3424	-0.4452	-1.0181	-10.1933
-9.3753	-1.1549	-0.8539	-4.5136	-6.0428	-3.6186	-0.3914	-1.7729	-2.6382	-1.6214	-2.0632	-6.0806
-6.1577	-2.9324	-1.1039	-1.9538	-3.2371	-3.6447	-3.2029	-4.6556	-1.4166	-0.4195	-3.2139	-8.6066
-6.8690	-0.8274	-3.6296	-5.8712	-2.6308	-3.2045	-3.6824	-3.0119	-3.0120	-0.8538	-2.1572	-9.8131
-5.8114	-2.8690	-1.3119	-2.3343	-2.9108	-3.6628	-3.1933	-1.6743	-2.7371	-1.7752	-0.8533	-8.8656
-8.2080	-0.7135	-0.5468	-4.2708	-4.0963	-1.0368	-1.5656	-4.6084	-2.3041	-0.9281	-3.6714	-5.5147
-6.9762	-2.2339	0.4978	-3.5539	-3.9952	-3.0036	-1.3818	-1.4525	-4.8436	-1.4636	-3.6382	-4.2460
-6.4699	-2.0626	-1.8948	-4.3083	-3.1074	-1.5583	-2.6561	-6.0791	-3.5961	-1.7000	-2.8814	-5.4547
-7.7537	-2.2812	-0.9035	-0.8839	-3.3047	-6.4129	-2.8268	-3.1539	-2.5468	0.3524	-1.8689	-7.1301
-6.0412	-0.9635	-1.0111	-7.0856	-2.9100	-1.0875	-2.2223	-2.4390	-2.4114	-1.4204	-2.1261	-8.9629
-5.9817	-1.2555	-2.3637	-2.8054	-3.0052	-5.3073	-1.9247	-1.0934	-4.2630	-3.6042	-2.3077	-4.2270
-7.2443	-1.1617	-1.6727	-4.1166	-2.0365	-3.5195	-3.6278	-3.7816	-4.5956	-0.9859	-1.1214	-6.3409
-3.8025	-1.9816	-2.3994	-3.4531	-3.3072	-3.4438	-2.0749	-3.8574	-4.0455	-0.6688	-2.0002	-4.6560
-8.3018	-2.2410	-1.7234	-2.7549	-1.8107	-3.6398	-4.0647	-2.3177	-3.5553	-1.9162	-1.3934	-6.1204
-6.5888	-0.1029	-0.6713	-4.9903	-2.3409	-2.6915	-2.4284	-4.7656	-3.0520	-0.7334	-3.5524	-6.4168
-7.9687	-1.7705	-0.9157	-3.4660	-3.2373	-2.5519	-4.9847	-3.4238	-2.9337	-1.7258	-1.2601	-5.6937
-5.7868	-0.6610	-1.1286	-2.4030	-3.3628	-3.5809	-3.0637	-4.3240	-2.7238	-0.0507	-2.4797	-5.0902
-6.0082	-1.9687	-2.1278	-2.0528	-1.4146	-3.6500	-3.4543	-2.1881	-2.1738	-0.5443	-1.5814	-9.4600
-6.3225	-2.4011	0.2616	-1.6043	-2.8543	-3.6817	-3.0818	-2.6687	-2.5024	-1.3380	-1.3196	-4.8821
-7.8887	-2.3947	0.1210	-2.1365	-6.4660	-3.2961	-1.5748	-2.7891	-4.8154	-1.2089	-1.4143	-6.3625
-4.9773	-1.6143	-1.2137	-3.1426	-1.6490	-2.9068	-5.6112	-3.4829	-1.6057	-1.7396	-3.2225	-6.1473
-6.3278	-2.3871	0.1676	-2.6819	-4.5365	-4.7572	-3.8711	-4.1052	-3.6399	-0.3087	-0.1456	-7.7236
-6.0975	-1.2444	-1.6943	-3.3927	-2.7315	-2.8929	-2.6552	-3.8486	-3.2067	-2.8593	-1.2656	-4.8069
-6.5728	-1.7492	-2.9596	-5.9261	-2.2232	-1.5295	-2.5430	-4.2971	-5.9870	-0.8090	-1.3726	-8.5235
-6.4270	-1.2592	-1.6599	-1.0314	-2.5763	-3.7925	-3.2725	-2.1952	-3.4712	-0.7691	-0.5004	-7.7655
-4.7174	-3.2946	-1.6777	-1.9296	-1.6847	-2.6770	-2.5718	-3.4817	-2.8670	-2.1985	-2.4810	-6.1872
-7.4332	-1.9574	-1.3495	-2.6818	-1.6753	-4.0391	-3.9609	-3.1715	-1.3989	-1.4321	-3.0821	-6.1620
-9.4072	-2.6350	-0.3674	-1.4995	-2.1722	-3.8962	-2.5392	-4.3239	-1.4993	-1.9281	-1.5731	-6.9703
-6.2192	-2.6572	-0.2361	-1.5780	-2.4103	-2.3699	-4.0927	-2.3134	-2.6608	-1.6240	-3.4831	-5.4389
-8.6905	-0.9536	0.4822	-4.6310	-5.4341	-2.1341	-0.5190	-5.5867	-8.2601	-0.9033	-0.9063	-4.3775
-5.4898	-2.7051	-1.1431	-3.4268	-1.9562	-2.5169	-3.3511	-2.7264	-1.9455	-0.7152	-3.3524	-8.5517
-8.2825	-1.1775	-1.3812	-4.7089	-2.9232	-3.8822	-3.2514	-3.5178	-1.6554	0.6369	-3.0247	-10.4095
-5.2637	-1.2556	-3.1084	-2.4732	-2.2735	-2.8066	-2.4589	-7.1728	-4.3981	0.3675	-0.9410	-15.0160
-8.2764	-1.6019	-0.4109	-3.7090	-2.5007	-3.0646	-4.6337	-2.2301	-2.6819	-1.2705	-0.4900	-6.3508
-8.0840	-0.9294	0.3571	-1.2935	-4.0603	-3.0263	-3.1085	-5.0997	-4.2567	-1.7583	-2.1116	-8.1568
-4.7462	-3.4527	-1.6313	-1.6458	-2.0959	-4.2901	-4.4167	-3.7152	-0.6031	-1.2152	-2.5744	-9.5265
-5.2517	-1.5247	-2.1292	-4.2699	-2.4356	-1.9956	-3.1344	-2.3966	-2.5501	-3.1663	-0.9071	-4.3138
-5.8960	-0.3612	-1.5724	-3.5551	-4.0246	-2.4614	-2.1284	-5.6623	-4.0183	0.4657	-1.4490	-11.9271
-7.5614	-1.6286	-0.7246	-3.3683	-3.4071	-2.7444	-3.4070	-4.3630	-1.4915	0.2342	-2.4027	-11.5741
-5.2318	-0.9785	-0.5579	-2.3051	-3.9829	-3.8573	-3.7861	-4.3195	-3.1553	-0.8938	-1.3433	-8.7409
-5.6055	-1.0947	-2.2087	-4.7750	-3.0806	-2.2432	-2.7418	-4.0467	-4.2331	-1.4067	-0.5171	-5.4360
-6.7310	-1.9960	-1.3820	-2.2201	-2.2854	-3.0922	-3.3559	-4.0002	-3.8639	-1.1700	-0.8239	-8.6585
-5.0794	-4.8107	0.2472	-2.3021	-3.3278	-2.8184	-3.0370	-4.4884	-4.1432	-0.8306	-3.6959	-5.7764
-7.5491	-1.5182	-0.7929	-2.3211	-2.9118	-2.2278	-2.6859	-3.9727	-2.7376	-0.7620	-3.2216	-5.2987
-10.9063	-0.9466	-0.4824	-7.2888	-4.1023	-1.7280	-2.3928	-4.0159	-3.2887	-1.8400	-2.2171	-6.2206
-4.9541	-1.3841	-2.6236	-4.2244	-3.4076	-3.0215	-4.0171	-3.5067	-3.0211	-1.1227	-1.8283	-5.8673
-3.1581	-2.6905	-1.6566	-1.8742	-1.9615	-2.5272	-4.2367	-3.0358	-1.5265	-1.2719	-4.0536	-4.1726
-7.0855	-1.6196	-1.0083	-2.4280	-3.6008	-5.0674	-3.5348	-0.6959	-2.3912	-3.0916	-2.3300	-7.6774
-5.6721	-0.8851	-3.8575	-2.9353	-1.9709	-2.3753	-3.0302	-1.5119	-0.4094	-3.9182	-1.9197	-4.3129
-6.9560	-1.4595	-2.2211	-2.3111	-2.6224	-3.2767	-2.5655	-4.8499	-2.8193	0.7477	-1.8281	-6.6988
-5.9539	-2.5178	-1.8399	-2.6187	-2.7056	-4.2005	-4.8212	-2.7500	-1.7517	-1.0763	-2.2068	-8.1450
-8.9584	-0.9598	-1.3708	-4.4848	-4.8068	-3.1988	-2.1735	-3.6792	-4.4595	-2.3541	-1.6189	-5.1499
-8.0918	-3.1797	-0.0086	-1.8456	-5.2870	-5.3774	-2.8695	-2.1033	-4.0249	-0.9194	-1.9673	-10.1413
-7.1897	-0.4999	-0.4356	-6.0421	-4.5435	-2.0028	-0.6945	-3.8862	-5.2930	-2.3053	-2.1692	-6.0554
-5.7987	-0.8483	-1.6042	-3.5548	-3.4687	-4.7312	-4.2005	-2.4539	-1.1126	-2.5839	-1.3659	-7.9708
-6.0269	-2.9655	-2.0021	-1.9217	-3.3053	-5.2102	-3.8670	-4.3157	-3.8342	-1.5106	-2.2148	-6.3047
-6.2199	-2.8941	-0.3455	-4.1687	-3.1235	-3.2573	-3.4842	-1.4242	-2.4966	-2.0746	-3.6374	-5.2179
-7.0248	-1.1718	-0.6986	-3.8573	-3.9271	-3.3441	-3.8654	-4.5674	-2.0227	-0.7861	-2.1315	-8.1313
-8.0569	-2.2495	-0.3859	-3.0616	-4.0594	-3.3395	-2.3313	-3.6033	-3.4208	-0.8230	-1.8613	-9.5150
-5.3608	-1.9217	-2.5012	-8.2122	-4.0389	-1.0162	-1.3614	-4.2299	-4.6195	-0.5091	-1.0505	-15.0840
-5.6105	-2.4630	-1.0658	-4.4854	-3.0099	-2.8852	-3.4224	-2.5450	-2.4003	-1.0206	-2.7908	-6.1840
-7.1936	-1.2410	-4.3331	-4.5271	-3.1267	-2.9250	-2.1903	-3.0721	-2.9403	-2.0684	-4.4308	-6.9597
-4.3841	-1.2661	-1.7423	-6.1980	-4.6182	-2.9165	-1.7169	-2.3468	-4.0506	-1.0070	-2.0561	-8.0909
-6.8920	-3.1535	-2.1344	-1.4573	-1.4369	-4.3309	-3.1851	-1.7246	-2.1769	-1.7478	-1.8534	-5.6642
-10.1928	-2.7102	-0.9333	-1.7730	-2.7184	-4.9250	-4.9797	-4.3370	-3.1615	-0.3797	-1.1781	-9.2146
-7.9191	-3.2162	-2.2996	-2.5993	-2.4336	-1.2031	-3.9740	-4.3904	-2.0672	-1.1957	-3.2364	-7.3963
-7.0931	-1.5333	-2.4710	-4.4697	-2.7960	-2.4063	-2.5752	-3.7879	-3.8644	-0.4645	-1.4032	-7.1738
-6.4278	-2.4622	-1.5329	-1.8595	-3.3282	-4.2405	-4.9123	-3.3044	-0.9776	0.0683	-2.7716	-6.0257
-5.7802	-0.6331	-2.0366	-4.1878	-4.3074	-2.8987	-2.7616	-3.2949	-2.4357	-1.5118	-3.0805	-7.2175
-6.0076	-2.6472	-2.1891	-3.5575	-4.2863	-2.5173	-1.8290	-1.1580	-2.3365	-4.2522	-0.8846	-4.9852
-6.4262	-1.8124	-1.4372	-4.3435	-5.1451	-2.5723	-1.8241	-2.3899	-3.2363	-2.7827	-2.6983	-5.4948
-5.8958	-2.3926	-1.4908	-3.5328	-3.0548	-2.1767	-4.5634	-3.7740	-2.2327	-1.1259	-1.4947	-8.0461
-8.9996	-0.8174	0.2930	-2.1079	-3.0876	-2.6084	-1.8152	-1.9720	-2.5548	-4.6896	-1.7961	-5.8352
-8.4904	-1.1880	0.8324	-5.5722	-7.1205	-2.3454	-1.3590	-3.4848	-3.7325	-2.3711	-1.0578	-8.1111
-5.6815	-2.2959	-2.0836	-3.2812	-1.6183	-1.7050	-5.3118	-5.0679	-2.9567	-0.4344	-2.5311	-6.2558
-5.7723	-1.5249	-1.8676	-3.9985	-4.4216	-1.8463	-2.2263	-2.8396	-3.1470	-1.2689	-1.0694	-8.5051
-10.5260	-2.2966	-0.6862	-4.5217	-4.0992	-2.2108	-2.7947	-3.1166	-4.6108	-1.2489	-0.3367	-9.2013
-6.2429	-2.0058	-0.7462	-2.4094	-2.5843	-4.5085	-5.3578	-1.5054	-2.0218	-2.1544	-0.8461	-9.2278
-7.5571	-0.9595	-2.6245	-3.6054	-3.3955	-3.5899	-2.2428	-2.0721	-3.4278	-1.6874	-1.4272	-7.6055
-5.2968	-2.0235	1.0958	-1.9208	-2.9748	-3.3346	-4.3944	-2.6499	-2.3493	-0.8309	-1.4297	-6.8997
-5.7281	-1.4590	-1.6879	-2.3428	-4.4034	-3.5958	-3.4020	-2.2065	-2.5978	-2.0202	-2.8120	-5.3335
-7.2561	-0.5671	-2.6544	-4.5634	-2.1120	-2.9904	-5.2284	-4.1513	-0.8482	-0.6524	-6.3490	-5.3369
-9.3345	-1.4662	-2.0616	-3.7928	-2.1985	-1.7131	-2.0169	-3.1496	-3.9896	-2.7664	-0.2263	-5.2180
-6.9476	-1.1581	0.2570	-4.0935	-3.6407	-3.0945	-2.3558	-3.3228	-5.4921	-1.6891	-1.8899	-5.5886
-6.4758	-4.0727	-0.8175	-2.7840	-3.1426	-4.2779	-2.1505	-2.2526	-2.8961	-1.2184	-2.0930	-6.8071
-5.0774	-1.8428	-0.0449	-0.7942	-5.1725	-4.8562	-1.4311	-2.4455	-3.8862	-0.7485	-0.9863	-8.4260
-9.5380	-1.4954	-1.5353	-1.2450	-3.4681	-4.2056	-3.7660	-2.3825	-1.7430	-1.6528	-3.4042	-5.1885
-8.7152	-2.5412	-0.0760	-2.2293	-3.3975	-2.4867	-4.4555	-3.2199	-1.6160	-1.2593	-2.8999	-6.3860
-7.6117	-1.1503	-1.7980	-4.0860	-3.3614	-4.3620	-3.1630	-3.3634	-1.4564	-0.5705	-2.3652	-12.4269
-9.3420	-0.5846	-0.5865	-2.7456	-3.5377	-4.5395	-4.6361	-3.4936	-2.3827	-0.3921	-1.9212	-7.4331
-6.2370	-1.5311	-0.7084	-3.6871	-4.0381	-2.1531	-2.1962	-2.9965	-5.3189	-1.1080	-1.6333	-5.8754
-4.6895	-1.3953	-1.4047	-2.8298	-2.3692	-4.5401	-5.6799	-3.4861	-1.6980	0.1697	-2.8763	-7.5158
-4.7939	-2.6160	-1.5775	-4.1438	-2.3863	-2.2995	-2.4825	-4.1833	-7.0892	-0.8021	-1.8280	-5.6378
-12.0850	-0.9298	0.0365	-3.1776	-5.6753	-3.3008	-4.3628	-3.1031	-2.1000	-1.2428	-2.9387	-9.4499
-5.6517	-1.9794	-0.5820	-2.0587	-4.2312	-2.9253	-0.6123	-3.4870	-5.9200	-2.5631	-0.9072	-4.3627
-5.0383	-1.5668	-2.9851	-1.5764	-3.6379	-2.4688	-2.7581	-3.2082	-0.8709	0.5202	-4.0596	-6.5959
-5.8804	-4.1079	-1.4162	-1.7613	-3.2418	-2.9253	-2.8619	-2.5293	-1.8357	-3.9030	-1.9999	-5.3517
-7.6969	-5.3513	-0.6386	-1.6955	-5.4677	-3.9192	-0.8120	-2.4392	-4.7684	-1.4540	-1.9397	-7.8274
-8.4181	-2.4548	-1.0563	-2.2853	-2.0935	-2.7419	-3.0636	-3.8965	-3.1443	-1.7607	-0.6997	-6.4537
-6.8205	-3.1191	-1.6808	-1.8221	-1.4259	-3.1245	-3.4938	-2.0897	-1.0181	-1.4220	-0.7256	-8.5289
-6.2713	-2.5585	-1.4108	-4.9536	-2.5415	-2.6750	-3.2104	-4.5346	-4.7546	-0.5372	-1.7856	-6.3818
-4.5642	-4.0657	-1.4001	-1.9017	-1.4244	-2.8275	-4.1415	-4.3356	-2.6736	-1.3388	-1.2629	-7.1658
-9.4001	-2.3057	-1.5711	-2.0621	-3.0597	-2.8465	-3.4091	-3.6642	-1.8851	-0.5738	-3.3100	-8.4584
-6.4853	-2.7499	-1.3732	-2.7379	-2.3451	-3.1946	-6.1318	-2.1174	-1.0254	-3.0163	-2.5793	-5.1658
-6.9684	-2.1674	-1.7040	-4.7082	-3.0616	-3.3676	-3.7416	-3.9099	-7.3705	-0.6181	-0.7558	-12.1072
-6.8482	-2.2189	-1.5086	-3.1997	-4.4685	-2.8277	-1.7957	-4.1159	-2.8220	-0.5861	-2.9488	-9.1371
-4.0697	-1.6074	-0.9401	-5.1370	-4.4702	-1.7051	-2.0852	-4.9975	-3.4707	-1.4704	-1.3916	-6.2501
-7.5165	-2.8904	-1.4825	-0.9877	-2.5194	-2.8501	-7.1186	-5.3765	-1.8599	-0.0619	-1.5118	-8.6835
-5.0561	-3.2786	-2.0680	-3.4845	-3.7678	-2.8890	-1.5519	-3.5202	-4.0718	0.2163	-0.4028	-7.8922
-4.0142	-0.4417	-2.4533	-7.0609	-3.1977	-1.7120	-2.2697	-3.7231	-3.7480	-0.2078	-1.7156	-8.4241
-5.8081	-1.3194	-4.2443	-2.7265	-1.3837	-3.7232	-2.9089	-3.5836	-5.1168	-1.6047	-0.5540	-5.4182
-7.4457	-1.7032	-1.7905	-3.4159	-4.1555	-4.2060	-3.0351	-2.3696	-1.9600	-2.4508	-3.2969	-5.7076
-4.7460	-0.7259	-2.4922	-3.4636	-2.6674	-2.4705	-3.2391	-2.5364	-3.9230	-0.7634	-1.9841	-7.7440
-9.3566	-1.4961	-1.3076	-3.3029	-3.6912	-4.7249	-1.5979	-1.8642	-4.3447	-1.4729	-0.6833	-9.0799
-7.3378	-1.4646	-1.7275	-3.3466	-1.8036	-2.0163	-2.1388	-6.1967	-5.3148	0.0349	-0.7526	-13.5288
-9.3906	-1.3361	-0.3409	-4.5573	-4.4663	-2.9141	-1.8578	-2.8038	-4.8997	-0.6611	-2.1502	-5.6977
-6.3663	-2.1130	-1.2306	-2.9619	-3.1260	-3.1847	-3.7327	-2.4837	-3.0940	-1.1191	-1.7014	-4.3911
-6.2986	-3.0300	0.1051	-1.7280	-5.1713	-3.8923	-2.9677	-1.7512	-3.2484	-2.8855	-0.8411	-4.6636
-6.6928	-1.1986	-0.9779	-4.4029	-2.1874	-4.0932	-2.8835	-1.6177	-3.7798	-3.9912	-1.1933	-3.8954
-6.5859	-1.6368	0.1928	-3.8872	-3.4412	-1.0163	-4.6197	-4.9891	-3.4730	0.1003	-1.6519	-8.2212
-5.3698	-4.2236	-0.9028	-1.3031	-3.0741	-4.2715	-3.5585	-1.6850	-2.0748	-3.4153	-1.5879	-5.3905
-6.0001	-1.4883	-2.4024	-3.5064	-2.1888	-3.9281	-1.7919	-3.1391	-4.5911	-0.7988	-1.3091	-6.7090
-8.2785	-1.3666	-2.5123	-3.5197	-3.2158	-3.2322	-1.3077	-2.0602	-3.0953	-1.7888	-2.4317	-7.6410
-6.8974	-0.0949	-0.1388	-4.7292	-3.8597	-3.6635	-1.9490	-2.5847	-3.7727	-2.7246	-1.7247	-7.8873
-8.2730	-1.3702	-1.3785	-1.6213	-2.3792	-3.5756	-3.4380	-3.1901	-3.7788	-2.5974	-1.4929	-3.7326
-6.2277	-1.5173	-1.5285	-3.7972	-0.9246	-3.1828	-4.4756	-2.7956	-1.7776	-0.8683	-3.6359	-6.5535
-5.8125	-1.4788	-1.7440	-3.6302	-1.8119	-2.7159	-5.3562	-3.7375	-3.0669	-0.4860	-1.3338	-7.6567
-8.3657	-2.3396	-1.2798	-1.9891	-2.5109	-2.2389	-1.9456	-3.1064	-5.5177	-1.1318	-1.2747	-8.2906
-8.6505	-2.4572	-0.3610	-2.5327	-3.4206	-4.1599	-2.1189	-2.1371	-3.8848	-3.3427	-0.9912	-5.9070
-6.9851	-1.3627	-0.0268	-4.4358	-3.7741	-2.1921	-2.4204	-4.5639	-5.0986	-0.4357	-2.0157	-5.1681
-10.6049	-1.8234	-1.1761	-4.1669	-2.1556	-3.4394	-1.9270	-1.6112	-2.1689	-0.9494	-4.1311	-7.2467
-9.1261	-0.6999	-1.5773	-4.7661	-2.5078	-3.5274	-2.2021	-2.3300	-2.5439	-2.0675	-1.5531	-5.7745
-7.2997	-0.7902	-0.5621	-2.6535	-4.4569	-3.4308	-2.2496	-2.8966	-3.3037	-0.4804	-1.7521	-7.3964
-5.8154	-1.4447	-4.1046	-3.2600	-1.6843	-2.4542	-3.4720	-3.7878	-5.4016	-1.2301	-1.2216	-9.1392
-6.6470	-2.0701	-1.8505	-2.0816	-2.3244	-3.2805	-1.6976	-1.8563	-3.2709	-4.4913	-0.9822	-6.3677
-5.6154	-2.3242	-0.9786	-3.5728	-3.7142	-1.7211	-2.7772	-7.8885	-3.7654	-0.1773	-1.4503	-7.6058
-4.9835	-2.4698	-2.6101	-4.5100	-2.8561	0.0915	-2.5508	-5.6253	-4.8598	-1.6162	-0.7280	-5.3458
-5.2412	-2.4822	-2.8816	-1.9039	-2.0934	-1.4372	-1.2624	-4.4178	-3.3554	-1.2559	-1.6567	-6.6580
-8.3179	-1.8704	-2.0861	-3.2233	-3.0055	-4.5943	-4.5824	-4.0145	-4.2296	-0.3453	-1.6140	-9.2491
-7.0387	-0.5426	-0.3817	-1.9420	-3.3507	-7.0041	-4.3880	-0.2571	-2.0029	-0.8772	-1.1913	-8.8308
-4.2770	-3.7427	-2.1456	-1.9325	-2.8991	-3.5518	-4.0004	-3.1451	-3.0412	-1.3602	-1.5850	-6.9503
-4.7390	-1.2179	-2.9282	-3.4327	-2.3550	-1.5899	-3.8195	-3.4276	-0.7198	0.4998	-1.7932	-6.7411
-5.3894	-0.4660	-1.7229	-4.0432	-3.0579	-1.8495	-2.2569	-3.4962	-2.7401	-1.2458	-1.1954	-7.5248
-8.1076	-1.5199	-0.5579	-2.9365	-2.4759	-3.8102	-3.0814	-3.0327	-3.2284	0.4516	-2.3155	-6.7074
-5.0784	-1.8739	-1.3809	-1.5100	-3.2960	-4.9476	-4.2736	-0.8633	-1.5863	-2.1821	-2.6501	-7.4631
-5.7182	-1.5312	-1.4438	-3.3752	-3.2350	-1.7316	-1.9760	-3.7908	-4.2408	-0.1472	-3.2193	-6.8032
-7.1001	-3.4586	-0.9366	-2.1479	-5.5566	-2.7135	-0.6637	-4.1697	-4.3501	-1.6794	-2.0246	-6.0414
-5.7122	-1.5808	-1.0955	-3.0578	-2.5127	-2.4280	-5.1299	-2.6720	-1.5441	-1.2916	-2.2498	-5.8735
-8.3616	-1.9882	-1.8977	-4.1031	-2.2230	-2.0717	-2.4870	-3.0341	-4.2750	-1.1799	-1.1151	-6.5758
-8.0218	-1.4820	-0.1126	-2.0211	-3.7802	-4.5724	-3.2419	-2.0070	-1.4488	-0.3215	-1.1537	-10.3593
-8.2560	-3.4670	-0.8897	-2.0596	-3.5099	-2.8920	-3.7949	-5.5362	-2.5771	-0.4417	-1.8746	-6.1142
-5.7811	-1.9495	-0.1251	-2.6242	-7.7882	-3.7566	-1.1809	-2.7291	-6.2068	-2.5447	-0.7586	-4.9153
-7.2597	-3.8745	-1.2145	-2.1855	-3.1537	-2.0386	-0.9115	-4.1001	-4.4130	-1.2791	-0.9485	-6.7476
-8.0744	-2.6030	-1.8760	-2.9251	-3.4944	-3.5364	-2.8609	-3.3236	-3.8001	-2.9572	-1.4888	-6.2751
-5.9462	-1.9456	-0.8632	-1.7345	-3.8870	-4.8690	-3.2814	-2.1336	-0.4097	-1.9313	-2.0071	-5.9993
-4.2664	-0.8667	-1.3625	-3.8712	-2.5952	-3.4502	-4.7453	-3.4216	-2.6396	-0.8901	-1.6425	-6.5662
-5.7629	-2.6788	0.0228	-1.6726	-2.8418	-3.1486	-4.9211	-3.0468	-2.4373	-0.6123	-1.8778	-9.4989
-7.0198	-1.2438	-0.3274	-6.1559	-4.4271	-1.3548	-2.4715	-4.7610	-3.7589	-0.4982	-0.7235	-8.7381
-5.3501	-2.2661	-1.7208	-1.6081	-2.9449	-3.9816	-1.3824	-4.4519	-4.7583	0.2027	-1.1999	-7.3290
-7.5915	-2.3087	-2.7599	-2.9338	-2.2404	-3.0747	-2.1425	-2.2572	-3.7660	-3.5513	-0.6703	-8.1216
-3.9641	-1.2043	-1.1309	-4.4545	-3.5561	-1.6895	-2.9264	-4.2426	-3.8815	-1.3904	-1.8494	-7.9363
-7.0927	-3.1159	0.2868	-1.9587	-2.3152	-5.0907	-4.7392	-1.9801	-2.9555	-1.1392	-2.3133	-6.9958
-5.0997	-2.1248	-1.2326	-3.4628	-4.5062	-4.0092	-2.2131	-2.1318	-2.9051	-3.2474	-2.9240	-5.8849
-5.3340	-3.0210	-0.6793	-2.7877	-3.4393	-4.4910	-3.6861	-2.8552	-1.0430	-0.8139	-1.2096	-5.4785
-7.4060	-0.2880	0.0311	-4.0165	-5.5661	-2.3241	-2.9433	-6.8220	-1.8384	-0.6634	-1.8956	-5.8764
-3.7055	-1.8748	-1.8458	-2.8710	-2.4000	-1.8288	-4.5024	-5.3166	-0.6694	-0.0925	-5.3002	-5.0997
-8.4458	-1.4073	-1.1058	-4.2681	-3.1102	-2.0794	-3.7348	-3.8114	-2.4674	-1.7172	-1.8094	-6.7818
-11.7227	-0.5455	-0.4319	-6.1799	-3.1995	-1.6528	-3.3957	-3.2514	-2.2714	-1.7984	-2.5971	-6.4687
-4.7117	-1.1830	-2.0699	-2.7055	-5.4324	-2.7759	-1.7726	-3.9499	-2.9489	-1.6358	-0.6872	-4.8025
-7.4303	-4.0651	-0.5583	-0.9415	-2.6789	-4.1092	-5.5071	-2.8108	-1.7003	-1.8414	-1.2475	-6.2724
-6.7404	-0.8842	-1.2595	-8.3562	-2.8306	-3.5997	-2.0619	-0.2392	-2.5815	-1.5190	-1.9955	-5.6006
-6.0393	-0.7118	-0.1967	-2.5532	-3.8399	-2.1057	-2.6479	-7.5862	-3.2039	-0.5273	-2.0091	-6.8471
-11.2934	-1.2949	-0.6811	-3.9529	-6.3156	-2.7011	-1.2406	-3.2727	-2.1850	-1.1546	-2.3725	-7.4054
-5.3451	-1.3913	-2.8235	-2.1101	-2.5702	-6.5113	-1.7193	-0.4034	-3.7592	-3.3601	-1.3104	-6.6590
-6.4667	-2.1829	-0.6537	-2.6458	-3.2752	-6.0983	-6.0031	-1.6041	-1.1606	-1.1502	-3.8344	-5.4794
-6.3092	-1.3493	-0.9910	-4.3148	-2.7520	-2.7283	-4.4253	-3.8199	-1.0003	0.0512	-2.7818	-8.0110
-4.3279	-4.2363	-2.3245	-1.2493	-1.9194	-3.4714	-5.7225	-3.8917	-3.0336	-1.8883	-1.2186	-8.8269
-4.5941	-0.8327	-2.0824	-6.8475	-2.9519	-1.0801	-1.9200	-2.6573	-3.4520	-1.4478	-1.4750	-8.1572
-8.2487	-1.7189	-1.3559	-3.3664	-4.3188	-3.7281	-1.3321	-2.1792	-2.2283	0.1768	-2.5187	-7.2453
-8.3577	-2.2560	-0.0541	-2.3340	-4.1475	-3.6677	-2.0690	-2.2535	-3.0923	-2.5472	-0.7990	-5.2298
-5.9007	-3.3108	-0.1333	-2.1682	-2.2259	-2.1370	-4.0292	-6.2087	-4.2368	0.0202	-0.5738	-8.7924
-5.7500	-1.2906	-1.7651	-3.6834	-3.8573	-3.1844	-2.6732	-3.0448	-3.3617	-1.6343	-2.7416	-5.3640
-11.2910	-2.5171	0.4301	-2.1415	-5.6498	-3.5015	-3.1450	-1.8479	-2.0290	-1.5747	-0.6710	-6.8814
-8.8185	-1.8669	-1.1250	-3.9245	-2.5087	-2.8712	-2.7273	-2.2863	-3.9156	-1.4512	-2.3006	-7.6987
-5.9733	-2.4526	-1.7429	-3.9276	-4.9505	-4.3664	-2.1735	-2.1967	-3.8793	-0.6105	-1.4871	-6.8417
-4.9134	-1.0157	-3.3168	-4.0504	-2.7049	-3.9494	-5.8152	-2.4262	-1.4316	-0.9872	-3.7639	-4.0158
-6.0907	-4.0300	-2.4989	-1.1600	-2.4976	-5.2477	-4.2348	-1.6489	-0.6919	-1.3632	-1.8539	-8.0710
-7.9821	-2.0372	-1.6834	-2.6500	-3.9774	-2.9941	-1.3628	-3.5678	-1.6867	-0.7773	-3.4003	-5.3642
-6.2820	-1.7477	-0.5817	-3.9445	-3.6201	-2.3215	-2.4265	-2.8248	-3.9579	-2.0304	-0.7039	-5.9792
-8.4609	-1.7316	-0.9127	-3.7004	-5.8891	-3.3326	-1.7711	-4.8981	-4.4399	-0.3563	-2.0838	-5.5923
-4.6389	-3.1469	-1.9739	-2.6748	-2.9696	-2.5419	-2.3492	-4.6235	-5.0204	-1.7607	-0.8102	-7.8569
-7.6874	-3.1053	-0.4091	-1.4224	-2.7176	-4.7374	-2.1917	-1.4910	-3.6284	-0.9507	-0.5590	-5.4758
-4.1883	-0.9543	-0.6787	-3.1426	-2.9660	-2.6602	-4.2053	-2.7652	-3.0040	-2.8071	-2.3869	-4.4624
-5.5502	-2.3054	-0.8596	-2.3713	-3.8845	-2.3223	-3.8872	-2.5623	-1.9592	-3.5175	-1.4899	-5.1675
-5.7790	-2.4050	-1.2759	-1.3486	-2.5382	-4.2096	-2.6058	-2.1160	-3.7413	-1.8520	-1.6990	-4.8182
-10.2429	-2.7512	-1.6146	-1.3071	-4.6934	-2.3498	-1.7075	-3.3785	-3.5912	-1.9485	-1.2592	-6.3893
-5.8885	-0.7381	-2.0325	-4.0371	-2.0007	-3.0720	-3.9976	-3.6040	-3.2390	-1.0533	-2.3340	-11.4280
-8.0529	-2.2656	0.2403	-1.4038	-7.2790	-5.3598	-2.4513	-1.3177	-1.9386	-2.2671	-1.3928	-4.5633
-4.7749	-4.0873	-1.0112	-2.6398	-4.2465	-3.0125	-2.1431	-3.1757	-3.4107	-2.6563	-2.3197	-6.5188
-5.3785	-2.3760	-2.1726	-2.5784	-2.6913	-3.5690	-3.8747	-3.1649	-2.7671	-0.9956	-2.0101	-7.4298
-9.0515	-0.4386	-0.4849	-3.6253	-1.3306	-2.7485	-4.7766	-2.4451	-2.2428	-0.7512	-3.4275	-7.8230
-14.7245	-1.1593	-0.4025	-2.3857	-6.2256	-3.0573	-2.6972	-5.5300	-2.8521	-0.2447	-1.0696	-5.7017
-9.8277	-2.4780	0.4624	-4.4290	-4.7133	-2.3245	-3.2984	-3.0664	-3.5719	-2.9363	-1.3657	-4.8378
-9.5566	-1.5812	-2.0078	-2.0987	-4.1900	-2.9766	-2.7702	-3.8724	-3.1089	-2.4455	-2.7909	-6.1262
-8.3976	-2.2156	-1.5591	-2.5157	-3.5499	-2.1006	-3.8365	-5.5064	-1.6766	0.2479	-2.7956	-8.4523
-7.8098	-2.3009	-0.5406	-2.4598	-2.1253	-3.0246	-3.9558	-4.6669	-3.3789	0.2792	-1.6377	-8.2025
-5.7582	-2.5247	-0.8973	-1.8459	-2.4029	-4.1099	-6.6921	-2.5043	-0.7698	-0.9932	-3.1303	-5.3449
-11.1931	-2.0733	0.7751	-1.7131	-4.2580	-4.1129	-5.2939	-4.6088	-1.8937	0.1226	-2.5503	-7.0291
-5.3042	-1.7840	-0.7141	-1.0989	-3.8396	-5.3579	-2.6963	-2.4438	-5.5667	-1.4311	-0.1885	-6.1851
-4.1145	-2.5404	-1.7486	-2.8159	-2.0209	-4.1268	-5.1848	-3.8898	-3.4952	-0.6209	-1.4860	-7.3742
-6.5726	-1.5269	-1.6150	-2.1993	-1.2552	-1.6038	-3.1921	-3.0161	-1.7504	-1.6422	-2.7113	-9.7330
-6.3109	-1.8595	-1.5624	-0.3363	-2.3961	-2.0904	-2.7581	-5.1808	-3.9977	-0.9582	-1.0551	-6.9632
-11.6725	-2.0750	0.0359	-1.9043	-2.5443	-3.5768	-5.6223	-3.7518	-2.8498	-0.2207	-2.5194	-5.1065
-7.5148	-1.1077	-1.0879	-2.8957	-3.3308	-5.2940	-4.9628	-3.5986	-2.8450	0.3557	-1.1381	-11.2040
-5.2854	-2.2701	-1.7093	-2.4384	-2.6788	-1.2773	-1.1313	-6.1717	-4.0380	0.3863	-1.3226	-9.2057
-6.1156	-3.3193	-0.2734	-2.6686	-2.6016	-4.0047	-3.2422	-2.0560	-2.3826	-0.6448	-3.2331	-5.3704
