-11.2490	-9.5586	-4.2110	-3.3946	2.0488	2.1407	-1.2325	-2.7388	-4.2774	-7.6126
-15.6844	-7.9239	-2.4583	-4.0472	2.2545	2.3915	-1.5795	-3.2807	-7.3738	-15.6373
-9.4324	-7.0157	-3.5303	-2.8878	2.1733	1.9179	-4.8689	-2.9638	-5.9386	-11.0279
-13.0606	-6.3049	-2.8500	-3.9804	2.4292	1.9853	-3.6468	-2.9604	-6.9954	-10.9236
-9.1369	-5.6393	-4.6864	-5.0028	1.6986	2.0669	-3.2208	-3.4328	-5.7770	-9.3532
-9.7046	-6.0416	-2.7088	-3.7512	2.1312	2.3532	-4.0663	-4.6302	-5.9145	-7.9972
-12.4529	-5.9664	-2.4172	-5.6382	2.1941	1.9622	-3.1171	-2.4351	-5.6853	-7.0709
-19.0703	-11.6295	-3.4623	-2.5071	2.3139	2.6600	-4.4690	-4.6401	-6.5299	-19.2641
-10.9792	-7.0446	-2.8133	-4.9995	1.0410	1.7732	-3.5655	-4.1434	-10.8261	-12.5324
-8.5752	-7.4441	-3.4503	-1.7688	1.6749	1.7040	-3.5061	-4.5733	-5.4012	-8.6736
-8.7611	-7.3590	-3.2162	-3.0710	1.9485	2.1472	-2.6422	-3.9410	-6.5003	-12.3419
-12.4924	-6.0476	-2.3829	-5.0660	2.2325	2.3329	-4.3382	-4.2852	-6.9947	-13.5218
-10.7163	-7.3163	-2.9169	-2.8734	2.0185	1.6438	-4.1635	-3.0100	-6.2981	-9.0163
-13.6521	-9.6695	-4.2856	-3.0487	2.4991	2.2328	-3.8885	-3.8653	-9.0788	-8.8939
-26.9068	-8.9302	-1.7979	-2.7583	2.4088	3.1027	-3.3551	-3.6555	-6.1140	-11.2599
-14.6694	-6.0432	-2.6313	-5.3595	1.6318	2.0989	-2.0346	-4.2900	-7.6307	-7.7933
-16.4333	-8.6157	-3.6804	-3.7193	3.2996	2.2695	-3.0426	-2.8686	-9.8754	-15.8950
-8.8946	-6.9374	-2.6055	-2.8073	2.0603	2.2763	-2.4948	-3.9758	-10.0031	-16.2047
-8.8220	-12.4992	-2.7352	-3.7314	1.4578	2.1236	-1.9573	-3.8471	-8.6146	-17.6865
-10.1537	-6.0491	-2.4383	-2.8178	1.4796	1.8563	-2.7886	-2.5918	-6.0006	-10.1362
-19.8298	-4.5696	-2.5222	-3.2177	2.3077	1.5824	-1.7881	-2.9178	-8.4435	-10.7893
-13.1489	-5.6290	-2.9109	-5.0289	2.0174	1.5941	-4.2690	-2.5318	-6.1642	-8.2091
-12.2423	-9.9977	-5.1281	-3.8842	2.3030	1.8501	-1.1061	-2.0749	-4.8151	-10.3206
-18.2775	-7.6377	-1.9838	-2.7453	2.9011	2.5913	-3.9534	-3.6159	-6.2093	-10.4166
-10.6598	-6.4792	-2.5162	-2.6202	1.6746	2.5222	-3.3692	-4.3754	-7.4305	-12.7670
-18.6260	-10.2506	-5.0104	-3.3015	2.6286	2.5246	-5.7276	-4.2409	-6.5145	-9.0810
-10.4714	-6.7855	-3.8019	-4.7976	2.3451	2.1531	-3.3483	-4.3957	-9.6688	-15.6631
-15.2594	-13.4202	-4.9959	-2.9867	2.1858	2.3715	-3.3243	-3.2996	-9.0930	-13.8991
-16.5479	-8.5603	-4.4710	-3.5378	2.2526	2.4230	-3.1079	-3.0721	-7.6784	-14.8447
-12.2784	-9.7299	-4.6692	-3.2879	2.2451	2.4744	-1.8081	-4.0964	-8.1071	-12.9249
-12.3625	-5.2527	-4.2161	-4.4270	2.1206	1.5285	-1.9150	-2.1825	-7.1757	-16.8144
-8.4881	-8.4887	-3.8295	-3.0429	2.2961	2.1111	-3.1365	-3.8743	-11.8739	-10.2155
-13.0644	-7.4356	-3.6631	-2.4751	2.6332	2.3006	-3.1774	-4.7711	-6.7236	-8.6730
-12.1050	-7.2979	-4.0828	-3.8582	1.9525	1.4323	-3.8855	-3.4842	-8.0053	-9.2843
-17.6412	-9.6993	-5.1673	-3.9138	2.5755	2.0198	-2.7565	-4.0889	-7.5064	-14.9664
-8.9302	-11.4912	-2.9787	-2.4933	3.0509	2.3874	-4.0067	-3.5397	-7.5396	-17.9963
-14.2009	-10.7155	-2.7142	-3.2288	2.6266	2.5448	-1.1022	-3.8305	-6.9497	-13.4543
-12.6138	-9.2031	-3.6588	-4.5582	2.6511	2.3214	-2.0769	-1.8152	-8.3686	-15.6671
-16.6294	-12.2906	-4.6189	-1.0522	2.2624	2.0881	-1.7612	-4.0984	-11.1932	-11.6428
-12.3972	-7.3227	-3.5493	-1.8798	1.9695	2.4121	-3.4545	-4.5234	-7.0308	-8.8916
-15.2283	-8.6114	-4.5355	-2.4536	2.2265	2.4474	-1.4024	-4.0251	-12.1804	-11.9101
-13.7300	-8.6025	-4.5035	-2.2096	3.2343	2.6944	-1.9262	-3.0218	-9.9952	-16.3980
-7.0875	-6.6897	-4.5302	-2.5606	2.4596	1.8907	-3.6783	-3.5273	-7.2199	-8.1871
-8.9533	-7.4533	-2.2538	-5.9591	1.8660	2.3190	-3.0368	-3.6100	-7.9649	-9.3556
-13.1276	-7.9661	-4.5111	-4.2514	3.0404	2.7006	-3.0511	-3.3078	-6.0732	-20.6357
-17.8600	-7.4993	-3.1770	-1.4524	1.9080	1.8077	-1.6306	-2.8469	-8.4370	-7.1512
-14.0921	-11.4605	-3.4021	-4.6681	2.4109	2.6713	-3.4748	-3.7602	-5.9922	-7.3871
-11.6195	-9.1975	-2.1258	-2.4542	1.8325	2.1835	-4.7808	-4.0506	-5.6026	-9.5999
-10.5837	-6.8728	-1.4972	-2.2928	1.8589	1.8637	-3.6141	-2.7787	-8.1790	-12.6362
-10.1858	-8.3676	-4.3887	-2.4604	2.2174	2.2270	-5.4007	-4.3440	-8.0321	-12.7241
-10.2570	-10.0511	-2.5261	-2.3068	2.2836	1.4150	-2.2460	-2.0288	-6.7125	-10.0153
-8.3060	-9.6827	-5.0562	-2.8907	2.3440	2.1841	-3.2411	-2.6596	-4.7098	-7.5917
-13.2741	-4.9320	-2.4584	-1.8302	2.8523	2.9939	-3.4818	-3.2530	-6.0469	-10.4053
-16.9059	-7.3133	-2.2035	-3.7631	2.2309	2.9568	-1.9995	-3.6527	-7.4917	-34.5463
-11.1384	-6.7422	-3.9389	-4.3443	2.3934	1.8366	-3.1591	-2.8315	-6.8420	-10.7606
-10.1671	-9.4271	-3.8796	-1.4785	2.2831	1.4625	-2.5734	-4.0493	-10.2587	-6.8276
-19.8400	-5.2701	-3.0089	-2.5706	2.6422	1.6439	-4.0371	-4.2508	-7.9969	-7.6601
-7.9213	-7.9449	-2.7335	-3.9301	2.4968	2.2302	-6.0671	-2.7412	-5.8748	-9.5401
-7.8054	-6.9026	-3.3794	-3.6312	2.6808	2.5148	-3.4478	-2.7080	-7.0972	-10.1927
-10.8725	-7.7406	-4.2239	-2.1114	1.4692	1.7460	-3.1390	-3.5042	-7.2934	-9.0307
-8.8683	-7.3075	-4.7567	-2.0888	1.8555	1.5184	-1.9927	-2.8867	-7.1970	-14.0388
-9.8231	-4.9607	-1.9420	-2.7718	1.8611	1.8557	-6.3220	-3.8292	-7.7579	-11.3251
-14.7109	-9.8957	-4.4303	-4.3949	2.2946	1.9945	-1.8197	-3.8099	-11.4828	-10.4907
-9.3821	-9.7162	-3.4432	-2.8823	1.8892	2.3909	-3.6002	-3.5590	-6.9568	-10.2043
-9.6966	-7.4971	-4.1239	-1.6385	2.0945	1.3549	-2.9364	-2.2267	-6.7418	-11.5717
-10.1559	-6.6111	-3.8659	-3.9228	2.1488	2.8078	-2.6391	-3.9380	-8.7329	-16.2712
-10.9126	-9.9284	-3.9690	-2.7369	2.0001	2.2130	-1.1194	-2.6003	-8.6980	-12.8419
-8.8470	-5.0035	-3.7344	-6.0081	2.2572	2.5219	-2.3181	-4.0285	-5.7418	-9.4340
-12.0280	-5.1865	-4.0473	-3.2057	1.4587	1.2178	-1.1863	-3.4282	-9.3776	-9.4146
-7.7746	-7.7546	-4.2322	-5.2556	2.0859	2.4569	-1.9952	-3.3807	-8.0715	-29.2077
-8.4117	-7.2244	-2.4647	-2.0805	1.6328	1.9755	-2.7469	-3.1520	-6.7327	-14.2306
-10.5841	-5.5879	-3.5863	-2.8080	2.0417	2.3557	-1.9434	-2.3139	-6.4951	-15.8594
-11.2191	-8.2918	-3.2846	-2.5641	1.2600	2.1504	-3.4559	-4.9450	-6.5910	-11.3115
-12.2325	-9.9435	-2.4490	-2.5390	2.3716	1.4990	-2.6105	-2.1900	-6.7466	-6.3747
-11.3519	-9.7624	-3.3705	-1.9578	2.1114	1.9922	-3.6266	-3.7233	-6.5589	-11.1453
-8.1246	-6.1014	-5.1205	-3.7943	2.1373	1.7595	-2.5464	-1.9894	-4.1320	-10.8319
-10.8953	-8.2397	-3.8618	-1.8569	2.7775	2.1275	-4.2819	-3.7097	-6.1931	-11.5770
-9.6941	-10.0009	-3.9409	-3.8657	2.1786	2.8348	-3.3104	-3.2640	-7.1247	-13.7670
-18.0472	-9.6806	-4.0092	-3.2366	2.8487	2.6299	-3.0888	-4.0977	-7.2657	-14.1613
-8.1161	-6.6760	-1.9142	-2.3805	1.5673	2.3968	-1.8945	-4.1914	-9.4883	-11.4445
-8.7789	-7.2875	-2.7347	-1.5869	2.1566	1.8243	-4.3456	-2.7928	-6.5722	-10.3338
-9.8570	-6.1503	-1.3075	-2.9786	1.9329	2.1135	-2.3142	-3.9746	-5.9465	-10.5582
-12.1201	-7.8061	-4.6802	-4.2086	2.3558	2.1333	-3.5884	-3.4834	-7.9791	-12.6890
-11.9222	-6.1472	-1.7292	-2.4913	1.5174	1.9029	-4.2519	-4.3942	-8.9315	-13.0999
-13.6057	-8.2475	-5.1883	-4.0428	2.3619	2.0245	-0.6349	-2.1160	-13.7847	-18.4146
-9.4956	-6.8149	-5.2823	-3.0173	2.8974	2.3041	-4.0656	-2.9000	-11.5774	-15.9241
-13.1647	-7.4228	-3.5388	-3.5272	3.1047	2.3300	-2.0300	-2.3433	-10.3042	-10.0716
-12.7152	-7.0807	-3.2237	-3.5431	2.3532	3.1500	-1.8171	-4.3344	-9.8323	-13.9795
-8.5059	-4.4269	-3.6141	-3.2772	2.5046	1.7938	-2.8979	-3.4932	-6.5096	-9.8139
-14.3624	-5.2241	-4.9032	-3.4956	2.4740	1.7119	-3.5875	-2.1383	-6.0360	-10.4505
-22.6821	-9.4841	-3.7236	-2.1026	3.1594	2.2395	-3.8685	-3.2104	-8.4470	-14.8339
-9.3423	-7.6080	-4.1325	-3.2271	2.7231	2.4738	-4.2492	-5.6658	-6.9243	-9.9996
-15.3383	-6.3893	-3.5176	-2.7413	1.6269	1.4930	-3.1081	-4.3715	-8.0693	-6.8586
-8.9276	-6.8805	-3.1823	-2.2229	1.6442	1.9299	-4.4333	-3.8459	-6.8574	-11.7030
-13.7649	-6.9394	-3.4826	-2.1880	2.1933	1.4931	-1.5994	-2.4121	-10.5397	-11.9802
-13.3277	-15.3919	-3.8809	-0.7169	2.3364	2.0473	-6.7125	-3.0977	-7.0935	-12.8054
-9.1535	-10.3279	-3.1827	-3.3732	1.9305	1.7601	-1.4722	-3.7803	-7.3005	-12.2417
-8.2901	-7.0197	-4.5074	-3.1734	2.4970	1.9410	-3.3654	-3.0440	-7.4452	-14.8749
-10.4231	-6.1252	-2.9404	-2.9342	1.9515	2.8036	-1.1950	-5.3743	-11.0961	-9.2176
-6.0036	-5.7906	-4.8438	-3.5067	1.6381	1.8964	-0.8838	-2.6402	-6.9644	-8.3457
-15.5361	-10.6075	-2.9739	-3.9301	2.0952	2.9132	-3.3852	-4.4641	-5.9690	-14.0886
-11.6357	-7.9895	-3.5772	-2.7108	2.2909	1.6065	-3.2230	-2.0721	-7.2586	-12.5666
-6.0203	-6.0896	-2.5825	-2.8502	2.5522	2.2315	-4.8347	-4.6448	-6.3944	-9.0120
-15.8354	-14.4267	-4.7844	-1.2273	2.3137	2.4514	-1.7965	-2.8351	-8.9704	-16.6113
-8.2059	-8.0088	-3.5416	-2.7914	2.1177	2.0029	-4.2116	-1.8831	-8.0938	-8.4010
-11.5469	-8.8110	-3.0637	-3.3624	2.0925	2.4577	-2.4434	-2.3518	-5.3583	-6.5657
-17.5690	-5.3493	-2.6145	-4.7483	1.6754	2.2022	-5.2973	-3.7131	-4.3161	-9.8904
-9.4416	-7.3564	-3.8424	-2.8817	2.2571	2.5865	-3.1426	-2.7188	-8.2618	-15.2521
-12.4545	-7.2155	-2.7461	-2.4711	2.2334	1.9161	-7.4468	-4.2727	-6.6786	-13.1737
-9.0213	-7.0836	-5.3522	-3.9891	2.1096	1.1891	-3.2943	-3.2956	-8.3075	-13.0956
-12.6728	-7.7186	-5.1101	-2.7460	3.2678	3.2631	-2.7295	-3.8832	-8.4519	-16.0822
-7.6745	-6.5329	-4.1526	-4.3132	2.0248	2.0855	-1.6563	-2.8290	-8.3362	-11.5256
-10.7844	-7.7084	-3.6341	-5.2539	2.1820	2.9873	-2.5275	-5.4035	-7.5604	-11.8060
-10.4621	-6.1145	-2.2038	-3.4873	2.1352	2.1873	-3.0387	-3.8278	-11.4340	-8.3628
-12.4374	-6.1516	-4.6803	-3.7722	2.7102	2.7018	-3.6559	-3.2665	-8.5859	-12.8177
-18.7897	-8.6697	-3.3081	-4.9580	2.7503	3.2213	-2.4937	-3.7024	-8.0096	-10.0075
-12.8919	-5.8356	-4.1190	-2.4627	2.7609	2.6394	-3.5294	-3.3969	-14.4000	-16.2749
-10.5784	-5.0421	-2.1517	-5.2021	0.9275	1.3150	-1.8134	-1.6966	-4.4415	-9.9569
-12.6513	-13.3043	-3.4284	-2.1388	2.4029	2.4640	-3.9241	-2.7692	-5.5591	-12.1964
-9.8303	-11.8593	-3.7827	-1.3318	2.5187	2.3471	-6.9803	-5.0091	-6.0017	-8.1295
-7.6426	-5.6488	-4.6124	-2.9152	2.1153	1.2300	-7.0238	-2.7192	-7.1912	-10.4415
-9.7866	-7.1635	-4.0982	-3.8073	2.0898	2.2806	-1.1485	-3.7667	-6.2409	-11.5982
-9.9448	-6.0647	-1.9100	-3.4282	2.6636	2.8691	-5.2468	-3.6605	-8.3703	-9.2141
-12.2087	-5.9148	-2.9628	-2.5420	2.1961	1.6111	-3.5033	-3.8807	-12.4296	-20.8159
-13.8958	-8.9441	-5.1681	-1.5326	2.1938	2.5226	-2.2366	-4.1218	-8.2054	-12.0826
-11.6627	-12.0405	-5.5067	-2.3130	2.9560	2.5428	-3.1997	-4.3023	-11.2417	-11.4430
-11.5599	-10.6079	-3.1093	-2.0780	2.0388	1.8921	-3.0317	-3.8108	-8.4159	-11.4814
-8.7301	-6.7618	-3.9090	-3.9719	2.6076	2.9644	-2.5484	-3.3445	-6.3457	-13.4608
-9.6303	-6.5765	-3.1446	-5.4204	2.2421	2.0617	-2.9183	-3.1210	-5.7730	-10.7809
-6.3444	-7.8386	-4.5415	-3.3156	1.8821	1.6847	-5.2194	-4.4116	-6.3745	-9.3975
-9.8357	-11.6014	-4.0454	-2.7314	2.6115	2.8891	-2.2267	-4.8729	-9.9202	-12.8585
-14.2962	-9.7602	-4.4882	-3.8459	1.7426	2.1508	-3.8683	-3.4770	-9.3434	-7.4813
-13.2303	-8.2542	-3.6565	-3.7779	2.4215	2.5699	-1.2648	-3.2749	-8.4180	-10.8114
-12.0525	-7.3449	-1.5505	-2.5201	1.9315	2.6002	-4.2179	-2.9740	-4.5094	-8.7195
-11.0913	-5.6498	-3.3930	-5.7804	1.1880	1.6320	-2.2066	-3.0523	-8.5000	-8.6230
-13.8220	-8.7491	-2.2412	-1.7385	1.0102	1.5069	-2.3168	-3.3985	-6.8170	-12.1316
-12.2771	-6.1773	-1.9541	-2.6318	2.6121	2.3412	-2.7676	-3.3029	-5.8576	-11.3038
-8.8971	-5.3369	-3.1260	-3.1937	2.6731	2.1332	-4.7366	-3.7510	-7.5562	-10.7804
-9.4466	-8.0903	-4.1961	-5.0319	2.1809	2.9493	-1.4936	-2.6533	-7.7847	-15.2854
-13.8135	-11.8684	-3.5769	-2.2791	2.3762	2.5536	-2.7535	-3.7004	-7.0061	-9.7805
-9.6071	-8.8832	-4.0273	-2.5485	1.7818	1.2423	-2.3955	-2.0245	-9.1334	-13.7661
-14.7235	-12.7724	-5.5778	-2.4143	2.5469	1.6663	-3.3256	-4.9353	-7.9438	-12.4982
-21.5929	-7.0855	-3.2722	-1.5166	2.1919	2.3263	-3.7396	-4.0008	-7.6614	-10.0127
-8.6685	-7.6267	-3.5331	-3.2512	2.5680	2.4399	-3.3750	-5.0562	-7.3872	-11.8743
-11.7709	-9.7141	-2.8770	-3.7675	1.4289	2.2845	-1.2736	-3.7343	-9.7645	-9.8520
-12.7076	-5.0409	-4.2953	-4.8675	2.1855	2.1177	-3.8457	-2.7177	-6.4039	-11.3915
-12.1314	-7.7809	-4.7486	-3.2117	2.7525	1.9875	-2.4266	-2.2211	-5.7584	-12.8120
-16.4806	-7.2580	-4.1710	-2.8552	2.6080	1.7301	-2.9100	-3.1031	-9.1998	-15.7590
-13.7391	-6.4581	-1.5061	-1.8678	2.3822	1.6757	-5.8315	-2.6407	-7.1696	-14.7883
-10.9644	-11.6332	-3.7399	-2.3477	2.3599	1.8419	-2.0309	-3.5436	-6.8839	-10.3154
-8.8038	-7.0804	-3.3460	-4.7645	1.7668	2.4914	-2.1107	-2.7332	-8.5123	-21.0880
-13.6623	-7.8893	-3.0520	-3.8509	2.1546	2.8197	-0.5487	-2.6602	-8.1614	-7.1912
-8.9416	-8.4936	-4.2932	-2.3694	2.4704	2.2467	-4.3039	-2.9208	-10.9246	-15.1810
-11.8458	-8.4247	-3.0720	-2.7390	2.6191	1.7715	-2.6799	-3.3776	-9.9595	-8.2310
-9.7789	-10.2958	-3.1448	-1.3731	2.2613	1.9178	-2.0301	-3.5360	-7.8248	-7.1118
-10.4430	-8.4192	-3.9377	-2.2629	2.3852	1.9661	-0.9293	-2.5778	-7.6978	-8.4763
-15.8632	-8.4508	-2.8672	-3.9329	1.9013	1.2837	-3.2468	-2.8246	-6.3850	-7.6690
-8.9109	-6.6670	-2.6883	-3.2925	1.6209	1.4912	-2.3552	-3.0234	-7.0905	-9.8739
-9.9951	-4.7490	-3.9409	-4.7890	1.8221	2.5933	-4.3702	-4.1241	-8.5922	-11.3274
-8.3854	-7.9763	-5.1328	-2.5363	2.1491	1.5718	-4.7704	-3.0889	-8.7472	-11.1928
-10.5289	-5.0581	-3.1121	-2.8026	2.1523	2.1659	-5.1536	-2.8467	-6.6429	-13.9166
-13.7404	-9.6685	-3.4365	-3.9020	1.5956	2.2651	-1.0092	-2.9984	-5.9978	-7.5595
-8.9675	-6.6407	-3.2091	-2.5233	2.7556	2.4155	-1.7709	-4.2317	-8.8256	-10.3152
-17.7339	-8.1260	-2.1924	-2.4443	1.6326	2.2968	-3.0809	-3.2343	-7.8080	-16.9580
-11.0170	-6.9306	-3.4624	-1.7606	2.0967	2.3483	-3.3039	-2.5398	-6.0569	-8.8112
-13.0983	-4.4686	-1.9620	-5.4586	2.1157	2.4633	-2.1190	-3.4251	-5.1721	-11.8831
-6.7614	-5.9719	-3.4198	-4.2042	2.2857	2.4364	-3.5933	-2.8496	-7.2728	-9.7228
-15.2804	-5.5366	-5.0501	-6.1172	2.4347	2.0041	-2.7370	-2.4434	-7.7481	-16.6187
-10.2551	-11.4092	-4.5293	-2.0664	1.8772	2.1417	-2.9013	-3.6883	-7.2202	-9.6738
-9.9249	-5.5900	-4.5238	-4.1243	2.5904	2.1434	-3.8812	-2.9807	-9.1219	-15.7707
-8.2916	-6.5089	-4.8227	-4.3495	2.3601	2.2796	-3.7635	-2.8223	-8.4507	-11.0326
-12.6710	-6.6403	-2.5534	-5.5090	1.8205	1.9105	-2.8434	-2.5023	-8.3070	-10.6345
-10.8997	-6.4283	-3.1796	-3.2927	1.4962	1.9168	-1.3651	-2.6551	-9.5058	-13.3239
-9.1028	-11.5808	-3.0204	-4.8327	1.9854	3.0209	-2.0481	-3.3887	-6.2692	-13.7287
-12.8830	-7.8614	-3.6869	-1.7072	1.7935	2.0594	-1.4936	-2.3085	-15.7640	-13.1333
-8.2727	-6.1161	-3.0726	-2.8923	2.8428	2.3113	-1.7765	-2.4506	-13.5340	-11.2401
-7.9912	-6.3180	-3.7593	-4.2602	1.3781	1.9452	-2.4881	-3.6741	-7.6738	-10.9343
-12.2256	-5.4973	-3.9221	-3.1911	2.1531	1.6057	-3.1081	-3.0102	-11.2201	-7.9881
-7.7228	-7.8607	-3.4112	-2.4604	2.5053	1.9811	-3.5591	-4.8156	-7.0781	-6.6835
-8.9474	-11.2390	-3.7979	-3.6864	1.5864	1.4969	-3.7889	-2.8669	-7.7159	-9.5428
-13.4817	-11.3696	-3.0287	-2.4839	1.9802	2.1417	-2.9799	-2.0270	-5.5323	-19.7015
-8.0718	-6.3208	-3.2833	-5.7594	2.6129	2.2318	-2.9180	-3.9736	-10.6553	-10.1240
-18.0093	-9.0408	-5.4830	-3.1190	2.8372	1.9388	-1.4263	-2.6243	-7.9244	-8.6812
-13.8786	-8.8635	-2.5960	-1.9629	2.4011	2.4853	-2.5216	-3.7027	-9.3474	-10.8650
-6.6859	-7.5796	-2.9336	-2.6002	2.3217	1.3515	-1.8197	-1.6646	-8.0929	-16.0459
-8.7931	-6.1163	-4.3687	-6.1861	2.4782	2.5014	-1.9758	-3.6835	-8.1226	-8.0429
-8.8146	-8.6891	-3.7288	-2.5420	2.6189	2.7488	-4.5321	-4.5706	-7.6341	-7.9045
-15.5242	-6.7824	-2.5094	-3.1647	2.2611	1.6711	-4.0463	-3.1970	-9.7758	-16.9147
-12.2582	-6.2153	-3.7613	-5.4282	2.1469	2.1719	-2.2137	-3.7051	-9.3759	-11.6224
-10.3046	-10.7219	-3.5324	-2.3441	2.3479	2.1369	-2.7600	-2.8218	-8.2623	-10.9035
-8.1279	-8.6301	-3.0020	-4.0656	2.2123	2.4785	-1.6992	-5.6579	-9.8325	-16.9988
-14.5952	-7.3329	-3.5694	-3.5110	2.1921	2.0437	-1.9977	-2.4763	-9.9483	-12.4557
-13.7400	-10.7267	-5.0449	-4.9232	2.5453	2.7237	-1.3521	-4.4366	-11.1718	-23.5992
-7.6943	-8.3289	-2.9967	-5.6524	2.7488	2.6925	-2.0503	-2.3858	-4.2883	-11.5599
-10.1456	-8.0916	-4.3681	-1.7819	2.2564	2.0124	-3.3046	-3.4955	-7.7564	-8.9842
-17.5146	-9.5754	-4.6125	-2.5146	2.4810	2.7044	-1.9631	-3.8412	-11.1282	-11.5468
-15.2958	-10.1755	-4.3746	-0.7505	2.4052	1.8307	-3.3516	-8.2115	-7.9224	-9.7370
-19.8406	-7.1358	-4.2257	-5.2144	2.9015	2.7142	-2.1752	-2.5271	-8.8126	-20.9432
-9.9661	-6.3588	-1.8078	-5.5798	2.7924	2.0525	-2.1713	-1.8729	-8.5313	-12.7438
-16.0582	-6.2234	-2.7446	-2.3928	1.7896	2.5979	-1.7630	-4.8123	-10.8001	-11.4205
-9.9824	-6.5644	-4.5875	-3.3406	2.4663	2.3005	-3.0211	-3.1079	-5.7666	-10.4192
-10.0374	-7.1570	-2.7675	-2.0417	2.2947	1.6028	-4.4757	-2.0151	-5.6601	-10.6958
-14.0589	-7.6665	-1.6621	-1.8519	1.7632	2.2566	-2.8202	-3.1900	-8.5727	-13.7303
-13.3847	-12.8051	-2.9617	-2.2263	1.9817	2.3957	-3.9426	-3.9374	-6.4592	-21.7926
-8.9893	-8.1473	-4.4946	-3.5897	2.6334	2.9507	-2.4230	-5.5895	-8.9091	-12.7324
-8.9104	-7.3878	-5.5552	-3.5874	2.0183	2.3209	-4.9239	-3.3021	-4.4752	-11.9248
-8.7057	-8.9369	-4.0815	-3.2310	2.3392	2.2482	-3.2106	-2.2120	-5.7733	-11.8117
-6.8972	-7.7344	-4.1068	-2.3839	2.0208	2.6925	-1.9291	-3.5005	-7.7535	-9.1414
-13.2424	-7.6335	-2.9284	-2.6943	1.9969	1.8797	-3.4370	-3.5642	-7.9572	-10.4603
-18.6283	-15.3597	-4.2548	-2.4637	2.2937	1.8203	-2.1639	-2.3131	-7.2782	-10.4843
-10.8079	-6.0974	-4.2353	-3.9121	2.2714	2.4597	-3.2966	-3.7022	-5.2525	-10.0821
-9.5821	-8.7839	-4.1524	-3.0504	2.8859	2.7228	-3.4956	-3.1843	-9.5980	-10.2058
-11.2480	-7.4275	-4.1369	-2.0449	2.1224	2.7327	-3.4197	-3.0648	-6.7262	-19.0420
-19.7428	-9.9796	-4.3104	-4.0660	2.8330	2.7756	-4.2829	-5.6645	-7.2790	-10.7784
-25.3421	-8.8030	-2.9932	-5.6796	2.6322	2.1942	-2.0292	-2.1550	-8.4953	-9.2479
-10.4678	-10.6005	-3.3681	-3.4306	2.0197	2.0651	-3.3199	-3.6926	-7.0078	-19.6554
-10.5257	-5.5378	-3.8652	-3.6195	2.2568	2.1837	-4.6318	-4.7545	-4.5218	-9.8745
-11.3042	-7.5024	-3.0706	-2.6525	2.4885	1.8189	-3.5677	-2.9723	-8.7828	-8.3653
-7.9644	-7.9110	-3.3938	-3.0959	1.8345	1.6955	-5.1653	-2.5884	-6.0310	-7.5011
-11.4023	-13.7569	-2.8541	-1.9011	1.7796	2.2698	-5.6146	-4.7851	-6.4648	-13.5871
-10.6838	-6.6069	-3.2607	-2.3049	1.8094	2.4818	-3.0415	-2.2901	-6.4437	-7.1231
-9.7421	-11.6261	-2.7107	-2.7910	1.6596	1.9593	-2.1431	-3.3747	-8.5391	-9.7947
-5.6698	-7.2310	-4.7278	-1.7502	1.9703	1.8570	-5.0663	-3.0922	-8.2351	-12.8116
-11.9487	-8.1897	-3.2612	-2.7683	1.6759	1.3076	-2.0222	-3.2063	-5.2387	-7.6711
-11.1947	-7.5151	-3.8549	-2.2334	2.4126	2.0155	-3.0285	-2.7830	-8.6512	-11.4277
-10.3174	-6.4703	-3.0265	-1.1547	2.1643	2.3278	-2.9354	-4.3449	-9.5625	-7.3255
-14.9673	-9.3563	-5.8986	-4.2105	3.0648	2.2182	-1.6513	-5.8561	-18.9688	-15.9852
-7.3256	-6.0727	-2.3915	-4.8453	1.8655	2.4592	-3.9205	-3.2732	-6.4474	-8.9123
-16.2614	-5.8085	-2.0358	-3.2313	1.9118	1.8983	-1.2248	-3.0149	-7.5447	-7.2719
-12.7842	-6.7871	-3.4500	-4.2372	1.9044	2.2010	-3.1406	-4.0544	-6.7975	-13.0002
-8.3977	-7.2618	-4.5508	-1.8935	2.6401	2.6922	-3.6636	-3.2566	-4.8288	-10.0159
-9.0562	-6.9882	-3.5942	-2.4799	1.6706	1.5249	-2.4338	-3.2202	-7.3314	-9.4042
-10.0036	-7.5176	-3.2480	-3.3493	2.3369	2.5021	-3.0219	-3.6618	-8.6257	-8.4105
-8.3425	-6.3546	-4.2796	-2.5449	1.8090	1.5268	-3.0786	-2.7688	-6.7161	-11.9934
-8.7786	-6.3551	-3.6318	-1.9144	3.0256	2.6018	-4.5245	-4.3731	-5.5919	-9.9904
-9.3854	-6.2065	-3.2948	-2.3938	1.8165	1.6880	-6.3596	-4.9576	-7.0708	-11.3804
-13.3893	-7.0113	-3.1576	-1.0836	2.3470	1.6540	-4.5999	-4.4615	-6.5771	-7.1220
-10.9756	-6.6685	-3.5162	-4.2875	2.2969	2.5039	-2.6251	-4.3172	-6.0185	-11.1734
-13.0243	-7.1156	-3.7404	-3.3482	3.0006	2.3575	-3.3785	-4.2880	-10.7426	-10.1199
-11.3216	-7.9367	-3.0294	-3.6660	1.9416	1.9499	-2.6916	-3.9551	-7.9371	-18.0954
-5.7524	-5.0581	-2.7205	-4.5052	1.3699	1.3669	-4.4740	-3.0461	-5.8931	-6.8697
-12.0347	-7.5653	-1.7393	-3.8167	2.5569	2.3003	-3.2034	-4.7830	-6.0222	-9.0378
-12.0793	-6.7796	-3.1101	-3.3855	2.0544	2.0203	-3.1478	-3.4767	-6.2049	-14.8522
-10.4839	-8.5610	-3.9857	-5.6746	2.6788	2.0965	-1.3617	-3.1900	-7.0989	-12.5754
-7.3584	-8.9472	-2.9036	-2.8374	1.6215	2.5654	-3.8190	-5.5422	-7.1284	-9.9796
-8.1273	-11.1177	-1.8961	-5.0961	1.5225	2.2987	-2.9954	-1.9502	-4.1301	-10.5958
-9.5288	-5.7850	-3.4362	-4.2729	1.5158	2.3809	-4.3683	-4.2972	-4.8556	-11.8234
-9.3348	-8.3895	-3.3836	-2.6724	2.3049	1.9866	-4.2819	-2.8611	-7.2663	-12.1996
-11.6588	-5.6621	-3.9456	-3.9732	2.0027	2.6398	-3.5390	-3.6758	-5.4015	-14.0542
-8.9935	-9.6245	-2.4225	-2.2956	1.7192	2.5892	-3.9543	-3.6236	-5.1861	-12.6884
-12.1277	-9.4034	-3.6266	-2.7745	1.6435	2.0728	-3.4991	-2.7186	-4.2009	-9.3364
-11.5028	-8.5952	-4.8665	-2.2642	3.0579	3.4145	-5.0074	-4.3461	-8.4144	-16.0047
-9.2861	-7.3580	-6.2092	-1.9314	2.2718	2.2483	-3.0194	-5.5943	-9.6242	-16.3254
-13.9749	-10.5282	-4.6012	-3.3239	2.3294	1.9694	-1.9525	-4.0461	-9.8866	-11.1400
-16.9039	-5.1959	-3.3334	-3.7835	2.6696	2.3653	-4.6260	-3.7995	-6.0191	-9.0810
-9.2382	-4.3078	-4.4056	-3.7849	2.9825	2.6830	-2.7537	-3.8943	-9.2771	-10.2621
-11.4401	-8.4395	-4.0463	-1.2633	2.8301	2.0476	-4.2201	-3.9834	-13.0051	-8.9299
-13.8628	-6.9793	-2.8540	-2.7252	2.3122	1.9651	-3.0145	-2.5537	-9.0718	-13.6973
-14.8551	-8.3848	-2.5591	-2.1286	2.2601	2.5650	-2.9402	-3.5729	-5.7609	-9.0414
-10.7916	-5.1367	-3.9874	-3.9714	3.2174	2.2378	-4.1942	-2.1626	-8.8339	-11.2490
-10.5278	-5.6902	-3.1717	-4.0504	2.3421	2.4838	-3.7546	-4.2998	-5.7761	-13.8264
-11.3390	-7.5243	-2.8482	-5.8158	2.0716	1.7959	-2.2377	-3.7381	-8.9965	-9.4583
-15.0300	-8.8712	-4.0073	-3.6320	2.2666	2.5046	-4.9437	-4.6480	-7.9416	-15.1023
-12.7036	-8.6466	-4.6680	-2.8124	2.6133	1.8778	-3.6207	-3.7516	-7.4541	-5.7399
-16.3015	-8.8268	-3.0071	-4.1055	2.8505	2.9216	-3.2915	-4.7997	-10.2051	-8.7008
-18.0743	-9.6570	-4.4946	-2.4554	2.3451	2.5748	-2.5787	-3.2327	-13.8186	-14.9334
-13.6758	-4.3764	-2.8521	-4.2553	1.7725	2.0626	-4.9907	-2.5701	-4.9623	-10.2610
-8.3420	-7.3599	-3.1989	-3.7879	2.5202	2.5459	-3.4657	-4.2251	-7.0230	-6.1823
-8.2374	-9.9280	-3.2368	-3.2533	1.9957	2.2944	-4.7354	-4.3817	-5.8078	-14.7927
-11.6980	-6.6659	-2.5657	-2.6260	2.2580	2.8339	-4.1029	-3.7902	-6.6337	-14.5732
-35.6709	-9.5893	-3.2651	-4.0356	3.0398	2.5659	-2.1900	-4.3645	-8.2526	-18.0006
-13.2806	-8.7903	-5.1144	-3.7532	2.3940	1.8557	-2.7963	-2.9553	-7.9806	-11.8886
-10.8696	-7.4831	-1.4351	-3.4046	1.9109	1.7891	-4.6254	-1.6722	-5.3419	-11.4641
-15.5313	-7.1006	-2.7365	-2.4192	2.7767	2.0736	-3.3462	-3.4197	-7.2108	-10.1369
-8.1486	-8.4742	-4.9682	-2.9034	1.8914	2.2269	-1.6972	-3.7934	-8.6091	-14.3585
-11.6964	-11.9008	-4.3559	-3.2230	2.5225	2.9127	-3.0048	-3.9458	-9.6658	-13.7923
-9.8667	-8.9744	-5.1932	-4.3679	1.7633	2.2542	-1.2175	-4.1145	-13.6595	-14.5153
-10.7497	-8.7956	-3.8508	-2.0086	2.3773	2.1180	-3.8756	-3.0213	-11.0192	-11.7602
-22.3900	-11.3243	-4.5970	-0.8962	2.7976	2.2104	-1.8856	-3.4381	-7.5913	-9.9572
-12.3552	-5.5809	-4.6951	-3.4959	2.2933	1.7051	-3.4782	-2.6242	-5.9905	-11.8532
-12.5250	-8.3993	-4.5694	-3.2378	2.2232	2.4352	-0.8109	-3.1905	-8.1927	-14.6323
-11.9239	-7.9563	-3.6602	-4.6428	2.2974	2.1261	-3.2767	-4.3808	-8.1294	-7.8621
-12.0437	-8.7168	-5.4629	-2.8316	2.5868	1.6171	-2.3683	-3.5360	-7.6497	-10.4665
-11.7442	-8.3420	-3.4803	-2.0817	1.9830	2.4740	-4.3452	-2.9000	-5.7302	-10.3156
-12.7511	-8.3964	-1.6476	-2.5392	1.3483	2.0828	-3.9968	-3.1030	-6.5465	-8.9227
-7.9104	-3.9605	-2.5608	-1.7220	2.1713	1.5166	-3.8339	-2.5718	-8.5024	-7.6673
-18.7562	-8.8116	-4.1620	-3.2169	2.4943	2.2153	-4.2852	-4.1551	-9.0539	-8.6342
-8.5989	-9.1593	-4.4948	-4.8178	2.2464	3.0380	-2.4303	-2.9965	-7.7017	-12.2581
-13.7103	-5.8928	-2.1663	-1.8871	1.9970	2.2074	-1.4269	-4.0775	-12.5756	-10.9346
-10.6545	-8.0967	-3.5522	-2.5829	1.8953	2.2258	-2.6172	-2.7276	-4.9139	-9.1315
-12.4819	-10.3908	-5.1837	-1.6891	2.4751	2.0131	-4.4686	-2.8748	-9.1901	-18.2883
-14.7065	-6.2271	-3.1969	-2.0351	2.4700	1.7883	-4.0756	-2.8690	-7.7744	-11.3519
-13.4070	-6.4761	-1.8732	-0.6938	2.2059	1.4923	-2.0365	-2.9228	-12.1332	-19.5349
-10.6312	-8.3997	-3.0183	-2.6119	1.6867	1.8606	-5.8904	-3.7461	-6.3697	-9.3408
-13.4569	-8.2944	-3.7929	-3.2704	2.0872	1.9456	-2.8263	-2.5952	-7.0516	-8.9415
-13.1559	-9.0126	-2.9996	-3.5380	1.8560	1.7147	-4.0858	-3.2059	-11.3026	-16.2608
-9.5386	-12.0958	-5.3429	-2.3487	1.5230	1.4126	-2.0927	-4.4489	-10.1363	-10.0633
-10.0749	-8.9551	-2.9331	-1.8060	2.3605	2.3788	-2.2010	-5.4620	-7.4759	-8.8145
-10.1891	-5.5437	-2.9172	-3.4213	2.3411	2.1137	-2.6998	-3.1853	-10.3046	-13.2073
-14.1153	-7.7379	-4.0201	-4.0120	2.0819	2.5995	-2.6811	-5.4417	-6.8350	-8.8023
-11.9780	-10.8952	-3.4368	-1.8708	2.1385	1.4336	-2.3682	-2.7489	-8.0057	-7.2541
-13.1603	-9.4509	-2.0410	-1.9204	2.1318	1.7544	-2.2223	-2.0716	-11.4603	-9.9531
-12.4973	-8.5427	-4.4367	-2.6071	2.8308	2.1075	-5.2398	-1.9233	-5.3507	-11.5776
-9.9285	-6.1848	0.0281	-1.8918	1.6535	2.1560	-4.2250	-3.1466	-5.8986	-10.0363
-6.9943	-10.1612	-3.4141	-3.1064	2.2609	2.5535	-2.9363	-3.4393	-6.8419	-9.7802
-11.3651	-8.2499	-3.2218	-2.6013	2.8275	2.3498	-3.9822	-3.7372	-9.7518	-9.8605
-8.1093	-8.2172	-4.1053	-5.2302	2.0637	1.9198	-3.6300	-3.6219	-8.2461	-12.7535
-9.7101	-6.0879	-3.7201	-3.5671	2.1292	2.5943	-3.2117	-4.3773	-10.4479	-14.3923
-12.9930	-7.0719	-3.1862	-2.8627	2.4815	2.5123	-1.1894	-2.4101	-5.4865	-9.8694
-12.2167	-7.1653	-3.4575	-2.7886	2.5351	2.3763	-4.4440	-3.9883	-6.9290	-16.8585
-9.0712	-7.4254	-1.9284	-3.2806	2.1140	1.7808	-2.1767	-2.6835	-8.9555	-7.7932
-8.8309	-8.2096	-3.9645	-5.5216	2.1750	2.6507	-3.7775	-4.6309	-6.6037	-10.4232
-9.7520	-7.3897	-4.1786	-1.4220	2.2971	2.1185	-3.7154	-3.4775	-8.1475	-15.2530
-10.7454	-11.1632	-1.7871	-1.1780	1.1970	1.6890	-4.8327	-4.2426	-9.3238	-11.2855
-10.0604	-6.1527	-3.0130	-4.1133	1.6976	2.3559	-5.3748	-2.7784	-5.7013	-9.7733
-8.0674	-8.4247	-3.0607	-0.3311	2.5226	2.4014	-3.1801	-4.6442	-7.3835	-9.6952
-12.1990	-7.0406	-4.1417	-2.8880	2.4205	2.4744	-3.2959	-1.8585	-5.8472	-9.3667
-8.2435	-5.6554	-4.4162	-4.4867	2.0050	1.3199	-4.3043	-2.2498	-6.4470	-8.5878
-13.1362	-9.9956	-5.3396	-1.8858	2.0817	1.9587	-4.3405	-3.3164	-7.3929	-11.8433
-9.5807	-5.3191	-4.5197	-2.8628	2.1547	1.7828	-3.5554	-4.4440	-7.7683	-11.3529
-9.6688	-6.7726	-3.2445	-2.9769	1.5039	1.9662	-3.1791	-3.1924	-8.2921	-11.1317
-9.6682	-8.9889	-4.3685	-2.2970	2.2756	2.5269	-4.3057	-3.0849	-8.6787	-12.5370
-12.0942	-9.9954	-4.1741	-7.5175	2.6651	3.2146	-0.2985	-3.3932	-9.4217	-8.2998
-9.7825	-7.5241	-4.6948	-3.1488	2.3775	2.3729	-1.8297	-3.5644	-11.1697	-17.0760
-11.1771	-8.9693	-3.2121	-1.8215	2.9230	2.5972	-3.7807	-2.6914	-6.1348	-8.9082
-8.6995	-6.8868	-4.4984	-4.1565	2.5495	2.4252	-2.4874	-4.0365	-11.0829	-15.8047
-15.8157	-8.5498	-3.8994	-1.5273	2.3655	2.6809	-4.1919	-3.9035	-12.2552	-11.1159
-9.8570	-8.0523	-4.9376	-2.2885	2.4388	1.8116	-1.7062	-3.4158	-6.4933	-8.0559
-7.0134	-6.8042	-3.8355	-3.7927	2.0817	1.8379	-3.0999	-3.0712	-10.0185	-8.9316
-23.1249	-15.3571	-3.2034	-0.2699	2.5894	2.9545	-2.8928	-5.6892	-8.8987	-9.7888
-9.5562	-6.7200	-4.1293	-4.0197	2.7667	2.1453	-3.2098	-2.4914	-8.1139	-7.9807
-10.6497	-8.9325	-2.7681	-1.5290	2.2534	1.9946	-4.7563	-3.1111	-5.9883	-15.2336
-9.2088	-6.0627	-2.6725	-6.3057	1.7426	2.5212	-1.3888	-3.7911	-10.4606	-13.6851
-15.2374	-8.0231	-3.5480	-3.5092	2.1580	2.9055	-2.2525	-5.1052	-7.7517	-11.9294
-16.4881	-5.6203	-1.4322	-1.8215	1.8819	1.7740	-3.8452	-2.4827	-6.8342	-14.1823
-11.5787	-5.9863	-2.5473	-3.6361	1.3144	1.7984	-3.6851	-2.4943	-5.9924	-12.4961
-6.6516	-9.7396	-4.3581	-3.5563	2.6760	2.6294	-2.1325	-4.4845	-11.3250	-10.9765
-7.9145	-8.8171	-4.8235	-3.9731	2.4288	2.1044	-2.4388	-2.1925	-7.1824	-11.7210
-9.8381	-4.7300	-4.1561	-4.5644	2.0235	2.3569	-1.0170	-1.8871	-6.4040	-8.7802
-9.6387	-9.5343	-3.3073	-2.9638	1.5449	2.1628	-2.8836	-3.2528	-7.1496	-11.2054
-11.9782	-8.5956	-4.7991	-4.8465	2.6050	2.4784	-4.2753	-4.9798	-6.5633	-6.8482
-12.8982	-7.5509	-4.4078	-5.4443	2.9659	3.2169	-2.8951	-6.2343	-11.9871	-13.8660
-9.0603	-8.8514	-3.6644	-3.3539	2.3876	1.8434	-4.1152	-2.9315	-7.6624	-14.2579
-10.2552	-10.0254	-5.4700	-3.4554	2.4142	2.5916	-5.8612	-4.0325	-6.2578	-9.0203
-12.4591	-7.6206	-4.4339	-2.7453	2.3826	2.8422	-3.3544	-3.3932	-5.5634	-13.6967
-11.5801	-6.5211	-2.3738	-1.9301	3.1220	2.6789	-5.9178	-3.8355	-7.3425	-9.5324
-7.5534	-7.2884	-4.8994	-2.0876	2.1821	2.1999	-2.3854	-4.6062	-8.7997	-15.4088
-12.3976	-7.0802	-3.9131	-1.5689	1.6812	1.5779	-3.2772	-5.5343	-9.7711	-10.0692
-12.0531	-11.2686	-4.3727	-1.1272	2.2706	1.7308	-2.4305	-3.1153	-7.4128	-13.9017
-19.3956	-9.0765	-3.4738	-4.3866	1.8189	3.0097	-2.2587	-2.8044	-5.2245	-14.9431
-12.9432	-8.0861	-4.7189	-3.3573	2.4201	1.6444	-3.5816	-2.8700	-9.2186	-11.8317
-8.5047	-7.7769	-3.1552	-2.4163	1.7787	2.1382	-2.8867	-4.3306	-10.2954	-13.1517
-6.9661	-7.5043	-2.9145	-6.2542	2.1193	2.4089	-1.3588	-3.4928	-7.4340	-11.4473
-16.3425	-8.2856	-2.6199	-1.2193	2.3198	2.3878	-1.7827	-3.6024	-10.9238	-11.8059
-9.6740	-6.8596	-3.0397	-3.9020	2.4127	2.1995	-1.4261	-2.5121	-8.5895	-14.4636
-12.1910	-7.8509	-2.0728	-1.4898	1.5814	1.9936	-5.2658	-3.6275	-6.7540	-15.1381
-14.0548	-8.4105	-2.0774	-3.1092	2.3465	3.1244	-3.7500	-3.6191	-5.8639	-11.8688
-10.6450	-5.5338	-2.9321	-3.0975	2.0903	1.8986	-4.1855	-2.9003	-9.5018	-14.6538
-14.0485	-9.3706	-4.8235	-2.3185	2.9940	2.3000	-3.6653	-3.1094	-9.9902	-16.3684
-9.7713	-9.8546	-4.6100	-3.4653	2.7480	2.6816	-2.7018	-3.7958	-10.5223	-9.8705
-8.1229	-5.2997	-3.7245	-3.0185	2.2950	1.7455	-3.5584	-4.0653	-5.6616	-9.1720
-15.3488	-4.7779	-3.6473	-1.4834	2.1514	2.2048	-2.9457	-2.6375	-7.7231	-11.1056
-11.7656	-9.9849	-3.7746	-2.1610	2.4132	2.0392	-4.2741	-3.3846	-4.9991	-12.4703
-12.1568	-9.0906	-3.3207	-3.1834	2.1676	1.6140	-2.4634	-2.4583	-6.7401	-9.4175
-9.1589	-6.3822	-2.7395	-5.0518	2.2780	2.2140	-4.2496	-2.9829	-6.3507	-13.4313
-18.5540	-7.5543	-2.8491	-1.1854	1.8476	2.2963	-2.6856	-5.0067	-9.7751	-13.4075
-7.3999	-7.7510	-2.7297	-2.2803	2.1483	2.3926	-2.7944	-2.8351	-8.2830	-11.9358
-10.6261	-7.7749	-4.1720	-3.3247	2.0632	2.2608	-4.1082	-4.5407	-9.3900	-13.5956
-12.4892	-5.5363	-1.6850	-3.7240	1.1373	1.7787	-2.1690	-3.6665	-9.1885	-8.7474
-11.7710	-5.3891	-1.7787	-3.9314	1.9388	2.4792	-2.3480	-2.8656	-9.1206	-8.5580
-11.1171	-9.3532	-4.0430	-3.7443	2.3264	2.4057	-3.2735	-5.1659	-9.4277	-12.4702
-15.2446	-6.1383	-2.4747	-3.7216	2.0507	1.9630	-3.1384	-3.6075	-8.5131	-13.0735
-8.7431	-7.9416	-4.7186	-3.1947	2.2484	2.0950	-1.0856	-3.5799	-8.6612	-10.2433
-11.1086	-9.4116	-2.7673	-3.1755	2.5969	1.9788	-1.3453	-3.5391	-9.5343	-13.3080
-10.7510	-8.6406	-2.3294	-2.3561	2.5071	2.1135	-3.0019	-2.2190	-7.1255	-10.0332
-11.7108	-7.9194	-2.4194	-0.9214	2.4957	1.1090	-3.6779	-2.7355	-9.1466	-10.3914
-12.1974	-5.1180	-2.7315	-4.9403	1.4823	1.7415	-4.8227	-2.6917	-5.8369	-10.7024
-10.3863	-5.0847	-2.6416	-2.7950	2.3752	2.1604	-2.2316	-3.6570	-8.3903	-11.0270
-10.8029	-5.2322	-3.5521	-2.7268	2.0333	1.8231	-2.6180	-2.2975	-7.6181	-14.5186
-11.1029	-8.9233	-4.2976	-3.7211	2.2485	1.9770	-3.7046	-3.9203	-7.2612	-8.3901
-14.3681	-9.1586	-4.0491	-3.9321	2.5357	2.1984	-2.9897	-2.4590	-9.5370	-9.4281
-11.7765	-5.5895	-4.3922	-3.1701	2.7045	1.8399	-3.5228	-4.9145	-10.4069	-8.4385
-12.7900	-5.2046	-3.8157	-5.5951	2.3078	2.2149	-1.5012	-2.8031	-9.3419	-10.2406
-12.1972	-7.4827	-3.7904	-2.4093	1.6830	2.0260	-2.6816	-5.7137	-14.1701	-13.3585
-12.8071	-7.3215	-1.4991	-3.2675	2.6730	2.8595	-3.2172	-3.7567	-8.3437	-10.4659
-10.7160	-7.5373	-2.6813	-3.3636	2.5074	2.4893	-3.2351	-2.5479	-7.4058	-10.1836
-12.2808	-8.8026	-3.6096	-1.7243	2.0956	2.4794	-4.1078	-3.5596	-9.4367	-12.6314
-7.0713	-5.3382	-5.3107	-4.2516	1.7358	1.9814	-1.4741	-5.1539	-9.2217	-4.8529
-9.1369	-9.0461	-3.5268	-1.9497	2.4732	2.5118	-2.7974	-2.9458	-7.6324	-15.9910
-8.6656	-9.5832	-3.6476	-2.1418	2.6017	2.5711	-2.0231	-4.5501	-6.6793	-10.7644
-7.3285	-6.2968	-4.3616	-5.2922	2.2923	2.1166	-2.1037	-4.6333	-9.2068	-15.9820
-13.4269	-6.7603	-4.7610	-1.8297	2.2805	1.7234	-4.3973	-2.7630	-7.8633	-11.5444
-10.6566	-6.7707	-3.4267	-2.3698	1.6448	1.3930	-3.8167	-2.7522	-5.0145	-9.4821
-16.6133	-11.4519	-4.7499	-2.2952	2.8261	2.2462	-2.4431	-3.4502	-8.7107	-9.3856
-9.7992	-7.4612	-3.4044	-4.0824	2.3672	2.1468	-1.4752	-2.3843	-5.0745	-8.4077
-9.2634	-8.5049	-1.6233	-2.4899	1.7234	1.5034	-3.9469	-2.0877	-5.7186	-12.8771
-12.7135	-9.4048	-4.8193	-1.5219	3.0846	2.8188	-4.3649	-4.3448	-8.5925	-19.7784
-9.8977	-5.1855	-2.1355	-3.5684	2.3740	2.1608	-5.1611	-1.6387	-4.6721	-7.3202
-11.0649	-7.6383	-4.1081	-3.2069	1.5034	2.6544	-1.8600	-4.3842	-7.2545	-11.1375
-12.2394	-8.0088	-4.1589	-1.2991	2.2705	2.6191	-1.8199	-2.6961	-7.0572	-10.4342
-8.3228	-7.6478	-4.4168	-6.3886	1.7807	2.1147	-2.7348	-3.5965	-11.4630	-13.8032
-9.8829	-10.2304	-2.1668	-3.1098	2.3978	2.2029	-4.3072	-3.8582	-8.5278	-8.1066
-10.7729	-4.6081	-4.0703	-4.4136	2.2287	2.6625	-4.2689	-4.9635	-7.1101	-13.0890
-11.5615	-14.2574	-5.1001	-2.2139	3.0639	2.1109	-5.4545	-4.2302	-9.7405	-13.2902
-14.4702	-9.8298	-5.3302	-1.5368	2.7461	2.1320	-3.1467	-3.5964	-9.5127	-9.9684
-14.4833	-12.4782	-4.6437	-3.0731	2.3044	2.6482	-1.6427	-3.6010	-8.7025	-14.5290
-11.9742	-8.2687	-3.3620	-4.0342	2.5539	2.4631	-2.5255	-5.3604	-7.9700	-10.2997
-8.0875	-6.1567	-4.7756	-4.2242	1.9533	2.5528	-2.7753	-4.6774	-8.7281	-11.1387
-16.3837	-7.2680	-3.4164	-1.6907	2.4152	1.6084	-3.3755	-3.5189	-5.8820	-5.2992
-7.4687	-9.2108	-4.6528	-3.3981	1.5848	2.0142	-2.0731	-3.8764	-10.0733	-17.6541
-10.1216	-8.3894	-3.5274	-3.6582	2.3224	1.6927	-2.0290	-2.7105	-6.3364	-10.2434
-11.2217	-8.3826	-3.9819	-2.2957	1.8041	2.1809	-3.0444	-4.3615	-7.8322	-10.1574
-14.4406	-8.3747	-3.1654	-1.5141	2.3985	2.2199	-4.3074	-2.6025	-12.6960	-17.4503
-8.5893	-10.1073	-4.3221	-3.3611	1.9847	1.4869	-2.0358	-2.1240	-7.1013	-10.5047
-12.5126	-9.8768	-3.7138	-3.4306	2.2651	2.1282	-5.5385	-2.9467	-5.7229	-9.8933
-12.0056	-5.5819	-2.8473	-3.0999	2.1010	1.7366	-1.6883	-5.5778	-10.1533	-12.1497
-19.6952	-9.8733	-3.5155	-2.2864	2.6024	2.4099	-1.1904	-5.2149	-12.3155	-9.5712
-8.8002	-6.3282	-2.9443	-4.3310	2.1307	2.2769	-1.3806	-3.5493	-5.0776	-9.4395
-15.6538	-10.5552	-3.0826	-2.4758	2.5062	2.7023	-4.1769	-3.2865	-7.1145	-12.8401
-12.6417	-8.0387	-3.9710	-1.5324	1.7777	2.0197	-3.5911	-4.2518	-6.2350	-14.7074
-14.1797	-5.9349	-1.6741	-2.3504	1.2693	2.0129	-3.8200	-3.0973	-5.3260	-9.9787
-17.8446	-5.1821	-1.1455	-5.6027	1.8592	2.2551	-2.3546	-4.2314	-8.3473	-9.6606
-9.6600	-10.9611	-2.5168	-5.0132	2.7002	2.1726	-4.1709	-3.0055	-7.5444	-10.0798
-13.2262	-10.6707	-3.6712	-4.0166	2.2156	2.1800	-1.2877	-4.9986	-10.7432	-12.6008
-7.7224	-8.4955	-3.5139	-3.0404	1.8373	1.8188	-3.0629	-3.2253	-5.5047	-8.9018
-23.1111	-9.7065	-2.1842	-1.9133	1.6954	1.9250	-4.2263	-4.4129	-7.3714	-17.1499
-13.5962	-6.2564	-4.0886	-2.0633	2.7723	2.6460	-2.7197	-3.5461	-9.4243	-9.6177
-10.3486	-6.6395	-2.3667	-4.2922	2.0982	2.8176	-1.5934	-2.6039	-7.6692	-9.6037
-11.6634	-9.6638	-4.4249	-2.7493	2.4432	2.5150	-3.3367	-3.5850	-7.9773	-12.0626
-12.7388	-8.8088	-2.9667	-4.4930	1.8392	2.1087	-0.9904	-2.3108	-5.5481	-12.0887
-11.9591	-5.5969	-3.1065	-4.0439	1.7181	1.0986	-3.1089	-2.2922	-5.2041	-9.4031
-10.6812	-6.5229	-3.2317	-6.0811	1.8179	2.2555	-1.2866	-3.5928	-9.4744	-11.9037
-9.7687	-6.1718	-3.3067	-1.9829	1.8044	2.2724	-3.9843	-5.2183	-9.6292	-14.1129
-7.4708	-5.8374	-4.1122	-3.8280	2.2016	2.7248	-4.9500	-2.7882	-5.1910	-9.2038
-8.6784	-7.8955	-2.4997	-1.7279	1.9455	1.5153	-4.2354	-3.2327	-7.1692	-11.3456
-10.2134	-6.2276	-3.9749	-2.1852	2.7114	2.5935	-3.4533	-4.5312	-6.3830	-13.9648
-7.6954	-8.1123	-3.4341	-2.6743	2.2625	1.8354	-2.7696	-2.9076	-7.5680	-7.7023
-11.8853	-10.5344	-4.7514	-0.9592	2.2582	2.6041	-3.2128	-6.1464	-9.6609	-9.5222
-13.2102	-11.5421	-3.1743	-2.7567	1.5234	1.6916	-3.5805	-2.6323	-7.5376	-7.6518
-30.2840	-7.1099	-3.0904	-3.8861	3.0009	2.8003	-2.4472	-2.5413	-7.8020	-13.2883
-10.5761	-7.3095	-4.3391	-3.5164	1.9940	1.9465	-1.9079	-3.7096	-7.9618	-12.3112
-6.8247	-7.4794	-4.5169	-3.8481	1.5719	2.4721	-1.5942	-3.5232	-5.4306	-9.6280
-10.4534	-5.8185	-4.0829	-2.8576	2.0447	2.2408	-3.3418	-2.3512	-8.2930	-8.6241
-19.5289	-10.8179	-2.4253	-2.6938	2.8847	2.2869	-3.1936	-2.8784	-8.4978	-11.8431
-11.8335	-6.6475	-3.6998	-2.7108	2.5755	2.7498	-3.0753	-4.0839	-6.9166	-7.7481
-18.3463	-8.0217	-3.3750	-1.1027	2.6553	2.1324	-3.1886	-5.0960	-8.6148	-11.9856
-13.4403	-7.3063	-3.5556	-2.6582	1.9694	1.8556	-4.1971	-3.0848	-4.0431	-7.0984
-10.1547	-11.1600	-5.9189	-2.8527	1.9040	1.3170	-2.2528	-1.9642	-6.2876	-11.6139
-11.1297	-10.8914	-4.1285	-3.7612	1.6455	2.1396	-3.2250	-4.1288	-7.1404	-16.1907
-13.0995	-6.3921	-2.7234	-2.7967	2.1492	2.7736	-1.8551	-2.9060	-9.4522	-14.6970
-10.5634	-9.9356	-3.4727	-3.6989	2.5414	2.0988	-3.9107	-2.4123	-6.3164	-12.0683
-9.3104	-6.5799	-3.7737	-3.7728	1.8550	1.8988	-1.9188	-4.3065	-12.7066	-14.3020
-10.9168	-7.9471	-3.5578	-3.4127	2.3692	2.7272	-2.3971	-2.3884	-5.7638	-13.8402
-9.9907	-9.4760	-3.8098	-3.0876	2.0249	1.6048	-4.9013	-4.5355	-7.7628	-10.3942
-11.1721	-9.3956	-4.6569	-2.3030	2.2265	2.0779	-3.2528	-3.1707	-8.6071	-11.1024
-10.0037	-5.0201	-4.0425	-4.3063	2.2208	2.2620	-3.6812	-3.9023	-12.0702	-11.8750
-21.4020	-8.8208	-3.6334	-2.8694	3.0211	2.8030	-1.4621	-2.5110	-8.5908	-16.1454
-7.7580	-5.9751	-3.8381	-3.7345	1.9836	2.5709	-1.2330	-3.5362	-6.1179	-10.4305
-10.8037	-11.3209	-3.9787	-4.2973	1.5906	1.8377	-3.1762	-2.1361	-4.4997	-11.4792
-9.1637	-4.6739	-3.9659	-4.3348	2.3814	2.4150	-3.5822	-3.3554	-4.7990	-12.1368
-10.6233	-6.0858	-3.1739	-1.5336	1.8402	1.8392	-3.5350	-4.1103	-6.5003	-7.5534
-10.4177	-7.4954	-4.8391	-2.0416	2.6288	2.1846	-2.5950	-2.7749	-9.8125	-14.3565
-12.3041	-9.1067	-5.3350	-3.1652	1.9476	1.9687	-2.0797	-4.0263	-9.3361	-22.8607
-9.0266	-4.6932	-3.8233	-5.4095	2.3163	1.9428	-3.1525	-2.3882	-6.5652	-12.7352
-23.8898	-10.6260	-2.7009	-2.8846	1.6895	1.9369	-1.7354	-3.3630	-5.8910	-9.2826
-13.0061	-10.5654	-4.5112	-3.0616	3.0434	2.0319	-2.9548	-2.6497	-9.8276	-11.8700
-7.8149	-7.1525	-2.7621	-4.3891	2.4609	2.3582	-4.1465	-2.8136	-7.1937	-13.1600
-9.4505	-4.7833	-3.2563	-5.1207	2.4178	2.2108	-3.3696	-3.6279	-6.5790	-11.7696
-10.3713	-8.2912	-3.5654	-4.5726	2.2956	2.5793	-1.1259	-5.5699	-11.2695	-14.8669
-7.2813	-7.7706	-4.2370	-2.8750	2.1839	2.5160	-2.7095	-5.4305	-7.5471	-17.2187
-13.5563	-5.7214	-2.6093	-3.4943	2.0439	1.8395	-2.0533	-3.3970	-9.7979	-10.9531
-9.5363	-7.1284	-3.2065	-1.6416	2.2919	2.5232	-2.4340	-2.7415	-7.3588	-12.0940
-10.1736	-6.5997	-2.5746	-3.2224	2.4769	2.2657	-4.4875	-4.0934	-9.1249	-12.6407
-14.6040	-9.8528	-4.0993	-3.3288	2.3849	2.9223	-1.3228	-4.5922	-13.1163	-10.8725
-11.8805	-5.9368	-3.2958	-2.8866	2.9910	2.2569	-4.3104	-2.1705	-7.6241	-11.4778
-15.6383	-10.6400	-4.1164	-1.5054	3.0667	2.2187	-4.4661	-4.3551	-7.6412	-9.4521
-14.7508	-6.0622	-3.2597	-6.6256	1.1535	2.1551	-2.8072	-4.1992	-6.0523	-15.2181
-10.3493	-7.7730	-4.5375	-5.1598	2.3254	2.3760	-1.6915	-4.3352	-6.9091	-10.6187
-14.6561	-6.4708	-1.8270	-3.2288	1.2361	1.3751	-2.1654	-2.3183	-6.0605	-8.8433
-12.1235	-10.6288	-2.4747	-2.1568	1.3087	1.9087	-2.0620	-3.4316	-11.0012	-15.8985
-8.5143	-10.8612	-4.1883	-4.7987	1.9232	2.5585	-3.1143	-3.4251	-7.7050	-14.1206
-13.8941	-8.6514	-3.3409	-3.4771	2.1397	2.0678	-3.2122	-3.7104	-7.4217	-8.2299
-11.8690	-7.6706	-4.6916	-3.7463	2.7837	1.8526	-2.7845	-4.9118	-10.3447	-10.1504
-16.3408	-5.0301	-4.5849	-4.2165	1.5890	1.4742	-0.5689	-2.6036	-8.7327	-9.7143
-11.6145	-7.3052	-1.7744	-1.1889	0.6550	2.2207	-2.9442	-3.1017	-8.0332	-10.2665
-13.8261	-8.8228	-3.2121	-4.0962	1.9156	3.0892	-3.0235	-3.9086	-6.2678	-12.2757
-9.2653	-6.3017	-3.7514	-6.1550	1.6167	1.9757	-2.1009	-3.7839	-10.6416	-10.9511
-12.0011	-7.0706	-2.8171	-2.2048	0.9907	1.5521	-2.3825	-1.5557	-5.5134	-12.0215
-13.7282	-5.6348	-4.1537	-2.0143	2.4626	2.5124	-1.9580	-4.2722	-7.3428	-9.7662
-14.7699	-7.6577	-1.3154	-2.3365	2.4106	2.8617	-4.2515	-4.5246	-8.2241	-11.1488
-9.6329	-7.8077	-3.7426	-4.2913	2.0527	2.1712	-3.0927	-2.3790	-6.7862	-7.6895
-9.6490	-8.4776	-2.9651	-6.6734	1.8740	2.3837	-1.0433	-3.1629	-6.1875	-11.1238
-10.2050	-8.4457	-4.1318	-3.2225	1.9713	2.0637	-2.6490	-4.2840	-11.6392	-10.5346
-10.8824	-7.6831	-4.6711	-2.9028	2.4148	1.8066	-2.7646	-2.1003	-6.2073	-16.4948
-15.3314	-7.0506	-3.3084	-4.3387	1.8370	1.8637	-3.7319	-2.6186	-5.3423	-7.5994
-8.4355	-6.8965	-1.5606	-2.7832	1.8414	2.0242	-2.7459	-4.1521	-5.6487	-13.2456
-12.4464	-7.7566	-2.5346	-3.6201	1.9482	2.3771	-2.7805	-2.3292	-3.4640	-9.7639
-14.6665	-10.8074	-4.7674	-4.5265	2.6494	2.4932	0.2792	-2.2462	-9.6171	-11.6755
-9.1839	-7.4450	-4.6227	-3.6276	1.7832	1.2295	-2.8429	-3.1766	-6.3433	-9.3058
-17.3037	-6.2120	-3.6888	-2.7851	2.4855	2.8345	-2.9469	-3.4310	-6.8049	-13.7548
-23.5189	-7.6456	-3.5535	-2.7920	2.5513	2.2169	-2.6438	-2.8229	-7.3763	-12.8733
-7.8124	-6.6187	-3.0102	-2.6422	1.7340	2.2013	-2.9008	-4.9038	-8.3350	-12.8790
-12.9406	-7.6549	-4.2950	-4.4789	2.2690	2.4809	-2.1114	-4.1335	-7.3682	-17.6254
-9.9696	-7.0361	-3.6021	-1.8689	2.9811	1.9599	-2.5981	-3.4382	-6.2273	-12.0375
-11.7282	-11.4767	-6.9977	-2.8309	2.4025	2.0163	-1.0934	-5.2497	-8.6046	-11.4912
-11.4194	-8.4390	-2.6797	-2.1223	3.0282	2.7059	-2.6595	-3.4502	-9.8149	-12.3437
-10.6473	-7.8485	-4.9337	-3.7691	2.5459	1.9760	-3.1224	-2.6654	-8.9107	-9.7291
-12.7940	-6.2444	-2.7213	-3.1265	2.0810	1.9999	-2.6482	-3.3634	-6.0424	-11.7535
-9.8736	-7.4118	-1.9727	-3.0487	1.7267	2.0020	-2.6098	-2.5385	-7.1733	-25.7108
-10.5272	-5.4571	-1.7689	-2.5400	1.1988	1.7361	-3.6541	-3.0675	-5.5137	-14.3769
-11.5381	-8.4907	-2.5850	-3.2431	1.3024	2.3987	-2.3757	-4.4048	-6.6180	-13.8515
-10.2960	-9.6330	-3.6312	-2.6526	2.3065	2.2353	-5.1221	-2.6668	-7.2518	-16.6839
-14.5436	-6.4745	-3.3863	-3.7156	2.4180	1.5498	-1.9030	-2.8517	-6.7139	-11.1451
-9.2525	-6.4173	-2.6390	-3.9952	2.0988	2.6520	-2.0442	-5.0026	-7.7176	-9.8589
-15.5944	-7.0978	-5.1640	-1.8797	2.4646	1.8145	-5.0041	-3.8575	-6.7122	-9.7153
-11.6610	-5.1636	-4.2615	-5.0809	1.8554	2.2993	-0.0808	-3.5092	-9.3113	-7.6153
-18.3460	-10.2283	-2.5802	-3.1175	2.0420	2.7983	-1.7037	-3.9990	-11.2318	-15.7697
-9.0545	-7.1388	-3.8171	-4.6653	1.5768	2.1781	-2.4644	-4.0365	-6.9134	-12.8298
-8.2840	-8.6605	-3.6816	-3.8497	2.0561	2.0948	-5.3933	-4.2585	-5.7225	-9.0125
-8.1547	-7.7813	-2.7083	-1.6409	1.9247	1.8700	-3.5601	-4.1076	-6.6114	-9.5476
-7.3557	-7.0130	-3.6616	-4.1959	1.0777	1.4209	-1.9473	-3.3270	-6.1273	-8.4405
-17.1241	-6.8687	-2.9314	-3.3334	1.5360	2.2383	-1.4698	-2.0382	-6.9513	-9.7608
-9.6690	-5.2884	-2.5579	-5.1366	1.7571	1.8822	-3.1659	-3.1586	-6.3694	-9.3925
-12.4964	-12.0460	-4.8005	-1.8682	2.5895	1.8415	-3.2150	-2.3917	-6.5082	-10.4417
-17.0491	-6.9435	-2.3659	-4.2639	2.2360	2.1881	-3.5879	-5.7167	-6.7167	-9.1473
-10.0085	-5.4197	-4.0003	-3.6795	1.9988	2.2199	-3.2852	-3.6919	-9.4115	-10.1022
-9.2036	-7.0499	-4.9759	-3.0726	2.7875	3.0159	-3.1149	-3.3106	-6.7806	-10.2415
-10.3921	-9.5703	-3.9434	-2.5869	1.9200	2.0274	-1.4995	-3.4965	-13.1344	-14.5524
-13.3380	-10.0280	-2.5299	-3.2865	1.4899	0.9766	-2.0086	-2.4481	-7.0901	-12.9240
-12.8699	-10.6881	-2.8778	-4.2217	1.8885	2.7592	-3.0988	-5.2421	-7.3430	-12.5015
-13.9275	-6.4221	-6.1094	-2.8984	2.1425	1.7908	-2.5007	-0.9898	-6.2864	-9.9714
-9.0393	-6.2012	-2.0972	-2.7804	2.4724	1.9203	-4.5154	-3.5836	-5.3732	-8.4275
-10.5566	-5.7556	-5.2527	-4.6955	2.0505	2.1115	-2.7063	-4.5620	-7.7904	-8.9620
-9.6171	-8.5588	-5.5423	-5.3029	2.6539	2.4347	-3.1950	-3.5827	-5.6495	-15.9963
-11.7815	-4.9743	-3.4877	-3.5460	2.5293	2.7008	-1.9490	-2.9071	-6.8641	-10.2343
-6.9435	-9.2942	-3.9294	-4.3155	2.0929	1.6531	-2.8292	-2.4205	-5.6343	-8.1596
-8.1963	-6.1842	-4.2539	-4.2499	1.8191	2.3137	-4.0752	-5.2593	-7.1243	-10.2747
-12.2481	-7.6466	-3.9502	-3.6795	2.3556	3.0715	-1.5657	-6.4537	-10.7606	-12.1149
-6.9211	-7.2175	-4.2818	-3.4204	2.1035	2.0698	-4.6205	-1.3675	-5.1776	-10.9839
-14.1009	-6.7158	-3.2242	-5.2860	1.9820	3.1351	-2.3246	-2.8068	-8.0191	-10.0890
-16.2899	-9.5448	-3.0687	-1.9029	2.1563	2.0450	-2.8074	-2.9017	-12.5471	-11.8030
-12.5336	-5.9785	-2.9282	-2.5118	2.6476	2.0134	-3.7647	-2.9420	-10.3325	-9.8461
-9.2918	-6.6794	-2.5929	-1.5678	1.8146	2.7952	-4.1121	-4.0403	-6.3757	-9.7252
-13.7917	-11.5334	-3.5491	-3.5018	2.1082	2.6305	-2.7797	-3.5823	-8.4835	-9.9887
-9.6809	-6.6246	-3.5826	-1.5819	2.6039	2.5183	-3.0843	-2.9586	-7.3335	-10.7543
-13.6843	-5.6474	-2.8660	-4.4173	2.1364	2.0434	-1.7985	-4.9234	-7.8858	-8.4573
-8.5669	-4.4472	-1.7887	-5.5251	1.2651	1.7252	-1.3653	-2.2345	-6.8523	-10.2224
-12.4174	-8.5087	-4.9539	-2.6454	2.6001	1.7342	-3.8459	-4.2460	-5.5900	-11.2773
-9.4336	-5.3539	-4.2854	-2.4832	2.3288	2.0081	-3.0895	-3.3243	-7.0605	-11.6944
-11.9706	-6.0937	-3.2760	-4.3748	2.0179	2.4294	-3.7416	-3.7249	-8.7765	-11.7377
-9.4723	-4.3115	-3.0697	-3.4074	1.6829	1.6421	-6.2264	-3.9053	-7.1692	-9.2996
-8.0516	-6.5194	-4.3641	-3.7086	1.2689	1.5972	-3.8404	-4.6906	-6.7757	-11.2911
-16.2378	-7.0933	-3.8350	-1.5791	2.1891	2.0942	-3.2246	-4.1755	-7.2610	-9.4287
-7.2532	-6.4676	-3.2363	-3.2044	2.8726	2.2652	-2.9627	-2.7586	-7.1994	-8.7436
-10.6227	-5.3119	-3.0316	-3.6815	2.0670	2.2482	-2.7655	-4.0444	-9.7238	-13.4218
-12.2445	-9.0767	-3.6992	-2.9859	2.3448	2.4475	-1.9276	-4.5406	-10.9244	-11.6461
-12.3655	-6.9058	-4.0263	-5.4470	2.0002	2.0449	-3.6786	-2.4522	-7.6760	-20.1343
-10.7338	-8.9652	-2.9810	-1.5052	2.3545	2.3321	-4.0179	-2.3529	-9.3128	-8.5325
-10.7016	-6.4960	-1.6656	-3.1327	1.6747	2.8003	-3.6016	-2.5638	-7.7707	-8.5726
-20.5785	-6.1955	-3.4837	-4.4920	2.5455	2.4447	-1.8544	-4.8025	-8.2899	-11.0106
-12.3617	-13.1882	-2.5406	-0.9868	1.8646	2.7495	-3.8448	-4.4844	-8.1131	-9.9577
-24.2934	-13.4835	-4.7802	-1.0675	2.0163	2.2497	-2.1804	-2.8674	-8.5110	-21.4032
-8.1245	-7.3671	-3.5896	-2.5022	1.8421	2.1697	-2.2439	-2.7162	-5.9634	-11.5839
-7.1269	-8.2400	-4.7436	-3.3211	2.5428	2.8807	-1.8529	-2.9413	-7.4858	-12.7645
-13.0008	-9.1259	-3.5635	-2.9447	2.0006	1.9872	-1.6003	-3.4558	-11.2448	-18.8116
-15.2989	-6.9688	-2.3763	-1.8379	1.7246	2.8158	-1.8234	-4.1289	-9.8093	-16.4740
-6.6281	-4.9204	-4.3771	-3.4906	2.1649	2.4012	-3.3073	-3.0349	-7.2750	-10.2912
-11.4889	-9.5236	-4.1192	-2.4954	2.0407	2.0255	-4.1034	-3.2564	-5.6562	-22.8931
-8.4279	-5.3153	-2.6845	-4.1286	1.4919	2.0787	-3.4579	-1.6658	-7.3421	-9.9321
-17.6983	-8.2181	-1.8641	-2.2545	1.9332	2.3449	-2.5999	-3.2091	-7.0616	-8.5150
-14.2451	-9.8563	-3.4904	-1.7072	2.4318	2.1951	-5.3214	-4.0396	-6.4960	-13.0440
-10.6200	-5.3516	-0.8355	-1.8620	1.9992	1.1757	-3.6214	-2.1355	-7.5511	-8.4455
-7.1460	-5.0088	-3.5653	-3.9757	2.5479	1.7471	-2.4081	-1.8353	-8.5790	-12.7494
-13.4118	-8.5958	-2.0335	-1.9087	2.2106	2.4559	-3.4661	-2.3782	-7.0250	-17.7608
-13.8094	-7.2691	-4.2556	-3.6173	2.4162	2.0311	-1.8522	-3.0052	-3.6401	-10.4314
-15.5471	-7.5027	-3.3513	-2.6494	3.2253	1.5883	-3.2060	-2.1563	-8.4215	-11.0754
-14.0904	-11.2749	-5.3125	-3.1888	2.1326	2.8097	-3.7763	-4.1270	-8.4769	-11.8487
-13.3937	-9.5963	-1.8583	-2.2043	2.2981	1.7574	-3.1038	-2.5980	-6.8620	-11.2338
-12.0000	-8.9248	-3.3184	-2.1646	2.5265	1.5379	-2.9618	-2.8224	-8.5947	-9.8585
-9.3061	-5.6182	-2.9616	-2.3717	2.7454	2.3649	-3.6662	-3.5209	-9.3572	-9.5327
-7.7696	-4.5281	-2.4885	-3.2366	2.4276	2.1423	-2.4075	-2.5858	-5.8820	-10.4146
-18.6395	-5.5157	-3.9232	-3.9440	2.1491	2.2850	-4.4966	-3.8416	-9.5865	-11.2728
-10.9010	-7.6249	-1.9485	-3.5080	1.0666	2.2216	-2.8431	-2.8375	-5.7157	-8.3629
-13.3327	-9.0654	-3.9660	-5.1412	2.2294	3.0469	-1.8890	-3.4635	-11.9790	-9.9169
-9.0804	-7.7292	-4.5218	-3.9281	2.1264	1.8996	-4.6431	-3.3702	-6.3728	-11.7844
-8.4139	-6.7673	-3.8120	-5.4390	2.1694	2.4753	-1.9087	-2.9940	-6.8766	-11.5529
-13.5806	-7.5326	-2.3242	-1.2701	2.2771	2.1628	-5.6431	-3.4719	-6.5488	-14.2753
-9.8695	-6.5992	-2.5958	-3.9162	1.6807	2.2377	-3.6431	-4.8667	-6.8390	-8.3363
-10.9817	-6.9823	-2.8680	-3.5752	2.5828	2.4997	-5.8837	-3.2913	-4.3179	-6.2278
-8.4501	-6.6198	-5.3381	-2.7065	2.1165	2.1594	-4.7550	-3.5143	-6.1254	-8.5613
-12.7410	-9.7094	-3.6148	-2.0660	2.9297	2.3780	-5.0702	-3.8273	-5.7315	-11.7578
-15.0385	-8.6895	-2.5963	-3.2117	2.3602	2.1714	-3.7751	-3.1446	-7.3251	-11.1752
-12.5081	-9.3588	-2.5949	-1.0351	1.1860	1.8502	-3.1248	-5.1633	-7.9152	-8.5933
-12.3197	-8.1591	-4.4781	-2.5195	1.9092	2.1318	-1.8589	-4.3426	-10.9126	-12.5840
-6.4444	-9.0383	-3.8215	-2.2109	1.6707	2.2852	-3.6834	-2.3821	-8.4009	-9.3490
-12.1239	-8.1348	-4.7226	-4.6201	2.9814	2.6531	-2.3311	-2.8560	-9.2349	-7.0967
-14.7040	-7.3159	-3.4641	-1.4285	2.6873	2.1220	-1.6118	-3.1586	-11.6094	-13.2376
-10.7554	-5.4027	-2.9533	-1.6596	2.9054	2.4234	-8.1579	-4.2573	-6.2971	-7.6263
-12.1910	-5.4170	-3.8044	-3.4712	2.4580	3.0126	-4.9188	-4.9704	-7.2101	-12.3639
-10.8408	-6.9544	-3.1886	-4.7820	1.5695	1.5332	-1.9555	-2.2433	-5.3874	-12.0866
-11.7343	-8.1668	-2.4573	-4.1972	0.9237	1.0858	-3.6096	-3.8324	-7.8566	-12.5343
-10.4212	-5.8816	-2.7695	-2.8827	2.4096	2.0154	-2.1705	-4.0145	-11.7469	-12.3949
-8.7245	-12.8412	-3.4860	-2.7095	2.0193	1.6347	-3.2027	-3.0147	-6.6462	-14.6030
-12.8716	-9.0514	-2.9842	-3.8174	1.8679	2.0110	-3.2757	-2.5635	-4.5833	-9.6934
-9.7255	-4.5570	-3.2006	-3.2295	1.8014	1.8005	-3.8476	-2.5930	-4.6723	-8.9102
-13.1653	-9.8366	-4.8539	-2.4220	3.1122	2.1179	-2.8507	-4.9885	-11.0376	-11.3636
-12.5906	-7.3888	-3.2788	-3.3481	2.5632	2.1458	-2.2105	-4.1711	-5.2023	-14.7168
-16.6967	-6.5299	-2.5264	-1.7211	1.9951	1.1263	-2.9510	-2.0186	-7.4200	-6.9996
-11.2468	-6.3343	-3.7551	-3.4826	1.7935	1.3124	-3.7887	-2.3717	-6.8692	-5.9700
-12.3552	-8.3693	-2.6914	-2.9388	2.2793	1.4838	-2.1416	-2.1758	-4.8987	-13.2418
-12.8714	-5.2926	-1.5888	-1.8745	2.3754	2.1204	-4.1119	-1.4872	-5.8155	-14.9629
-10.7160	-5.5137	-4.1189	-4.0571	1.0784	2.1724	-2.6705	-3.1047	-7.0724	-7.7660
-10.1098	-10.3338	-3.2555	-3.4759	1.8420	2.7836	-2.0437	-3.4076	-6.1604	-12.3658
-16.9224	-6.6157	-3.0780	-3.3700	2.4212	2.5096	-1.7363	-4.0422	-9.1904	-10.8339
-13.2662	-10.1901	-4.3675	-1.7242	1.4381	1.6871	0.3152	-4.3151	-10.7047	-11.9258
-9.3527	-9.7786	-3.3712	-3.0499	1.4562	2.1242	-1.7840	-4.0228	-5.4598	-11.6242
-12.7897	-10.2034	-3.0132	-2.9193	2.2936	1.7810	-2.2099	-3.3503	-5.8860	-19.2725
-15.5171	-8.5481	-2.1766	-2.7523	1.7702	1.7190	-2.5303	-2.4754	-9.7439	-9.6845
-13.0433	-4.8891	-3.3815	-4.0306	2.4434	2.1806	-2.9223	-2.5885	-9.3815	-9.8487
-12.6392	-7.2947	-3.7490	-3.3874	1.9795	1.5078	-2.5994	-2.9524	-4.3458	-9.1338
-10.0575	-7.0471	-4.7910	-2.9036	2.7561	2.3134	-2.3466	-4.4779	-5.8694	-6.8608
-11.0083	-8.3200	-5.8488	-3.2221	2.2684	2.6250	-3.2290	-3.9034	-10.1674	-11.5357
-15.2900	-6.9839	-2.4985	-3.0080	2.0369	2.9482	-2.1909	-6.4174	-9.6229	-14.8457
-9.5143	-5.8488	-3.2326	-4.9969	2.2292	2.4581	-3.3803	-2.5147	-8.4086	-14.4707
-8.2947	-6.3500	-1.3458	-1.8293	1.7949	2.3819	-3.4446	-2.5307	-7.8132	-16.2412
-8.4206	-6.8037	-3.6889	-5.8373	2.1822	1.8696	-2.0510	-1.8356	-7.2795	-11.0722
-16.0116	-9.4843	-4.6730	-1.2781	2.2313	1.0443	-3.6310	-3.8029	-6.5525	-7.8861
-12.7799	-8.0864	-4.0425	-4.2559	2.2397	2.7589	-1.8201	-4.0250	-11.8283	-13.8611
-14.1515	-9.0798	-2.7101	-3.0249	2.0769	2.0493	-3.0255	-2.8566	-9.1503	-15.3456
-15.6070	-7.2699	-3.0176	-3.5292	2.3841	2.3023	-3.6969	-3.6100	-6.8683	-10.2673
-9.8217	-5.8579	-3.3516	-4.7903	2.3572	2.4923	-1.6558	-2.8225	-8.1906	-9.3488
-7.5324	-4.8122	-2.3497	-4.3999	1.7931	2.2546	-3.3074	-4.7362	-5.0607	-7.7172
-8.0427	-8.1043	-4.6788	-3.3315	2.0817	2.0358	-2.4248	-4.0191	-8.5451	-8.9215
-12.7743	-10.9991	-3.7318	-1.1875	3.1402	2.7669	-4.8117	-3.4344	-11.8134	-10.9514
-10.6459	-6.4976	-2.1738	-2.9670	1.5475	2.0118	-2.6717	-2.5275	-5.9069	-9.5965
-11.9257	-6.3509	-2.3742	-4.8006	1.4416	2.4970	-2.5890	-2.3351	-5.5251	-13.8799
-16.0652	-8.7939	-3.5030	-2.6574	2.3187	2.8634	-3.3380	-3.9786	-7.5255	-12.6361
-8.7738	-8.8983	-5.6266	-2.7201	2.7043	2.1579	-1.5241	-3.0305	-8.1147	-13.8577
-10.5850	-5.5985	-2.9177	-3.2435	2.3355	2.2478	-2.7921	-1.9928	-6.4026	-7.7716
-13.3144	-6.7128	-2.2153	-2.4864	1.8515	1.5794	-1.5738	-3.8782	-7.6071	-13.0008
-12.5266	-7.3974	-6.3149	-3.4695	2.7579	2.8562	-2.8776	-4.7816	-9.3753	-9.4795
-10.5063	-8.6734	-3.4071	-3.6492	2.4774	2.6832	-2.4371	-3.8771	-10.9549	-15.5344
-11.0657	-7.0547	-3.0841	-2.1960	1.8574	1.9097	-4.6400	-3.1002	-7.2578	-10.2788
-7.6828	-5.3635	-4.3109	-0.6560	2.4074	1.0628	-5.9435	-3.8892	-8.3967	-11.8902
-8.9225	-6.9619	-3.0779	-2.9473	2.0194	2.0726	-2.3484	-3.5347	-9.5479	-13.7423
-10.9600	-9.9134	-4.6300	-2.3333	1.6527	2.4859	-2.9723	-6.0937	-7.8558	-11.5203
-9.4851	-7.2452	-3.2110	-3.7740	1.2383	2.4674	-3.7648	-3.2426	-4.8570	-8.2394
-15.0730	-6.5508	-3.9535	-2.2351	2.2009	1.4688	-2.6519	-2.6809	-10.8791	-10.5077
-10.7041	-7.8692	-3.5818	-1.2311	1.6091	1.9895	-4.9286	-3.3520	-6.5037	-10.0428
-10.4685	-7.2728	-2.6383	-1.3778	2.2544	1.8228	-2.3916	-2.7458	-8.7612	-8.2848
-10.9963	-7.0395	-2.8585	-4.1180	1.9822	1.9477	-3.0413	-3.5896	-4.6060	-8.0098
-11.4401	-7.2218	-1.2750	-2.0974	1.8396	2.0680	-1.3237	-3.4454	-10.7643	-14.8647
-16.0929	-10.5776	-2.9365	-2.6767	2.3896	1.7703	-3.1444	-3.4394	-10.2558	-12.7947
-10.3505	-6.1800	-2.7963	-3.3198	2.6048	2.0886	-3.9427	-4.4801	-9.8559	-10.7877
-13.4702	-9.4729	-3.9305	-1.7909	2.9269	1.7794	-4.7277	-1.7824	-6.8415	-10.5683
-16.7610	-8.2186	-4.7776	-3.9584	2.0069	1.2606	-2.9743	-1.2997	-6.4645	-12.1386
-10.0679	-5.7432	-2.3059	-2.7852	2.8418	2.2461	-2.2025	-2.9290	-8.4117	-11.5862
-12.3316	-8.1935	-3.1266	-3.1531	1.9358	2.2632	-1.1790	-4.7932	-8.1421	-12.5523
-13.0286	-7.1945	-3.4441	-5.6896	2.1822	2.3756	-1.5543	-2.8504	-7.6207	-10.7901
-10.2527	-5.7532	-3.3103	-4.5438	2.2135	2.3650	-2.1801	-5.4048	-7.1446	-8.0806
-6.2196	-6.8116	-4.2539	-3.0608	1.8174	2.0097	-3.9494	-4.4226	-6.8744	-6.2437
-8.2967	-6.3182	-3.6641	-2.8374	2.8735	1.9443	-4.0027	-3.6864	-8.6787	-14.3404
-9.4659	-7.0213	-2.9578	-3.9633	2.6925	2.9918	-1.7584	-3.6181	-6.3267	-9.4876
-6.2444	-5.8396	-2.5595	-2.1575	2.0865	2.1848	-6.0017	-3.9569	-4.9387	-7.4710
-13.5506	-8.6712	-3.6635	-3.2166	2.3414	2.3846	-3.3289	-3.9728	-10.7820	-9.0392
-8.6693	-11.2597	-4.8648	-2.7919	2.1271	2.2000	-4.0130	-5.8248	-7.6140	-15.4837
-11.5276	-11.6956	-2.1787	-2.7582	2.3966	1.9575	-3.1393	-2.2603	-6.3578	-8.4917
-9.6155	-4.5179	-2.8073	-1.9655	2.8224	2.4861	-3.3275	-2.6273	-6.2150	-14.6126
-11.2524	-5.6686	-3.3493	-2.2669	2.2691	1.5925	-3.6368	-2.2489	-5.6362	-10.2999
-10.1916	-8.8803	-3.3261	-2.4679	2.3524	2.4379	-2.7510	-5.4292	-9.5325	-11.3311
-9.2311	-9.9294	-2.7313	-2.4951	2.3834	2.1508	-2.5076	-4.5257	-6.3337	-8.8664
-11.3796	-7.2485	-1.1823	-2.5116	1.8363	2.3291	-2.6207	-3.8171	-9.2749	-13.3153
-9.6239	-9.1034	-3.2762	-2.8139	2.2979	2.4871	-2.2115	-4.4647	-7.5345	-11.3839
-10.3666	-5.4845	-3.1931	-4.8277	1.7287	2.6008	-2.3456	-2.7974	-8.2789	-10.0709
-16.3303	-5.7021	-3.3125	-3.8733	2.8264	2.6636	-3.9766	-2.8051	-7.0438	-9.9216
-8.5451	-6.1740	-2.0121	-3.8357	2.1604	1.0716	-2.6638	-2.3384	-5.7929	-13.4952
-8.0138	-9.8659	-4.3220	-2.7011	2.1989	2.4525	-3.3564	-3.0565	-7.7207	-8.0890
-9.5789	-5.6094	-3.2299	-3.9068	1.8300	1.4642	-3.9166	-2.9123	-7.7516	-9.8670
-9.8896	-11.5133	-2.7179	-3.4492	2.5991	2.5775	-2.3388	-3.2256	-12.2253	-16.8966
-17.3471	-10.1179	-2.7436	-3.0438	2.3819	2.1009	-2.7782	-2.8881	-9.2441	-21.4785
-15.2225	-8.5480	-2.8207	-3.5206	1.9522	2.1898	-4.0025	-5.6603	-10.1195	-13.1558
-17.5703	-7.5700	-3.4535	-2.0164	2.3745	1.2836	-4.5666	-2.9306	-7.6294	-9.1245
-9.6805	-6.7570	-4.5383	-4.1378	1.8224	2.0230	-2.7180	-3.8891	-7.1629	-9.3767
-9.2999	-6.7598	-2.9611	-2.3087	2.1231	1.3509	-3.1355	-2.5736	-7.2765	-11.5348
-7.9701	-9.8290	-3.1260	-3.1641	1.7798	2.4865	-1.8495	-4.8174	-6.7694	-8.3048
-10.6468	-8.4580	-2.9915	-4.2417	2.2293	2.0849	-3.2664	-3.6078	-4.6222	-8.8764
-16.8278	-13.3799	-4.8864	-2.9800	2.6812	3.1324	-2.6510	-3.5442	-8.2235	-11.2956
-9.8045	-7.6516	-3.5708	-3.6920	2.2372	2.7738	-2.2013	-4.0690	-6.2570	-7.1396
-10.5488	-8.0455	-3.9790	-5.2576	2.2697	2.5545	-3.5616	-3.1756	-7.9686	-14.8419
-13.2770	-6.2620	-5.7917	-2.5703	2.8495	2.4576	-4.2075	-3.9935	-8.3180	-13.3419
-12.0972	-9.0215	-5.1781	-3.9707	2.5263	2.2162	-3.4450	-2.7752	-6.7223	-13.2590
-9.8593	-9.3281	-3.4014	-4.3840	2.5109	2.4223	-4.0033	-4.5962	-6.9115	-13.2451
-10.0809	-7.7944	-3.3836	-2.3807	1.9082	2.1827	-5.3509	-2.9876	-6.6454	-15.1886
-11.1717	-5.6183	-3.5246	-4.5221	2.2451	2.2602	-2.3715	-2.6072	-6.0118	-8.3897
-13.6026	-9.5040	-3.3639	-1.5823	2.2138	1.5281	-3.8453	-3.2155	-7.1158	-7.4681
-10.2647	-7.6739	-4.6673	-2.6565	2.2982	2.6793	-4.6371	-5.5512	-6.6544	-8.3095
-6.8727	-5.3183	-3.6058	-1.8860	2.3126	2.3375	-5.4426	-3.5472	-10.6455	-10.5981
-15.6539	-8.9586	-3.8764	-3.9435	1.9221	3.0483	-3.0414	-5.6540	-7.4437	-10.7760
-11.0270	-6.0653	-1.1307	-2.8239	2.1814	2.0173	-2.3450	-3.4309	-8.5388	-11.5785
-8.7097	-5.1367	-3.5021	-4.4095	1.6256	1.2918	-2.3354	-2.0785	-6.0169	-10.6415
-14.7594	-8.3977	-3.2999	-1.2315	2.2952	2.6277	-1.3633	-4.3783	-9.5053	-10.2199
-8.8023	-7.8515	-3.9706	-1.3892	2.0372	2.4478	-2.9267	-4.0302	-5.5054	-16.2924
-13.3699	-5.7897	-3.5937	-2.2867	2.8366	2.4184	-3.1710	-4.1195	-10.4402	-10.4311
-10.7130	-7.4432	-2.6262	-0.9889	1.6669	1.1287	-4.2789	-3.4038	-7.9185	-7.6064
-12.6822	-6.5327	-3.7274	-4.0467	2.0425	1.4314	-2.0865	-2.2227	-6.5365	-14.5381
-11.2798	-8.4110	-4.3902	-2.6776	2.2084	2.1954	-1.4569	-3.1185	-9.1361	-16.2828
-14.2725	-6.7279	-2.3908	-1.4173	2.0392	1.9103	-3.4896	-3.0288	-7.1109	-11.7340
-12.1989	-7.7548	-4.6921	-4.2061	2.6050	2.1299	-4.0024	-3.7619	-10.0714	-8.4678
-10.6532	-5.1174	-3.2475	-4.1551	2.2942	1.7397	-3.3572	-2.4972	-5.7639	-12.5556
-11.6407	-8.7252	-2.5685	-3.0188	1.5131	2.0257	-2.5165	-2.2947	-7.4793	-8.8996
-14.1503	-10.4943	-1.7661	-1.0674	2.4987	2.8560	-2.8682	-2.8213	-7.6380	-12.2188
-15.2942	-7.6461	-2.9603	-4.4027	1.7099	1.8902	-2.1099	-3.9340	-11.0270	-8.4265
-11.6089	-6.7936	-2.4882	-4.5670	1.7014	2.5006	-3.5291	-4.7498	-11.4972	-12.9356
-10.8914	-4.3630	-2.9173	-4.7341	2.1693	1.9728	-3.5226	-3.2803	-7.1373	-9.9776
-9.4397	-9.4071	-3.1635	-1.2092	2.2615	2.7157	-3.7892	-3.6809	-7.2992	-10.0274
-12.5255	-6.4254	-3.3137	-3.3235	2.2318	2.2780	-1.5539	-4.7688	-9.5982	-10.7564
-10.7552	-8.2434	-2.0399	-0.8641	1.7575	1.9167	-3.9950	-3.4407	-7.0755	-18.2918
-10.7382	-6.8845	-3.0613	-2.0538	2.4167	2.5684	-3.3129	-3.3465	-6.9996	-10.0720
-11.2360	-7.8452	-4.5449	-4.5708	1.7923	1.6539	-2.7060	-2.8197	-11.1879	-18.4622
-20.8639	-9.4509	-4.4291	-4.0708	2.0946	2.2598	-2.7776	-4.9777	-8.7769	-8.6635
-6.2076	-9.1828	-4.9023	-2.0805	2.6865	1.6612	-2.0898	-3.0947	-6.8704	-7.4381
-12.9975	-9.7663	-4.9406	-3.2080	2.4103	2.1430	-4.3815	-3.6874	-8.5601	-13.4819
-17.8826	-7.4315	-3.7211	-4.1901	1.8728	2.8693	-1.7025	-3.5504	-8.2091	-9.9364
-12.5113	-5.1563	-3.8620	-3.7102	2.4025	2.5948	-2.5990	-4.3383	-7.4482	-8.3728
-13.3854	-7.3632	-3.5293	-2.4431	2.2066	2.0380	-3.5343	-3.9148	-7.8124	-13.3652
-12.3230	-10.5138	-2.8697	-2.3212	2.7139	1.9680	-2.3768	-1.7326	-7.4563	-13.3489
-12.3363	-9.0548	-4.0962	-2.1337	2.8769	2.5520	-5.0528	-2.2070	-7.7785	-11.6465
-15.7945	-12.5543	-3.3997	-3.0563	2.1570	1.8225	-2.1741	-3.3956	-8.0813	-10.9960
-9.8594	-9.5106	-3.2937	-2.1234	2.3657	2.1573	-4.3393	-2.1063	-6.8425	-8.7364
-12.2006	-8.2245	-2.7503	-1.9667	2.4049	2.2550	-4.6514	-2.6400	-5.1452	-11.3260
-9.5116	-10.1604	-3.7665	-3.5446	2.0384	2.1695	-4.0407	-3.7102	-5.4949	-9.5695
-11.8644	-7.8868	-2.0611	-3.2002	2.3187	2.4081	-3.4404	-3.2429	-5.4629	-9.9738
-14.8578	-12.4377	-3.9677	-2.3696	2.0996	2.5943	-3.2403	-7.6733	-9.5118	-8.6643
-14.6299	-10.2752	-5.5494	-2.6189	2.5863	2.3068	-3.5380	-4.4184	-9.0350	-13.1758
-10.2539	-6.1127	-4.7121	-3.9952	1.5245	1.9654	-1.8587	-3.1666	-8.1235	-10.4005
-10.8052	-8.4821	-2.4832	-3.7056	1.9330	2.3331	-2.2006	-5.3866	-11.1305	-17.5738
-9.0177	-9.1491	-2.4651	-2.7239	2.1489	2.1004	-2.7455	-3.0441	-8.3512	-18.2733
-13.7838	-5.8748	-1.8492	-2.2050	2.9983	2.5242	-5.7655	-4.4321	-7.4794	-15.3382
-10.8258	-6.9523	-2.1974	-2.5577	1.3430	1.8824	-2.6466	-4.3192	-7.8135	-6.2016
-8.6823	-4.8013	-1.3279	-3.4133	2.1519	1.9136	-3.3696	-3.3772	-6.5563	-6.5996
-17.5118	-8.0555	-3.0085	-4.6867	2.1642	2.1931	-4.0134	-3.2213	-5.8394	-15.3730
-10.7438	-8.7657	-2.4178	-3.1779	2.4440	2.0421	-2.3652	-2.7045	-5.6732	-11.9046
-8.5812	-9.3060	-4.1673	-2.3386	2.0647	2.1215	-3.4318	-3.1439	-7.4370	-12.5872
-15.8108	-8.8349	-2.3575	-2.7037	2.2719	2.2612	-3.2054	-3.3996	-7.8774	-13.1412
-10.7517	-9.7364	-2.9710	-0.1185	2.0059	1.6164	-4.6819	-4.0364	-5.9394	-15.3561
-23.1768	-9.3414	-3.5971	-2.6787	2.5581	1.8360	-3.3551	-3.8799	-7.5540	-9.7093
-11.5749	-7.8157	-3.3169	-2.4023	1.7633	1.8332	-2.2891	-3.4738	-9.5361	-8.3300
-10.7610	-4.9055	-2.5253	-3.0461	1.7022	2.2582	-4.9067	-4.7138	-8.4600	-10.9816
-9.0117	-7.7559	-2.6840	-5.6217	1.9805	1.5589	-2.9021	-4.2131	-5.3664	-11.5225
-10.3035	-11.1835	-3.2808	-2.8701	2.7391	2.6382	-3.6789	-4.0288	-5.3944	-10.6192
-14.8295	-7.5558	-3.2005	-1.1291	2.4966	1.8874	-5.9854	-3.4640	-9.0103	-10.4709
-13.7560	-11.0007	-4.3754	-3.2889	2.5132	2.3565	-4.0498	-4.8651	-10.5419	-14.2305
-10.2773	-5.5793	-5.2458	-6.4165	1.5010	1.8471	-2.0699	-2.3566	-8.4341	-8.7974
-6.3609	-7.9882	-4.2580	-1.8745	2.1115	2.1740	-6.1377	-4.0990	-5.8226	-9.8814
-8.0184	-11.9063	-2.8367	-1.8385	1.8594	2.0026	-3.7342	-2.5846	-7.5443	-11.5429
-7.0932	-5.9825	-3.5724	-6.3708	2.6756	2.5398	-2.4439	-2.0930	-5.6596	-10.9850
-11.1251	-8.2777	-3.4784	-4.7038	1.9004	1.5883	-3.5906	-2.3281	-7.0660	-20.0235
-14.0356	-9.2489	-4.2984	-2.6118	2.3563	2.1463	-3.1404	-2.1938	-6.5867	-12.0193
-7.8362	-9.3729	-5.2020	-3.0484	1.9523	2.4352	-2.0391	-3.0401	-9.2167	-18.0090
-11.0485	-11.0559	-6.9335	-2.3573	2.1483	3.2001	-3.5991	-3.2595	-9.4747	-12.7099
-12.5673	-7.2101	-3.8702	-2.7243	1.9944	2.4094	-3.3784	-4.8136	-9.0349	-7.5336
-6.6542	-7.9682	-2.8149	-1.2264	2.8931	3.1153	-3.8367	-4.3672	-5.7647	-13.5884
-15.7611	-8.2055	-2.6962	-3.7758	2.9035	3.4132	-1.3390	-4.9150	-20.1192	-11.4001
-10.3642	-8.6680	-3.5451	-1.0792	2.5027	2.7673	-3.0222	-2.8789	-8.8343	-18.9589
-17.7754	-4.9236	-2.5455	-2.8643	2.5181	2.3184	-4.4688	-2.5855	-7.6611	-12.8183
-15.5505	-8.4574	-2.3814	-3.2363	1.6270	2.4969	-2.0241	-3.4181	-9.6576	-11.0089
-10.5348	-5.1715	-1.2742	-2.9935	1.4412	2.3910	-3.7907	-2.1883	-6.2000	-17.0009
-11.5986	-10.4386	-1.6911	-4.1551	2.2418	2.5511	-3.4536	-4.1907	-7.3168	-11.0220
-19.6656	-8.7703	-2.8681	-4.6779	1.6338	1.5673	-0.7543	-2.1890	-6.3518	-12.9853
-22.1837	-8.2253	-4.8090	-2.1948	2.7735	2.6091	-1.9694	-4.7429	-9.1840	-14.6923
-15.4144	-5.8816	-2.9897	-4.4867	2.8949	2.5244	-3.8151	-3.6004	-8.2348	-13.2496
-12.2283	-9.3277	-4.1604	-1.9605	2.2034	1.9339	-4.1809	-4.9149	-7.6659	-15.3191
-11.7333	-6.6432	-4.8325	-3.2046	3.0753	2.4631	-4.9977	-5.5291	-6.1920	-9.2738
-10.4774	-6.0530	-3.1726	-2.0540	2.8378	2.3956	-2.0569	-2.1261	-8.4661	-13.3878
-14.2733	-7.8494	-2.8144	-1.7179	1.6798	1.9414	-2.3608	-3.8260	-7.0172	-8.3491
-8.9714	-11.6481	-3.5512	-3.4817	2.4321	2.3897	-1.4080	-2.0877	-8.0971	-12.0036
-12.5446	-10.2934	-5.4494	-2.9770	2.1172	1.9754	-2.7230	-2.2919	-12.8543	-20.3529
-8.7693	-8.0093	-4.2574	-1.3737	2.1874	2.3744	-4.0725	-4.1307	-6.9347	-21.3361
-17.9547	-7.6904	-3.1198	-3.4387	1.6753	2.0421	-3.3604	-2.9438	-4.7467	-10.4250
-12.7935	-4.8563	-2.7792	-4.4906	2.2052	2.0545	-4.2795	-4.2242	-9.4437	-10.7200
-8.6660	-10.9278	-4.4957	-3.8385	1.8361	2.0751	-2.9936	-4.5102	-6.9554	-7.5609
-9.9726	-6.7909	-3.8603	-3.5923	1.9624	1.3942	-2.9885	-3.0255	-8.7909	-8.3594
-14.1018	-6.1567	-3.0212	-4.0369	2.2813	2.4537	-4.1634	-2.7775	-7.5638	-9.7247
-10.1342	-6.7884	-4.7830	-4.0540	2.8492	2.4437	-4.2744	-4.2001	-8.9962	-12.7058
-14.7438	-8.8707	-4.2844	-5.2891	2.2191	1.8462	-6.0268	-3.5921	-4.0751	-12.2031
-11.5884	-5.5564	-1.9880	-2.3256	2.2570	1.7873	-3.6696	-2.8855	-8.9037	-12.8010
-8.7879	-7.5365	-3.2456	-1.8133	2.4390	1.3184	-4.7557	-2.0788	-6.1401	-12.4057
-10.8890	-8.0161	-3.4865	-5.1061	2.2323	2.9427	-0.4478	-3.9251	-21.8684	-10.1466
-12.1149	-7.5153	-4.4747	-1.0410	2.8657	1.7707	-5.3944	-3.1410	-8.5737	-9.9056
-9.1761	-7.9842	-4.3756	-4.3043	2.3254	1.8552	-2.2842	-3.2084	-7.3959	-8.4335
-15.9818	-7.7298	-3.3656	-4.1297	2.2377	2.7339	-5.3057	-5.9167	-7.1788	-10.5438
-13.0400	-4.7292	-2.4408	-5.5219	2.2151	2.1133	-4.5709	-2.8911	-3.1782	-10.3211
-8.9285	-7.2510	-3.9885	-4.0521	2.3417	1.9761	-2.4117	-1.9038	-8.1461	-13.7715
-10.4452	-7.6659	-3.3467	-2.6694	2.2025	2.1188	-4.0292	-4.1657	-9.5156	-11.0516
-8.3688	-6.0401	-2.3980	-4.7512	1.5654	1.6123	-4.6738	-2.4503	-7.8634	-9.9513
-9.7153	-7.0178	-2.5600	-4.1514	2.1223	2.0947	-3.8511	-3.3674	-5.4912	-11.1847
-11.8458	-8.3004	-3.0442	-1.7739	2.1678	1.9107	-4.3168	-3.1730	-5.8990	-9.1635
-10.4296	-8.7297	-2.3728	-1.8349	1.1779	1.8946	-2.1598	-3.5198	-8.8780	-8.9313
-16.3209	-6.2080	-3.0385	-2.6306	2.4199	1.6701	-4.1826	-3.0874	-12.8218	-20.6870
-8.2723	-10.6135	-3.2108	-5.4367	1.9775	2.4471	-2.3131	-4.9835	-8.7635	-7.3854
-9.9230	-5.2958	-3.2858	-4.4444	2.6850	2.3988	-1.3439	-3.2547	-8.2224	-9.1577
-20.3146	-13.2309	-4.7426	-3.7483	2.9944	2.9247	-1.9495	-4.7044	-9.9524	-13.1647
-9.4631	-10.0436	-2.8563	-3.0505	2.4186	2.3559	-5.4165	-3.5539	-7.0216	-12.3817
-13.4897	-7.8714	-3.7346	-1.3743	2.1418	2.8192	-3.9040	-4.9357	-8.3021	-7.1925
-12.2498	-11.0120	-3.2573	-2.5842	2.3333	2.3072	-2.5202	-3.2195	-4.7858	-9.5413
-9.3691	-8.0663	-3.3580	-3.1485	2.0167	3.0417	-2.2744	-3.5271	-5.2138	-10.2052
-7.6731	-7.1387	-3.8556	-2.4843	2.7487	2.5619	-4.0996	-3.9252	-7.2611	-12.6140
-11.7010	-8.2673	-2.4503	-4.4260	1.8960	2.1860	-2.2350	-3.4557	-7.1905	-16.4619
-7.6488	-4.1204	-2.2997	-4.5494	1.8596	2.3695	-2.5668	-3.3298	-7.2196	-11.1602
-11.7297	-9.3281	-3.1106	-2.2766	2.2473	2.1738	-4.8805	-2.9734	-4.5053	-11.3688
-16.3799	-8.9669	-3.3588	-2.2329	2.3653	1.8758	-4.2048	-2.6684	-6.7996	-12.8411
-10.6340	-11.6638	-4.9174	-2.4652	1.7608	1.6890	-4.2028	-3.5973	-7.2621	-10.0220
-10.6657	-10.7888	-3.3550	-1.6229	2.0304	1.9796	-3.6370	-3.1936	-8.3684	-11.4335
-8.1274	-7.8229	-7.2434	-2.4347	2.3567	1.6082	-2.7591	-2.2193	-6.5707	-8.1663
-10.1186	-10.1118	-3.7446	-3.9481	2.2682	2.8204	-2.2244	-4.6570	-6.6417	-10.0243
-15.3738	-7.2558	-2.3310	-2.9237	1.8451	1.7444	-2.3315	-2.4010	-6.2177	-7.3034
-15.4196	-9.3918	-3.4980	-3.5967	2.1561	1.9772	-2.3390	-3.7952	-6.6813	-9.5054
-6.6982	-10.5748	-2.5899	-2.5140	2.4278	2.9517	-3.7147	-4.1817	-8.6580	-10.9703
-18.4541	-11.0185	-3.5044	-2.1296	2.6329	2.3425	-3.9743	-3.8787	-9.9961	-10.5795
-21.0364	-8.3586	-1.8505	-1.6840	1.8937	1.9704	-4.8849	-3.0881	-9.7827	-15.1389
-9.7880	-9.7338	-3.7816	-1.6824	2.3082	2.5144	-5.9356	-4.4049	-6.4912	-12.1146
-10.9719	-6.7929	-3.1479	-4.4012	2.0974	1.5351	-1.7981	-3.1174	-7.0462	-8.9139
-11.5739	-11.0540	-4.6339	-3.6294	2.5461	2.4941	-2.8125	-4.6207	-8.6917	-17.6122
-10.4036	-8.9355	-5.8188	-3.8445	2.5984	1.7488	-3.0407	-4.0214	-10.6677	-12.0507
-14.1214	-7.7732	-3.0024	-3.9422	1.7461	2.3267	-1.1435	-2.6482	-10.0669	-14.5508
-8.7398	-5.2213	-2.1638	-5.7741	1.7053	2.3540	-1.3049	-4.0485	-6.5501	-10.2904
-9.7027	-6.8194	-3.0039	-2.7126	2.9657	2.7255	-6.0391	-5.3412	-10.5447	-10.1643
-12.2992	-9.6062	-4.1365	-3.5337	2.6082	2.4886	-0.8359	-2.9502	-8.5188	-14.5603
-12.0961	-10.2052	-1.8324	-1.6948	1.9964	2.1064	-5.7921	-4.8450	-5.7443	-12.5914
-9.0941	-7.2597	-3.7674	-2.5336	1.0816	2.0157	-1.9633	-5.1879	-18.1378	-12.8310
-10.5745	-5.9189	-2.6518	-3.2542	1.9909	1.9067	-3.6633	-4.1465	-7.3773	-12.8669
-15.6794	-12.5313	-4.3675	-2.4283	2.6567	2.6991	-2.4405	-4.1981	-10.5025	-14.8523
-11.9316	-6.8515	-5.4589	-1.7366	2.9210	2.5388	-3.7122	-3.7062	-7.6882	-10.6260
-10.8501	-4.0471	-3.4347	-3.1007	2.5919	1.9232	-4.4094	-4.5704	-7.2448	-7.6937
-12.9848	-7.7381	-2.3778	-0.6310	2.6318	2.0537	-5.7428	-3.9290	-5.1457	-8.4801
-14.4722	-7.0074	-2.2020	-2.3314	1.6663	1.5443	-2.4120	-3.5912	-9.4935	-10.3610
-5.4053	-7.9225	-5.2336	-3.5913	2.2076	1.8784	-1.9126	-3.0417	-11.2185	-9.2101
-13.5239	-5.4589	-3.0806	-4.8721	2.2752	2.2760	-3.7393	-5.1352	-8.4221	-14.6413
-8.1910	-11.7031	-5.1564	-6.3019	2.8953	2.6214	-3.5598	-2.7500	-7.3494	-12.3941
-10.0296	-7.6381	-3.4840	-2.1016	2.1557	1.2096	-4.2451	-2.3938	-8.4651	-10.2186
-13.5763	-9.2789	-3.1603	-3.6176	2.8459	3.0961	-2.8050	-4.2985	-6.1919	-15.1265
-8.3342	-8.4181	-4.1150	-3.6173	1.3762	1.9160	-2.6169	-4.1681	-8.3761	-12.9028
-13.7030	-7.2976	-3.1651	-3.6400	2.9102	2.7684	-5.5081	-4.5037	-8.0277	-11.2549
-11.1929	-8.3078	-3.7580	-3.2194	2.5733	2.2200	-3.9312	-5.0824	-9.8259	-15.3385
-9.8676	-7.7743	-5.4237	-3.5080	2.3223	2.8701	-4.3739	-4.5373	-6.1678	-7.9715
-12.4361	-6.2018	-2.1029	-2.3640	0.6144	1.1941	-3.0843	-3.3095	-5.8759	-14.1440
-23.7028	-8.3743	-3.2547	-1.7023	2.7665	1.7069	-2.3946	-2.6851	-9.8027	-21.1931
-18.5859	-7.2755	-2.1273	-2.5708	1.6719	2.5864	-0.7361	-2.8405	-11.7155	-16.6818
-9.5815	-9.5757	-5.3653	-1.2862	2.2060	2.0697	-4.8156	-4.5926	-7.0924	-11.7390
-11.7826	-9.6942	-4.2470	-2.6625	2.5900	2.6258	-4.4398	-2.3720	-7.4106	-11.5958
-10.4222	-9.1287	-4.6603	-3.5541	2.4962	2.8356	-3.3424	-4.3676	-9.1121	-6.5544
-15.8415	-8.2860	-2.0806	-2.7740	1.8025	1.9287	-4.8076	-4.0665	-7.1353	-13.4903
-12.3896	-5.6117	-2.6440	-2.5566	1.2221	2.2855	-2.7211	-3.7357	-5.6300	-9.7293
-11.9208	-8.5009	-3.3429	-2.9711	2.3996	2.4151	-4.4512	-5.6035	-8.0981	-11.1922
-13.6263	-7.5000	-3.8219	-2.5576	2.2016	2.4276	-2.0302	-4.4919	-8.6469	-18.6534
-12.4290	-9.9220	-4.3569	-2.7159	2.5330	2.2952	-2.6592	-2.6854	-5.2263	-12.9005
-10.9315	-9.6689	-4.1683	-3.6873	2.5689	2.0790	-2.9730	-3.6486	-8.9597	-9.6911
-11.8785	-7.5561	-3.4347	-1.4750	2.5642	1.7503	-2.9687	-3.8309	-9.4078	-17.9626
-9.6626	-14.9583	-2.8223	-2.9486	2.3296	2.9379	-1.8731	-3.3440	-10.1582	-25.0695
-8.3472	-6.5179	-3.3845	-2.1807	2.2135	1.9424	-3.0585	-3.4660	-6.5336	-9.1548
-9.5560	-6.0697	-2.1905	-4.5800	1.8616	2.5298	-3.4220	-3.3328	-9.0596	-9.6869
-10.1134	-5.2664	-2.4134	-3.1960	2.3781	1.9250	-6.1768	-3.7553	-7.8600	-6.3867
-19.0203	-7.4871	-5.4592	-3.3954	2.4955	1.8630	-3.3543	-5.0178	-12.3530	-11.0043
-9.4670	-4.8365	-2.2736	-4.3571	1.3752	1.4579	-5.1647	-3.9352	-3.9121	-6.2434
-13.0281	-7.9170	-4.0543	-2.4512	2.6016	2.4173	-3.2698	-3.0150	-9.6568	-15.0183
-11.3418	-8.7908	-3.1100	-3.8048	2.1202	2.0858	-1.9245	-4.2418	-7.7662	-11.1588
-11.1385	-9.5285	-3.3179	-1.2383	3.0983	2.2593	-3.6118	-2.7064	-6.7107	-9.5425
-9.0134	-7.2992	-1.8274	-0.9497	1.8103	1.3169	-4.1959	-2.7521	-5.7184	-9.0442
-10.7617	-7.3749	-4.0133	-3.4815	2.7861	1.9570	-4.3009	-3.2903	-9.2341	-12.2085
-13.6506	-7.1214	-2.8495	-1.4516	1.9999	2.0209	-1.4009	-4.7051	-9.8932	-9.7843
-16.1897	-6.2196	-3.4189	-2.8921	2.3719	2.5552	-2.7594	-3.5931	-10.4088	-16.2916
-13.5217	-5.5285	-2.0306	-3.6878	1.4126	1.5632	-2.4795	-2.1162	-4.7666	-13.4389
-14.4367	-6.8409	-2.8726	-1.8944	2.0899	2.0727	-3.3846	-4.1008	-7.9863	-8.9198
-11.8023	-7.2335	-3.0055	-2.8980	2.5545	2.4716	-5.5767	-2.3900	-5.9813	-8.5516
-9.5427	-4.9906	-2.3285	-1.4271	1.8492	1.9639	-5.7639	-3.9920	-5.7400	-6.0959
-8.8628	-6.4102	-3.7162	-3.6948	2.2887	1.5323	-5.4562	-2.4470	-5.6609	-11.5523
-16.5754	-9.1843	-2.3447	-3.3528	2.2880	2.3352	-3.3053	-3.9444	-7.9245	-9.0141
-11.0678	-6.6399	-1.9761	-2.8454	1.4534	2.5840	-2.5207	-3.4596	-6.3818	-16.9741
-10.3259	-5.3634	-3.5999	-1.7757	2.7950	2.6296	-3.5188	-5.5950	-9.8452	-14.5938
-13.1285	-10.1552	-3.6074	-2.7424	1.9148	2.4042	-3.2938	-3.3462	-7.6798	-12.4467
-14.1938	-7.5814	-2.5259	-2.3889	1.5465	2.2714	-1.8676	-5.3661	-8.9367	-9.9765
-9.5923	-4.0373	-3.5822	-3.7005	1.6262	2.0042	-2.1364	-3.0151	-9.8865	-11.8061
-13.5768	-6.3782	-2.1277	-3.6540	2.2926	2.2045	-5.3060	-2.8904	-7.1297	-10.5200
-15.3102	-6.3089	-2.3471	-0.8398	1.8725	1.9108	-3.0693	-2.1977	-5.7886	-10.3664
-9.5141	-8.3414	-2.6753	-2.4388	1.9087	2.0071	-4.6802	-4.5570	-6.9755	-13.7264
-8.5852	-7.5948	-3.4572	-2.9391	2.3172	2.5269	-5.5598	-4.9431	-8.6593	-15.9504
-12.3587	-7.0038	-4.9172	-3.7596	2.2773	2.0834	-3.5664	-3.8235	-11.1492	-11.1317
-14.6575	-7.9171	-2.8336	-1.4180	2.4387	1.3497	-5.5277	-4.5473	-8.7289	-8.7873
-8.2459	-8.4728	-4.5685	-5.1623	2.5559	2.6441	-3.7625	-2.2704	-7.1676	-9.7366
-13.4972	-7.4370	-3.2702	-2.4438	2.7480	2.2629	-4.0380	-3.9929	-8.7523	-10.3859
-6.0639	-9.0642	-4.1425	-2.7307	2.0716	2.0032	-1.9546	-3.7072	-11.3280	-9.0316
-12.1531	-9.0654	-4.0832	-2.8101	2.4184	1.5482	-2.4098	-3.2468	-6.2579	-6.7230
-10.5765	-5.5450	-4.7993	-3.9343	2.4170	2.6396	-2.6320	-2.9643	-7.6188	-10.2246
-9.9028	-9.7364	-2.3511	-3.9234	1.7113	1.7127	-1.4769	-1.4825	-6.6819	-11.2807
-10.8921	-5.6984	-1.9458	-3.9946	1.4783	2.3297	-3.5665	-2.4931	-4.6198	-8.7111
-7.5754	-6.1079	-4.1182	-4.0068	2.2256	2.8263	-2.7194	-3.4368	-8.0190	-8.1933
-8.4035	-8.4556	-4.4574	-3.0695	1.4901	2.2544	-2.6110	-4.4493	-4.7923	-17.2973
-9.1533	-9.8640	-3.0071	-1.6663	2.2834	2.7861	-4.3007	-5.9499	-9.3008	-15.5209
-4.9144	-7.4826	-2.8462	-3.7291	2.4632	2.0325	-2.2278	-2.6059	-4.8162	-7.2802
-8.4393	-9.2356	-2.0146	0.2598	1.9886	1.8307	-3.4005	-2.8837	-7.1874	-14.7890
-9.6501	-6.2283	-3.4007	-4.6102	2.5995	1.6190	-2.2903	-3.0925	-12.7871	-12.2312
-9.8043	-5.7881	-3.2886	-2.6086	1.7253	1.5133	-2.7193	-3.5520	-7.9504	-13.4264
-13.2039	-9.9651	-4.6971	-4.6592	2.2717	2.2283	-3.6485	-3.8022	-10.6989	-14.2237
-11.2565	-8.6893	-3.3536	-1.2623	2.4122	2.0241	-1.6332	-2.7282	-8.9435	-12.8136
-7.7624	-8.5945	-4.4117	-3.1414	2.3241	2.7521	-1.9964	-4.2476	-7.5983	-21.2177
-11.2145	-7.5182	-5.7414	-4.0158	2.1748	2.8679	-2.3284	-4.3638	-7.9933	-11.9356
-11.5071	-7.1211	-1.1606	-2.3430	0.7248	1.0817	-3.6865	-1.7143	-6.8510	-12.9851
-10.1233	-11.0178	-4.5743	-3.5169	2.5489	3.0933	-4.3094	-3.8853	-8.6007	-10.1622
-7.5549	-4.7482	-3.0454	-2.7488	2.3787	2.8806	-2.1909	-3.1579	-9.0463	-13.2985
-14.0593	-10.1453	-5.1251	-2.2196	2.6907	2.1058	-3.2244	-4.3490	-8.3257	-10.9987
-10.7289	-5.2203	-4.0511	-4.4696	1.9041	1.8142	-4.0815	-3.2026	-6.9279	-10.7173
-14.1610	-9.1801	-3.1790	-4.3326	1.8994	2.0633	-1.7639	-4.4958	-6.4004	-9.1315
-11.7118	-5.8917	-1.7711	-3.3522	2.7295	2.0324	-4.3063	-3.2834	-6.0414	-9.9921
-12.8132	-10.3916	-3.3253	-2.6940	1.9459	1.8296	-3.2447	-2.5746	-9.0136	-12.5382
-12.9010	-6.5367	-3.2443	-4.0927	3.0372	2.8837	-2.6768	-2.5166	-7.4232	-8.2065
-9.6898	-8.5557	-3.4924	-2.8502	2.1391	2.1188	-2.1577	-4.4116	-6.6147	-9.5598
-17.6272	-14.7522	-3.4932	-0.9316	2.3877	2.2458	-3.3926	-4.9293	-8.5774	-11.2065
-16.6244	-9.8014	-2.4384	-3.2185	2.0805	2.4930	-0.7338	-2.6724	-8.8565	-9.9748
-14.0860	-9.5482	-3.8470	-4.0490	2.1102	1.1065	-1.5419	-2.4251	-8.2299	-9.3672
-9.2988	-7.0883	-4.5210	-2.3415	2.6507	2.5476	-5.7226	-3.7208	-8.5670	-9.5397
-10.7706	-7.1366	-2.8945	-3.3526	2.1224	1.9973	-2.5751	-4.0323	-11.1102	-10.2535
-8.4440	-5.9836	-4.7715	-3.4774	2.1455	1.9797	-2.9863	-5.0221	-7.3706	-8.5416
-12.3481	-8.2718	-4.2446	-3.3410	2.3087	2.0142	-1.9737	-5.3071	-9.9508	-14.1834
-11.8541	-8.7979	-4.2788	-4.7995	1.8881	1.8796	-1.2680	-3.6658	-7.5960	-9.2854
-8.4012	-8.6033	-2.1283	-1.2415	2.1246	2.1548	-4.8919	-3.2758	-7.1955	-10.0749
-12.0243	-7.2077	-2.7208	-4.6533	1.7799	2.5747	-2.1246	-3.7692	-6.3744	-12.1348
-15.3230	-6.4543	-3.1185	-2.1516	2.2181	2.1268	-4.0166	-4.3407	-4.3512	-14.3606
-7.7662	-8.0629	-2.8402	-2.5808	2.6061	1.7874	-4.2174	-2.4861	-5.6042	-8.7038
-19.9287	-7.4219	-3.7214	-4.2457	2.1475	1.9472	-1.9766	-3.2742	-5.4716	-8.2188
-13.8778	-5.8030	-3.8225	-3.2960	2.4959	2.4901	-3.1043	-4.2394	-10.6305	-10.7114
-12.2692	-8.3841	-5.0729	-2.9886	2.6695	2.4345	-1.1488	-3.9544	-9.6804	-11.0134
-10.8388	-6.4245	-3.5546	-4.7928	2.7912	2.2542	-3.3382	-2.7499	-6.5701	-18.2810
-10.7832	-8.8581	-2.6831	-1.3465	1.5994	1.8841	-3.5900	-3.3704	-5.1441	-11.5658
-12.5935	-8.1893	-5.0535	-1.7294	2.7830	1.8372	-6.3973	-3.7192	-7.8848	-11.8212
-11.8881	-11.1184	-2.8150	-3.2635	1.9470	1.6409	-3.1279	-2.3535	-16.1811	-14.9026
-14.1500	-7.5169	-2.8339	-2.3509	2.3090	2.1366	-1.3438	-2.6490	-7.0667	-12.4745
-18.0933	-10.1085	-4.3028	-2.9588	3.1507	3.2336	-4.0371	-3.8272	-8.2787	-30.3013
-13.2308	-9.2081	-3.8109	-4.0416	2.4350	2.4093	-1.4419	-2.6740	-11.6796	-16.3388
-15.1847	-5.7846	-2.7286	-2.9023	2.1662	1.3802	-3.3528	-3.3044	-7.5802	-9.4293
-8.2510	-8.1242	-3.8832	-3.2871	2.4373	2.8873	-5.3142	-4.3818	-9.2570	-12.1885
-10.1432	-6.1412	-3.9783	-5.0185	2.1991	2.1325	-3.5872	-3.9832	-8.5914	-11.3392
-9.1197	-5.6506	-2.7477	-2.8598	2.1589	2.2810	-1.9247	-3.0583	-7.8381	-14.3293
-11.2534	-7.6359	-2.2142	-0.8807	1.5247	1.3820	-8.2299	-4.3186	-6.7907	-8.9998
-17.0397	-8.7550	-3.4422	-3.0886	2.5592	2.1866	-2.2885	-5.3398	-8.1699	-9.1436
-10.5358	-12.5394	-4.0769	-1.6938	1.8348	2.3157	-4.5621	-4.4804	-7.0079	-11.6562
-9.8206	-6.8147	-3.5418	-4.1500	1.5054	1.7124	-2.6011	-3.5572	-4.1059	-8.8944
-10.9190	-6.0405	-3.4129	-1.6233	2.2665	2.1604	-3.8196	-4.8731	-6.6299	-9.2250
-7.3216	-4.8230	-2.6384	-5.8015	1.5952	1.6465	-2.7880	-2.7480	-8.5710	-10.4701
-14.1906	-9.7838	-4.4873	-2.7291	2.7335	2.9822	-2.9086	-4.7629	-9.5574	-10.2354
-10.9393	-8.1428	-3.1629	-2.4153	1.8087	1.2270	-3.3074	-2.0915	-9.6764	-14.7429
-12.4768	-10.0232	-4.2319	-4.7311	2.7986	2.4077	-2.8473	-2.9775	-7.4468	-10.0457
-9.5992	-12.4884	-3.1466	-2.3612	2.2113	2.2363	-1.3362	-2.7201	-14.9632	-12.8791
-12.2776	-8.7754	-4.0083	-4.5753	1.7831	2.3862	-2.1472	-4.0683	-7.0793	-13.0480
-14.7590	-10.2376	-2.6129	-2.7437	2.5851	1.6082	-2.5819	-3.7885	-7.6301	-13.7688
-14.9459	-5.9068	-2.7804	-4.3926	2.5052	1.8291	-4.9270	-3.2837	-8.6638	-11.1627
-18.9353	-7.0134	-5.1687	-2.1119	2.1859	3.2371	-1.4915	-4.3256	-11.0962	-13.6434
-18.0364	-13.0802	-5.4488	-5.1076	2.2011	2.8571	-2.8212	-3.5421	-6.9118	-10.7573
-13.0632	-13.2059	-4.5985	-2.6506	2.5765	2.4921	-3.8526	-3.8909	-10.4824	-10.8976
-12.4426	-9.7560	-4.6192	-1.9990	2.7090	2.5193	-4.6058	-3.5717	-7.7062	-13.2066
-20.0661	-8.0056	-2.2780	-2.6678	1.7716	2.1421	-2.4226	-3.4951	-10.1780	-14.1676
-13.5969	-9.3250	-3.2698	-4.8586	2.1774	2.3043	-2.5434	-2.8723	-8.6172	-11.1146
-10.7324	-8.6067	-4.3219	-2.3510	2.4718	2.2784	-2.2468	-3.5554	-7.8013	-7.9589
-8.5067	-6.7796	-2.2749	-2.5450	1.6764	1.7039	-3.7712	-3.9337	-8.4573	-11.2926
-10.3231	-9.6927	-2.6586	-2.8403	1.7688	1.8599	-3.3122	-4.2207	-6.4251	-13.2956
-10.0452	-10.0868	-1.9516	-4.2227	1.6118	2.2063	-2.7970	-4.0973	-6.4420	-10.7488
-8.6016	-6.2567	-3.3118	-3.3262	2.1924	2.2258	-4.3345	-3.4955	-8.7693	-11.2546
-8.9824	-8.2376	-3.1597	-0.6307	2.3048	2.0458	-4.1563	-4.4905	-10.7148	-9.2721
-10.1935	-5.1740	-2.8726	-3.5930	1.3951	1.3579	-3.5876	-2.1210	-6.1582	-8.3383
-12.2176	-8.3806	-4.0523	-4.6425	2.6231	2.4512	-1.7357	-4.2694	-7.6223	-14.7533
-13.1261	-8.4936	-3.1758	-2.5688	2.2868	2.1135	-4.7569	-2.7637	-5.6479	-12.3417
-8.7171	-6.9161	-4.5960	-2.8394	2.4535	2.2842	-5.6127	-3.8217	-6.9162	-9.7809
-9.8340	-9.1842	-3.9252	-3.0901	1.9776	2.0316	-1.7518	-3.9458	-6.6039	-8.5505
-16.2481	-7.2104	-4.7948	-5.5326	2.3094	2.1883	-0.9387	-3.9678	-7.5635	-11.0502
-15.4378	-8.8383	-4.9147	-6.0687	1.9739	2.3935	-3.3704	-4.0759	-9.8831	-16.0760
-15.1591	-9.2358	-3.0666	-2.0917	2.8762	2.6773	-3.6687	-3.8593	-5.9747	-8.1628
-8.4498	-8.5666	-5.4744	-3.7896	1.6438	1.6552	-2.5022	-1.2463	-5.1102	-9.6704
-9.0461	-9.1647	-4.0018	-2.3891	2.1139	1.8907	-4.1699	-3.1615	-6.1206	-10.0090
-10.3185	-4.6193	-2.6089	-4.2919	1.2269	1.6818	-4.0749	-3.8100	-5.6308	-8.4036
-10.6870	-6.9965	-5.0180	-2.6166	2.4767	2.0093	-3.1610	-4.9357	-9.7473	-7.8470
-8.1661	-5.0617	-2.5829	-5.0017	1.8052	2.0993	-1.8078	-1.9556	-4.4369	-8.2222
-16.5279	-6.7769	-3.9366	-2.0199	2.1738	0.9758	-3.4209	-1.7357	-5.3717	-11.4623
-18.8461	-9.9683	-3.8915	-1.1484	1.9187	1.7433	-4.0778	-2.3542	-7.0594	-9.5999
-17.6532	-8.0548	-2.6964	-3.6025	0.8702	1.3909	-3.2008	-3.1985	-8.0127	-10.1151
-11.2605	-11.5054	-3.7593	0.2825	2.2998	2.3087	-3.7894	-3.9051	-11.6796	-16.9826
-10.9382	-13.2183	-3.3761	-2.0904	1.4648	1.6633	-3.2623	-2.0555	-6.2827	-13.6902
-11.1863	-8.1361	-3.8109	-2.9094	2.7097	2.2316	-1.7270	-2.0055	-10.9854	-11.4790
-12.2806	-6.7566	-3.9562	-3.0983	1.8584	1.5427	-2.1929	-2.6500	-6.4893	-9.5440
-7.7555	-6.1325	-5.4259	-2.0645	2.4331	1.9263	-4.1864	-2.8087	-7.4348	-7.7178
-12.6632	-8.6798	-4.1136	-3.5692	2.5956	1.9966	-3.7394	-2.5561	-8.8478	-8.3341
-10.0373	-9.0752	-4.1974	-2.5732	2.5311	2.2020	-3.3848	-1.8450	-8.3507	-9.1529
-10.2319	-7.3650	-1.5808	-5.0253	1.9338	2.5403	-3.8609	-2.8434	-7.4922	-10.1764
-10.4618	-7.2890	-3.5545	-3.6107	1.7410	2.5970	-5.2605	-3.9272	-5.7155	-14.0224
-10.2164	-8.1551	-2.4838	-1.7816	2.1780	1.5154	-2.0229	-1.9529	-6.1382	-9.5813
-10.6592	-2.7740	-3.2898	-5.0095	1.8257	1.4388	-3.9331	-2.2900	-5.5212	-9.4233
-13.1146	-8.2107	-2.0245	-2.3027	2.1249	2.1039	-4.6932	-3.5787	-5.3927	-12.6937
-9.5801	-7.5495	-3.8496	-3.7137	2.1027	1.7351	-1.4897	-3.2378	-8.6203	-8.5735
-14.6417	-6.2195	-2.2945	-4.9390	1.7626	1.5595	-1.2019	-2.5859	-5.7312	-8.0249
-9.9587	-10.0064	-5.9910	-3.3589	2.6018	1.9658	-2.6433	-1.9901	-9.8755	-17.8618
-9.4247	-6.7359	-2.8564	-4.0182	1.9550	2.5467	-4.0863	-4.1063	-8.6012	-10.6697
-15.2692	-7.9205	-3.4983	-3.3838	2.4267	2.5845	-3.1257	-2.4040	-7.7546	-11.2265
