-8.8856	-5.1649	2.3106	2.2474	-5.1465	-7.0745
-7.7566	-6.3266	2.2370	2.4176	-6.0788	-8.5816
-8.1667	-6.1332	2.2661	2.1113	-6.2171	-8.3848
-7.0761	-5.1574	1.9336	2.5789	-3.6718	-6.4835
-8.3131	-6.2413	2.2379	2.4314	-5.7313	-7.3682
-8.1788	-5.5018	2.2425	2.7802	-3.8329	-9.0857
-8.3301	-5.0606	1.6282	1.7794	-6.0862	-7.3862
-10.2117	-5.0802	2.1703	2.3804	-4.2223	-8.8890
-9.7221	-4.9320	1.9520	1.9724	-3.8177	-9.1411
-8.1800	-4.5540	2.1254	1.9954	-6.1568	-7.6276
-7.5582	-5.5042	1.8061	1.7194	-4.6062	-6.5007
-8.0932	-5.6522	1.9721	2.6011	-4.3553	-7.3212
-7.5950	-4.9575	2.0300	2.1985	-7.1269	-8.3520
-7.5827	-5.6422	2.1703	2.3452	-4.8617	-7.2416
-7.2400	-4.7454	2.5990	2.2693	-5.1177	-8.9582
-6.0959	-5.3293	2.7951	2.6944	-4.3264	-7.0425
-7.2769	-4.8512	2.2484	2.4504	-5.4619	-7.6291
-8.4148	-6.5358	2.1462	1.9958	-5.2597	-6.6860
-6.9903	-4.7274	1.8901	1.8465	-5.1100	-5.9154
-7.6100	-3.1637	2.1111	2.0923	-5.5962	-7.0923
-7.3155	-4.0964	2.7756	2.3250	-4.9219	-7.4255
-9.2931	-3.8510	1.9936	2.4719	-4.7836	-7.8498
-10.2415	-6.1276	1.9370	1.5079	-5.0298	-8.2253
-8.6410	-4.9439	2.4499	2.3397	-5.0393	-7.7182
-6.9479	-4.3524	2.2697	2.4347	-4.1784	-6.8005
-7.1661	-5.1206	2.4342	2.3818	-4.2633	-7.6851
-6.5328	-4.8191	2.2974	2.5339	-3.9237	-8.4184
-7.9183	-6.1224	2.2749	2.6584	-3.5937	-6.6818
-9.0970	-5.1976	2.5387	2.0561	-5.6638	-6.8403
-7.9323	-5.0211	2.1381	2.0930	-5.5874	-9.9542
-7.5985	-5.8516	2.2496	2.2707	-4.9276	-5.8891
-5.8783	-4.5332	2.1714	2.0749	-4.5095	-7.2131
-6.4010	-5.0293	2.4090	2.5070	-3.8536	-7.7420
-6.8456	-5.3918	2.5304	2.9339	-4.8523	-7.3045
-8.7702	-4.1972	2.5027	2.5526	-3.6757	-7.5514
-8.8074	-5.1317	2.5729	2.3195	-5.9320	-9.1683
-9.0057	-4.8445	2.1363	2.4450	-3.4374	-7.1298
-8.4608	-4.2690	2.3040	2.6959	-4.3511	-6.5304
-8.7656	-4.4585	2.3913	2.7394	-5.3517	-8.2878
-7.1186	-5.2057	2.1915	2.2451	-5.3819	-6.1122
-6.8026	-3.8201	2.5513	2.3142	-4.0082	-8.4310
-7.4404	-5.5208	1.8968	2.0371	-6.0193	-8.0602
-7.1543	-5.3556	1.5479	2.2644	-3.6600	-9.7345
-7.8630	-5.2287	2.3642	2.2226	-6.4773	-8.7160
-8.1317	-4.4529	2.3578	2.4211	-3.3271	-9.3901
-7.1698	-4.4436	2.1553	2.1897	-3.7431	-9.0078
-6.0653	-4.3011	1.8347	1.7755	-5.9089	-9.2955
-8.5867	-4.5917	2.5992	2.5596	-3.9717	-6.7693
-7.3654	-4.4681	1.9459	1.8480	-4.3831	-8.6790
-8.1433	-5.3838	2.1580	1.8127	-4.9905	-7.9929
-10.3568	-4.7255	2.6689	2.3288	-6.2824	-7.9444
-7.7034	-3.8245	2.4042	2.2846	-4.5576	-6.6347
-8.2935	-5.1434	2.5756	1.9321	-5.0429	-6.1961
-9.6758	-5.4783	2.3113	2.4819	-5.5323	-9.9356
-7.4373	-5.0344	1.9650	2.2242	-4.7078	-7.0440
-6.7496	-3.8393	1.9963	2.4058	-5.2838	-6.8972
-6.8774	-3.6177	2.9850	2.6549	-5.5178	-7.4288
-8.8974	-4.9222	2.1299	2.3938	-6.1555	-7.3653
-7.4247	-3.7889	2.0598	2.2658	-4.9218	-8.3264
-7.8776	-3.5534	2.5655	2.3602	-7.0768	-7.2541
-8.2386	-5.2152	2.2748	2.5972	-5.2298	-8.1869
-9.2500	-5.2288	2.5660	2.6083	-5.3937	-8.1546
-7.5647	-4.0070	2.3415	2.4199	-5.1558	-9.4195
-8.1381	-5.3560	2.3430	2.2865	-3.7690	-6.9211
-8.2366	-5.8700	2.1297	2.1888	-5.1603	-7.0747
-7.7699	-5.4995	1.8226	2.0600	-4.4028	-9.2585
-7.9802	-3.9233	2.2162	2.3459	-5.4648	-8.5683
-7.3322	-5.1909	2.6847	2.4675	-5.3585	-8.4929
-9.1335	-4.8858	2.5894	2.7760	-5.7695	-7.9059
-7.8294	-4.8435	2.7595	2.5557	-3.9965	-8.7128
-7.3718	-5.2426	2.1955	2.2737	-4.5430	-7.6505
-8.0634	-5.2683	2.4685	2.4622	-5.1866	-6.3481
-7.8454	-4.9660	2.1698	2.2839	-4.7183	-8.7886
-7.3634	-4.9467	2.6428	2.3002	-5.0991	-7.7415
-8.0636	-5.5045	2.4068	2.3854	-4.8615	-7.0420
-9.9887	-5.9402	2.3308	2.3751	-5.7122	-8.0259
-8.4314	-4.5708	1.8900	1.8006	-5.4954	-10.1668
-7.9693	-4.5602	2.7387	2.6980	-5.9469	-8.4320
-8.4312	-4.6888	2.1367	2.5042	-5.2111	-10.1944
-6.9146	-3.7009	2.6880	2.3211	-5.1572	-8.1689
-10.0585	-5.9525	1.9738	2.1314	-4.6135	-9.1859
-7.2483	-4.6754	1.9744	2.0433	-4.8792	-6.6018
-8.0176	-4.8962	2.6262	2.6587	-3.7790	-9.6697
-7.7560	-4.5897	2.4498	2.7719	-5.7654	-10.2511
-6.9915	-5.6216	2.2660	2.5265	-4.3965	-6.4705
-8.8594	-4.0647	2.6687	2.4247	-5.6280	-9.6008
-6.7609	-6.0311	1.8251	2.2326	-5.3901	-8.0367
-8.3212	-4.9539	2.2227	2.2368	-4.7180	-7.7781
-7.2309	-4.6423	2.3777	2.6719	-3.9283	-6.6075
-9.5463	-4.7644	2.7634	2.5506	-3.6757	-8.3114
-6.6483	-3.6171	2.2585	2.2531	-6.4960	-8.0739
-7.5332	-4.8387	2.0546	2.8187	-5.9567	-8.5878
-7.4067	-5.3792	2.0215	2.3566	-5.7057	-7.9154
-8.9242	-4.9031	1.8196	1.9243	-4.8380	-7.2042
-8.4169	-5.3838	2.1383	2.5278	-4.5544	-9.6921
-6.5208	-3.7802	2.4219	2.1108	-6.2632	-10.1975
-8.0995	-4.5745	2.1074	2.7423	-3.5868	-8.6934
-8.7392	-4.6313	2.1462	2.3144	-4.1474	-8.8988
-7.4875	-4.3129	2.4875	2.5556	-4.5292	-8.0122
-7.5914	-4.9505	2.1513	2.4689	-4.9939	-7.1884
-10.2803	-4.6058	2.0452	2.4078	-4.1871	-7.8147
-9.5301	-4.6725	2.2721	2.4284	-6.6103	-9.3125
-8.8469	-5.2644	2.3072	2.3423	-4.3266	-8.7953
-8.6357	-5.9330	1.9798	2.2936	-4.5809	-7.1363
-11.1872	-4.7212	2.2907	2.5456	-6.1706	-8.6580
-8.5312	-5.9472	2.6889	2.6378	-5.3576	-8.7461
-7.0242	-5.1349	2.3098	2.5015	-4.0677	-6.6376
-6.9722	-5.3985	1.8927	2.1748	-4.3768	-7.2363
-9.6800	-3.9214	2.8053	2.2286	-4.7064	-8.8627
-7.9441	-3.4955	2.4255	1.8046	-5.1745	-8.5100
-8.6834	-5.3321	2.6078	2.3748	-5.2507	-6.6385
-8.2244	-5.7347	2.1352	2.4029	-4.5450	-9.7782
-7.7428	-4.8587	2.3254	2.5097	-5.6043	-8.8303
-7.3546	-4.8776	2.4788	2.7284	-5.3877	-7.9677
-6.1850	-4.8738	1.8407	1.8388	-5.2071	-6.8658
-7.3954	-5.4985	2.5956	2.5190	-5.2508	-6.9633
-8.0282	-5.4571	2.1487	2.1030	-3.9879	-8.0141
-7.0289	-4.9112	2.1915	2.3945	-5.6663	-6.7114
-6.6187	-3.9483	2.1954	2.3060	-4.7320	-7.4359
-8.4013	-5.5878	2.1101	1.5905	-5.2299	-6.0667
-7.5629	-4.8821	2.4925	2.5279	-4.9892	-7.9807
-8.1015	-5.0296	2.0887	2.4708	-5.7153	-8.8052
-7.0512	-3.1912	2.7827	2.4004	-4.7838	-6.8820
-8.1716	-4.7188	2.7543	2.5332	-5.9685	-8.3597
-6.6320	-5.6388	2.3976	2.4400	-4.4825	-7.3591
-7.8802	-5.6347	2.3272	2.2724	-3.5931	-6.4081
-6.2045	-5.0644	2.1457	2.3094	-6.0400	-8.3088
-8.3676	-4.0985	2.2296	2.1266	-6.3827	-7.7950
-6.5784	-3.8971	1.9761	1.9818	-5.0384	-6.6966
-7.3066	-5.6850	2.4578	2.3395	-4.7758	-8.8013
-7.8692	-4.8919	2.3480	2.2511	-4.7612	-9.0363
-8.0754	-3.9220	2.9291	2.5046	-5.2053	-7.8790
-7.4434	-5.5685	2.0426	2.2306	-6.0239	-6.9562
-8.4120	-5.4053	2.0690	2.4178	-5.1756	-8.1195
-6.3494	-4.2191	2.3721	2.6239	-5.4393	-6.6134
-9.1776	-5.2031	2.1446	2.2402	-5.2787	-7.8187
-9.3913	-5.1962	3.0135	2.5223	-4.5967	-8.0263
-9.4535	-5.5633	2.1704	2.0162	-6.1205	-8.3992
-7.9285	-4.2173	2.4740	1.9195	-5.5075	-8.9351
-6.2927	-5.0512	2.0892	2.0984	-5.9228	-8.2182
-7.2803	-3.8544	2.4392	2.2616	-4.7210	-6.4278
-8.7606	-5.0584	2.2144	2.0626	-5.5104	-7.4553
-7.3665	-4.0702	2.3956	2.2105	-4.3012	-8.7587
-7.8525	-4.6813	2.4499	2.2842	-5.7619	-7.2881
-8.1722	-4.6112	2.6733	2.6107	-4.8725	-7.2113
-8.1480	-4.5152	2.1194	1.9468	-4.1873	-8.0803
-7.9009	-5.4830	2.9665	2.4193	-5.1818	-6.5001
-8.2665	-3.8836	2.3228	2.6361	-4.7830	-8.1701
-8.6078	-3.8388	2.8188	2.4229	-4.8109	-7.4320
-9.0277	-3.9822	2.6701	2.1572	-4.9756	-8.8790
-8.0325	-4.1344	2.6729	2.5761	-5.9005	-9.2960
-9.6674	-5.4295	2.8120	2.7602	-4.7340	-8.5193
-7.6686	-6.1933	2.1193	2.3640	-4.0448	-7.5657
-8.4788	-5.3691	2.0778	1.7116	-6.1902	-7.6795
-9.1957	-4.2261	2.6989	2.4679	-4.5977	-8.5397
-7.8007	-3.5725	2.4934	2.1881	-5.3304	-8.9783
-7.6167	-6.1200	2.2232	1.9818	-5.9197	-7.8351
-8.7878	-3.8125	2.2672	2.3591	-5.7846	-7.9293
-8.2421	-5.9263	2.1543	1.5659	-4.6972	-7.3063
-7.8998	-4.9046	2.5564	2.9470	-3.6407	-7.4908
-7.7717	-5.7072	2.2314	2.1075	-4.8549	-7.3364
-8.1042	-5.0036	2.2234	2.3736	-5.3016	-8.2952
-7.3739	-4.9827	2.5520	2.6190	-5.0468	-7.1418
-8.5923	-4.6172	2.1121	2.1703	-4.5863	-8.0327
-9.5040	-3.9032	2.4142	2.0461	-4.3473	-9.0300
-7.7216	-4.6615	2.3088	2.5446	-5.4404	-7.4907
-8.3101	-4.5276	2.5197	2.6005	-4.2558	-7.7988
-7.7646	-5.4973	2.3373	2.4076	-3.9957	-6.3101
-8.3256	-5.9525	2.6521	2.5912	-4.0080	-7.6073
-9.2788	-4.7499	2.8105	2.7222	-3.9117	-7.9928
-7.3902	-5.5199	2.4977	2.7259	-3.9461	-8.8366
-8.6142	-5.6550	2.6334	1.9718	-4.1079	-8.1364
-8.8470	-4.4309	2.3222	2.4873	-5.0528	-9.2207
-8.0986	-5.5114	2.1359	2.2508	-3.5960	-6.9915
-6.7437	-4.7487	1.8495	1.9351	-4.8205	-9.5486
-7.0744	-4.6290	1.9893	2.1277	-5.5584	-7.8382
-7.0516	-4.3981	2.2916	2.3057	-4.2069	-8.0186
-9.1857	-5.8187	2.1230	2.1784	-5.6182	-6.3844
-8.3031	-4.9761	2.2727	2.1994	-3.9656	-8.3258
-8.1523	-5.3184	2.3791	2.3323	-3.7417	-7.7887
-7.3130	-5.2127	2.3128	2.4433	-4.7069	-7.8617
-6.6420	-5.2155	2.2469	2.1947	-5.0531	-7.0668
-12.0993	-5.7036	2.1207	1.7225	-5.6497	-7.6046
-9.3688	-4.6727	2.7016	2.5012	-5.5648	-9.7353
-7.8062	-4.7463	2.2501	2.5583	-4.7805	-7.8932
-6.5187	-6.0225	2.4657	2.4062	-3.5210	-8.8852
-9.3268	-5.1258	2.2446	1.5969	-4.9128	-8.4627
-7.9099	-4.8376	2.4060	2.3968	-6.0023	-8.2321
-9.0576	-6.4331	2.1491	1.4879	-6.0537	-7.7330
-7.9753	-5.0685	1.9968	2.2157	-4.4594	-6.9762
-7.3884	-3.8282	2.2914	2.4185	-4.4856	-8.7714
-6.5224	-4.1510	2.1579	1.8745	-6.0718	-7.3608
-7.2581	-4.0822	2.2346	2.4339	-4.6321	-7.4208
-7.5008	-5.3272	2.1716	2.4058	-5.2689	-7.4087
-9.9919	-4.5644	2.3631	2.5215	-4.7116	-8.8287
-7.1616	-5.3911	2.0760	2.2142	-4.5709	-7.6945
-8.4308	-4.6355	2.2745	2.4334	-4.8371	-6.5949
-5.8451	-6.1710	2.1127	2.2480	-4.1659	-6.1088
-8.9336	-4.8521	1.6074	2.1783	-4.9442	-7.0281
-10.8440	-5.2740	2.2328	1.9390	-5.1044	-8.2246
-7.0624	-5.3300	2.6954	2.0900	-4.3927	-8.9297
-7.0741	-4.0012	2.0732	2.3927	-3.7263	-7.5124
-6.6230	-5.7939	2.7912	2.5968	-6.0576	-7.4565
-8.9390	-4.9766	2.4197	2.4137	-5.0147	-9.4682
-9.2212	-4.4770	2.2854	2.4412	-4.0185	-8.2658
-6.8897	-4.1707	2.0144	2.1510	-4.5511	-7.5216
-8.9592	-4.5660	2.4527	1.8860	-5.0986	-8.2409
-7.7222	-4.3452	2.4947	2.6696	-3.3877	-8.1809
-10.3984	-5.4083	2.7239	2.1444	-6.1100	-7.0762
-7.1427	-4.7393	1.9721	2.0754	-5.2227	-7.1762
-7.5941	-5.1154	2.5974	2.3493	-5.0240	-7.5292
-9.2095	-5.4147	2.6871	2.2927	-5.5236	-7.1189
-8.5479	-5.7286	2.4586	2.3836	-4.8548	-9.0806
-7.0997	-4.6947	2.0675	2.6574	-5.1215	-7.6427
-6.0939	-6.2309	2.0451	2.1597	-4.0562	-6.5387
-7.5201	-4.5570	2.5586	2.2591	-4.0092	-6.5729
-7.9286	-5.9057	2.6864	2.4697	-3.9361	-7.5811
-10.5902	-4.8335	2.4986	2.6086	-4.3318	-9.2056
-8.6368	-4.3256	2.5290	2.2152	-5.2600	-7.4704
-8.7716	-4.9039	1.9593	2.2862	-5.6016	-7.2181
-9.3005	-4.6062	2.6376	3.0675	-5.4356	-8.8773
-7.8325	-5.2986	1.9795	2.1870	-5.7786	-8.0197
-8.6614	-4.1320	2.0670	1.7733	-5.9701	-8.1552
-8.0532	-4.1305	2.1610	2.4111	-6.1257	-7.9167
-7.6865	-3.3705	2.6034	2.7525	-5.9764	-8.9147
-7.3480	-3.7661	2.7505	2.2251	-4.7844	-8.5916
-6.5606	-5.1161	2.3772	2.0120	-5.8812	-8.8474
-8.5238	-3.7735	2.7920	2.2922	-5.6243	-9.8674
-7.4756	-5.3518	2.1986	1.7608	-4.8017	-7.3507
-7.7610	-4.7890	2.6917	2.3979	-4.2138	-7.5276
-9.3415	-6.0768	1.9256	2.1132	-5.5574	-6.1819
-7.2227	-4.6473	2.4173	2.6245	-5.1691	-7.6060
-7.9800	-6.2723	1.9821	2.2346	-4.3867	-6.9356
-6.0126	-4.5648	2.3036	2.1076	-5.3944	-7.2181
-9.2609	-4.5371	2.1439	2.7631	-4.4502	-7.9015
-7.3502	-4.4944	2.2398	2.3084	-5.6673	-5.9923
-7.0498	-4.0147	2.0353	2.3654	-6.1504	-8.9989
-7.3459	-4.3444	2.0618	1.9649	-5.5901	-8.8713
-8.6589	-6.1121	2.3445	2.4413	-4.6248	-8.0601
-7.3631	-5.5786	2.2202	2.3925	-5.2219	-6.9485
-10.6957	-4.4829	2.7524	2.4634	-5.3493	-8.7628
-9.2935	-4.9046	2.1535	2.2796	-4.7039	-8.4625
-6.9072	-4.5978	1.5762	1.7550	-4.2991	-7.4431
-7.8619	-4.8872	2.4757	2.3191	-6.2759	-7.3380
-8.7226	-6.2995	2.1726	2.5677	-3.6023	-7.4516
-8.4886	-5.5261	2.5421	2.2750	-5.3944	-7.4153
-8.0462	-4.2857	2.5537	2.7972	-4.1150	-9.0531
-9.1263	-5.1430	2.4953	2.3946	-5.2893	-10.5024
-8.3398	-3.9495	2.5735	2.3560	-5.2579	-7.9004
-7.8803	-5.1474	2.1128	2.0450	-4.4944	-7.2621
-7.5107	-6.3707	2.1143	1.8360	-5.9475	-8.6495
-9.1748	-4.5622	2.6878	2.8789	-5.8088	-7.9329
-9.8961	-5.2067	2.3888	2.4257	-5.4599	-6.8191
-6.4105	-5.6541	2.3597	2.3857	-6.2214	-8.3251
-8.5524	-5.3317	2.3030	2.2752	-6.0281	-8.1789
-8.1027	-4.3073	2.2212	2.0749	-5.2567	-8.7797
-9.4298	-6.5859	2.2831	2.4519	-4.5720	-7.1549
-7.5602	-5.3982	2.2664	2.2452	-5.5523	-7.6343
-8.6123	-4.8914	2.6448	2.7196	-4.4357	-5.6776
-7.1561	-5.6257	2.1133	2.3003	-4.2494	-7.7843
-8.8835	-5.0644	2.7508	2.3261	-4.5926	-6.9020
-6.6398	-5.3807	1.8333	2.1230	-5.6165	-7.8327
-7.5383	-5.8260	2.3784	2.1965	-4.4436	-8.4830
-7.7085	-5.3566	2.6208	2.6064	-5.0410	-7.6049
-7.8670	-6.2545	2.2088	2.6233	-4.9287	-7.3278
-7.7842	-4.3386	2.2351	2.3463	-4.0837	-8.5799
-6.9062	-5.0797	1.6355	1.9434	-5.3362	-8.4463
-6.7985	-5.9318	2.1362	2.5012	-4.4050	-6.9916
-8.5624	-3.5984	2.2116	2.6844	-4.3308	-8.6252
-8.2728	-5.0424	2.3373	2.3583	-4.2986	-8.0032
-8.9693	-5.3647	1.9320	1.8879	-4.3191	-7.0602
-7.6352	-4.7526	2.0151	2.1004	-5.1993	-7.0104
-6.5658	-3.8482	2.3590	2.6608	-3.8167	-7.6220
-7.7584	-4.5805	2.5442	2.3582	-5.4235	-10.1744
-7.3757	-4.4215	2.0318	1.9461	-5.4214	-7.6977
-8.4413	-5.1493	2.3531	2.3555	-4.8075	-7.2984
-8.6163	-4.9127	2.5100	2.5593	-4.1760	-9.0732
-8.3296	-4.3658	2.9009	2.4236	-4.0928	-7.9627
-9.5460	-4.5057	2.0885	2.2196	-4.7702	-8.4588
-7.8304	-5.2030	2.3304	2.0638	-6.2077	-8.4590
-7.9994	-5.0982	1.8542	2.4435	-6.1498	-7.9556
-7.2315	-4.8134	2.3400	2.4080	-3.2991	-5.4696
-8.9585	-4.0776	2.0838	2.3988	-5.0645	-9.2227
-7.5811	-4.6354	2.8304	2.4416	-5.3192	-7.5674
-8.8057	-4.1562	2.5820	2.6108	-5.3385	-9.0936
-7.2507	-5.1351	2.4691	2.7054	-4.0938	-6.0423
-7.4019	-4.7215	2.0193	2.1425	-4.5058	-8.6113
-8.3772	-4.1864	2.4409	2.1345	-4.9651	-12.3610
-10.3887	-4.7277	2.4554	2.7652	-6.0173	-9.8489
-9.0365	-4.3601	2.3779	2.0647	-5.6190	-8.1048
-6.9128	-4.2185	2.2591	2.3290	-5.9145	-7.2021
-7.0451	-3.9654	2.0279	2.0441	-6.1501	-6.1027
-8.5521	-5.2983	2.4328	2.0688	-4.1280	-7.2842
-9.5208	-6.4798	2.6018	2.4867	-4.7774	-6.8136
-8.3307	-3.7796	2.2731	2.3742	-4.9550	-7.9504
-9.2904	-7.3438	2.4000	2.4208	-3.9866	-7.7225
-7.7670	-6.5224	2.2223	2.0467	-6.3171	-7.4561
-7.9147	-5.2258	2.1662	2.5500	-3.4175	-6.7558
-7.5841	-4.0343	2.3352	2.1352	-5.6129	-8.6210
-7.7938	-4.5033	2.1955	1.9697	-4.9245	-7.4510
-7.9054	-5.8560	2.6569	2.5485	-4.2961	-7.3412
-8.1089	-5.7354	2.0482	2.2448	-3.9439	-6.0316
-9.1659	-5.2213	2.3042	1.8938	-5.3158	-7.3200
-6.0604	-5.5615	2.5766	2.1683	-4.9371	-7.8998
-8.2423	-6.4631	1.9827	2.1403	-5.5186	-9.0514
-7.4486	-4.3529	2.3920	2.4595	-5.5249	-9.2623
-6.6995	-6.0158	1.9650	2.2417	-3.9307	-9.8128
-8.4571	-3.9907	2.3640	2.2218	-6.1284	-8.4402
-9.8812	-4.6304	2.4724	2.0725	-4.3636	-7.2396
-6.4994	-5.0695	1.6985	1.9212	-4.1640	-7.2542
-8.1618	-4.8087	2.2045	2.1746	-4.2944	-7.5575
-8.8230	-4.8351	2.7997	2.7260	-4.1789	-7.9264
-10.7810	-5.7532	1.9939	2.4051	-4.5429	-7.9157
-7.7904	-5.2240	2.0929	2.3820	-5.6194	-9.5431
-8.6166	-3.9256	2.3742	2.3112	-5.5566	-9.0649
-7.9598	-4.9811	1.9534	2.0684	-4.9821	-7.7988
-6.9637	-4.1689	2.6546	2.4299	-5.8072	-6.9679
-6.9924	-5.6001	2.3200	1.9603	-5.4561	-7.5291
-6.4389	-4.9403	2.0800	2.2873	-5.0326	-6.6094
-9.4627	-4.4370	2.0097	2.1735	-5.9222	-8.4604
-7.7709	-3.9587	2.0825	1.9893	-5.2758	-7.5530
-6.8491	-5.4412	2.0174	2.0444	-5.7491	-7.2215
-8.3290	-4.9273	2.8319	2.6904	-4.6067	-7.7788
-9.5729	-5.9206	2.3400	2.0244	-3.4807	-8.1475
-8.6675	-4.1521	2.3517	2.3250	-4.9572	-7.7251
-8.9645	-3.7025	2.0991	1.8828	-5.5719	-7.9104
-8.0198	-4.8768	1.7803	1.9769	-5.4977	-8.2189
-7.6312	-5.4980	2.0519	2.2530	-6.1792	-9.2616
-7.9543	-5.3466	2.1359	2.2254	-6.0927	-7.7058
-7.2900	-5.5508	2.4698	2.3669	-5.6699	-8.3297
-9.5160	-3.9344	2.6059	2.4529	-4.4109	-8.0130
-8.6075	-5.9622	2.2149	2.0826	-4.0749	-8.3938
-6.4058	-4.6896	1.7727	2.0444	-6.1532	-6.7740
-8.1039	-7.1417	1.9010	2.2397	-3.8431	-6.5901
-7.7841	-4.6504	2.5442	2.3499	-4.6566	-9.2786
-9.5437	-4.6408	2.2059	2.2991	-5.9695	-8.8527
-8.2225	-3.7456	2.4937	2.2970	-4.5616	-8.9577
-7.8766	-5.0749	2.1431	2.4544	-4.9201	-8.5142
-7.5679	-6.4438	2.5042	2.0396	-4.6848	-8.2584
-7.3680	-5.8694	2.5734	2.1541	-4.6948	-7.8963
-8.2599	-4.4825	1.9240	2.2807	-3.8753	-8.6507
-8.3579	-5.5052	2.6055	2.3929	-4.4896	-6.5799
-8.5660	-6.2094	2.4243	2.2164	-4.7151	-8.9021
-8.9011	-5.5362	1.9760	2.4777	-4.9618	-8.9500
-6.5970	-6.1677	2.0478	2.4625	-3.9442	-7.2097
-7.8870	-4.7963	1.9711	2.2381	-5.8807	-9.0097
-8.2521	-4.4404	2.2718	2.7171	-4.8146	-7.0632
-8.9669	-3.6461	2.4428	2.2820	-5.0982	-6.6593
-8.1665	-5.6735	1.7954	2.1405	-4.0710	-7.7686
-6.8635	-4.1078	2.4951	2.4774	-5.7680	-6.3739
-7.7701	-5.3767	2.1265	2.4105	-5.0719	-7.0998
-8.5051	-4.7574	2.0282	2.3815	-5.0216	-8.3471
-9.9873	-4.2078	2.4362	2.3571	-3.3204	-7.6624
-8.1303	-5.9002	1.9933	1.8753	-5.7449	-7.5955
-7.3625	-5.5879	2.4586	1.9466	-4.6565	-7.0669
-7.8111	-4.8438	2.3873	2.2633	-4.6874	-6.4310
-6.7710	-5.7608	2.5544	2.5712	-4.7324	-7.5138
-8.1853	-5.0680	2.1905	2.2331	-4.6049	-6.0147
-8.9932	-4.9162	2.2490	2.3952	-6.6727	-8.2087
-8.9332	-4.4721	2.4990	2.4520	-4.5151	-9.5176
-8.2287	-4.3051	2.3393	2.2837	-4.8608	-8.8282
-7.3915	-5.9445	2.1423	1.9409	-3.9194	-7.9403
-7.9310	-4.8926	2.1099	2.2993	-4.9522	-10.2217
-7.8324	-5.0777	2.3489	1.9863	-4.5678	-8.0861
-8.0225	-6.6813	2.0080	2.2321	-3.8377	-7.7921
-7.8385	-3.5921	2.5536	2.4772	-4.9746	-9.0665
-7.8356	-3.6433	2.2507	1.9937	-5.8187	-7.1943
-8.4890	-5.4335	2.2030	2.0928	-4.6639	-7.8255
-8.4014	-4.2692	2.5934	2.5787	-6.1787	-7.7706
-6.8143	-6.0129	1.8937	2.3080	-4.7901	-8.4432
-6.7120	-4.6394	2.2325	2.8011	-5.5505	-7.1147
-7.9217	-5.1224	2.4942	2.2151	-4.6628	-8.4341
-8.6626	-4.9770	2.2079	2.1034	-5.7819	-8.8068
-6.8503	-5.3538	2.6214	2.6508	-4.2672	-7.2518
-6.1028	-4.5429	1.9798	2.6375	-4.7448	-10.0230
-6.6043	-5.0534	2.1449	2.5866	-3.9057	-8.0359
-5.8601	-4.5881	2.2608	2.4065	-5.8350	-8.6754
-8.6228	-4.6850	2.5954	2.6640	-4.8589	-8.5346
-8.4971	-5.4290	2.1769	2.0609	-5.8143	-7.4518
-6.8606	-4.6615	2.4362	1.8874	-4.7493	-8.9029
-7.9597	-2.6502	2.4028	2.7962	-6.0131	-8.1733
-8.0025	-4.3795	2.4495	2.4657	-4.7555	-10.2772
-7.4808	-4.4779	2.1021	2.1468	-5.1922	-9.1745
-7.7538	-3.3143	2.1204	1.9914	-4.2804	-7.4336
-7.0086	-4.5358	2.5461	2.2758	-5.2205	-9.7977
-9.9013	-5.4106	2.3065	2.3059	-4.7507	-7.8664
-8.8207	-6.5977	2.4240	2.4576	-2.7970	-6.8967
-8.2753	-6.2460	2.2245	2.8065	-4.6247	-8.7726
-8.9046	-5.6591	2.3668	2.6311	-4.5947	-8.0750
-8.0530	-3.5765	2.4454	1.9560	-4.1883	-8.0679
-8.6406	-3.4287	2.1688	2.3390	-4.2572	-10.9400
-7.0777	-4.0217	2.6527	2.4439	-5.6963	-6.8326
-6.3594	-4.3651	2.4437	1.9798	-5.3148	-8.6339
-6.9824	-6.1168	2.3278	2.2831	-4.2531	-7.2228
-8.3460	-6.4885	2.0903	1.9353	-5.3944	-9.4001
-7.2864	-5.0677	2.1544	2.1607	-4.5313	-8.8905
-10.9581	-5.3265	1.9562	1.9793	-4.3441	-7.8729
-7.8186	-4.9885	2.0921	2.0953	-4.1452	-7.7895
-6.3738	-4.0434	2.3124	2.2283	-4.7313	-9.0715
-9.4863	-4.7206	2.4346	2.2503	-4.2391	-8.1170
-6.2900	-5.2248	2.4667	2.6327	-4.9356	-8.6211
-8.9907	-4.6985	2.4047	2.3280	-4.7525	-8.1596
-7.8536	-5.0462	2.4074	2.5031	-5.6038	-7.7446
-6.6761	-4.6465	2.5942	2.4255	-4.0372	-8.7367
-7.2653	-4.6667	2.2200	1.9028	-4.9658	-7.4954
-9.6325	-4.3008	2.5913	2.6534	-4.4187	-7.5430
-7.7494	-4.8351	2.1977	2.4282	-4.7644	-6.5139
-8.8658	-5.5543	2.4815	2.6504	-3.7273	-8.7187
-8.0948	-3.8743	2.3841	2.2074	-7.1723	-8.0376
-8.1156	-5.5368	2.1404	2.3180	-5.2764	-7.6150
-8.6779	-4.7405	2.3417	2.0666	-5.7273	-9.1921
-8.1641	-4.8496	2.2039	2.1738	-5.4468	-7.2442
-9.5923	-4.8642	2.4906	2.3651	-5.4157	-7.7797
-6.7252	-5.5203	2.3686	2.1160	-3.7455	-5.5797
-7.8096	-5.7141	2.4120	2.2580	-5.4631	-8.4249
-6.2504	-5.1713	2.2191	2.3767	-4.2653	-7.5548
-8.9256	-5.9024	2.1771	2.0809	-5.2999	-8.9794
-7.8806	-3.8677	2.8810	2.6125	-4.9210	-6.9459
-10.1060	-5.5855	2.4265	2.7124	-5.9136	-9.5898
-6.8794	-4.2716	2.0332	2.3334	-3.9614	-6.9825
-8.2883	-5.4993	2.0946	2.2639	-5.9103	-9.5816
-7.2142	-5.5919	2.0636	2.1720	-4.3354	-7.9026
-8.3988	-5.2303	2.2205	2.3817	-6.3257	-6.0795
-7.3110	-4.3789	2.5817	2.2405	-5.4064	-7.2982
-7.9264	-5.3021	2.4179	2.3715	-3.9322	-9.0205
-7.9339	-5.4085	1.6751	1.9451	-4.3677	-6.7083
-7.0508	-4.1793	2.1576	2.3382	-5.1357	-7.3401
-11.1724	-4.5814	1.9535	2.0306	-6.2575	-9.3653
-7.2184	-5.5779	2.0638	2.6559	-4.9718	-8.0965
-7.5808	-4.0556	2.2451	2.0593	-4.0767	-8.1041
-7.3104	-5.4369	2.2059	2.2782	-6.5036	-9.1124
-8.3559	-5.6728	2.4228	2.4401	-5.3491	-7.5405
-7.0422	-6.6594	2.4401	2.6828	-4.8208	-6.6812
-7.8009	-4.2998	2.5834	1.9283	-4.5273	-9.4699
-8.4747	-4.9785	2.3281	2.0874	-6.3828	-8.1368
-10.1862	-5.2441	2.5577	2.2264	-5.7587	-7.9597
-8.1629	-5.2929	2.3124	2.3390	-4.6559	-8.0039
-9.9842	-5.6023	1.9825	2.2343	-4.5330	-6.6511
-7.1579	-5.1287	1.9942	2.0777	-4.8425	-6.8410
-9.5282	-5.5974	2.3930	2.6834	-6.4627	-8.1416
-7.8856	-3.7381	2.1816	2.4558	-4.7941	-8.9920
-7.5488	-4.9461	2.2962	2.1411	-3.1927	-6.9613
-9.2564	-6.8061	2.0646	2.4710	-4.1892	-7.1689
-8.8052	-5.4069	2.5126	2.8690	-2.9595	-7.8540
-7.5975	-5.4198	2.3528	2.4291	-5.1803	-8.0626
-7.0318	-5.6229	2.0069	1.8222	-5.5294	-8.4495
-6.5253	-4.6712	2.4502	2.0959	-4.1814	-8.4962
-8.5237	-5.0681	2.3365	2.3884	-3.0460	-7.1250
-7.1845	-3.4545	2.2313	1.9795	-5.2723	-9.0950
-6.0486	-5.0713	2.0198	2.5306	-4.6258	-7.2989
-7.0395	-5.4947	2.5759	2.5914	-5.6543	-9.1319
-8.6512	-5.1717	2.4445	2.2114	-4.8277	-9.3271
-7.0931	-4.4687	2.0031	1.8963	-5.6256	-8.6795
-7.4794	-4.5476	2.3072	2.3863	-4.8236	-8.7082
-8.2997	-4.1445	2.1627	1.9167	-6.1241	-8.4139
-8.5131	-5.5323	2.5777	2.3129	-5.2819	-9.3562
-9.1589	-5.5966	1.9823	2.3051	-4.1011	-9.0887
-7.1565	-4.1545	2.7882	2.8170	-4.5735	-9.0439
-7.2044	-5.6396	2.5318	2.1521	-5.6669	-6.9140
-6.9480	-5.8401	2.1838	2.5698	-5.5266	-8.1348
-8.0584	-5.2588	2.2557	1.8551	-5.3312	-10.5320
-7.6872	-4.3472	2.1405	1.8772	-6.1325	-8.2803
-8.9431	-5.1738	2.0091	2.4445	-5.1823	-8.3544
-7.6862	-5.2653	2.4651	2.4010	-4.4938	-10.9366
-8.9237	-4.4131	2.3849	1.7911	-6.9506	-9.0024
-6.6970	-4.1543	1.6709	1.6146	-5.8978	-6.6752
-6.6212	-4.4568	2.5067	2.0635	-4.8375	-8.9195
-8.3915	-4.4820	2.4109	2.6589	-3.9357	-7.2888
-8.4933	-4.6975	2.5126	2.3650	-4.7783	-8.2489
-9.5771	-4.7916	1.8594	2.1447	-6.3725	-7.9589
-8.6591	-5.1615	1.5760	2.0181	-5.8767	-7.6096
-9.4142	-5.6664	2.4508	2.6185	-5.9661	-8.7676
-8.1109	-4.0861	2.7083	2.3588	-5.0849	-9.0982
-7.7222	-4.4258	2.5512	1.9944	-5.7110	-8.8090
-7.3789	-4.1744	2.3895	2.0809	-5.2553	-8.3768
-7.8056	-4.5625	2.2729	1.9541	-5.1135	-9.3166
-6.3550	-6.2980	2.0231	2.3006	-5.3247	-8.1932
-7.7534	-4.7545	1.9398	1.8721	-5.7033	-8.5787
-7.3075	-3.6753	2.2349	2.3788	-4.5322	-9.2031
-9.7027	-4.3073	2.4802	2.3705	-4.8956	-9.1398
-6.5519	-4.7306	2.1067	2.2641	-5.3237	-7.4096
-9.5221	-4.0591	2.3894	1.8114	-5.1939	-9.2872
-9.2881	-3.4128	2.4005	1.9804	-5.8062	-8.2519
-7.7228	-4.2801	2.1402	2.6707	-5.0190	-7.1029
-8.7626	-6.1511	2.3296	2.4049	-3.8819	-8.4629
-8.4066	-4.6955	2.4244	1.9205	-4.5593	-7.2029
-7.6633	-4.9163	2.7061	2.5268	-5.1037	-6.1427
-8.7244	-4.6357	2.5442	2.0078	-5.7381	-7.0724
-7.4559	-5.4690	2.6046	2.5402	-4.4667	-6.3637
-8.2396	-5.7107	2.8353	2.7077	-3.0934	-7.5980
-7.7448	-4.8977	2.5474	2.6449	-4.8342	-7.7245
-9.6396	-5.0745	2.4193	2.1981	-5.1730	-8.6416
-7.4247	-5.5970	2.7993	2.8643	-3.9444	-8.7773
-7.2538	-4.3509	2.7116	2.7548	-4.8785	-8.2079
-5.5532	-5.3059	2.6880	2.3354	-6.5961	-9.0923
-7.5692	-6.7320	1.9271	2.6049	-4.2576	-8.1374
-6.6290	-5.0734	2.7366	2.6637	-5.1122	-9.1909
-8.2254	-4.9674	2.5588	2.5418	-5.7091	-8.3444
-8.6954	-5.9467	2.5112	2.2861	-3.9945	-8.0095
-7.7999	-4.4370	2.3419	1.9827	-5.6891	-7.0886
-7.9863	-5.7700	2.2811	2.1565	-4.8342	-7.5657
-8.8283	-5.1901	2.6375	2.2879	-4.3892	-7.4382
-6.1159	-4.8844	2.3626	2.2297	-4.2554	-6.9836
-6.0642	-4.4265	2.7276	2.8174	-4.7592	-7.1581
-10.2504	-4.1659	2.1320	2.2911	-4.0670	-7.9882
-6.8715	-5.7687	1.9231	2.3003	-4.5079	-7.9855
-7.8189	-5.7058	2.0807	2.1987	-3.9381	-7.8674
-8.0155	-3.9369	2.8089	2.4991	-4.8857	-8.0461
-8.9473	-5.1471	2.1716	2.3782	-5.3902	-11.0144
-6.3615	-6.0927	1.8776	2.3915	-4.4269	-8.7188
-6.5438	-5.9858	2.4880	2.5087	-5.3014	-8.6313
-7.0783	-3.8903	2.1687	2.3204	-5.1035	-7.4348
-6.7322	-6.1491	2.1573	2.0101	-6.9315	-6.8819
-7.4039	-4.7855	2.3711	2.5217	-5.8573	-7.8627
-7.7321	-4.1113	2.0766	2.4821	-5.6597	-8.5623
-8.2427	-5.1264	2.6710	2.5962	-4.0012	-6.2586
-8.7787	-4.9491	2.5928	2.1664	-4.9043	-8.2388
-8.0577	-4.9317	2.5018	2.3304	-4.4228	-8.1876
-8.2366	-4.1579	2.3463	2.3470	-4.5287	-7.1145
-8.3261	-4.1065	2.6557	2.5195	-6.1081	-8.2670
-9.0555	-4.8390	2.1207	2.5248	-4.3887	-8.2505
-7.8119	-4.2320	2.2196	2.0315	-5.3902	-7.2540
-7.3858	-6.0805	2.4718	2.5070	-3.9319	-7.9899
-7.7836	-5.1050	2.9104	2.6656	-4.7343	-7.5007
-6.8584	-3.6157	2.6388	2.3801	-5.5480	-8.3332
-8.4740	-4.9854	2.2832	2.6971	-4.2515	-8.9373
-8.4415	-3.7244	2.5213	2.3522	-6.3463	-8.0369
-7.9037	-4.9058	2.5326	2.6735	-4.0967	-7.9729
-7.5265	-3.1754	2.4540	1.9790	-5.3573	-6.0108
-6.3949	-4.8181	2.5791	2.0586	-5.9145	-9.1240
-8.4621	-5.3480	1.9782	1.9659	-4.3205	-7.4488
-8.6451	-5.4419	2.5576	2.4495	-5.2687	-7.3998
-9.0259	-5.5162	2.3566	2.8487	-4.2311	-8.4568
-6.4503	-4.0217	2.3486	2.2402	-6.2713	-7.5179
-8.9208	-5.7503	2.7583	2.6622	-3.9526	-8.6138
-9.0016	-4.1966	2.2624	2.4981	-4.7242	-7.4428
-6.7633	-4.7331	2.3873	2.9035	-4.1568	-6.7005
-7.8968	-4.9526	2.1576	2.5671	-5.2016	-6.8336
-9.9134	-5.0885	1.8842	1.5757	-4.8714	-8.3155
-8.9773	-4.6351	2.5589	2.6951	-5.1729	-6.7874
-7.2248	-5.7865	2.2278	1.7544	-4.8091	-7.3581
-7.4182	-3.9773	2.4827	2.7626	-5.3882	-7.3915
-6.5972	-4.1319	2.4618	2.1430	-6.0451	-7.9749
-9.5388	-5.3573	2.0723	1.6465	-4.4248	-9.1842
-8.1721	-4.7197	2.5361	2.3209	-5.2553	-8.5818
-7.9833	-4.5868	2.3503	2.4596	-4.4478	-8.6359
-7.3868	-4.3591	1.9723	1.8436	-5.1464	-6.6606
-6.6570	-4.7637	2.1328	2.0861	-5.3422	-6.6884
-8.5113	-4.1980	2.5574	2.0958	-7.0970	-7.8674
-7.6300	-6.1063	2.0082	2.3048	-4.4429	-8.7664
-9.9444	-4.7555	2.5867	2.8177	-4.1134	-7.7738
-8.5137	-6.6459	2.2501	2.0580	-5.4274	-8.9617
-7.5765	-4.1864	2.4405	2.5063	-3.9148	-8.3969
-6.5032	-4.5882	2.3707	2.6370	-4.0935	-8.8097
-9.5486	-4.9422	2.3867	1.6533	-5.8932	-7.5740
-7.7658	-6.0293	1.6993	2.0784	-4.9819	-8.7342
-7.6448	-5.0932	2.0601	2.5291	-3.6893	-7.2425
-7.4717	-4.2903	2.3269	2.2648	-5.1052	-7.2658
-9.1181	-6.7733	1.9944	1.9307	-4.1176	-8.2530
-8.5388	-5.1367	2.5676	2.5245	-4.8055	-5.7215
-7.5681	-5.1651	2.8430	2.8813	-5.7034	-8.5065
-7.8785	-4.6388	2.9217	2.9969	-5.9850	-7.5193
-8.6742	-5.0434	2.5039	2.2324	-4.2020	-8.0006
-7.7264	-4.0995	2.1158	2.1423	-5.3158	-7.6645
-7.0268	-5.6930	2.1616	2.4546	-5.7187	-10.1312
-8.6922	-5.2402	2.2898	2.3688	-4.8682	-8.3772
-7.0138	-4.5304	2.1233	2.2584	-6.3521	-9.1890
-8.0658	-5.7416	2.5161	2.3596	-3.9406	-7.4769
-7.2931	-5.0510	2.0388	1.8081	-4.6465	-6.7525
-7.7894	-4.4030	1.9404	2.1761	-5.2609	-6.0425
-7.5382	-6.5872	2.0421	2.0060	-5.0387	-7.6654
-8.0228	-4.6686	2.4592	2.5627	-4.7520	-6.8811
-6.4556	-4.4134	2.1543	2.5776	-4.7913	-8.4471
-8.9879	-5.8919	2.1282	2.6130	-5.7844	-10.1806
-9.5309	-4.7242	2.2252	1.7135	-6.2301	-7.7344
-7.3956	-5.6236	1.9382	2.1768	-6.3836	-9.9201
-6.8911	-3.9546	2.0201	2.5122	-5.1681	-7.6349
-10.5730	-5.8509	1.8579	2.1325	-4.7695	-6.9194
-8.0635	-4.5609	2.0890	2.3480	-3.8915	-7.8274
-6.5524	-5.9334	2.0741	2.4759	-4.4355	-6.9584
-8.0167	-7.6371	2.0029	1.9531	-4.5254	-8.1749
-8.8618	-6.1152	2.7401	2.9404	-3.5097	-7.4376
-6.4287	-5.2272	1.8208	2.2487	-4.7198	-11.4941
-9.4163	-5.1954	1.9976	1.8911	-5.4487	-9.1048
-7.9560	-4.8664	2.6420	2.4952	-5.3173	-7.2898
-9.3426	-6.2035	2.2379	2.2895	-4.3154	-7.8466
-8.2200	-3.7450	2.4142	2.2159	-5.4809	-9.1059
-7.8040	-5.6814	1.8631	2.0055	-5.3220	-8.9393
-7.4661	-5.0606	2.1510	2.4200	-3.7639	-6.5785
-8.3114	-5.9045	2.3017	2.2804	-4.3232	-8.3316
-8.1279	-3.8912	2.1201	1.9245	-4.1006	-7.3759
-8.8904	-5.2036	2.3687	2.5695	-3.9708	-8.9581
-10.0076	-5.1759	2.3930	2.7316	-4.5000	-8.1436
-8.7342	-6.0799	2.0985	2.1279	-5.4367	-6.8043
-8.1384	-4.4482	2.3145	1.9709	-4.3508	-6.9120
-7.2389	-4.7709	2.7286	2.1721	-4.6956	-5.6958
-10.5702	-4.8221	2.4933	2.0376	-5.4308	-9.1328
-8.4118	-4.7713	2.6276	2.8006	-4.2440	-8.0584
-6.8042	-4.2470	2.5741	2.4505	-5.8383	-7.9141
-7.8948	-5.2136	2.7586	2.4687	-4.5439	-7.5542
-6.2737	-5.9354	2.0353	2.3302	-6.4667	-8.0800
-8.1016	-4.4874	2.2761	1.9828	-4.8353	-6.9763
-8.1550	-3.9056	2.4613	2.6610	-4.9441	-6.8565
-9.6049	-6.1508	2.2221	2.0189	-5.0338	-6.4220
-6.8965	-5.6861	2.5439	2.2305	-4.9819	-7.8400
-10.2320	-6.5844	2.3759	2.3536	-4.6396	-8.8212
-8.8399	-4.1540	2.7221	2.0184	-5.0023	-8.6009
-7.9282	-4.0985	2.4124	2.2489	-6.0234	-8.5911
-6.2573	-4.2767	2.3522	2.8360	-4.4398	-8.3121
-7.0270	-4.1978	2.4471	2.2977	-4.8979	-9.2116
-6.5027	-5.9192	2.0610	1.9177	-5.4842	-10.3275
-7.8751	-5.1469	2.2794	1.8555	-5.4831	-7.0918
-8.0810	-4.2136	2.1515	2.4926	-4.4611	-7.1470
-7.2391	-4.5861	2.3117	1.8971	-5.2629	-8.3802
-8.1333	-5.7558	1.9102	2.1395	-4.3281	-6.8209
-9.7752	-3.8930	2.2930	1.9270	-4.7586	-7.6128
-9.0096	-5.0188	2.3270	2.7724	-4.1042	-7.6808
-7.8394	-4.3796	2.4066	2.4471	-5.5372	-6.3175
-8.3054	-4.4461	2.3362	2.5015	-5.4004	-10.1046
-7.8106	-4.8503	2.3935	2.1751	-6.4072	-8.4793
-6.6776	-4.9491	2.2962	2.5623	-5.7072	-8.9509
-6.6979	-5.2119	2.1424	1.8122	-5.3769	-6.6832
-9.8510	-5.7832	2.0233	2.2755	-4.7746	-7.4316
-6.4457	-6.2401	1.9338	2.5742	-5.0497	-6.8729
-8.1530	-5.0272	2.1573	2.4319	-4.2997	-9.6134
-9.9392	-4.8685	2.2917	2.7624	-5.6232	-9.3509
-7.0470	-5.0084	2.0470	2.4705	-4.6530	-9.6895
-6.5756	-6.4318	2.0888	2.4666	-4.5610	-7.2010
-8.1036	-5.9969	2.3879	2.4418	-4.1981	-9.0514
-7.3919	-5.4025	2.3988	1.9097	-4.9388	-7.5324
-7.0999	-5.9351	1.7000	1.9825	-5.0697	-8.6928
-6.7284	-5.9071	2.3004	2.0491	-5.7775	-5.8787
-7.7849	-5.5398	2.1827	2.3059	-5.8762	-8.3481
-7.2420	-5.4544	2.6637	2.1272	-4.9637	-8.9578
-7.3892	-5.6493	2.2916	2.0117	-5.4886	-7.1311
-8.2608	-5.3370	2.1957	2.0516	-4.3328	-7.9889
-8.1620	-3.9121	2.2056	1.9307	-5.3778	-7.4190
-9.4810	-4.6825	2.3061	1.9131	-4.9455	-8.0994
-8.1859	-6.0961	2.5208	2.2308	-3.6006	-7.9662
-9.1907	-5.1015	2.8066	2.9464	-4.3104	-8.1564
-10.4791	-6.3129	2.1656	2.4489	-3.0283	-7.8498
-7.2409	-7.0459	2.5226	2.2984	-4.6308	-7.0459
-7.5163	-4.4199	2.3859	2.5437	-4.8657	-8.4848
-7.6287	-5.4862	2.5595	2.0928	-4.3132	-8.7437
-10.7211	-5.5819	2.2935	2.4548	-4.3753	-8.7693
-7.4891	-6.4573	2.3632	2.3703	-4.1679	-8.6987
-6.8520	-4.9773	2.1810	2.0298	-5.8377	-9.3557
-7.8343	-5.5727	1.9602	1.9236	-5.3176	-7.6464
-8.2569	-3.9998	2.3266	2.5217	-4.6689	-8.5451
-10.9357	-4.7271	2.6986	2.6024	-4.9792	-8.0252
-9.2386	-5.2828	2.1031	2.1124	-4.5261	-7.7344
-7.8945	-4.2733	2.3981	2.4458	-4.5805	-6.8209
-6.2651	-4.9791	2.7878	2.5529	-5.2493	-6.9179
-7.0046	-4.6176	2.7450	2.4299	-4.7737	-6.8386
-9.0055	-6.0451	1.9901	1.7416	-5.3849	-6.8382
-7.8615	-4.6577	2.3289	2.3804	-4.7203	-8.7694
-8.7433	-4.5827	2.4083	2.5507	-4.4775	-7.4039
-6.6346	-4.9408	2.0930	2.2085	-5.6443	-8.5921
-8.6095	-5.4104	3.0759	2.4538	-4.2944	-8.4733
-5.9573	-5.6679	2.1395	2.2907	-4.3141	-6.1721
-7.1195	-5.6811	2.4730	2.7595	-3.2440	-8.3498
-9.3488	-5.2971	1.9675	2.1263	-5.7438	-10.9768
-7.1350	-4.8038	2.6893	2.6994	-4.9309	-8.1722
-7.5387	-6.1145	2.2493	2.1849	-4.9409	-7.4794
-7.5018	-5.6890	1.8756	1.9950	-4.4868	-8.4786
-7.5186	-5.4250	2.5634	2.1141	-5.0279	-10.0559
-8.9641	-5.8400	1.8932	2.0900	-3.8737	-7.6140
-7.3634	-5.0871	2.4640	2.2214	-4.5999	-6.4020
-7.4182	-4.3776	2.2837	2.1544	-4.4834	-6.7748
-9.4392	-5.6571	2.4030	2.4504	-4.2936	-7.9411
-8.8292	-5.0846	2.7432	2.3491	-4.1333	-8.6675
-9.7015	-4.8347	2.5909	2.3212	-4.2164	-11.1623
-8.7989	-5.2135	2.1080	2.0631	-4.3273	-7.6929
-6.9135	-4.6465	2.5876	2.1082	-4.6705	-6.7312
-7.1092	-5.4265	2.4385	2.3570	-6.2347	-6.5635
-7.7930	-4.7555	2.1444	1.8863	-5.0879	-9.6095
-7.4652	-5.1770	2.1812	1.7929	-5.3442	-9.1208
-8.6666	-5.3582	2.2481	2.4949	-4.7249	-7.1009
-6.9511	-5.4895	2.2707	2.4501	-3.4550	-7.9733
-7.5212	-6.3463	2.0827	2.2334	-4.6964	-7.5043
-7.3319	-5.7548	1.9747	2.1288	-4.3170	-8.4095
-7.0490	-5.0950	2.4944	2.4207	-3.8758	-6.5770
-8.1633	-4.3903	2.4218	2.5477	-5.2172	-10.3973
-7.9214	-4.2857	2.1054	1.8259	-5.1540	-8.3875
-9.4607	-6.3162	2.1977	2.3583	-4.8326	-8.1383
-8.2231	-4.6032	2.6330	2.2405	-5.3861	-8.7353
-8.2483	-4.5000	2.6009	2.8178	-4.2972	-8.0740
-8.9420	-4.0614	2.3819	2.0476	-6.0167	-7.7942
-7.6939	-5.0302	1.8510	2.5548	-4.0052	-9.1381
-8.0209	-5.9028	2.1132	1.9338	-5.4084	-9.2164
-7.8022	-6.3767	2.4933	2.0928	-5.6007	-7.5637
-8.2725	-5.1253	2.1221	2.0694	-5.5970	-8.7010
-8.6280	-5.6290	2.7153	2.6594	-3.3988	-7.6204
-7.0708	-4.6453	2.6163	2.8472	-5.7871	-6.7837
-8.0636	-5.0626	2.4285	2.2899	-5.1703	-9.6191
-7.9933	-3.6988	2.6751	2.4772	-4.2511	-9.2639
-7.5588	-5.5712	2.5900	2.7928	-4.0344	-7.4836
-10.6901	-5.2362	2.1309	2.1581	-4.9916	-9.5240
-8.5466	-4.2067	2.5035	2.6192	-5.3926	-8.3238
-7.9507	-4.8162	2.1218	1.9103	-4.6125	-7.4406
-6.7161	-3.9485	2.6905	2.3677	-5.6343	-6.6800
-7.4976	-5.0006	2.0499	2.1877	-3.6806	-7.3111
-8.2980	-6.3184	2.3418	2.6231	-4.8104	-9.7381
-7.3625	-4.5844	2.3218	2.1854	-4.5383	-9.1539
-7.3972	-4.6815	2.1931	2.2746	-5.4519	-6.8044
-7.4992	-5.0701	2.4808	2.2516	-5.2386	-8.4602
-8.2612	-4.9456	2.0674	2.4856	-3.3071	-6.9722
-6.9850	-5.9379	2.0951	2.1459	-4.9090	-7.4245
-7.2371	-6.0088	2.2568	2.3664	-5.7920	-10.6051
-8.2869	-6.1745	2.3997	2.2619	-4.3641	-8.2867
-7.7619	-4.4963	1.9232	2.5471	-4.7255	-6.7926
-5.3343	-4.1356	1.8037	1.8353	-5.0411	-7.5834
-8.4361	-4.3103	2.6099	2.5453	-5.0178	-8.4163
-6.9816	-5.2398	2.4001	2.5770	-3.2585	-7.4409
-7.4265	-5.1548	2.0505	2.2053	-5.0395	-8.4248
-9.0923	-4.7038	2.3663	2.2342	-6.0124	-9.7763
-8.4440	-4.9260	2.3885	2.2007	-4.4181	-8.4066
-7.5611	-4.6675	2.2304	2.1051	-5.5102	-8.8452
-6.8068	-5.4981	2.1975	2.6367	-6.0934	-9.0809
-8.3718	-6.5932	1.6298	1.9610	-4.6195	-7.0320
-7.7971	-5.3268	2.5050	2.4624	-4.7547	-9.8536
-9.2661	-5.4692	1.8830	1.6855	-5.2125	-8.1664
-9.2987	-5.6588	2.0503	2.0089	-4.6710	-7.5222
-7.2675	-5.8231	1.9239	2.6452	-5.0571	-8.3806
-7.9419	-5.6534	1.8039	2.3015	-4.7455	-10.8036
-8.3746	-6.0953	2.3778	2.5905	-5.2622	-7.5509
-7.9114	-4.5680	2.2973	2.5921	-4.5275	-10.0377
-7.5726	-4.3403	2.5248	2.7203	-6.3281	-7.4575
-8.1765	-5.0758	1.9823	2.4389	-4.8466	-7.7230
-6.8839	-5.7255	2.3986	2.4763	-4.2498	-8.8067
-9.1729	-5.9970	2.0643	2.4244	-5.5825	-7.7068
-7.0629	-4.0304	2.0068	2.2562	-3.9563	-8.2835
-6.7473	-5.3392	2.2075	2.4255	-5.4174	-6.6763
-8.0191	-4.1590	2.2115	2.5425	-4.5630	-7.7093
-8.2428	-3.6947	2.3302	2.3283	-6.1476	-7.9805
-7.4703	-4.3361	2.1861	1.9574	-6.0025	-8.8728
-7.7953	-6.2097	2.0770	2.1991	-3.8740	-7.0436
-8.1564	-5.0983	2.6255	2.5379	-4.9878	-8.4686
-8.0150	-4.1334	2.0599	2.4408	-5.3652	-9.0650
-7.0366	-5.2985	1.9198	1.9987	-3.9573	-7.7626
-6.5691	-4.4384	2.2711	2.4099	-4.1221	-6.8711
-11.0466	-4.0479	2.3927	2.1928	-3.6008	-8.4429
-7.4507	-5.0967	2.8617	2.5065	-4.7074	-7.9119
-7.5693	-6.3271	2.6993	2.3537	-4.7546	-8.1754
-9.2195	-5.2005	2.1221	2.4333	-6.0307	-8.6649
-8.7270	-5.2534	2.1351	2.2436	-5.9713	-10.0788
-10.0584	-4.2263	2.5330	2.6113	-4.0802	-5.9473
-6.9150	-4.1293	2.2009	2.4287	-5.6326	-7.1314
-7.0914	-4.0672	2.0624	2.5038	-3.8316	-7.9800
-7.4350	-4.9149	2.2047	2.3132	-5.6168	-7.3297
-10.0292	-5.2882	1.9539	2.1246	-6.3101	-8.0507
-7.9294	-4.7238	2.0880	2.4280	-4.6593	-7.7328
-9.4876	-3.9628	2.2816	2.1491	-4.9976	-7.5262
-8.8642	-3.8788	2.4392	2.1743	-4.7910	-7.5871
-7.2182	-5.6411	2.5315	2.6066	-6.0250	-8.5728
-7.5478	-5.1690	2.1485	2.5706	-6.4193	-8.5513
-8.5103	-5.1809	2.1615	2.3460	-5.1850	-6.8679
-6.7258	-3.9203	2.3303	2.4235	-4.9258	-7.8009
-8.2027	-5.7922	2.0062	2.3851	-5.1491	-7.7588
-8.6295	-4.0025	2.4752	2.3401	-4.1413	-6.3631
-6.6552	-4.4774	2.1212	2.3828	-5.9307	-8.1213
-7.4401	-5.4497	1.9929	2.2407	-4.0801	-6.6477
-8.1096	-5.3464	2.1760	1.8098	-4.9158	-8.1725
-6.6271	-5.3748	2.0292	2.0589	-3.9763	-7.6363
-8.1213	-5.1910	2.2509	2.4388	-5.4129	-9.2716
-8.7783	-4.1093	2.2096	2.4689	-5.3531	-8.7971
-6.4963	-5.1087	2.3723	1.9716	-5.1608	-7.6030
-7.1641	-5.4699	2.0326	1.8319	-5.8301	-8.2021
-7.0337	-5.1260	2.0552	2.1612	-3.5515	-7.4579
-6.2763	-4.8499	2.0868	2.6506	-5.1203	-7.2515
-8.4126	-4.4837	2.6393	1.9527	-4.8387	-7.4653
-6.2582	-5.0414	1.8821	2.1264	-3.8785	-8.5295
-8.5085	-6.5292	2.4154	2.8667	-4.2506	-8.3262
-9.0593	-4.3217	2.6609	2.9344	-4.0006	-9.5081
-6.9704	-4.5057	1.8713	2.2087	-5.2046	-7.9346
-7.0549	-5.0734	2.4023	2.0403	-5.4787	-7.1324
-8.0712	-4.9056	2.2993	2.5110	-4.9531	-8.0931
-7.5035	-4.6511	2.4874	2.2500	-5.2167	-7.1134
-9.3582	-5.1103	2.0293	2.2567	-3.9524	-8.8784
-7.7408	-3.9807	1.9132	2.1730	-3.4882	-9.8384
-9.3987	-5.4572	2.5225	2.7824	-4.0941	-8.5589
-9.2039	-5.0172	2.3723	2.6444	-4.7884	-8.2347
-6.3198	-4.1238	2.3124	2.1097	-5.0746	-9.2155
-8.4175	-5.4359	1.9917	2.2254	-4.5827	-7.6189
-6.3137	-4.3044	2.2781	1.7584	-5.7627	-7.2076
-6.5752	-4.4458	2.0630	2.1585	-4.5781	-7.6011
-8.9193	-6.1757	2.0421	2.1358	-4.0663	-8.5760
-8.6935	-4.5552	2.5530	2.4121	-4.7920	-7.3165
-8.6926	-3.7745	2.3118	2.3060	-4.5193	-9.9488
-6.4861	-4.8413	2.4312	2.1795	-4.6590	-6.1462
-8.1505	-4.4594	2.5287	2.4373	-5.2548	-7.7833
-7.4889	-5.0634	2.3971	2.2559	-5.0785	-9.2738
-7.6821	-5.3673	1.8268	2.3789	-3.6014	-7.9751
-8.6537	-4.9706	2.2591	2.7703	-4.5500	-7.9369
-9.0738	-5.9923	2.0290	2.3491	-5.4233	-6.7758
-9.4174	-4.4435	2.7931	2.8173	-4.3962	-9.1979
-8.8659	-4.5909	2.2576	2.0925	-4.5345	-8.3499
-9.2839	-4.5882	2.3429	2.3823	-5.0074	-9.4582
-10.4568	-4.7205	2.1483	2.6286	-3.7323	-7.0784
-6.9601	-4.6390	2.1101	2.0980	-5.4235	-7.6796
-7.1144	-3.5095	2.5596	2.1624	-5.4635	-8.2594
-7.1554	-5.6415	2.3577	2.5380	-4.6730	-8.2631
-7.3641	-4.3368	2.3096	2.3669	-6.7785	-8.5470
-8.2851	-5.5213	2.6139	2.3472	-6.9792	-8.9100
-7.7014	-5.7695	2.6394	2.5636	-4.7358	-8.3263
-9.7522	-4.5283	2.4443	2.4601	-4.2944	-7.9671
-7.6031	-5.0349	2.1978	2.1027	-5.6060	-6.3976
-7.0321	-4.4717	1.9049	2.0794	-6.0824	-9.1223
-8.0639	-4.5057	2.3828	2.5575	-4.2970	-9.4859
-7.3680	-6.2330	2.0008	1.8978	-4.6236	-6.9630
-7.9185	-5.6712	1.9850	1.9402	-5.7573	-6.0184
-8.5726	-5.1184	1.9238	1.9438	-4.0246	-8.0110
-6.7557	-5.0024	2.1432	1.9446	-3.9336	-7.5036
-6.9925	-4.3186	2.5408	2.1531	-4.7477	-7.4099
-7.7833	-4.4291	2.5792	2.4703	-5.3001	-7.5232
-6.7476	-5.0887	2.6315	2.5197	-3.7626	-8.5640
-7.9852	-4.8694	2.1358	2.6718	-4.5681	-7.6376
-8.2837	-5.2208	2.3333	2.2362	-4.4916	-7.3092
-7.0887	-5.3040	2.4647	2.5094	-5.1381	-6.9282
-9.7459	-3.6512	2.1208	2.4116	-6.0418	-7.2266
-8.7144	-4.0243	2.2403	2.3405	-4.2517	-7.1501
-8.3772	-6.4234	2.2958	2.3732	-3.8373	-8.0407
-8.5125	-4.5467	2.4031	2.6986	-4.8579	-10.7515
-5.7414	-3.2991	2.3529	2.1957	-5.3800	-6.1167
-7.9038	-5.3200	2.7021	2.4741	-4.9085	-8.1686
-7.3948	-5.0292	2.3064	2.0709	-5.0938	-7.5906
-8.0984	-3.8808	2.6117	2.7340	-6.7356	-7.5222
-7.7867	-4.9951	2.7320	2.5807	-4.2280	-7.2802
-7.0220	-5.3891	2.6566	2.1151	-3.7222	-6.1781
-8.2898	-6.0640	2.3732	2.3836	-5.2010	-7.0423
-8.0285	-5.2254	1.9642	2.0081	-5.0625	-8.0620
-8.0405	-5.3299	2.4755	2.5129	-5.5734	-9.0739
-6.7508	-4.1041	2.3391	2.1271	-6.9901	-7.8649
-8.6636	-5.9910	2.1235	2.2045	-4.6246	-9.4306
-7.7180	-4.9743	2.6295	2.8351	-4.9345	-6.9728
-8.0202	-5.1339	2.3630	2.0659	-5.5149	-7.6158
-9.9083	-4.7039	2.6390	2.4379	-4.0799	-10.3215
-6.8418	-3.4829	2.3855	2.2879	-5.6689	-8.5144
-7.2677	-5.2658	2.2302	2.4574	-4.6764	-8.5370
-6.6911	-6.2134	2.0212	2.1504	-5.1874	-10.0319
-6.8257	-3.6026	2.3310	2.5157	-6.1991	-9.1852
-7.3686	-4.8392	2.1613	2.4460	-5.0131	-7.9198
-7.8358	-5.4404	2.3459	2.1353	-4.5394	-6.0198
-7.7449	-5.3780	2.2225	2.4339	-5.2673	-7.0944
-7.9444	-5.5846	2.2933	2.2830	-5.1721	-9.9017
-8.9645	-4.8957	2.2327	1.9748	-4.0972	-8.5058
-5.8245	-6.0515	2.1376	2.4618	-4.5060	-7.0308
-6.2446	-5.2895	2.5803	2.5267	-5.4844	-6.4654
-6.9816	-4.1517	2.4429	2.5089	-5.4111	-7.9665
-8.1986	-4.8645	2.4500	2.2033	-4.6545	-8.3057
-6.4052	-5.5127	1.6785	2.1419	-3.6326	-7.2602
-9.0839	-5.5488	2.1145	2.5260	-4.4469	-9.3365
-7.0500	-4.3111	2.1866	2.3995	-5.7499	-8.0068
-8.8511	-4.4949	2.4560	1.9561	-4.2298	-8.0952
-7.1758	-5.3071	2.3541	2.5128	-3.4765	-7.0430
-10.5287	-5.5162	2.3597	2.4090	-4.8209	-9.0804
-7.7319	-5.9247	1.9918	1.9888	-4.4719	-5.6491
-9.7822	-3.3407	2.7838	2.3584	-5.2154	-9.4309
-7.0619	-4.1909	2.7548	2.5639	-4.7637	-8.4325
-5.1475	-4.3275	2.4080	2.4115	-5.4023	-6.7197
-5.8248	-4.0798	2.2632	2.3137	-5.8021	-8.2628
-6.9655	-5.9757	2.3364	2.1385	-3.9989	-7.8203
-8.0547	-3.1520	2.2548	2.2090	-6.1757	-6.9086
-8.6020	-5.6104	2.6356	2.7073	-4.6414	-5.7352
-6.9356	-4.7212	2.2701	1.8416	-3.6486	-7.8340
-7.2657	-4.0215	2.6018	2.5353	-4.6565	-9.4997
-7.1493	-4.9100	2.4847	2.0050	-5.3193	-8.1710
-6.6758	-4.8661	2.0065	2.2372	-4.8772	-9.0597
-8.6375	-4.5719	2.4597	2.4600	-6.0847	-8.2584
-9.8173	-4.7484	2.3813	2.1883	-4.4524	-8.5452
-9.0592	-5.1597	2.5631	2.5415	-4.8955	-8.5590
-9.0369	-4.1556	2.4020	1.9119	-6.1202	-8.0146
-7.5111	-5.5761	2.1808	2.1059	-3.7854	-7.6924
-9.4281	-5.6292	1.9896	2.1711	-5.4847	-8.3212
-7.2609	-5.2936	2.2134	2.0397	-5.0292	-8.8138
-10.0577	-5.9177	2.4385	2.2806	-4.2590	-6.7247
-6.6924	-5.1046	2.7021	2.1980	-5.5330	-7.5658
-9.5284	-6.1244	2.0391	2.2868	-3.8387	-8.8487
-5.7011	-3.4024	2.1808	1.9865	-5.2490	-6.8253
-8.5059	-5.3098	2.4590	2.3262	-5.2561	-8.9367
-8.4561	-4.6656	2.1144	2.5187	-4.9013	-10.1199
-10.2413	-5.3682	2.2235	2.5505	-4.0931	-7.6122
-8.8794	-5.1737	2.2943	2.2395	-4.2992	-8.3030
-7.1824	-5.6758	2.6471	2.5748	-4.7050	-8.4107
-8.6797	-6.1536	2.1996	2.4718	-4.4540	-6.4338
-8.8653	-5.6710	2.1443	2.3648	-4.0234	-8.0007
-8.3433	-5.0745	2.3733	2.3319	-4.3996	-6.7305
-7.7956	-5.0245	2.1349	2.1575	-5.0743	-9.6286
-6.8578	-4.4057	2.7900	2.2125	-4.2141	-5.7377
-7.5061	-4.6656	2.5274	2.4679	-5.5067	-6.4538
-9.4703	-6.4278	2.2858	2.5099	-4.2866	-8.7991
-10.0269	-4.8751	2.5456	2.3947	-2.9750	-7.5900
-6.2004	-5.0469	2.0236	2.4235	-4.9920	-8.2204
-6.5182	-4.2667	2.2694	2.0788	-5.1504	-7.1007
-7.3095	-5.5665	2.2382	2.1717	-4.7994	-5.7093
-6.6016	-4.7743	2.7352	2.3825	-6.5378	-8.3151
-9.3949	-6.0590	2.7315	2.6699	-4.8049	-9.2851
-6.5296	-5.8724	2.0626	2.5099	-5.5024	-7.0343
-7.6823	-3.4699	2.4843	2.7198	-6.0012	-10.9317
-10.4153	-4.6208	2.1768	2.1841	-5.4463	-8.8920
-8.4412	-4.6911	2.2847	2.2791	-3.4200	-8.3377
-8.2498	-5.1863	2.3229	2.3379	-5.7585	-7.9018
-7.4181	-4.6373	2.2904	2.2063	-5.2152	-8.1774
-7.6539	-6.1044	2.1510	2.2317	-3.7700	-7.2715
-7.4123	-4.8127	1.9977	2.1090	-5.5874	-8.1936
-8.8856	-4.4574	2.8225	2.4048	-5.2832	-8.2366
-7.9210	-5.9028	2.1428	2.4735	-4.0834	-7.8195
-6.7200	-4.5260	2.2757	2.0551	-6.4372	-9.6067
-8.6019	-3.9590	2.3518	2.2409	-5.2857	-6.0964
-7.3148	-4.5259	2.1617	2.5171	-4.9073	-7.8607
-8.0715	-5.8137	2.4556	2.0898	-5.1864	-6.5336
-8.0634	-5.7663	2.8667	2.3452	-4.3310	-8.0025
-7.1794	-6.5364	1.9903	2.3470	-4.3921	-8.1153
-8.9967	-5.0734	2.3512	2.1704	-4.4670	-6.0630
-6.3620	-4.0359	2.2284	2.4634	-5.2649	-10.8488
-7.7814	-3.8111	2.6071	2.1208	-5.6638	-9.3717
-6.6718	-3.9983	2.4345	2.5542	-5.2071	-7.8743
-8.8662	-4.5821	2.0356	2.3123	-4.7486	-8.6576
-8.3808	-4.7612	2.2572	2.0415	-5.5561	-7.6073
-7.9600	-6.2331	2.1155	2.6379	-4.2248	-5.9685
-7.8577	-6.2617	3.0237	2.5286	-5.2662	-7.4227
-8.9408	-4.0571	2.2336	2.1763	-6.2733	-8.5658
-8.1782	-5.8708	2.5228	1.9890	-4.0430	-8.0970
-8.0539	-6.0464	2.3135	1.7477	-5.1804	-7.9534
-8.9590	-5.6521	2.2856	2.0753	-4.3787	-8.4803
-6.6453	-4.5482	2.0884	2.2097	-4.6420	-7.2547
-7.9805	-4.9456	1.9075	1.9771	-4.3323	-6.8440
-5.8252	-5.0415	2.4750	2.5660	-4.4964	-7.5521
-7.3179	-5.1231	2.2570	2.3760	-7.4326	-8.3698
-8.0754	-5.4190	2.3014	2.4955	-4.5243	-7.8387
-9.2929	-4.2818	2.3761	2.1874	-3.9937	-6.9515
-9.2695	-5.1637	2.4745	2.4369	-4.1718	-5.6434
-6.6667	-4.6894	2.4900	2.3498	-5.4414	-7.6886
-7.6142	-3.5846	2.8793	2.4979	-5.9797	-7.3551
-8.1671	-4.1553	1.9361	2.2461	-3.7819	-9.2453
-7.4132	-5.4221	2.3396	2.5852	-4.3502	-7.4946
-8.4109	-4.5512	2.4643	2.4430	-3.9733	-7.3922
-8.7552	-4.1585	2.4490	2.6798	-5.6196	-9.3270
-9.0124	-4.6177	2.4038	2.0358	-4.9350	-8.8116
-7.9574	-4.6901	2.6253	2.3117	-4.7663	-8.2487
-6.7034	-4.2166	2.2838	2.5360	-5.7796	-7.3478
-7.6433	-4.5882	2.6081	2.0711	-7.6018	-6.8863
-8.7246	-3.5346	2.5654	2.6101	-4.4650	-8.4567
-8.5489	-4.0282	2.5241	2.7631	-3.7312	-5.4726
-6.9186	-6.3346	2.5296	2.5580	-4.7490	-6.7257
-9.1636	-4.4151	2.3402	2.5956	-3.7089	-7.4448
-8.0259	-6.1630	1.7843	2.0525	-4.8238	-7.9785
-6.6634	-4.6484	2.3730	2.3211	-5.2531	-10.5955
-7.5179	-4.8846	2.4853	2.3979	-6.2585	-7.8350
-10.4506	-4.0289	2.5114	2.7135	-5.2650	-8.0032
-7.2328	-5.1945	2.3067	1.9870	-4.5787	-7.0232
-8.6547	-6.0497	1.7940	1.9393	-3.4505	-7.6401
-7.9600	-5.3260	2.2785	2.1911	-5.1603	-7.4663
-7.4018	-3.9724	2.1805	2.4244	-4.9902	-9.7170
-6.8358	-4.4589	2.7217	2.4850	-4.1430	-8.1265
-8.0939	-5.5696	2.2251	2.3465	-4.7234	-7.4418
-7.8175	-5.5109	2.2541	2.1437	-4.3749	-7.6279
-7.4739	-3.9386	1.9923	2.5003	-5.0577	-7.4625
-8.2847	-5.0423	1.9500	1.9241	-4.9361	-8.6615
-9.7825	-6.8344	1.9031	2.2118	-5.3976	-6.2468
-6.9322	-5.8447	2.5601	2.2731	-4.9772	-8.4890
-7.5577	-3.9963	2.3435	1.8212	-5.9886	-7.9811
-7.2372	-4.3245	2.4935	2.4208	-6.4811	-7.6762
-7.4258	-5.7439	2.3221	2.4482	-4.9275	-7.2396
-9.5486	-5.9095	2.4421	2.2407	-4.5321	-10.1755
-6.9940	-4.4777	2.4220	2.3631	-3.4351	-7.3181
-6.7872	-4.1888	2.6976	2.5541	-5.6384	-8.5762
-6.3952	-3.5516	2.3395	2.2468	-5.5392	-8.0472
-8.4808	-4.8506	2.4815	2.1848	-5.5571	-8.5122
-9.0260	-4.9132	2.2167	2.0533	-3.9779	-6.8225
-9.0595	-5.5704	2.6842	2.5748	-5.0552	-8.3524
-8.7260	-5.6414	2.0470	2.4253	-4.1135	-6.6427
-7.3837	-4.0511	2.4854	2.1237	-4.9597	-9.4376
-8.1672	-4.5422	2.1801	2.3069	-4.0554	-8.4844
-7.2741	-4.1081	3.0868	2.8121	-5.5875	-8.1701
-9.1154	-5.3043	2.1562	2.3377	-4.7919	-7.8717
-6.9575	-5.9989	2.2413	2.1089	-5.1662	-8.8107
-8.7059	-5.2067	2.2110	1.9232	-5.6894	-8.1565
-10.3632	-4.5170	2.5022	2.4936	-5.1201	-6.9449
-8.9745	-5.0985	2.0103	2.0030	-5.3214	-9.6084
-9.5359	-6.0674	2.4774	2.4043	-5.6527	-8.1095
-7.4711	-4.6209	2.3049	2.4455	-4.8214	-8.5740
-9.0939	-4.7855	2.3774	2.2989	-4.0361	-8.1443
-8.4745	-5.1918	2.6011	2.2876	-4.2017	-8.8131
-8.2233	-4.4286	2.3408	2.2920	-4.0859	-8.0874
-7.6914	-3.9098	2.1510	2.7905	-5.2403	-6.7967
-10.4937	-5.2424	2.3572	2.6721	-3.7495	-8.6590
-8.8349	-4.7210	2.8008	2.1393	-4.5294	-7.8338
-6.4115	-5.0446	2.1053	2.3095	-4.6656	-7.1009
-7.4685	-4.8815	2.8086	2.8604	-4.1854	-8.1320
-7.8496	-4.4196	2.0692	2.3990	-6.1711	-8.7877
-9.8232	-4.3161	2.4281	2.1266	-6.3600	-8.7632
-8.1079	-4.7762	1.8258	2.1801	-4.3471	-8.8438
-8.9646	-5.3943	2.4280	2.6173	-5.4480	-10.0177
-10.7632	-4.8694	2.0617	2.2239	-4.9627	-7.6159
-8.3872	-5.6426	2.0967	2.4985	-4.7581	-8.8757
-8.7729	-3.3719	2.6067	2.2017	-5.4645	-9.3147
-7.7373	-5.1024	2.1045	2.5148	-5.8703	-8.7086
-7.7684	-6.2208	2.4670	2.3550	-4.7029	-7.8712
-8.8287	-4.1388	2.4086	2.4317	-3.8068	-7.4318
