-9.7411	-7.4715	-1.9818	2.8542	2.3180	-2.5771	-5.6030	-9.0498
-12.7998	-6.9897	-3.2678	2.3180	2.5888	-2.9693	-5.9068	-8.8167
-13.8206	-7.8245	-3.1310	2.6889	2.8114	-2.8211	-8.6724	-11.2800
-10.1574	-8.1438	-2.7847	2.9004	2.7928	-2.8408	-6.2926	-8.4610
-10.9012	-7.6216	-3.6054	2.3851	2.2088	-2.4936	-5.8079	-13.1199
-9.7297	-7.4043	-3.3016	2.3190	2.1617	-3.1681	-7.0548	-11.2945
-10.0135	-7.0109	-2.3620	3.1791	2.7280	-2.6923	-6.5606	-11.3946
-9.2240	-7.4861	-3.0706	1.8982	1.9421	-3.5742	-6.3968	-8.9249
-10.2804	-7.3278	-2.8350	2.4939	2.5971	-3.2050	-7.8186	-10.6218
-10.2519	-7.0104	-2.3125	2.6209	2.7710	-3.1483	-6.9033	-8.9365
-8.5583	-7.9142	-3.4828	2.3872	2.8018	-1.9913	-6.5180	-11.5764
-11.7795	-7.3221	-2.7733	2.5408	2.2769	-3.3888	-6.7507	-9.5044
-9.6842	-7.9085	-2.9803	2.2712	2.1932	-1.9569	-5.5819	-11.2959
-8.8127	-7.6394	-2.8058	2.4409	2.2619	-2.0464	-5.9635	-9.4209
-9.5639	-6.4447	-1.8529	2.8181	2.3740	-2.6916	-6.5351	-11.0168
-8.2597	-5.9968	-2.9189	2.6257	2.8807	-3.1804	-6.5378	-9.4877
-11.2101	-5.9943	-2.4285	2.5591	1.9774	-3.4421	-6.9647	-10.9032
-9.6885	-6.1410	-2.4885	1.9640	2.1169	-3.0403	-7.8607	-9.1899
-9.0372	-6.2639	-2.0845	2.7479	2.2458	-2.8195	-6.5011	-9.0637
-8.1619	-5.7713	-2.6690	1.8621	1.9035	-3.5627	-7.1534	-9.4483
-10.0531	-7.5727	-2.1265	2.6396	2.0066	-3.5477	-6.2619	-9.9402
-9.3801	-7.1492	-2.3686	3.0533	2.3739	-2.9611	-7.0689	-10.0024
-9.5810	-7.5515	-3.4499	2.3124	2.7022	-2.3708	-7.7555	-12.3795
-9.0613	-7.4486	-3.5876	2.1312	2.2610	-3.4463	-6.8915	-9.0237
-8.9922	-5.4057	-1.8282	2.8134	2.9539	-1.8068	-5.5703	-8.9262
-9.1191	-7.6631	-3.2374	2.1860	2.0988	-3.1901	-6.9989	-8.9796
-9.2209	-6.7217	-2.6606	2.6498	2.8987	-2.2186	-7.6841	-9.9027
-13.8440	-10.2017	-3.1152	2.1184	1.7536	-2.9641	-5.5428	-9.1003
-10.3221	-7.6470	-2.7277	2.5271	2.7444	-3.1187	-7.3455	-10.0714
-11.2703	-5.8418	-2.9684	2.1092	2.3828	-2.4572	-8.4288	-12.0702
-10.8008	-7.1799	-2.9420	1.8357	2.3705	-2.6285	-7.6776	-9.6405
-12.7126	-8.3951	-2.5603	3.1946	2.8287	-2.2297	-7.2280	-11.4025
-11.2083	-7.8048	-1.7832	3.0340	2.3339	-3.1236	-5.1461	-9.4877
-8.2207	-6.4438	-3.5294	2.1594	2.3004	-2.4824	-6.9693	-11.3885
-11.0274	-7.4254	-2.6798	2.2422	2.2238	-3.1957	-9.5472	-11.2344
-9.5633	-6.4887	-2.0599	2.6752	2.6901	-2.3208	-5.7781	-9.3195
-10.2761	-5.7642	-2.9634	2.0668	2.5099	-2.1876	-5.8615	-13.2349
-11.7833	-7.3576	-2.4389	2.5245	2.5839	-3.4622	-7.8546	-9.7221
-11.0151	-6.8987	-2.9179	2.7871	3.0869	-2.4898	-8.2684	-9.5039
-10.0370	-6.4282	-2.1574	1.8846	1.9577	-2.5209	-9.0415	-13.3194
-10.1197	-9.1375	-2.4841	2.5295	2.2354	-2.1914	-5.6090	-10.3320
-10.5216	-7.2677	-3.5246	2.2012	2.3479	-3.3908	-6.0193	-11.2418
-13.4514	-7.1585	-2.3916	3.0861	2.8914	-3.2057	-8.1820	-10.4968
-8.6875	-7.1746	-3.4074	2.9261	3.1343	-2.8814	-8.1518	-11.5378
-10.2711	-6.4525	-2.4358	2.3226	2.1467	-2.1985	-4.9346	-11.5578
-9.1472	-6.8145	-3.2447	2.3736	2.1929	-2.3499	-7.4110	-10.1729
-9.4256	-6.5391	-2.1419	2.3838	2.3564	-3.3652	-9.2550	-9.1369
-11.0613	-8.7241	-3.0501	2.4961	2.6080	-2.4599	-7.2572	-9.8601
-9.4030	-7.9416	-3.1286	2.7995	2.2001	-3.0702	-6.5895	-10.2640
-9.7146	-7.9830	-3.2557	2.4955	2.8975	-2.3821	-7.5350	-11.3093
-8.4668	-5.4431	-2.4204	2.1179	2.2015	-3.5208	-6.4587	-9.2124
-10.4777	-7.0065	-3.5990	2.9667	3.3185	-3.2368	-7.8015	-10.7824
-11.3499	-7.3724	-2.9865	2.1847	2.3255	-2.4886	-7.2092	-9.2501
-10.8916	-5.7460	-1.7918	2.5136	2.4942	-2.6537	-6.9049	-11.5778
-9.7158	-6.4177	-3.2535	2.1647	2.6713	-2.2418	-6.5692	-12.1985
-10.1136	-7.5301	-2.9581	2.7912	2.5579	-1.9688	-6.2084	-12.8933
-9.6849	-6.2166	-3.3681	1.6917	2.0263	-2.0024	-6.0156	-10.2673
-10.1549	-6.8764	-2.1376	2.4175	2.4459	-2.7215	-8.3619	-9.1458
-8.3715	-5.7440	-3.4229	2.1529	2.7222	-2.0772	-7.4253	-11.7931
-10.7796	-6.4895	-2.6458	2.6120	2.3474	-2.6521	-7.1166	-10.1422
-9.9072	-6.8979	-3.5026	2.3995	2.7349	-2.6522	-8.7440	-9.7928
-8.2324	-7.6136	-2.5370	2.7930	2.6146	-2.4389	-6.3286	-10.5405
-9.5378	-7.4021	-2.6988	2.7771	2.6372	-2.8567	-6.8540	-11.4145
-10.3655	-7.5750	-2.9254	2.2886	2.4673	-2.3367	-6.0009	-8.1365
-9.9417	-7.6314	-2.6942	2.5270	2.3194	-2.9910	-6.1752	-8.2828
-10.2163	-5.6846	-2.3719	2.6216	2.7011	-2.7803	-8.4827	-9.0386
-9.8252	-8.5525	-3.0215	2.4573	2.7772	-3.1086	-8.7331	-10.1561
-9.5266	-5.6709	-2.9385	2.3373	2.4687	-3.1259	-7.9811	-10.3636
-10.0198	-6.9507	-3.4850	2.3135	2.2587	-2.4503	-6.9462	-13.9318
-8.3756	-6.4540	-2.4955	2.0369	2.2758	-2.1899	-6.7937	-8.7294
-10.3262	-7.3373	-3.4339	2.6243	2.5520	-2.7055	-6.1458	-9.7706
-10.2677	-6.3652	-2.5239	2.2460	2.1566	-3.3940	-7.1817	-11.0394
-9.8250	-5.7339	-2.7760	2.2973	2.3644	-3.3994	-7.1235	-10.3133
-10.8760	-6.3894	-2.7343	2.7760	3.0292	-2.4197	-6.8267	-9.1540
-9.4819	-7.0316	-2.9913	2.6978	2.7707	-2.5801	-6.2404	-9.9035
-10.6086	-7.7357	-2.2569	2.6526	2.1645	-3.5155	-7.3595	-9.7464
-9.1418	-6.6027	-2.8308	2.6052	2.4387	-2.4849	-6.2884	-10.9918
-10.4585	-6.7098	-3.6755	2.2512	2.2151	-2.2618	-5.0308	-9.5439
-10.7066	-7.2256	-3.3327	2.1565	2.3906	-2.6405	-7.6987	-8.2995
-7.4465	-4.4279	-3.3149	2.4114	2.7514	-3.0263	-5.9406	-9.8513
-12.3552	-7.1206	-2.7565	2.3429	2.8044	-2.0621	-7.4561	-11.4363
-10.9532	-7.0843	-2.8529	2.1237	2.3067	-3.1438	-7.7909	-9.6893
-13.0842	-8.3659	-2.3899	2.1873	2.5278	-2.6113	-7.4386	-10.0286
-10.5791	-7.6075	-4.3568	1.5256	2.1236	-2.5064	-6.8736	-9.7858
-12.3315	-5.5892	-2.0014	1.7710	2.2843	-2.3627	-6.7636	-8.0200
-10.9747	-9.9926	-2.5328	2.5885	2.7080	-3.2609	-9.2836	-13.6273
-8.4205	-6.2638	-3.4214	2.8671	2.6575	-2.4956	-6.8533	-10.7662
-10.1060	-7.8966	-3.0408	2.1092	2.4115	-2.5856	-7.1110	-13.1275
-10.7469	-7.1734	-3.0895	2.5408	2.3239	-2.4579	-5.4141	-9.9340
-11.0797	-7.2264	-2.9385	2.5503	2.3147	-3.4444	-6.9036	-10.2414
-9.6898	-8.1706	-3.1916	2.3999	2.3365	-2.9055	-7.4415	-11.9306
-10.5999	-6.2112	-2.5875	3.0012	3.2820	-2.9708	-9.4540	-11.2207
-10.5750	-7.3613	-2.6612	2.6272	2.2659	-2.9653	-7.6738	-10.5543
-12.3529	-7.2691	-2.8990	2.4684	2.1550	-3.2205	-6.9992	-11.4058
-8.5747	-6.3085	-2.6983	2.8666	2.3360	-2.1119	-5.3546	-9.0664
-10.2030	-7.7765	-2.7143	2.6392	2.6953	-2.5229	-6.3232	-13.0096
-8.5022	-5.9364	-2.7061	2.1789	2.1441	-3.2490	-7.0159	-10.1887
-10.8166	-8.6373	-3.0642	2.9746	2.5030	-2.9949	-6.0339	-11.9326
-8.0334	-6.9777	-3.7426	2.5984	2.5993	-3.0687	-6.6433	-9.3722
-10.0007	-6.1585	-3.1593	2.5013	2.7097	-2.8803	-6.8380	-9.1109
-11.0240	-6.5863	-3.1009	1.8997	2.6599	-1.9631	-7.7982	-9.7359
-13.5620	-6.2365	-2.6819	2.8451	2.6722	-3.1253	-7.2298	-10.6548
-8.9564	-6.6573	-3.3547	2.0200	2.3122	-2.0216	-6.3862	-11.1567
-9.3713	-6.7667	-2.4520	2.6251	2.5320	-2.4342	-6.5403	-10.6816
-11.5112	-7.1495	-2.5868	3.3170	2.7980	-3.5367	-8.5456	-11.4885
-8.5688	-7.5351	-3.5275	2.3283	2.3734	-2.8389	-5.9993	-12.3505
-10.5445	-7.0302	-3.3725	2.0356	2.1884	-3.1236	-6.6195	-11.8233
-10.4922	-6.4365	-2.5801	2.4501	2.3432	-2.4540	-6.5967	-10.5518
-11.4200	-9.5440	-3.6649	2.2538	2.8733	-2.5872	-7.8010	-9.2313
-11.8936	-5.7451	-2.7927	2.6258	2.7841	-2.7906	-7.9360	-9.8815
-9.7802	-7.9608	-2.5520	3.0589	3.0594	-1.7707	-7.2894	-9.2015
-8.9066	-6.8117	-3.8880	2.4013	2.1347	-2.8127	-8.0652	-9.4932
-9.0590	-6.8130	-3.1369	2.5600	2.3612	-2.7931	-6.4837	-9.1855
-8.8988	-5.7990	-2.7505	2.3880	2.9634	-2.6715	-8.9962	-9.5507
-9.2383	-7.9306	-2.7035	2.8988	2.6381	-3.2761	-7.7887	-10.4882
-11.2819	-7.4270	-2.3095	1.9885	2.0185	-2.5690	-5.4805	-8.8403
-12.1575	-5.8390	-2.6290	2.1091	2.2122	-2.9167	-7.1648	-9.7743
-9.3812	-5.9344	-2.7600	2.3684	2.9659	-2.4047	-6.4433	-10.0180
-12.2773	-7.7508	-3.0072	2.1351	2.4083	-1.8199	-5.4832	-9.2503
-15.2251	-7.9971	-2.7282	2.8943	2.8401	-2.5064	-6.6773	-10.3643
-7.5917	-6.2241	-2.9943	2.3374	2.7751	-2.7972	-8.0835	-8.9404
-11.0869	-9.3934	-3.1323	2.4529	2.0929	-3.2797	-7.9631	-13.5332
-8.0533	-6.8027	-2.8888	2.3191	2.5377	-2.7964	-8.2119	-10.5015
-11.3856	-8.0974	-2.5773	2.6278	2.2770	-3.3747	-6.0941	-8.1158
-10.3516	-6.1099	-2.4794	2.4283	2.2953	-3.1568	-7.5586	-10.0352
-10.5897	-7.5783	-2.5606	2.2567	1.6782	-3.8191	-5.9343	-11.4281
-7.7469	-7.3504	-3.7707	3.0124	2.8459	-2.3021	-6.6568	-8.6771
-11.7011	-6.4591	-2.0634	2.1089	1.6913	-3.0344	-5.6726	-10.0314
-12.9656	-6.2765	-2.1624	2.5082	2.5939	-2.5759	-7.1946	-9.3804
-10.4286	-8.0209	-1.9396	3.0452	2.4885	-3.4571	-7.0554	-13.9523
-9.0590	-7.5718	-2.9004	2.8720	2.7044	-3.3015	-7.9388	-9.5953
-8.6439	-6.5024	-2.9087	2.5983	2.8881	-1.3663	-6.5952	-11.5908
-9.1247	-7.9802	-2.6170	2.7818	2.5641	-3.2695	-9.6744	-10.0739
-9.0138	-8.6990	-2.3471	2.7912	2.0602	-3.3730	-6.2468	-9.9977
-8.5956	-6.4806	-3.8033	1.9089	2.7244	-2.1154	-7.8684	-9.2092
-11.2625	-7.2611	-2.8743	2.4618	2.3948	-3.0695	-9.1608	-10.4382
-10.2008	-7.9646	-2.8853	2.0684	2.5214	-3.4425	-6.8198	-9.0549
-11.2322	-6.6248	-1.8486	2.9075	1.9389	-3.5041	-6.9264	-9.0033
-10.1519	-9.6913	-3.2599	2.9262	2.7017	-3.0905	-6.8944	-9.5485
-9.1870	-6.0086	-3.3078	1.9397	2.1288	-2.8572	-6.3698	-9.5693
-10.1574	-10.3203	-3.1657	2.3762	2.2632	-3.4595	-6.8212	-8.9365
-10.7918	-7.9259	-3.1921	2.9465	2.9144	-3.6440	-9.5029	-9.4774
-13.6514	-6.5594	-2.8577	2.1863	1.9983	-2.9199	-6.0685	-12.6529
-9.9271	-7.6369	-2.7174	2.0121	2.1904	-2.0615	-7.4274	-12.0196
-10.2952	-5.6867	-1.8113	2.5675	2.4269	-2.9419	-6.5773	-7.9694
-8.0595	-6.0840	-2.7553	2.4435	2.3790	-2.9495	-7.8514	-10.6351
-12.4139	-6.5722	-3.2404	2.2222	2.3488	-2.3602	-6.3230	-14.3168
-8.5172	-7.6642	-2.3479	2.7061	2.5913	-2.0837	-6.5013	-11.9515
-10.2750	-8.3931	-2.6683	2.9568	3.0393	-1.9776	-6.0218	-12.8115
-7.5834	-6.7206	-2.3192	2.9480	2.0673	-3.1680	-6.9312	-9.8354
-8.1569	-7.4086	-2.6165	2.4310	2.4848	-2.1917	-7.0157	-10.5507
-11.4256	-5.3445	-2.3377	1.9602	1.9874	-2.7183	-5.1234	-8.5849
-10.6861	-6.4326	-3.0618	2.3139	2.3971	-3.2668	-7.0755	-11.0051
-9.8093	-5.9467	-3.0577	2.4244	2.6176	-2.8697	-6.4070	-11.6125
-11.6808	-6.5185	-1.9872	2.2594	2.3663	-2.6342	-7.6315	-13.1291
-8.3159	-6.7990	-2.2914	2.6824	2.5210	-2.2949	-5.8616	-12.3398
-11.7409	-7.8904	-3.3215	2.2436	2.4403	-3.4431	-8.7827	-10.5881
-9.5003	-8.5611	-3.2461	2.1158	1.9355	-1.9966	-5.8389	-8.6898
-10.1777	-7.2874	-3.0802	2.4837	2.6186	-3.0836	-7.6734	-9.5984
-12.0563	-7.0155	-2.3091	2.6382	2.7827	-2.6775	-6.8799	-8.0780
-10.5188	-8.1014	-2.7684	2.1395	1.8522	-3.7944	-7.0910	-9.1253
-10.0665	-7.5989	-2.8089	3.0347	2.3967	-3.3722	-7.4417	-9.4274
-9.2410	-8.0214	-2.7609	2.7666	2.2209	-2.9953	-5.9489	-11.3992
-8.3763	-6.9233	-3.3793	2.1716	2.5771	-2.2407	-6.9328	-10.7399
-10.4752	-7.8063	-2.3252	2.9185	2.5695	-2.9315	-6.0621	-9.9157
-9.8598	-7.4813	-3.3603	2.5716	2.4249	-3.4109	-6.0234	-9.0478
-10.6889	-6.0963	-2.8366	2.1817	2.0858	-2.3893	-6.0154	-12.2402
-10.9226	-7.0121	-3.2951	2.6138	2.3949	-3.5708	-5.8779	-9.9779
-9.8379	-7.3286	-2.6897	2.5046	1.9294	-2.6203	-5.2895	-8.4816
-10.3188	-7.0070	-2.3767	2.3493	2.0864	-2.3403	-6.2473	-11.5403
-10.9256	-9.5937	-2.7400	2.3693	2.3189	-2.2933	-6.6592	-11.2188
-8.8506	-7.0725	-2.9818	2.3704	2.7450	-2.9897	-7.5231	-9.6049
-12.2953	-8.3124	-2.9931	1.9811	2.0802	-3.9892	-6.8616	-10.5767
-8.7508	-6.0707	-3.2202	2.7309	2.6408	-2.6718	-6.9698	-10.0945
-9.0285	-6.8961	-3.4159	2.3616	2.4687	-2.0762	-5.7796	-8.6019
-8.5924	-6.2860	-3.2763	2.1935	2.6206	-1.9578	-6.3847	-9.7145
-9.8990	-6.0328	-2.6634	2.2857	2.1912	-2.5239	-6.2348	-7.9827
-9.6850	-7.6188	-3.1449	2.8839	2.9389	-2.8922	-6.4659	-8.2185
-12.3300	-7.2429	-3.6425	2.1853	2.1667	-3.6769	-5.2067	-8.5783
-9.7989	-6.6396	-2.3042	2.5165	2.4616	-3.4733	-8.3350	-8.7832
-10.3297	-8.5092	-2.4156	2.7294	2.8798	-2.5839	-7.4164	-9.8202
-11.6598	-9.1589	-2.4160	2.8443	2.4140	-2.5994	-6.2658	-12.2114
-9.4552	-6.3314	-3.4245	2.0414	2.7653	-2.2360	-6.6245	-10.3946
-11.8267	-6.3064	-2.9928	2.3300	2.3528	-2.5358	-5.6767	-10.8484
-10.1676	-6.9822	-2.8456	2.6648	2.5583	-2.9836	-7.3284	-8.2697
-12.7431	-7.5978	-2.7687	2.9628	2.7581	-3.0199	-8.1118	-8.8788
-9.2012	-8.6751	-2.7841	2.6833	2.4365	-2.4652	-6.7221	-9.5685
-11.4041	-9.2114	-2.8116	3.0959	2.6635	-3.6414	-6.7025	-9.1081
-11.1051	-6.3344	-2.5996	2.3871	2.0442	-4.0261	-6.8920	-10.0639
-9.4758	-8.3804	-2.8093	3.2726	2.3888	-3.5951	-7.9049	-9.9332
-9.8864	-7.6463	-2.6509	2.5762	2.5050	-3.0613	-8.0688	-10.1265
-9.9780	-7.5256	-2.9204	2.5274	2.2323	-3.5441	-6.3131	-10.5293
-8.7290	-6.4634	-2.7551	2.0579	2.1408	-2.5432	-6.4619	-11.5400
-11.0887	-7.2701	-2.8596	2.8489	2.7020	-2.2543	-8.0544	-9.0427
-9.1341	-6.7219	-2.8812	1.8011	2.1560	-2.9475	-7.1365	-11.3830
-10.3489	-6.7541	-3.7098	2.2032	2.5725	-2.6855	-6.0192	-10.6125
-10.0445	-5.9708	-2.8496	2.3156	2.4641	-3.2245	-7.9673	-7.9460
-8.9013	-7.1042	-2.9889	2.4416	2.6108	-2.7917	-6.5004	-10.8438
-11.7259	-10.7909	-2.9767	2.7665	2.5691	-2.8321	-6.6493	-11.3555
-8.7831	-6.8006	-2.7525	2.1213	2.3960	-2.5660	-6.1240	-8.9814
-8.8931	-6.3256	-2.5170	2.5387	2.2629	-3.4032	-5.5971	-10.7889
-9.9725	-6.2488	-1.8983	2.0142	1.6440	-2.7621	-5.4321	-10.1550
-9.0440	-6.3735	-3.0128	2.4900	2.8525	-1.9892	-7.6453	-11.1052
-9.1030	-9.0126	-2.3602	2.6579	2.3649	-2.6816	-9.8003	-8.8342
-12.4969	-4.8765	-1.9811	2.4038	2.4568	-2.9875	-8.0686	-9.6317
-9.5513	-7.1930	-3.7055	2.7075	3.0083	-2.7183	-8.7971	-8.8124
-12.3096	-9.0832	-3.6914	2.4211	2.5399	-1.9381	-6.7760	-9.1722
-9.0943	-8.8909	-2.8388	2.5682	2.7199	-3.1323	-7.9224	-8.3672
-10.0897	-6.4648	-3.0384	2.1979	2.5648	-2.7751	-7.6748	-9.5172
-8.1697	-6.6328	-2.4851	2.6858	2.2368	-3.3033	-6.5298	-11.4938
-11.4042	-6.3296	-2.2360	2.1564	2.1864	-2.5760	-6.3946	-9.1614
-9.3674	-7.9125	-2.3718	2.4367	2.7732	-3.0045	-7.8558	-11.1933
-8.8001	-5.8354	-3.1361	1.9297	2.5581	-2.6975	-8.3988	-9.1916
-9.4012	-6.5515	-2.8648	2.4967	2.7291	-2.2143	-6.7887	-9.7996
-10.5412	-9.0319	-3.8636	2.4993	2.4719	-3.2448	-7.2533	-11.7331
-9.5657	-7.1126	-3.3196	2.3716	2.5845	-1.5937	-5.6723	-10.6147
-8.9146	-8.2218	-2.8950	2.2355	2.7001	-2.9754	-10.9153	-10.4399
-12.0208	-7.3210	-3.0250	2.2492	2.2620	-2.4035	-6.6067	-9.0179
-11.3210	-7.5299	-2.7911	2.4809	2.6506	-3.5817	-9.0967	-10.1602
-12.7415	-6.6031	-2.0962	2.8538	2.8884	-2.6509	-7.8422	-9.3780
-8.6179	-6.4399	-3.0412	2.0371	2.2320	-3.1472	-6.7791	-11.7178
-9.1593	-7.1260	-3.3183	2.4657	2.3781	-2.7163	-6.0320	-7.5276
-13.4812	-8.9920	-3.6448	2.3275	2.4969	-2.6976	-7.5518	-10.9158
-12.1466	-6.7058	-2.3598	2.5080	2.2292	-2.8866	-6.0726	-9.7261
-12.6741	-8.5148	-2.3956	3.0112	2.0511	-2.9850	-7.2050	-9.3866
-10.5157	-5.5965	-2.4610	2.5123	2.4779	-3.5677	-7.1951	-12.1349
-9.5718	-6.7729	-3.1730	2.7999	3.0938	-2.8254	-7.1272	-9.3000
-9.1556	-6.4329	-3.3034	2.0991	2.1171	-3.4262	-8.2867	-10.3224
-11.9381	-7.7697	-2.9744	2.3876	2.1579	-2.9590	-6.6895	-10.6874
-11.0569	-6.6118	-1.4855	2.8959	2.2748	-3.1862	-6.9122	-11.6306
-10.1512	-6.6075	-3.3711	2.0668	2.0791	-2.4839	-6.6187	-11.3073
-9.2959	-6.2848	-2.8380	2.2622	2.4745	-2.6646	-5.0282	-10.6693
-10.6385	-9.5345	-2.5706	2.5400	2.1445	-2.7825	-6.6828	-12.0844
-9.2100	-9.0733	-2.5218	2.7037	2.1285	-2.9105	-5.8828	-10.4696
-9.8880	-7.4254	-2.7990	2.4774	2.4273	-2.7529	-8.0113	-10.1301
-12.7005	-8.6677	-3.1807	2.1933	2.2524	-3.1610	-7.6861	-10.4779
-9.9367	-9.0378	-3.0701	2.3299	2.3224	-2.5563	-7.4764	-10.1610
-11.1671	-6.8241	-2.2302	2.9194	2.5745	-2.9495	-6.2298	-8.7784
-9.5854	-6.8471	-3.0232	2.2560	2.2932	-2.4986	-6.6568	-8.4266
-10.6957	-6.2488	-2.9712	2.3201	2.5449	-2.8290	-8.2861	-12.5390
-9.5464	-5.9248	-3.5475	1.9783	2.7946	-1.8395	-7.4762	-13.1520
-10.3485	-6.9032	-3.4229	2.4182	2.6009	-3.1864	-7.3443	-12.1112
-9.5529	-6.9281	-3.0301	2.2988	2.2865	-3.4758	-7.9565	-11.1883
-7.9325	-6.7314	-2.0589	2.1993	2.5825	-2.2827	-7.4748	-10.6814
-10.7529	-7.6786	-3.0802	2.3012	2.6814	-2.8245	-6.6158	-9.6323
-12.0398	-7.5401	-2.8309	2.8581	2.5624	-2.4231	-5.7303	-13.0621
-9.8211	-9.3945	-3.1508	3.0344	2.8338	-2.7346	-5.9989	-8.4743
-9.5632	-7.6652	-3.1880	2.2531	2.3427	-2.5805	-6.2722	-9.5160
-8.0178	-5.5578	-2.9586	2.5343	2.7599	-2.3702	-6.9947	-10.3817
-9.1071	-7.0660	-3.3687	2.6696	2.6114	-2.8831	-8.0670	-11.2849
-9.6075	-9.0320	-3.3311	2.4426	2.6262	-1.9625	-7.3238	-8.9029
-8.8204	-7.7685	-3.5898	2.7873	2.7355	-2.8103	-5.4090	-10.5371
-8.9722	-5.1548	-2.8508	2.5902	2.6460	-2.3761	-6.2876	-8.4581
-7.4566	-7.2274	-3.4243	2.4853	2.6471	-2.0440	-7.3494	-10.8330
-10.9896	-6.5699	-2.5028	2.3581	2.0189	-3.3297	-5.5864	-8.9834
-8.4501	-7.8101	-4.2240	2.0973	2.3488	-2.6179	-7.5746	-11.1043
-11.5817	-6.8870	-2.7302	2.8614	3.1342	-2.4773	-6.0647	-10.3760
-9.1156	-6.6197	-2.7017	2.2446	2.5400	-2.5866	-8.2915	-9.5902
-10.1490	-7.0259	-2.9939	2.4997	2.3459	-2.8499	-7.2159	-8.4812
-9.2777	-6.2952	-3.1063	2.8845	3.0319	-2.3327	-6.1262	-7.5283
-9.5247	-7.1309	-3.7887	2.1008	2.4743	-3.5581	-8.8950	-9.5256
-7.4784	-6.4264	-3.3434	2.0802	1.9859	-3.1084	-5.2749	-8.4449
-10.7140	-6.2824	-2.6464	2.3338	2.4652	-2.7145	-5.7924	-7.6407
-9.8513	-5.6754	-2.1016	2.9013	2.5222	-2.5741	-5.1599	-9.2761
-8.5271	-6.3382	-1.9086	2.6717	2.5570	-3.5556	-8.6004	-11.0719
-10.4257	-6.3934	-2.6420	2.3923	2.3324	-2.7518	-6.7950	-12.3005
-8.4818	-7.5951	-3.4270	2.4474	2.7711	-2.0174	-6.6603	-9.4644
-10.4218	-8.5355	-3.2869	2.4389	2.4220	-4.0313	-7.0457	-8.8230
-9.1240	-7.9326	-2.7059	2.2139	2.1808	-3.1328	-7.7728	-10.1063
-10.9549	-8.1248	-2.3661	2.7553	2.6205	-2.1619	-6.5894	-7.7472
-9.4394	-6.6968	-3.0066	2.4711	2.8104	-2.5726	-8.5871	-10.7715
-10.6676	-5.6804	-2.5823	2.1060	2.0257	-3.0215	-6.7034	-8.0710
-8.7397	-8.6496	-2.9673	2.7841	2.7182	-3.9893	-7.6374	-10.7944
-11.4453	-5.8197	-2.6638	2.6156	2.8779	-2.5684	-6.0347	-9.5635
-11.9152	-8.6161	-2.3575	2.8741	2.3939	-3.3024	-7.5264	-8.0461
-9.0967	-7.9577	-2.4573	2.7651	2.2687	-3.1972	-5.7423	-11.8522
-8.3168	-7.0270	-3.3542	1.9036	1.8254	-2.8599	-8.2128	-9.7464
-11.6793	-7.6986	-2.6015	2.5078	2.3581	-3.3672	-6.9152	-10.1997
-10.9432	-6.2681	-2.1725	2.7974	2.9677	-2.9209	-7.5089	-9.4357
-11.5927	-6.3723	-2.1301	2.3977	1.9783	-3.2222	-8.5996	-8.1760
-9.8584	-7.2705	-3.8653	2.7086	2.9895	-2.5750	-8.1936	-11.6823
-10.8098	-7.8677	-3.5341	1.9539	2.0026	-2.5265	-6.7260	-10.3000
-8.2188	-5.9786	-2.2974	2.1620	2.7740	-2.3523	-7.8673	-9.0671
-10.5224	-8.0091	-2.6896	2.3962	2.0182	-2.7484	-5.1118	-10.3788
-9.1563	-6.2257	-3.3984	2.5215	2.9940	-2.1040	-6.5789	-10.3603
-9.3510	-6.6135	-2.7857	2.1956	2.0733	-2.9545	-7.1723	-7.6483
-9.3511	-5.8423	-1.8612	2.8713	2.9797	-2.3691	-8.1056	-9.6186
-10.4270	-7.7805	-2.3670	2.5167	2.3629	-3.4084	-7.4617	-9.5148
-9.9000	-7.0712	-2.6586	2.6201	2.9546	-2.3433	-7.4907	-10.8935
-13.1534	-7.9455	-2.4813	2.6926	2.3295	-3.4981	-7.1921	-9.6128
-12.8761	-9.4293	-3.8364	2.3450	2.2118	-2.2995	-6.4491	-9.3841
-12.5642	-7.5547	-3.6697	2.0148	1.8194	-3.9007	-8.3287	-11.7608
-10.3394	-8.4056	-2.1869	2.9035	2.4843	-3.3344	-7.5792	-10.0521
-11.6750	-7.0004	-2.0569	2.7282	2.5957	-3.4967	-6.8442	-8.8371
-9.2107	-7.0269	-3.1555	1.9374	2.0618	-2.3832	-7.0168	-10.1268
-10.8102	-5.5367	-2.5362	2.3434	2.4933	-3.1978	-5.9558	-9.8855
-8.2469	-4.8928	-3.4559	1.5377	2.3030	-3.0256	-7.2347	-7.5868
-9.5352	-8.2254	-2.8582	2.0029	2.2380	-3.4167	-8.7042	-11.5554
-8.8847	-7.4416	-2.6142	2.9251	2.6336	-2.4661	-6.7118	-8.2381
-11.8548	-7.0881	-3.1158	2.0423	2.3422	-2.5400	-6.0917	-10.8733
-11.0036	-8.1403	-2.9613	2.2703	2.0172	-2.9038	-6.5035	-10.1940
-10.9398	-7.9927	-3.1207	1.9595	2.0785	-2.8292	-6.2601	-10.7796
-10.1596	-7.5608	-2.5063	3.0381	2.8776	-3.2492	-8.3632	-10.5473
-15.0133	-7.9939	-2.9065	2.4842	2.2074	-2.2270	-7.8571	-10.0150
-10.5550	-7.2897	-2.8106	2.2294	2.4060	-3.3073	-10.3819	-12.3724
-9.9921	-8.6511	-3.8123	1.8908	2.3649	-2.6408	-6.2512	-7.7861
-8.9785	-7.4336	-2.9031	2.4921	2.1068	-3.1240	-5.9598	-9.3006
-12.0728	-7.4340	-2.5145	2.2378	2.3211	-3.0130	-8.0201	-9.5974
-9.9617	-8.7817	-2.9155	2.5064	2.4069	-2.7746	-6.7157	-8.2200
-8.7788	-6.0805	-2.6356	2.7055	2.4806	-1.8557	-6.3153	-10.4499
-8.4276	-4.9477	-3.4798	2.1327	2.4420	-2.3349	-7.9023	-11.9355
-9.1564	-8.9846	-3.3249	2.3614	2.3959	-2.9581	-8.0212	-10.6656
-7.9958	-8.0152	-2.6188	2.3508	1.9100	-3.5007	-6.9314	-11.7629
-10.9870	-6.6195	-2.0614	2.6926	2.3415	-2.6841	-8.0840	-9.6969
-10.7487	-5.9002	-2.6099	2.5001	2.2557	-3.9514	-7.0262	-8.4356
-7.6990	-6.6346	-2.3694	2.1079	2.1586	-2.2865	-6.4122	-10.1287
-11.4216	-8.2649	-2.7333	2.2067	2.0178	-2.9032	-7.9639	-10.1787
-8.8246	-8.3209	-3.2928	2.3329	2.7423	-2.5453	-7.3827	-10.9911
-10.5862	-6.3322	-3.2319	2.2024	2.4671	-3.4606	-7.8325	-8.9900
-11.6268	-6.6982	-2.5251	2.7775	2.1852	-3.3717	-7.5256	-9.0570
-8.8545	-7.4556	-3.8185	2.2444	2.3975	-2.5423	-6.8387	-9.9961
-10.7242	-8.5439	-3.0029	2.2654	2.1517	-2.4997	-5.5203	-9.7513
-9.7825	-7.0812	-2.7216	2.7512	2.4418	-3.3919	-5.5489	-9.5284
-10.1364	-7.0139	-2.6241	2.8033	2.8718	-2.3728	-6.8576	-9.9409
-11.7593	-8.2932	-2.8746	3.2147	2.7851	-3.1487	-7.7106	-9.8206
-8.4404	-5.5069	-2.2392	2.5633	2.4038	-3.4398	-6.1777	-10.2821
-9.0811	-6.8060	-3.0606	2.4652	2.5834	-2.2293	-6.8461	-8.4648
-9.5324	-7.8923	-2.7816	2.7448	2.4791	-2.6662	-6.6238	-10.5854
-9.7287	-7.3306	-3.2569	2.2036	1.6090	-4.0002	-6.4067	-10.5860
-8.5819	-6.2670	-2.3982	2.7875	3.1627	-2.0639	-8.2460	-12.6734
-9.5288	-6.3720	-3.2086	2.2178	2.6167	-2.4219	-6.5757	-10.6766
-11.2991	-8.3391	-3.8479	2.2280	2.7621	-2.7666	-6.9866	-10.0639
-9.4319	-6.4070	-2.8412	2.1476	2.4199	-2.5081	-6.9317	-11.8798
-10.1287	-5.4680	-2.1512	2.8213	2.6570	-2.5260	-5.9801	-7.4379
-9.4693	-7.3506	-2.9207	2.2883	2.5393	-2.9917	-7.0418	-8.0711
-10.2730	-7.3324	-2.4310	2.2281	2.0054	-2.9507	-7.6706	-12.2622
-9.0542	-9.0830	-3.9841	2.1166	2.0991	-2.8892	-6.0315	-11.1210
-7.9772	-4.8457	-2.2985	2.2016	2.7395	-2.1180	-7.0081	-9.3667
-10.4408	-5.7466	-2.1270	1.9112	2.2243	-2.1892	-6.7446	-9.6269
-9.1028	-7.9936	-2.7998	2.4840	2.7940	-2.4409	-6.5322	-9.6863
-8.7135	-9.7008	-2.0717	3.0690	2.6628	-2.8650	-7.0423	-9.1806
-8.8297	-6.9987	-2.3219	2.4951	2.6140	-2.8509	-6.0349	-10.5848
-9.2521	-5.8268	-2.1448	2.8928	2.4125	-3.1666	-6.7584	-10.3074
-10.2085	-6.3552	-2.8301	2.4776	2.3990	-2.6449	-6.2245	-9.3561
-10.9296	-8.2072	-2.4287	2.5372	2.6304	-3.2086	-6.9611	-10.4330
-9.9596	-8.4070	-2.5189	2.6351	2.3181	-2.5239	-6.7876	-12.2347
-9.5218	-7.4682	-3.3981	2.0005	2.3320	-2.9897	-6.7892	-9.5314
-10.6373	-8.0308	-2.8674	2.3415	2.4239	-3.1054	-6.8801	-11.8468
-12.4884	-6.2803	-2.6322	2.0107	2.3480	-2.5344	-7.5653	-9.8238
-10.2833	-7.0712	-3.2195	2.4581	2.8937	-3.0685	-8.0946	-10.2421
-8.4115	-5.7128	-3.3084	3.0000	2.9900	-3.5742	-7.0695	-9.5235
-10.5365	-7.1932	-2.4580	2.3755	2.6707	-3.5621	-7.7912	-8.3568
-11.0386	-8.0897	-3.5116	2.0892	2.4425	-2.8404	-6.4031	-9.5260
-7.6741	-6.2279	-3.3614	2.1715	2.2597	-2.8860	-7.6402	-12.0004
-9.0847	-6.6191	-3.1731	2.1462	2.6016	-2.3614	-6.8595	-9.7435
-12.0369	-6.0244	-3.0726	2.4119	2.6529	-2.8179	-7.6373	-11.5153
-10.6813	-7.9541	-2.6873	2.2395	2.6187	-2.8531	-7.5584	-10.6503
-10.9516	-6.7765	-2.6170	2.3498	1.9863	-2.9974	-6.7815	-8.3473
-11.8561	-7.5140	-3.1991	2.3739	2.6343	-4.1738	-9.9553	-10.4473
-7.7441	-6.4606	-2.6128	2.4099	2.3860	-3.1588	-7.1951	-8.5867
-9.2283	-6.3373	-2.7000	2.6658	2.4050	-3.9642	-7.7272	-8.7963
-11.1344	-7.9680	-2.8516	2.4831	2.4159	-2.8406	-6.7210	-9.9561
-10.2475	-8.0170	-2.8381	2.5621	2.5642	-3.3965	-8.8492	-11.2172
-9.4357	-7.2732	-3.7264	2.5868	2.7707	-2.7567	-5.5286	-10.7067
-9.6927	-5.9107	-3.1322	2.5152	2.6089	-2.2130	-7.2992	-8.6329
-10.0932	-7.4708	-3.1298	2.2091	2.7318	-2.4022	-7.4602	-12.3589
-10.5912	-6.4007	-1.9856	2.5813	2.3555	-3.0346	-8.4658	-9.9920
-10.5747	-5.2856	-1.5185	2.7586	2.9757	-3.3639	-7.5781	-8.9406
-11.5224	-8.8686	-2.4599	2.5440	2.3601	-3.2288	-6.5389	-9.6728
-9.9798	-6.1409	-2.8518	2.7964	2.6787	-2.1496	-7.2909	-11.8324
-8.8388	-7.0223	-2.7878	2.5039	2.0857	-3.2982	-6.5306	-7.5920
-11.8948	-6.0439	-3.1295	2.5903	2.7956	-2.6484	-8.0210	-8.6372
-12.0981	-5.5709	-2.0212	2.5759	3.1561	-2.7464	-7.8556	-10.9625
-9.4979	-8.6776	-3.2208	2.8741	2.6368	-2.5342	-6.2421	-10.3677
-9.1388	-8.1821	-2.2225	2.5953	1.9511	-3.5936	-7.8598	-13.7236
-9.3444	-5.7627	-2.6617	2.6522	2.6471	-2.9307	-5.9321	-11.4179
-10.4740	-7.3931	-2.3362	3.0775	2.9469	-3.0105	-7.2274	-9.8533
-9.2031	-6.6676	-1.9685	2.3462	1.9470	-3.2708	-6.7997	-12.8033
-9.3132	-6.3268	-3.6493	2.3470	2.6346	-3.1294	-7.9605	-11.1495
-11.2321	-8.5592	-3.5808	2.4450	2.1446	-2.2665	-6.1140	-9.5828
-9.7333	-7.5606	-3.0992	2.4832	2.5469	-1.9549	-8.8759	-11.1879
-9.4731	-6.5904	-2.0638	3.0636	2.8765	-2.3975	-6.9156	-8.6844
-9.9721	-5.2144	-2.5705	2.3342	2.5080	-3.0236	-6.0584	-8.9113
-8.9057	-6.9205	-3.2594	2.8058	2.9278	-2.4147	-6.5275	-10.0232
-9.2856	-6.4912	-2.6704	2.8719	2.9535	-2.4368	-6.2747	-15.5396
-8.7851	-7.4937	-3.3879	2.3578	2.6980	-2.9156	-8.9560	-9.3859
-8.7695	-7.9379	-3.6095	2.0046	2.3912	-2.1191	-5.9919	-10.2987
-9.6638	-8.4282	-3.4356	2.1981	2.3823	-2.1708	-7.2945	-9.7829
-9.3079	-7.0513	-2.4689	2.4766	2.7052	-2.4876	-7.9485	-9.7125
-9.9840	-7.7248	-2.6708	2.5388	1.9981	-2.6413	-5.2172	-11.2598
-12.4205	-7.8836	-2.6144	2.6697	2.8510	-2.8990	-5.9311	-9.2104
-10.7374	-8.0445	-2.6855	2.3970	1.8237	-3.4657	-6.7537	-9.2297
-9.4056	-8.9385	-3.3167	2.5561	2.6961	-2.4529	-6.6998	-12.9686
-10.4870	-7.3774	-3.0856	3.0104	3.1999	-2.9697	-6.8311	-8.6073
-9.4905	-7.3662	-3.4046	2.1271	2.0780	-3.6849	-7.9809	-9.1530
-8.7284	-8.4714	-2.2737	2.1604	1.9718	-2.5762	-6.9787	-11.3691
-11.4144	-8.4964	-3.3035	2.5876	1.9416	-3.9140	-5.4610	-8.6903
-9.6200	-9.1584	-3.2549	2.3250	1.7693	-2.9213	-5.7324	-8.3141
-10.1753	-6.7747	-2.8187	2.6295	2.1991	-2.7158	-6.3942	-9.7628
-10.6331	-6.6662	-3.2612	2.6721	2.5754	-2.8667	-7.2391	-11.0199
-8.4797	-7.1300	-3.1998	2.9258	3.1449	-2.9453	-8.0440	-9.4056
-9.4342	-6.1373	-2.6323	2.4211	2.4666	-3.2445	-6.1182	-7.3720
-8.8367	-5.4364	-3.1111	2.1532	2.0990	-2.0287	-4.6115	-10.2971
-11.5331	-8.8635	-2.3781	2.9201	2.5207	-2.9484	-6.2430	-7.7571
-9.0134	-7.6144	-3.4435	2.2021	2.0884	-3.9813	-7.0262	-8.6171
-7.7459	-6.8542	-2.5725	2.7434	2.3329	-2.7832	-8.6770	-12.4358
-7.6419	-6.2616	-2.4251	2.7778	2.1798	-3.4699	-6.0700	-10.0898
-13.1492	-9.0312	-3.3413	2.4991	2.2199	-3.9157	-6.4232	-9.1201
-15.0852	-7.4878	-2.8103	2.7006	2.6655	-3.5750	-6.7292	-10.8353
-8.7675	-5.9451	-3.1160	2.5971	2.5734	-3.1706	-7.9699	-9.1924
-9.3752	-5.9319	-2.5756	2.5072	2.4985	-2.8026	-8.5730	-9.3381
-6.9336	-5.9718	-2.9135	2.7024	2.4790	-3.1589	-7.6964	-11.1369
-9.8222	-6.6830	-1.9000	2.4300	2.2327	-2.5399	-5.8240	-9.9121
-8.9740	-6.6662	-2.6629	2.3202	2.2114	-2.0607	-9.4062	-9.6073
-13.2521	-5.8931	-2.8961	2.5226	2.8963	-2.1888	-5.8434	-8.8867
-8.6347	-6.6815	-2.6915	2.4678	2.2761	-2.8235	-6.3485	-8.0208
-10.2442	-7.8556	-3.3322	1.9057	2.0788	-2.5956	-6.0525	-9.3970
-11.5959	-7.3500	-3.9456	2.9650	2.8688	-3.0045	-8.5620	-10.5590
-10.4706	-6.9075	-3.8409	2.6666	2.5408	-2.1388	-6.2508	-11.1649
-11.0772	-6.7814	-2.3548	3.0465	3.0625	-2.2226	-6.1002	-8.2981
-15.6617	-6.6649	-2.5545	2.2837	2.1457	-2.7268	-7.5853	-10.7306
-9.2251	-6.5495	-3.1018	2.1973	2.4565	-2.3299	-6.3365	-10.7931
-9.8162	-5.3512	-3.1257	2.6401	2.5198	-3.1949	-6.4883	-10.1382
-8.4047	-7.8170	-2.1214	2.8553	2.2759	-3.3297	-6.9096	-10.6892
-6.9539	-5.7781	-3.5018	2.4423	2.0940	-2.7158	-5.3143	-8.9530
-10.8859	-7.8270	-3.8101	2.8611	2.9518	-3.2362	-7.9848	-8.1048
-9.1929	-5.8496	-2.4357	2.6646	2.6453	-2.9108	-5.8758	-8.3229
-10.9886	-6.8178	-2.2980	2.5547	2.4098	-2.8393	-7.3847	-10.5136
-11.0503	-8.2134	-3.1114	2.8021	2.4610	-2.6985	-5.9533	-9.3375
-8.8340	-5.3144	-2.1185	2.4176	2.3763	-2.6737	-6.3226	-10.6345
-13.8678	-7.9126	-2.5116	2.7294	2.2878	-2.9385	-5.6636	-7.4560
-11.9202	-8.6483	-2.6996	2.4253	2.2413	-2.8800	-6.7291	-12.8360
-11.6697	-8.3014	-2.3412	2.7837	2.6744	-2.4470	-5.7569	-10.3088
-8.7894	-7.0502	-3.0867	2.2371	2.3995	-2.3549	-5.7526	-11.0241
-12.2998	-7.0146	-2.0833	2.0321	1.8821	-2.5823	-5.9898	-10.1916
-10.5744	-8.3725	-2.5502	2.8911	2.1517	-3.7757	-7.6821	-9.9020
-9.5409	-6.9698	-1.8130	2.5979	2.6797	-2.7649	-5.7370	-9.9968
-9.8349	-6.6467	-2.4386	2.4028	1.8307	-4.0966	-6.5773	-9.0460
-8.4564	-5.3694	-2.5647	2.2058	2.9227	-2.1119	-6.2361	-10.7049
-10.8626	-5.4392	-2.8024	1.7724	2.2815	-2.0107	-7.2393	-10.9062
-10.5734	-7.7930	-3.4363	2.8983	2.9327	-2.2802	-5.3899	-10.0376
-10.5549	-7.3022	-2.8831	2.7078	2.1144	-2.5542	-6.6393	-11.0594
-9.3956	-4.9515	-2.4854	2.5598	2.7439	-2.1828	-7.0972	-9.0425
-9.3033	-7.0292	-2.4494	2.5376	2.1246	-2.4797	-5.6609	-8.9644
-11.4285	-7.2825	-2.6868	2.3096	2.2198	-2.7394	-5.1881	-9.2943
-9.5824	-6.2390	-2.6549	2.6387	2.7683	-3.5018	-8.7093	-9.6984
-9.9867	-7.7506	-3.0204	2.9238	2.6127	-2.8657	-7.8990	-9.7988
-11.1554	-8.4121	-2.8440	2.1843	2.1740	-3.5892	-7.4707	-10.7525
-10.0114	-6.4168	-1.6795	3.1402	2.8585	-2.7504	-6.3510	-9.0095
-9.2161	-8.5954	-3.3536	2.7573	2.8278	-1.6503	-6.5555	-10.2961
-9.0875	-5.7463	-3.5236	2.1842	2.4387	-2.0062	-5.6535	-8.7732
-7.4290	-6.2667	-3.4907	2.2919	3.0532	-2.5139	-7.2187	-9.9716
-12.5138	-4.8687	-2.4775	2.5937	2.6452	-3.5428	-7.8975	-11.5277
-10.9299	-5.1961	-2.3593	2.2148	2.1580	-2.5325	-6.5490	-12.0477
-9.2461	-7.6982	-3.2613	2.0583	2.0308	-4.1271	-9.0373	-9.3843
-8.2141	-8.6102	-3.3830	2.3605	2.1781	-2.8853	-7.3905	-10.8311
-12.7208	-5.1869	-2.2069	1.8849	2.2756	-2.5514	-6.3517	-9.9278
-8.7638	-6.7015	-3.0606	2.1541	2.3844	-2.6375	-7.3581	-10.9479
-11.3001	-6.6447	-3.2095	1.8931	2.2224	-3.1154	-8.1263	-10.1693
-11.0052	-6.9011	-2.5431	2.9259	2.8805	-3.5605	-6.1587	-9.7945
-10.0784	-7.8834	-3.2291	2.1337	2.1543	-3.2979	-6.8765	-12.3010
-9.8826	-6.5356	-2.6559	3.0830	2.9600	-3.2182	-7.3350	-12.3676
-9.5995	-5.6340	-2.2812	2.2252	2.4708	-2.6398	-5.9808	-12.7402
-10.3933	-6.2055	-3.7221	2.4414	2.8195	-2.8076	-7.7450	-12.8024
-10.7174	-5.6002	-2.8728	1.6610	1.7752	-3.3998	-6.1159	-10.2631
-10.3920	-8.6870	-2.6380	2.2227	1.9181	-3.2127	-7.0086	-9.8216
-9.1783	-7.2951	-3.3912	2.2493	2.1917	-2.6559	-6.2238	-12.9571
-10.0932	-7.0966	-2.8166	2.8930	2.7187	-2.4483	-6.1904	-11.4964
-11.0775	-6.6422	-2.4716	2.6486	2.3528	-3.6464	-6.9255	-8.5209
-9.5900	-6.9270	-3.3150	2.5230	3.0951	-2.3765	-8.1914	-10.2594
-9.8134	-6.6191	-2.3408	2.5990	2.8763	-2.1731	-7.1372	-9.1977
-9.0544	-5.6737	-2.7070	2.9032	2.8941	-3.0530	-8.4157	-10.9830
-9.6422	-5.9054	-2.7813	2.4013	2.3817	-3.0388	-8.1097	-10.0868
-10.1763	-5.8438	-2.4009	1.7433	2.0318	-2.5278	-7.8331	-14.0754
-13.2209	-7.8632	-2.5436	2.5639	2.0878	-3.4590	-7.0225	-9.7819
-8.1380	-7.6278	-4.1291	2.2354	2.3712	-2.1305	-7.1221	-10.5254
-9.6288	-6.6848	-2.8873	2.0136	2.5194	-2.3135	-7.9342	-9.3520
-9.4081	-8.4981	-2.8344	2.5326	2.2588	-2.0434	-6.8116	-10.9973
-12.8701	-7.4543	-2.0256	2.4784	2.0038	-2.6801	-6.5201	-9.8467
-9.9561	-7.2474	-3.4468	2.4300	2.1056	-3.8872	-8.2224	-11.0673
-10.3953	-7.6066	-3.3569	2.4599	2.6832	-2.7340	-6.0555	-10.1169
-10.7232	-7.7851	-3.5416	2.2974	2.5503	-2.9721	-6.6033	-10.6944
-11.0268	-5.6630	-2.5085	2.1546	2.5605	-2.4102	-7.0175	-11.6991
-9.9174	-6.7071	-2.0739	1.9675	1.9125	-3.5779	-8.8443	-10.0703
-10.3369	-6.7675	-2.4335	2.7261	2.3260	-2.4733	-6.6364	-9.6684
-11.8801	-6.7434	-3.6200	2.0968	2.0688	-3.0499	-6.5050	-11.7479
-11.7356	-8.0685	-2.5467	2.7030	2.7247	-3.0826	-6.6060	-9.6772
-10.6523	-4.7789	-2.2002	2.4685	2.5125	-2.6720	-6.0899	-11.7900
-9.5866	-5.1650	-2.3863	2.6109	2.9074	-2.8222	-6.0370	-9.4253
-9.7633	-6.2481	-2.3212	2.8329	2.4342	-2.7842	-6.9623	-11.2070
-8.6048	-8.0531	-3.2412	2.6584	2.7664	-3.6622	-8.4247	-9.8655
-9.1974	-6.4215	-2.3555	2.5162	2.4564	-3.0019	-8.1229	-12.5428
-12.7599	-7.7920	-3.6000	2.3463	2.4471	-3.0978	-7.4835	-10.8983
-13.1551	-8.8685	-3.3306	2.0754	2.1683	-4.0757	-8.8566	-8.2430
-8.9152	-7.1060	-4.2918	2.2710	2.3384	-2.4096	-5.6824	-10.1052
-9.8781	-6.7966	-2.8120	1.9696	1.8263	-4.0198	-7.3797	-11.5206
-11.8172	-8.1574	-4.5204	2.1126	2.3152	-3.1330	-7.6408	-9.6671
-10.1940	-6.6386	-2.4115	2.3369	2.0009	-3.6781	-7.9835	-11.6463
-11.1151	-8.1077	-3.5901	2.6682	2.5581	-2.5175	-6.7692	-14.1984
-12.4346	-5.6552	-1.8774	2.4121	2.4579	-3.3353	-7.6331	-9.8044
-10.4355	-6.9037	-2.3747	2.6753	2.4618	-2.9943	-7.6877	-11.9944
-11.2002	-7.4199	-2.0658	2.9116	2.2773	-2.5907	-5.4316	-10.2270
-12.1054	-6.8185	-3.6903	1.8134	2.4282	-2.6371	-9.0127	-14.7639
-12.4894	-7.1919	-3.0113	2.1886	2.7886	-2.8275	-6.9906	-8.2636
-8.2394	-6.6262	-2.3022	2.7321	2.6610	-2.9141	-7.0650	-8.1051
-10.5777	-6.5671	-2.3685	2.8611	2.4297	-2.2507	-5.4253	-9.7258
-10.2550	-5.7969	-3.0399	2.6099	2.9109	-2.2787	-5.1501	-10.1248
-10.3508	-7.7214	-2.9652	2.6985	2.4694	-2.8207	-6.6160	-11.4735
-9.4210	-5.9459	-2.5870	2.2828	2.4446	-3.2139	-7.5181	-8.6407
-11.1147	-7.9787	-2.7470	2.2899	1.9922	-3.0158	-7.3898	-8.7345
-9.2035	-5.7783	-2.3296	2.3044	2.4381	-2.8455	-7.7466	-11.8597
-9.4890	-7.7290	-1.8353	2.4738	2.6241	-2.9621	-9.0237	-9.1907
-10.1063	-7.0836	-3.4425	2.2764	2.2108	-2.7049	-5.5419	-10.5032
-11.1403	-7.3910	-2.6934	2.5460	2.3306	-2.8442	-7.4637	-11.5576
-12.2688	-9.0209	-2.7695	2.3981	2.1674	-3.7935	-7.4582	-10.2980
-9.3936	-6.7530	-2.9314	2.7833	3.0973	-2.1427	-5.9361	-12.4226
-9.9413	-6.9122	-2.8795	2.1015	2.5692	-2.8133	-6.9152	-8.8573
-9.6429	-6.4943	-2.7992	2.5321	1.9458	-3.3899	-6.7166	-10.5573
-9.3712	-6.8170	-3.3909	2.1697	2.7999	-2.9784	-8.0035	-10.8086
-9.8558	-8.3685	-2.5501	2.4905	2.3303	-2.3597	-6.4251	-11.3283
-11.0516	-8.2600	-2.8388	2.6366	2.6332	-2.0703	-6.5589	-9.5433
-11.0416	-6.1615	-2.4826	2.0737	2.2590	-3.1227	-7.4601	-11.1855
-9.4412	-6.3811	-1.8386	2.4878	2.3086	-2.3209	-6.2720	-11.1150
-10.9218	-7.8791	-3.1613	1.9378	2.5391	-2.4154	-7.1965	-10.6716
-10.7579	-6.3551	-2.2699	2.8779	2.8383	-3.1953	-7.4475	-8.5687
-8.1131	-4.8958	-2.3769	2.1254	2.1991	-3.3782	-8.1660	-9.7299
-8.1537	-6.6267	-3.4795	2.1730	2.5436	-3.1375	-5.2194	-8.5813
-8.9386	-6.2207	-3.3633	2.5807	2.4943	-2.9570	-5.7536	-10.6746
-9.2820	-6.9661	-1.8946	2.5581	1.9821	-3.3758	-5.0161	-8.2323
-10.7888	-9.6630	-3.4249	3.1417	3.0605	-2.3471	-7.1309	-9.9955
-9.3622	-7.7926	-2.2339	2.3755	2.1850	-2.9433	-6.6916	-7.6532
-11.8424	-6.5654	-2.2855	2.4835	2.4684	-2.1375	-5.4447	-9.3593
-12.5853	-6.6611	-2.7295	2.2828	2.3699	-2.4258	-7.6531	-11.4721
-11.2114	-5.9852	-2.1896	2.5149	2.1095	-3.3945	-5.9020	-9.7139
-10.1183	-7.4614	-2.5680	2.7602	2.4746	-2.4351	-6.0897	-10.0430
-10.2990	-7.4906	-3.5862	2.8673	2.9504	-2.6151	-8.3922	-10.3246
-10.3133	-5.8844	-2.1624	2.5285	2.1068	-2.8362	-6.1600	-8.7140
-10.9942	-8.0595	-2.5095	2.1327	2.2031	-2.8358	-7.0596	-8.6703
-9.1395	-6.8408	-2.7018	2.4137	2.1901	-2.4315	-7.5020	-9.3888
-10.1512	-9.0755	-3.7208	2.4337	2.8231	-2.3285	-7.5588	-11.6334
-8.6832	-5.9147	-2.7563	2.1240	2.2644	-2.6847	-7.2233	-9.4618
-13.2144	-6.9219	-3.4435	2.4902	2.7350	-2.0901	-6.6469	-9.5153
-11.0058	-6.9357	-2.7317	2.6002	2.8419	-2.8076	-7.3611	-11.1380
-8.7797	-7.3378	-2.9241	1.8824	1.8282	-3.4058	-6.0118	-8.7455
-9.5617	-6.8293	-2.6677	2.2318	2.4169	-3.1102	-7.5737	-10.1057
-12.4869	-5.8920	-2.9182	2.4636	2.9772	-3.5267	-9.5153	-10.5545
-10.9316	-8.2994	-3.7391	2.6490	2.8537	-1.9962	-6.1135	-10.7604
-10.0994	-7.6110	-2.5497	2.4936	2.1381	-2.3436	-6.2922	-12.8157
-8.6526	-6.5153	-3.2754	2.2889	1.8795	-2.8566	-5.7382	-7.2883
-10.2080	-7.7741	-3.1022	1.9976	1.9313	-2.8430	-7.1142	-10.9751
-9.4182	-7.1156	-2.9589	2.3633	1.8707	-2.9228	-6.6662	-11.5674
-8.7308	-7.8524	-3.8445	2.0063	2.3693	-3.1126	-8.1388	-9.1530
-8.6109	-8.4641	-3.4083	2.5172	2.6607	-3.1793	-7.6995	-11.1195
-10.0042	-6.2105	-2.8859	1.9875	2.2080	-2.7011	-6.9523	-9.8302
-8.4782	-4.7027	-2.0496	2.4458	2.8107	-3.4908	-7.1927	-7.3059
-8.8437	-4.6397	-2.4151	2.3283	2.2089	-3.2005	-6.4760	-7.9998
-12.3099	-7.5195	-3.0381	2.9091	2.7605	-3.2608	-8.1039	-12.3009
-9.5093	-7.9557	-2.2578	2.9570	2.4907	-3.1963	-6.9007	-11.2630
-10.7585	-7.5486	-2.2922	2.7847	2.4110	-3.7044	-6.7187	-9.4820
-9.1026	-6.8117	-2.8604	2.1989	2.2923	-2.3423	-6.8929	-9.0829
-11.7953	-7.6050	-2.8000	2.5835	2.2794	-2.1050	-5.8199	-10.3694
-8.7429	-5.9006	-2.0091	2.5628	2.0868	-2.5928	-6.0591	-10.6206
-9.7723	-7.5144	-3.3179	2.3685	2.0981	-2.6134	-6.1083	-10.6623
-9.4254	-5.9253	-3.1329	2.0090	2.1419	-2.8965	-5.9479	-7.7887
-10.5357	-7.0633	-2.4004	3.1777	3.0708	-2.4001	-6.5584	-8.4832
-10.2439	-7.5618	-3.1069	2.3605	2.6560	-3.3189	-7.6137	-9.7995
-11.2854	-7.9143	-2.8551	2.9052	2.6967	-2.7098	-6.6891	-8.8752
-11.4138	-8.7894	-3.3125	2.3572	2.5225	-2.7438	-7.3058	-10.4695
-8.0541	-5.9976	-2.5906	1.9284	2.2346	-2.5936	-7.3332	-9.4108
-10.4453	-6.5713	-3.6616	2.5926	2.6872	-3.4299	-6.5142	-8.7087
-10.5151	-6.7550	-3.3392	2.4030	2.6772	-1.7131	-6.0314	-8.2694
-11.4103	-8.0111	-3.1084	2.3933	2.4130	-3.0184	-7.3652	-8.2768
-11.3320	-6.3954	-2.9548	2.4845	2.7262	-2.2564	-5.8042	-13.0031
-9.0794	-6.2075	-3.1565	2.2949	2.0944	-1.9103	-5.8141	-10.7590
-8.7202	-5.8875	-2.8318	2.1323	2.3076	-2.0629	-5.2303	-7.6191
-10.5931	-6.6712	-2.4141	2.5656	2.1659	-3.5533	-7.8685	-10.2080
-9.4254	-4.8218	-2.1439	2.2084	2.3682	-2.5637	-5.3306	-8.4836
-10.3729	-8.0192	-2.4670	2.3243	2.4886	-2.0115	-7.7266	-11.3155
-10.0426	-7.1060	-3.1031	2.8388	3.0780	-2.4358	-6.8427	-10.9092
-10.2221	-8.3254	-2.9082	2.5969	2.3601	-2.8013	-7.9390	-10.8534
-9.7118	-5.9068	-3.6503	2.0808	2.5925	-2.7346	-8.2395	-9.7830
-8.1115	-5.8524	-3.5527	2.2180	2.4374	-3.7845	-9.6672	-11.6679
-11.7354	-6.8553	-2.8843	2.2646	2.3216	-2.2561	-5.2729	-7.5534
-9.1700	-7.8278	-3.1269	2.2504	1.9036	-3.3121	-8.8613	-8.6133
-10.4852	-6.2644	-3.2517	1.8329	2.3430	-2.0152	-6.5956	-9.0318
-10.5828	-6.0205	-2.8399	2.4907	2.1642	-3.3975	-5.6707	-8.9143
-10.7281	-5.7890	-2.5978	2.3349	2.3875	-3.6701	-6.9526	-9.7360
-10.5347	-8.2874	-3.2221	2.6264	2.4944	-2.9594	-9.0817	-8.9237
-8.1313	-7.0754	-3.6633	2.2915	2.3388	-3.5155	-8.8794	-9.7557
-8.3401	-7.4655	-3.7221	2.4109	2.0804	-3.0302	-5.1868	-9.0926
-9.5530	-7.3552	-2.7426	2.8631	2.4439	-4.0061	-5.9284	-11.5470
-9.8964	-8.9331	-2.8039	2.8793	2.5302	-2.6629	-6.5206	-11.2809
-10.9945	-7.2488	-2.5420	2.9328	2.7348	-2.8197	-5.3602	-10.7952
-9.3765	-7.3926	-3.1969	1.7042	2.1533	-2.7998	-6.8025	-9.1105
-10.6832	-6.6045	-3.2833	2.4855	2.3786	-3.0100	-6.2868	-11.4882
-11.1231	-8.2528	-2.5843	2.1187	1.8708	-3.6974	-6.2294	-9.6632
-10.1316	-7.0159	-1.8899	2.5771	2.6949	-1.8812	-8.4704	-7.9498
-9.5251	-8.5215	-2.1352	3.0389	2.5250	-2.6338	-7.9849	-10.9411
-10.1095	-7.1884	-3.5326	2.4544	2.5317	-2.0984	-6.1060	-11.1019
-10.5784	-6.7311	-3.2827	2.8459	2.9518	-3.0924	-9.1758	-11.8571
-8.6550	-5.7099	-2.0748	2.7434	2.5839	-3.5171	-6.8162	-10.5263
-9.8937	-5.8757	-2.2706	1.9519	1.4960	-3.0708	-7.2132	-12.0610
-11.2540	-7.1531	-2.6673	2.7732	2.7541	-3.0200	-6.3325	-11.8140
-9.5646	-7.0282	-3.3892	2.2704	2.6878	-3.3440	-7.4107	-9.9571
-10.1511	-6.2157	-2.9487	2.5741	2.8598	-2.8291	-8.3454	-10.2285
-12.0895	-9.9613	-3.7052	2.3849	2.2394	-3.2546	-7.9906	-10.8296
-10.0981	-5.3436	-2.8236	2.5217	2.1407	-3.8887	-8.5028	-11.1474
-9.8589	-5.7913	-1.9628	2.5709	2.7603	-2.4908	-7.7264	-10.4095
-8.5697	-7.2074	-3.1018	2.4520	2.2582	-3.4472	-7.3525	-11.3729
-10.5397	-9.1250	-2.7926	2.5172	2.0225	-2.6293	-5.0721	-8.0231
-10.2793	-7.5404	-2.6323	2.4413	1.8881	-3.4777	-6.2753	-7.2391
-8.3510	-6.5910	-3.2966	2.0275	2.1528	-3.0276	-8.6392	-8.7138
-12.1671	-6.2876	-2.5811	2.1398	2.2933	-2.1133	-5.6672	-9.1192
-10.5800	-6.8598	-3.1562	1.9854	2.4901	-2.9099	-7.5861	-12.8671
-9.9265	-7.7630	-2.8897	2.0129	2.1979	-3.5087	-6.8805	-8.2622
-10.8884	-7.3034	-3.3435	2.3573	2.5163	-3.1957	-9.3416	-11.2533
-9.1363	-9.1907	-3.3519	2.7059	2.5204	-2.5792	-6.8939	-8.9014
-9.0427	-7.0963	-3.3547	2.1521	1.8430	-3.4702	-6.6045	-8.2200
-10.7752	-7.0715	-2.2186	2.5859	2.4971	-3.7751	-7.6891	-8.3726
-8.4279	-6.6934	-3.0114	2.6554	2.7887	-2.0524	-7.1356	-8.9025
-9.1636	-8.1619	-3.3550	2.1788	2.0198	-3.2597	-6.9186	-8.6917
-11.8481	-6.9131	-2.8968	2.7529	2.6326	-3.3215	-6.2582	-9.0519
-7.6366	-7.6878	-2.0890	2.7112	2.6965	-2.9646	-8.8978	-10.0711
-11.5483	-8.1358	-3.3369	2.3971	2.8248	-2.4192	-8.4232	-9.8852
-12.4150	-6.9906	-2.7405	2.2551	2.2154	-2.4242	-5.7343	-10.2322
-10.7471	-7.1204	-2.4878	2.2572	2.2438	-3.9182	-8.8323	-10.1495
-10.1893	-7.3898	-2.8184	2.6065	2.6835	-2.7132	-7.5278	-12.4555
-10.4919	-7.9698	-2.7141	2.4216	1.9797	-2.5969	-5.2506	-8.6445
-8.5384	-7.9537	-2.2574	2.5611	2.5746	-2.7311	-7.7202	-10.2699
-9.9695	-6.2727	-3.1985	2.0733	2.4180	-2.2783	-7.8073	-9.6605
-10.0138	-7.3752	-3.1920	1.7415	1.9409	-3.1573	-8.0463	-9.7938
-8.7290	-6.7921	-2.8865	2.7801	2.4483	-3.5566	-6.7172	-8.6345
-8.6149	-5.6098	-2.5037	2.8714	2.5007	-2.8705	-6.7185	-7.9405
-12.7166	-6.4696	-2.6913	1.9733	2.1687	-3.7067	-10.1292	-11.0388
-9.8055	-7.6894	-3.1553	1.8736	2.2555	-3.2161	-7.5044	-9.6421
-8.0939	-6.6758	-3.5702	2.2884	2.4789	-2.2171	-6.2018	-13.3461
-12.4418	-7.8254	-2.0284	2.7085	2.3968	-3.4020	-7.6574	-11.2362
-10.7099	-6.0713	-3.7301	1.4925	1.8729	-3.0481	-7.5263	-9.2254
-8.4773	-7.5243	-2.4796	2.7277	2.6206	-2.9967	-8.0879	-9.2889
-10.5368	-7.0943	-3.0677	2.3998	2.5483	-2.7123	-6.3329	-10.5555
-7.1518	-5.7986	-1.9119	2.4273	2.5287	-2.4619	-7.2276	-11.1498
-8.6840	-9.4023	-3.5644	2.4145	2.3612	-3.5119	-7.6353	-9.5186
-10.2396	-7.2343	-3.4993	2.6819	3.3051	-2.0935	-7.2888	-8.6401
-9.5775	-6.5960	-2.9745	2.6831	2.7738	-2.4357	-5.0833	-8.6428
-11.3696	-8.4333	-3.3218	2.5031	2.4613	-3.0635	-7.2264	-8.1175
-8.7313	-6.2649	-2.9622	2.4806	2.3886	-3.1405	-6.7691	-10.4573
-11.4283	-5.0316	-2.6263	2.3099	1.8608	-2.8934	-5.8805	-9.7416
-9.8948	-7.2272	-3.5027	1.8113	2.2373	-3.1421	-6.5541	-9.1715
-8.9257	-7.7476	-2.7968	2.4565	2.4489	-2.7680	-7.4917	-9.3420
-10.7856	-7.4552	-2.9966	2.8443	2.3550	-2.5674	-5.9916	-11.1044
-9.7937	-7.6519	-2.2117	2.7874	2.8237	-2.8560	-6.9593	-10.1180
-8.7692	-5.6942	-3.0294	2.5871	2.7766	-2.5647	-6.8662	-9.9044
-11.2685	-5.9266	-2.5180	2.2470	2.6294	-2.6408	-7.0329	-9.0240
-9.3273	-7.3238	-3.0533	2.7701	2.6450	-3.6441	-8.4744	-8.2035
-9.2320	-6.7739	-2.7508	2.4891	2.3353	-2.3631	-5.0644	-9.2273
-12.6636	-6.6746	-2.1169	2.5631	2.3549	-2.3161	-4.8892	-9.0073
-9.8994	-8.2261	-2.0538	3.2938	2.4199	-3.7045	-7.5100	-8.9839
-10.9206	-7.6501	-2.1030	2.7423	2.7926	-3.0654	-7.5413	-9.5343
-11.9489	-6.2799	-2.4549	2.4566	2.9549	-2.2844	-6.5689	-10.0542
-9.6309	-7.2744	-2.9925	2.6830	3.1375	-2.5661	-10.2170	-12.4193
-10.8332	-7.9954	-2.8851	2.2716	2.6370	-2.3146	-7.7705	-9.0493
-12.2890	-6.3413	-2.1949	1.8283	1.7015	-2.9311	-7.0305	-8.7559
-11.7845	-7.4078	-3.3083	2.3777	2.2150	-3.0409	-11.6772	-11.3875
-10.2551	-7.9575	-3.9789	2.2476	2.3377	-2.5942	-6.3218	-11.2992
-11.6173	-6.5394	-3.2120	2.2835	2.6610	-2.7388	-7.0217	-10.0464
-11.1550	-5.6229	-3.1458	2.5315	2.8170	-2.8754	-7.3230	-8.4077
-8.2884	-7.2342	-2.6470	2.7727	1.9793	-3.2493	-6.4638	-10.3546
-9.2136	-6.8479	-2.1253	2.6365	2.8045	-3.0791	-6.8924	-9.5904
-8.1540	-7.5792	-3.1929	2.5782	2.8650	-2.2737	-6.9496	-10.4816
-9.5956	-7.5763	-3.2477	2.4217	2.5115	-2.9175	-6.3467	-7.8161
-8.8008	-6.1162	-3.3690	2.3876	2.8753	-2.0233	-5.7956	-9.9004
-9.1731	-6.7894	-2.4024	2.5385	2.4632	-2.9079	-9.3477	-9.1807
-11.8209	-6.9457	-3.4866	2.8125	2.5842	-3.0689	-7.1771	-9.7812
-9.4417	-7.0534	-2.4204	2.4622	2.6645	-1.8356	-5.6836	-7.5370
-8.6578	-6.8575	-1.5551	2.9616	2.0887	-3.6094	-7.1913	-7.2640
-11.1370	-6.9154	-2.2043	2.3796	2.5253	-2.7209	-8.5188	-8.0811
-9.8893	-5.3617	-2.3003	2.2386	2.5281	-2.8822	-6.1325	-7.7489
-10.2143	-8.0943	-2.3919	2.7272	2.5927	-2.4358	-7.3436	-10.2568
-8.9221	-4.6626	-2.9328	1.6687	2.0399	-3.5412	-7.2779	-9.0741
-11.0484	-6.5775	-2.7644	2.4748	2.4787	-2.9726	-8.4645	-8.3860
-8.9757	-10.3773	-2.6265	2.9417	2.4880	-2.7560	-5.5798	-9.8162
-10.3827	-7.8452	-3.0100	3.0544	2.9788	-2.7480	-7.3220	-8.6058
-9.9338	-6.2861	-1.9223	2.7365	2.3952	-3.1430	-7.0246	-9.3365
-10.1827	-7.0533	-3.0670	2.4680	2.6111	-2.8479	-6.9625	-8.2915
-12.5691	-7.8107	-3.3391	2.2341	2.3371	-3.5472	-6.1015	-9.3641
-10.8038	-7.8248	-2.6482	2.3527	2.2809	-3.4182	-8.2414	-10.2125
-7.0300	-6.8569	-3.1005	2.8063	2.9369	-2.5100	-6.5029	-11.6447
-9.5586	-7.5511	-3.1416	2.5498	2.3195	-2.8043	-6.9062	-8.7454
-10.1088	-6.5565	-3.6372	2.0142	2.7075	-2.4841	-7.4333	-10.3537
-11.3820	-7.6224	-3.0039	1.8854	1.7146	-3.1526	-6.7936	-8.8556
-9.3785	-8.6451	-2.1631	2.8331	2.0973	-3.6767	-6.4565	-10.0051
-9.8585	-6.2510	-2.5851	2.6639	2.5850	-2.1193	-5.8142	-7.7394
-9.0115	-5.0149	-2.2020	2.6754	2.7212	-3.3595	-9.7555	-10.2170
-9.7994	-6.7438	-1.9645	2.7314	2.5032	-3.1118	-7.7465	-9.7951
-9.7555	-5.4379	-2.3741	2.3950	2.3580	-2.7928	-6.9297	-8.6601
-10.0681	-7.2651	-2.4386	2.8037	2.8544	-2.5568	-7.0508	-12.4267
-9.3465	-6.4190	-2.1351	2.4347	2.6239	-3.2986	-8.4069	-11.1526
-12.5177	-8.1156	-2.7017	2.7346	2.2155	-3.2135	-6.4783	-12.0447
-9.7578	-6.6537	-2.4584	2.3135	1.7526	-3.1825	-5.1434	-10.3948
-11.3760	-8.0376	-2.9910	2.3238	2.5459	-2.1721	-6.5155	-9.6228
-11.3130	-6.8680	-3.1874	2.6121	2.6762	-2.9602	-8.3469	-11.3850
-9.6884	-4.6290	-2.4078	1.9845	2.1217	-3.3398	-6.2235	-10.3948
-10.6343	-6.8697	-3.3956	1.5864	2.1929	-2.6028	-5.9007	-9.6909
-8.6439	-5.4159	-2.1873	2.1257	2.4697	-2.2785	-6.4805	-9.6295
-10.0706	-5.3475	-2.5196	2.2954	2.4648	-2.9467	-7.6127	-11.9615
-10.5576	-7.0180	-3.1555	2.2394	2.6225	-3.0971	-8.7047	-9.6187
-9.8535	-6.9146	-2.3471	2.7480	2.4860	-3.0286	-7.5345	-7.5546
-8.4876	-5.3221	-2.2914	2.2162	2.3698	-2.6830	-6.0754	-9.5216
-8.1793	-6.5893	-3.2401	2.5472	2.3093	-3.9726	-9.0187	-10.0557
-10.7992	-7.8528	-3.6271	2.4779	2.5255	-3.0539	-8.5944	-9.8434
-10.1219	-8.1759	-2.5742	2.5832	2.2160	-4.0910	-9.2558	-12.3473
-10.0516	-7.9403	-3.0115	2.1329	1.7283	-3.7647	-8.5655	-9.2736
-12.2798	-7.3632	-3.2166	2.2835	2.3933	-2.3678	-6.8169	-9.3374
-9.4720	-6.1287	-2.5778	2.1537	2.8405	-1.7238	-6.4653	-10.2045
-8.9319	-7.0338	-3.4819	2.3597	2.7253	-2.2834	-7.5606	-11.0907
-10.4103	-7.3552	-3.7531	2.5389	2.8252	-2.8171	-6.1110	-9.9085
-11.0854	-7.1604	-2.2810	2.5135	2.7244	-2.5345	-7.0806	-11.2672
-12.1075	-6.7970	-1.8171	2.9836	2.9125	-2.9687	-10.4209	-9.0629
-9.5012	-6.5509	-2.6536	2.5733	2.2524	-2.2180	-7.0685	-9.1500
-11.8617	-7.8551	-3.5674	2.1690	2.6747	-2.7628	-7.4504	-11.8800
-8.8820	-6.5915	-3.5832	2.0532	2.1127	-2.6446	-5.7380	-8.9367
-10.5940	-6.2529	-3.0629	2.2619	2.2789	-2.2274	-6.0156	-8.8307
-11.0593	-6.9521	-2.3171	1.8537	1.7895	-3.1658	-8.1429	-10.2487
-9.6258	-5.9783	-2.3812	2.1368	2.0829	-2.3778	-6.1558	-8.3139
-8.3665	-6.6397	-3.5469	2.7111	2.8364	-3.5767	-7.4391	-13.0496
-10.9696	-5.9234	-2.1521	1.9371	1.8177	-2.7397	-5.9588	-8.4639
-8.6360	-7.1476	-2.8922	2.7310	3.1406	-2.2533	-7.3866	-10.5583
-9.8814	-6.7421	-3.0579	2.1565	2.0112	-2.0015	-6.4830	-10.4189
-9.2460	-8.0903	-2.6765	2.6612	2.5264	-3.8183	-8.2724	-9.7576
-11.3690	-7.2128	-2.1919	2.6338	2.4110	-2.6657	-5.9390	-11.2256
-11.6544	-6.6821	-2.3915	2.5323	1.9315	-3.6399	-6.7408	-7.5383
-12.2534	-7.0091	-2.5094	2.0510	2.6259	-2.5630	-7.9336	-10.3766
-8.2827	-6.8415	-2.6030	2.4176	2.4214	-2.2885	-6.2567	-10.8608
-12.0137	-7.8659	-3.2775	1.9791	2.3176	-2.7293	-6.7589	-8.8614
-9.2767	-7.5740	-2.5659	2.7941	2.4420	-3.2608	-6.0612	-9.9231
-10.7751	-7.8958	-2.6326	2.1419	2.3309	-2.9036	-7.5294	-10.3984
-9.2109	-8.2331	-3.1168	2.6461	2.6173	-3.2861	-7.6396	-9.9226
-8.2058	-7.7417	-3.5970	2.5642	2.5592	-2.9354	-7.8763	-10.9002
-10.0960	-7.1807	-3.6071	2.0261	2.4742	-2.5444	-8.9617	-11.2391
-8.3361	-4.9455	-1.9570	2.2458	2.1510	-3.1797	-10.7907	-10.5144
-11.0116	-8.0522	-3.8814	2.0510	2.2841	-3.2212	-8.3864	-9.9497
-8.6859	-6.9508	-2.8169	2.1500	1.8316	-3.0173	-6.4301	-9.3888
-10.9449	-5.8511	-2.9937	2.6761	2.5919	-2.4180	-6.3565	-9.2535
-9.8793	-5.7998	-3.1033	2.4827	2.6614	-2.0162	-7.7718	-10.6934
-12.5062	-7.6390	-2.1031	2.7646	2.0408	-3.8024	-8.8178	-7.7031
-9.3693	-6.8480	-3.4586	2.3606	2.3140	-2.8758	-6.5941	-11.0684
-9.3421	-7.7564	-2.5426	2.2873	2.2465	-3.1386	-6.9211	-9.9763
-8.8788	-6.9259	-3.0695	2.9422	3.5119	-2.5774	-8.2584	-11.8044
-11.3851	-7.4893	-3.2725	2.5294	2.5792	-4.1406	-9.8846	-12.0589
-9.0135	-6.1364	-2.9549	2.2388	2.4286	-2.8726	-6.4113	-12.9279
-13.1740	-6.2675	-3.2041	2.1714	2.5199	-1.9586	-6.2758	-9.7902
-10.5143	-7.6887	-2.8143	2.8828	2.2142	-3.2023	-7.2887	-9.3487
-10.4931	-4.4785	-1.8430	2.2940	2.2394	-2.0236	-4.4506	-10.1905
-10.4770	-6.5487	-2.6544	2.4777	2.6381	-2.9471	-7.1467	-12.8078
-10.6491	-7.7520	-2.5619	2.4877	2.8011	-2.9029	-7.5895	-12.1369
-10.4308	-7.9768	-2.1201	2.6278	2.4212	-2.8629	-7.7225	-8.3126
-10.7062	-6.9518	-2.0469	2.0487	2.2465	-2.1778	-5.4168	-9.6125
-10.4676	-7.6279	-2.9871	2.5299	3.1060	-2.3667	-7.1307	-9.1335
-9.7589	-8.1318	-2.5838	2.3061	2.4570	-2.4698	-7.7409	-12.4896
-10.1476	-7.8199	-2.9831	2.3258	2.6654	-2.6629	-7.3400	-10.0091
-9.8441	-8.1423	-2.4239	2.7566	2.5774	-2.4308	-7.7754	-9.7445
-11.7059	-7.2839	-3.1327	2.8601	2.8532	-2.8645	-7.1119	-9.6264
-9.7893	-7.0562	-2.4878	2.5067	2.0991	-2.9032	-7.2289	-8.3523
-11.6194	-5.5736	-2.5276	2.2354	2.2811	-3.0767	-7.3276	-10.2941
-9.3830	-7.9280	-3.6786	2.6551	2.7155	-2.6340	-6.7440	-9.0222
-9.6696	-7.3660	-3.2852	2.8260	2.7632	-2.0942	-5.9665	-9.7243
-9.1502	-5.0914	-1.8160	2.1145	2.6700	-2.8990	-7.7573	-8.9294
-9.3098	-6.8238	-2.3397	2.4435	1.9757	-3.4097	-6.6720	-10.1020
-10.9070	-6.1560	-2.5961	2.6680	2.7821	-3.5695	-9.6388	-11.6443
-10.5591	-7.6446	-4.1645	2.8709	3.0987	-3.7341	-9.7470	-9.6840
-11.4884	-7.2235	-2.7277	2.3445	2.2157	-3.9778	-8.3685	-12.1629
-12.0860	-6.7854	-2.4329	2.8515	2.6526	-3.1805	-6.7482	-9.6722
-9.3160	-5.2429	-3.0022	1.6113	1.9948	-2.5922	-8.4386	-10.1911
-9.7041	-7.5098	-2.3173	2.7185	2.5184	-2.5708	-5.6376	-9.1385
-7.9477	-5.5819	-2.1625	2.2536	2.4836	-2.6855	-7.6888	-7.8932
-7.5172	-5.9632	-2.8530	2.3390	2.4287	-2.7119	-6.3038	-10.2698
-10.0021	-7.2096	-2.7614	3.0803	2.8850	-3.0106	-8.3965	-10.9252
-9.1577	-7.2875	-2.7435	2.4293	2.2021	-2.9369	-7.4485	-10.5790
-9.3806	-5.1340	-2.2538	2.2595	2.1353	-3.5474	-7.2659	-11.4136
-8.5797	-6.6593	-2.3478	2.6195	2.5144	-2.7114	-7.4047	-10.5486
-10.4122	-7.2669	-2.4849	2.5808	2.8059	-2.5633	-7.3590	-9.0139
-10.9846	-5.6968	-3.2320	2.4287	2.6823	-3.3177	-7.5685	-9.3492
-9.6925	-6.1898	-3.2879	2.2656	2.6771	-2.5433	-7.8914	-8.4685
-10.4438	-7.4254	-4.1585	2.1749	2.2400	-3.3470	-5.8187	-7.6566
-10.6861	-7.4176	-2.7500	2.1147	2.3393	-3.2695	-7.4570	-8.7927
-10.0138	-8.0074	-3.3320	2.2549	2.4993	-3.3583	-10.1919	-10.0122
-8.7179	-7.2763	-3.2040	2.9525	2.3893	-3.0196	-6.8344	-8.6786
-9.8425	-7.1917	-1.8423	2.5695	1.6696	-3.1639	-6.3984	-9.3028
-11.5676	-7.6768	-2.3593	2.3555	2.3694	-2.5982	-6.4905	-11.7308
-9.0351	-5.7721	-3.1482	2.2971	2.0402	-2.7752	-7.2512	-9.0717
-9.5097	-8.2419	-2.7851	2.8802	3.1027	-2.9940	-9.3192	-10.2192
-9.4853	-6.9877	-3.3286	2.1710	2.5898	-2.2695	-8.0833	-13.4698
-8.3510	-7.7963	-3.3803	2.7666	3.1169	-3.2107	-6.9972	-8.3226
-11.3528	-6.2414	-2.9270	2.3514	2.3703	-2.3184	-5.1336	-10.7000
-10.4818	-8.2334	-2.9446	2.6909	2.6643	-2.6869	-6.9901	-10.4881
-9.6162	-7.3504	-3.2226	2.6145	2.2253	-3.5469	-7.5544	-11.0392
-9.2929	-7.6800	-3.5173	2.3667	2.6978	-3.4484	-8.2366	-11.3007
-10.3551	-8.2071	-2.6509	2.6017	2.7576	-3.4371	-8.1962	-9.2075
-9.8637	-9.3495	-3.1540	2.0932	1.9529	-2.8048	-6.7966	-10.5102
-11.1392	-6.4011	-2.0949	2.3179	2.5839	-3.0597	-8.8017	-10.3864
-9.4259	-6.9928	-3.1669	2.0821	2.0179	-2.9305	-6.9912	-8.5459
-9.4545	-7.1784	-2.1515	2.8706	2.5601	-2.7126	-7.5690	-9.8037
-10.5461	-8.2138	-3.5326	2.6701	2.4079	-3.0013	-6.4140	-11.0656
-9.4579	-7.3554	-2.1642	2.8034	2.5766	-2.7940	-8.1848	-9.9891
-8.3526	-6.1847	-2.1307	2.3340	2.1943	-2.2637	-5.6756	-11.4459
-10.8864	-6.9261	-2.9144	2.1060	2.1499	-3.4019	-7.0921	-9.6725
-11.7798	-6.2335	-2.3425	2.2912	2.4451	-3.2383	-8.6345	-8.7224
-8.8477	-8.1474	-2.6892	2.4774	2.6781	-3.3073	-9.5913	-11.1256
-8.5581	-6.8684	-2.7993	2.6743	2.5125	-2.6197	-6.5036	-8.5907
-10.0192	-5.4316	-2.1949	2.2734	2.5345	-2.6450	-8.2978	-8.5250
-8.9356	-6.5745	-4.2083	2.3082	2.5877	-3.4139	-7.2127	-8.9103
-10.9706	-6.2285	-2.4760	1.8546	2.1653	-3.4374	-6.4760	-8.4941
-13.1590	-7.3043	-2.9503	2.3851	2.6929	-2.4334	-6.6912	-10.3839
-10.3963	-7.0164	-2.7145	2.3219	2.3919	-2.5939	-7.3955	-10.0587
-10.7924	-7.6055	-3.0458	2.2754	2.2734	-2.5082	-7.7509	-9.1939
-10.4078	-7.9823	-3.0770	2.1872	2.4758	-2.8373	-7.2202	-8.7227
-11.5203	-7.2427	-2.3577	3.0076	2.6301	-2.4845	-8.6105	-9.6852
-9.4391	-6.1128	-2.1441	2.7299	2.3797	-2.6182	-6.9132	-9.1915
-10.0132	-7.0316	-2.9397	2.1010	2.6998	-2.2872	-6.6038	-10.4796
-10.6815	-7.0706	-2.0562	2.6874	2.6270	-2.6194	-6.9958	-9.8961
-9.3576	-6.1937	-2.9121	2.7109	2.6319	-2.5087	-5.1607	-8.5231
-11.1377	-7.8576	-3.2231	2.5685	3.1154	-2.9481	-9.1439	-9.5605
-9.1128	-7.0842	-2.7893	2.1468	2.1507	-3.1976	-7.3638	-10.4967
-8.5443	-7.2349	-3.0335	2.5304	2.3384	-4.1559	-6.9477	-10.0916
-9.6334	-7.4415	-3.0347	2.0340	2.0984	-3.1673	-6.9776	-10.8306
-8.9981	-6.4817	-2.7274	2.3027	2.4712	-2.5512	-5.8866	-9.8153
-9.9537	-8.9641	-3.0108	2.6112	2.6960	-2.5457	-6.7177	-9.7545
-10.2940	-6.0196	-2.1345	2.8223	2.2991	-2.7271	-7.6502	-10.1697
-12.7983	-7.8022	-3.1446	2.3193	2.4760	-3.0871	-7.6528	-10.9201
-8.7683	-6.5237	-3.2870	2.2540	2.5521	-1.9562	-6.7666	-11.0567
-9.0646	-6.6416	-3.4052	2.0719	2.0330	-2.7495	-5.7717	-8.5538
-9.9537	-4.8410	-2.3772	2.3623	2.5250	-2.8923	-6.5335	-9.7436
-15.0019	-7.6574	-3.0561	2.6760	2.7343	-2.6471	-7.0115	-9.3434
-8.9714	-5.7716	-2.2917	2.4795	2.3443	-2.7692	-7.3296	-10.0805
-8.9322	-8.1939	-2.5852	2.6191	2.3330	-2.5272	-6.3931	-11.4191
-12.8895	-7.6756	-2.9784	2.3884	2.3574	-3.3522	-9.1194	-9.1660
-10.2947	-6.4223	-2.6392	2.6267	2.5137	-3.5366	-8.7286	-10.0654
-9.7992	-5.7966	-2.2098	2.5939	2.4998	-2.0589	-5.4161	-10.2868
-9.8225	-6.2377	-2.8626	2.0846	2.5251	-2.8999	-9.0998	-10.8617
-9.3568	-6.8633	-2.1577	3.1132	2.6771	-3.1783	-6.1919	-11.6327
-9.4430	-7.2291	-2.6235	3.2774	2.9729	-2.4401	-6.4991	-9.2540
-11.2304	-9.3252	-2.8575	2.5856	2.6320	-2.3296	-6.8406	-10.2925
-12.0054	-6.8697	-2.6841	2.2067	2.3943	-1.9100	-5.9506	-9.0448
-10.5511	-6.4879	-3.3901	2.7929	2.8072	-3.6874	-8.5528	-11.2537
-10.8158	-6.0165	-2.8035	2.0542	2.3793	-2.8288	-7.0154	-11.0154
-10.5696	-8.3554	-2.9954	2.6705	2.1551	-3.0354	-4.9750	-11.2688
-8.8255	-7.2053	-2.5593	2.5742	2.5818	-2.5464	-6.7195	-8.1722
-10.3377	-7.6615	-3.7874	2.5813	2.3511	-2.5225	-5.7870	-11.1240
-12.7605	-8.1663	-3.6549	2.7035	2.9844	-3.2601	-7.5995	-11.3634
-10.3450	-7.4481	-2.2932	2.3371	2.4203	-3.6921	-7.4073	-9.5224
-10.3052	-5.8686	-3.3266	2.4451	2.3577	-2.9942	-7.1171	-9.8654
-10.9258	-7.3249	-2.4822	2.8479	2.5539	-3.0519	-5.7992	-9.2122
-9.4080	-6.5780	-3.5146	2.6669	3.4591	-2.2510	-5.6279	-9.2910
-10.6256	-5.4599	-2.1231	2.3325	2.0146	-2.6898	-5.1451	-8.9484
-10.6343	-5.9639	-3.2792	2.1599	2.1733	-2.9842	-7.0719	-9.8742
-10.9370	-6.4806	-2.6407	2.4411	2.0064	-3.1745	-5.6376	-9.8641
-9.4300	-6.0186	-2.3671	2.0998	1.9603	-3.1651	-7.2084	-10.1156
-11.4063	-5.7639	-3.1736	2.1886	2.1188	-2.5815	-6.4675	-11.2856
-9.1219	-6.5340	-2.2425	2.6989	2.5265	-1.7387	-6.2849	-8.2911
-11.6479	-8.5565	-2.7833	2.7776	2.3558	-3.1967	-6.7635	-10.0698
-9.6203	-6.7403	-2.8507	2.1778	2.1156	-2.7014	-7.3250	-10.4420
-13.5362	-7.9451	-2.5642	2.7634	2.3876	-3.7704	-7.9843	-10.0757
-10.9324	-6.4928	-2.8185	2.3500	2.6625	-2.5744	-7.1757	-10.3218
-9.8521	-6.3865	-3.0628	2.2461	2.3550	-2.0992	-7.3431	-12.3184
-11.3437	-7.1138	-2.4209	2.4968	1.9891	-3.6939	-6.5423	-9.6371
-7.4373	-5.6271	-2.7780	2.5230	2.5759	-2.8589	-7.5401	-8.8672
-10.3337	-7.0045	-2.9529	2.1264	2.1173	-3.1831	-6.4997	-11.5324
-9.2705	-5.8569	-2.5908	2.5405	2.6511	-3.5238	-9.1030	-11.4007
-10.6565	-6.6231	-2.4473	1.9707	2.1592	-2.4548	-7.2161	-11.9830
-9.1800	-7.1106	-3.4154	1.6336	2.3617	-2.5038	-7.7802	-11.6161
-7.4937	-4.9597	-2.9615	2.0018	2.3556	-3.7291	-7.8642	-9.2948
-9.2828	-6.5114	-1.9282	2.4109	1.9865	-3.0229	-6.2002	-9.7111
-10.9457	-4.9533	-2.4044	2.3790	2.4518	-2.2776	-5.5898	-10.1361
-8.8770	-7.8165	-2.5296	2.9332	2.3275	-4.0965	-7.1905	-11.4459
-8.8278	-6.6533	-2.7785	2.8165	2.9452	-2.3393	-7.9116	-9.6738
-10.1453	-6.5844	-3.3994	2.2792	2.6537	-2.3456	-8.2043	-10.5670
-10.9787	-7.0297	-3.3249	2.2976	1.8750	-2.8998	-6.5032	-10.6022
-10.4833	-8.2836	-2.1477	2.1582	2.0147	-3.0029	-7.0043	-9.5340
-9.3610	-7.9610	-2.8183	2.3721	1.8787	-2.7916	-7.1121	-10.5326
-9.1364	-6.3286	-3.0033	2.3135	2.6309	-2.6732	-7.4503	-9.6175
-9.5074	-6.9180	-1.8041	2.4328	2.3752	-3.2284	-7.9374	-10.7511
-9.6150	-6.9297	-2.4653	2.4510	2.1692	-3.4463	-6.4385	-12.2358
-8.7403	-6.4505	-2.3366	2.2183	2.0385	-2.3577	-5.3358	-10.4107
-8.8812	-5.7724	-3.1017	2.2304	2.0446	-3.0760	-6.4354	-9.7806
-9.1166	-9.1467	-2.5556	2.4215	2.1244	-3.0534	-6.7071	-12.2800
-10.0513	-5.8116	-2.1301	1.9669	1.6291	-2.7010	-5.7873	-10.9013
-12.7291	-7.7500	-2.7873	2.8406	2.7226	-2.8907	-6.0880	-8.4539
-9.3718	-7.0721	-2.2775	3.1193	2.3943	-2.8664	-6.7856	-9.2077
-10.8252	-7.1484	-2.4530	2.8895	3.0872	-2.3528	-8.3916	-9.7426
-10.5761	-7.4986	-2.9526	2.2301	1.7561	-3.1077	-6.4139	-9.4080
-10.0545	-6.2980	-3.4014	2.0061	2.1282	-3.0678	-7.2919	-11.1029
-7.8768	-6.8366	-2.8732	2.2349	2.6005	-3.7632	-6.3079	-8.1084
-10.9622	-6.2843	-2.8052	2.0334	2.0046	-2.7514	-6.3026	-10.0578
-10.7629	-7.1845	-2.9644	2.3240	1.9486	-3.1636	-7.3297	-10.9321
-8.3125	-7.4847	-2.8404	2.3430	2.1988	-3.0227	-6.6156	-11.1888
-10.0138	-7.7772	-3.7956	2.7662	3.4378	-3.3919	-7.7210	-10.4696
-11.4784	-9.1075	-2.8697	3.0856	2.7003	-3.2683	-8.0553	-11.0247
-10.4015	-7.3096	-2.9596	2.1017	2.3592	-3.2351	-7.2115	-8.2695
-11.1190	-5.5222	-2.5545	3.0045	3.0447	-3.3584	-7.7142	-9.2559
-10.6820	-7.3882	-2.9871	2.2351	2.5025	-2.4703	-6.3999	-9.6653
-9.3382	-7.2792	-2.5221	2.7338	2.6122	-2.9999	-7.2112	-9.2265
-10.6888	-7.3416	-2.4688	2.4619	2.1423	-3.9646	-5.7178	-7.5767
-8.6445	-8.3242	-3.8842	2.4104	2.4736	-2.5532	-7.2959	-11.0036
-8.8015	-6.6406	-2.9177	2.5440	2.5037	-2.7701	-7.6332	-9.9542
-10.0475	-7.3033	-2.1188	2.6414	2.7715	-3.1604	-7.7298	-9.1682
-11.1790	-6.1219	-3.0023	2.5448	2.5333	-4.2699	-7.4298	-8.7371
-10.1434	-5.4390	-3.2003	2.1133	2.5321	-2.5280	-6.5974	-8.4301
-10.4987	-7.0884	-2.6504	2.6491	2.3689	-3.1642	-6.7195	-9.7396
-8.7465	-5.1691	-3.2351	2.4950	2.6715	-2.5232	-6.2980	-11.9924
-9.1991	-10.4467	-3.4102	2.0861	2.2060	-2.6410	-6.3464	-10.5499
-13.1613	-6.6095	-2.5527	2.1850	1.8625	-2.9041	-5.1981	-9.9972
-8.9565	-6.4158	-3.0048	1.9343	2.3094	-2.2110	-6.4810	-8.9765
-10.8677	-6.7606	-2.8434	2.2263	2.1236	-3.7682	-6.5465	-10.2429
-9.4861	-7.0076	-2.8260	2.4696	2.1714	-2.2630	-7.4682	-8.6863
-10.8452	-7.4877	-1.6792	2.7870	2.1662	-3.4093	-6.3127	-9.7012
-8.6886	-7.6874	-3.3449	2.6879	2.3857	-3.8622	-8.9954	-10.4310
-8.4600	-6.1361	-2.4002	2.6894	2.4862	-2.6267	-6.0074	-8.8508
-9.1195	-6.7101	-3.5878	2.0345	2.4649	-2.1347	-6.5934	-10.5081
-7.9865	-7.2687	-3.1870	2.2672	2.6749	-3.2489	-7.6766	-9.3935
-8.6822	-6.4124	-2.3801	2.3400	2.0771	-2.7154	-7.4201	-8.5550
-9.6107	-7.1695	-3.1358	2.9933	3.1057	-3.0576	-6.5126	-8.4515
-8.1740	-6.0237	-2.3953	2.5833	2.7333	-2.4385	-6.9498	-11.0258
-9.0603	-7.4596	-3.1053	2.4589	2.3375	-3.0111	-5.4016	-9.9908
-9.0736	-7.9257	-3.0854	2.8984	2.6368	-3.0242	-8.3540	-10.4448
-10.2485	-6.2917	-2.7262	2.4086	2.5557	-3.3740	-7.1342	-9.4933
-9.6079	-5.5686	-2.9369	2.1709	2.1909	-3.0326	-7.4916	-9.3591
-7.6036	-5.9338	-2.7414	2.4429	2.1650	-3.5373	-7.0268	-13.0581
-9.7431	-6.6122	-2.9218	1.8511	2.1321	-3.3435	-8.4927	-8.7174
-10.6148	-6.2954	-2.2840	2.4238	2.5918	-2.0481	-6.2123	-12.6895
-9.0999	-6.3749	-3.0754	2.2914	2.1852	-3.6520	-5.7198	-11.3650
-9.5289	-5.4726	-3.0026	2.0613	2.6656	-2.2615	-6.6463	-8.8635
-9.2002	-7.1232	-3.5354	2.4008	2.7866	-2.6983	-7.1542	-11.1387
-11.2152	-6.3997	-1.8487	2.7795	2.5588	-2.8905	-8.3531	-9.9212
-8.4658	-9.4939	-3.6846	2.8154	2.5110	-2.5466	-5.4423	-9.5039
-10.6559	-7.5469	-1.9756	2.7791	2.6702	-2.5266	-8.9517	-8.5064
-12.0799	-5.3047	-1.8853	2.4218	2.3254	-3.1051	-7.9960	-11.2833
-9.9732	-7.5244	-3.2838	1.7732	1.9111	-2.7436	-8.3517	-11.0025
-7.9326	-6.7152	-3.3836	2.1551	2.0404	-3.1101	-6.1962	-10.1835
-9.2685	-8.5340	-2.8938	2.4667	2.1871	-3.5884	-7.0318	-12.2019
-11.8746	-7.6109	-2.8908	2.3691	2.1477	-2.9050	-7.5422	-10.3343
-10.9269	-7.2043	-1.7187	2.5865	2.1642	-3.4077	-5.8426	-8.4906
-12.6361	-7.4722	-2.8413	2.4794	2.8755	-2.6765	-6.7408	-9.8765
-9.4823	-7.3512	-3.1651	2.5564	2.8883	-3.1816	-5.9487	-9.7455
-9.7708	-6.4735	-2.7880	1.8378	1.9393	-2.8360	-7.4612	-11.0378
-10.2435	-7.2276	-2.5002	2.2019	2.8053	-3.0465	-8.1327	-10.9615
-10.3323	-6.3608	-2.0261	2.2682	2.2577	-3.6961	-7.2699	-12.7009
-10.6466	-7.4990	-2.3927	2.6673	2.2653	-3.0338	-7.5783	-9.7286
-11.0276	-6.0346	-2.4169	2.6983	2.4538	-3.4046	-8.7920	-9.0966
-11.4925	-7.4398	-2.9672	2.9186	2.4768	-3.4341	-7.5738	-9.1100
-9.1807	-6.0220	-3.8098	2.4199	2.6345	-2.4818	-5.8922	-8.1603
-11.4031	-6.4071	-2.5988	2.2763	2.3718	-2.6299	-7.6718	-9.6207
-9.6832	-6.4301	-2.3859	2.6835	2.0834	-3.2092	-7.0974	-7.2955
-8.9451	-5.6651	-2.2895	3.1051	2.7782	-2.7149	-7.2953	-9.7389
-9.6783	-7.5171	-4.3991	2.1989	2.6615	-2.5469	-5.9287	-9.8793
-8.5654	-7.2289	-2.4863	2.1924	2.3586	-2.9394	-5.8880	-9.5098
-11.2945	-7.4158	-2.9186	1.9141	1.9930	-2.7772	-7.0743	-10.4800
-10.0879	-6.9115	-3.6858	2.2705	2.4863	-2.3964	-8.7814	-11.1174
-8.7324	-6.2296	-2.2997	1.9719	1.9119	-2.4973	-7.4354	-11.4368
-8.8589	-8.3836	-3.2920	2.0686	2.3967	-2.3094	-7.8367	-13.8745
-11.4165	-7.0115	-3.0556	2.2640	2.1131	-2.5225	-6.7327	-12.2486
-9.1699	-5.5928	-3.1800	2.4897	2.6330	-3.2810	-7.2148	-9.6664
-10.0407	-7.4152	-2.7842	3.0406	2.1745	-2.5272	-6.4621	-11.2578
-10.1534	-8.6019	-2.9477	2.5211	1.9706	-2.4982	-5.3883	-8.1713
-10.2003	-7.1815	-3.2607	2.6463	2.6761	-1.8600	-6.7656	-9.7329
-10.3827	-8.3552	-3.0201	3.3701	3.2242	-3.0227	-7.0787	-9.8705
-9.1545	-4.9686	-2.1702	2.6709	2.7937	-3.0344	-8.4624	-9.6632
-11.5533	-7.1628	-2.9403	2.2292	2.2694	-2.6292	-6.1710	-11.8293
-9.4325	-6.0678	-2.7080	2.8884	2.7464	-3.0229	-6.7888	-10.2638
-8.7496	-6.9704	-2.2538	3.0498	2.7079	-3.1580	-7.5881	-9.0938
-8.7130	-4.9163	-2.9045	2.3140	2.7267	-2.0349	-5.1266	-8.6203
-11.0534	-7.0973	-2.6815	2.0121	2.0026	-2.2730	-6.3234	-8.9665
-9.4226	-7.9734	-3.0015	2.9464	2.9617	-2.6824	-5.9497	-10.0272
-9.6495	-6.7098	-2.2861	2.3642	2.3342	-3.5977	-9.6282	-11.7261
-10.1772	-6.5846	-1.9069	2.3057	2.1800	-3.3881	-6.9302	-11.3384
-13.1657	-6.7066	-1.8334	2.7087	2.4163	-2.7868	-7.3213	-11.2677
-10.1887	-7.2917	-3.0482	2.3100	2.7356	-2.5453	-7.5273	-9.9504
-8.1354	-5.6284	-3.3211	2.5513	2.4735	-2.7838	-6.1426	-9.0492
-9.3218	-8.0826	-2.4436	2.7836	2.5322	-3.1251	-7.6114	-10.7277
-8.8418	-6.4892	-3.2120	2.4006	2.0454	-2.5391	-8.0090	-9.4162
-9.7563	-7.3536	-3.7017	2.4705	3.1440	-2.2600	-7.2005	-8.5457
-8.9482	-6.8822	-3.5518	2.0413	2.0610	-2.5177	-5.9017	-8.5784
-8.9327	-7.2542	-3.1093	2.7432	2.8451	-3.4454	-8.2768	-11.6689
-8.4532	-6.5497	-3.0413	2.7762	2.9961	-2.1766	-8.7335	-10.2990
-11.7746	-6.3865	-3.0840	2.3608	2.2002	-3.0551	-7.6652	-11.9837
-9.6818	-7.3356	-2.6922	2.7231	2.4359	-3.2923	-7.9708	-12.1252
-11.0829	-9.9055	-2.6764	2.4559	2.0780	-2.6571	-6.6335	-9.4934
-10.1040	-7.2883	-2.9673	2.1858	2.2364	-2.7593	-8.0560	-12.0063
-11.0409	-6.2847	-2.9847	2.0821	2.5896	-2.3399	-6.8904	-11.1137
-10.1520	-8.7646	-4.0869	2.5632	2.5210	-3.4242	-6.1880	-8.7007
-12.2908	-7.1002	-3.2839	2.0771	2.6309	-2.1165	-6.6464	-9.8527
-9.5148	-5.7634	-2.2571	1.8765	1.6526	-2.3479	-7.0035	-9.5114
-10.6148	-6.5622	-2.8089	2.4333	2.6873	-3.0610	-6.3942	-10.0291
-11.8167	-8.1536	-3.1165	3.1444	3.1675	-3.4481	-7.7077	-7.4367
-12.7881	-5.7810	-2.4296	2.4687	2.3432	-3.4745	-7.7556	-9.7057
-11.1557	-6.9181	-1.4448	2.5676	2.3207	-2.4878	-5.9288	-9.7124
-11.8379	-6.1841	-2.7905	2.2080	2.3756	-3.4461	-7.1912	-9.5863
-10.4942	-6.5720	-2.8679	2.6898	2.5628	-3.6428	-10.4341	-8.9947
-9.3223	-6.8304	-2.5632	2.2284	2.2277	-3.3901	-6.9688	-9.2088
-10.2512	-6.4943	-1.9267	2.7567	2.3992	-2.7239	-6.5101	-9.4742
-11.3177	-5.7514	-2.5076	2.5058	2.3796	-2.6015	-5.8494	-9.1602
