-9.8307	-8.5566	-3.5358	-1.8490	2.5983	3.2020	-2.3344	-3.6446	-7.8110	-10.6354
-12.6685	-6.9748	-2.6255	-3.1834	2.7287	2.3625	-2.1460	-3.0552	-6.9172	-12.5099
-11.5611	-7.8255	-3.4693	-3.0943	1.9494	2.4434	-2.8766	-2.7465	-7.6490	-12.6805
-11.0861	-8.2456	-3.7192	-3.4735	2.5999	2.6350	-3.5018	-3.8109	-7.3830	-11.4103
-14.2442	-9.9806	-3.9764	-3.0393	1.9480	1.9352	-2.7704	-3.0530	-7.3896	-12.3830
-12.7006	-8.4543	-3.6477	-2.3569	2.5406	2.2806	-3.1937	-3.7611	-8.0942	-12.2055
-9.2253	-7.3490	-3.1790	-3.5783	2.7409	2.5601	-2.5706	-3.5858	-7.8851	-11.3391
-9.9664	-8.2981	-3.5755	-3.4763	1.9909	2.3436	-3.0786	-4.5745	-9.0652	-10.4717
-10.7581	-6.9354	-2.4911	-2.7216	1.6906	2.0737	-2.9960	-3.4752	-8.4447	-11.4983
-10.5464	-7.9339	-3.8833	-2.3344	2.5525	2.1666	-2.9726	-3.1510	-7.1499	-12.4070
-10.5842	-9.5043	-3.0989	-2.8009	1.5418	1.7171	-2.7095	-2.7217	-7.1575	-12.0777
-10.9124	-6.5601	-3.2210	-3.0747	2.2753	2.4495	-2.0266	-2.4292	-8.0480	-13.8573
-11.2739	-6.8996	-3.1394	-2.8652	2.3010	1.9356	-3.4034	-4.1834	-8.0941	-11.4239
-10.2604	-7.2413	-3.3191	-3.5233	1.7959	2.3750	-3.5682	-2.6442	-6.6935	-12.4951
-12.1683	-7.1505	-3.6378	-3.6652	1.7645	2.4554	-2.8663	-3.4517	-7.4308	-12.0804
-12.5921	-8.0964	-3.2447	-3.2513	1.8461	2.4709	-2.4408	-3.4829	-8.5317	-11.8391
-11.7019	-8.0510	-3.5029	-3.2526	2.3342	1.6999	-2.9057	-3.2407	-7.3936	-10.9123
-11.2856	-7.6598	-2.7225	-2.4250	2.6398	2.4084	-3.0459	-3.5259	-7.5764	-13.3456
-10.5505	-7.3967	-2.8811	-3.2727	2.1155	2.8635	-2.0875	-2.9081	-7.9686	-10.8931
-11.4200	-7.4792	-3.5312	-2.4010	2.7190	1.8100	-3.2659	-4.3397	-9.4952	-11.7570
-11.2519	-8.0938	-3.6993	-4.3940	1.9633	2.4166	-2.8075	-2.6815	-7.1459	-9.0004
-11.1904	-8.3890	-2.7842	-2.7791	1.9979	2.2604	-2.9136	-3.3375	-7.2033	-11.5866
-12.0476	-8.0989	-2.8352	-2.8410	1.9544	2.5415	-2.8675	-4.0907	-7.7601	-11.1289
-12.3446	-8.4596	-3.2445	-2.9937	2.6102	2.4119	-2.7812	-3.7493	-8.3582	-13.4816
-11.7370	-9.9455	-4.6081	-2.9196	2.7594	3.0075	-1.8440	-2.8846	-7.8029	-9.9469
-11.9743	-7.4618	-3.0317	-2.1758	2.3510	2.1528	-2.1276	-3.2534	-7.8473	-9.7346
-13.0930	-9.7965	-3.3991	-1.6575	2.5245	2.4797	-3.3454	-3.3215	-6.7214	-10.0313
-13.1786	-8.2777	-3.3030	-2.3597	2.7402	2.2700	-2.9528	-2.6762	-7.1767	-13.6814
-9.9738	-7.3993	-3.6315	-3.1590	2.0683	1.9191	-3.1940	-4.5312	-8.7274	-11.6895
-10.3755	-6.7934	-2.8531	-2.5902	2.1564	2.1688	-2.8670	-3.3446	-8.3608	-12.2981
-13.2262	-8.8393	-3.3331	-2.4363	1.9213	1.9548	-3.1968	-3.4481	-8.4368	-11.0641
-12.4106	-8.6987	-3.5334	-3.1002	1.6176	2.2188	-4.4209	-3.5672	-7.7617	-10.3388
-12.1821	-7.0993	-2.9316	-3.0575	2.0959	2.2135	-3.5635	-4.3210	-7.7700	-11.1366
-12.2859	-7.0141	-2.7004	-2.8522	2.0564	2.1411	-1.7174	-3.1083	-8.6787	-10.6213
-12.3714	-7.9075	-3.1852	-3.5579	1.9318	2.3895	-2.1373	-2.5398	-8.2345	-12.6435
-13.0817	-8.4096	-3.7923	-3.3707	2.2871	2.2357	-3.0116	-3.8833	-7.7252	-10.7817
-10.9456	-9.0921	-4.4584	-2.9383	2.1529	2.1481	-2.3783	-3.5639	-8.1084	-10.8542
-11.1181	-9.8642	-3.6268	-2.2273	2.5906	2.7043	-2.9301	-3.5532	-7.0378	-11.9587
-14.2546	-8.2095	-3.5015	-2.3492	2.5458	2.3886	-3.7714	-3.2223	-8.3334	-11.5431
-10.8542	-8.4628	-3.5730	-2.4626	2.3446	2.1663	-3.8064	-3.7531	-8.7918	-9.5813
-14.8077	-7.8214	-3.0417	-2.3505	2.3887	2.3053	-3.4718	-4.1047	-8.2918	-10.6012
-13.2374	-8.1457	-3.1267	-3.0085	1.2564	1.5592	-3.5717	-3.8511	-7.0045	-12.1016
-11.1267	-7.1128	-3.5645	-3.7301	2.1831	2.3416	-2.4745	-4.3748	-8.7434	-13.0149
-10.8185	-7.3658	-3.0956	-3.5317	1.4783	1.7763	-3.6753	-3.8296	-7.2302	-11.1261
-11.5891	-6.9211	-3.1125	-2.9358	2.2667	2.5027	-2.3071	-2.8370	-7.1218	-10.5838
-10.5634	-9.2433	-3.9253	-3.3355	2.0844	2.0126	-3.2739	-3.7657	-8.4572	-12.6782
-12.1574	-7.7099	-3.4898	-2.3653	1.9961	1.9702	-3.2002	-4.1879	-8.7939	-12.5689
-14.5729	-8.3124	-4.0079	-2.7622	2.1642	1.6092	-3.0743	-3.0623	-7.7147	-11.8648
-10.7282	-7.5000	-3.7079	-4.0781	1.7908	1.9181	-3.1543	-4.2022	-7.8708	-10.4395
-12.2418	-8.0204	-3.1082	-3.3065	2.2016	2.1264	-2.5910	-2.9264	-8.1502	-10.6582
-11.6210	-8.2481	-3.8946	-2.9369	2.2357	2.0961	-3.2847	-4.1548	-8.1711	-12.3869
-11.0158	-7.4507	-3.7958	-3.1201	2.2847	1.8573	-2.9839	-4.0234	-8.2767	-12.6856
-11.6450	-7.9666	-3.6997	-3.5723	2.5901	2.4366	-3.4310	-2.8940	-7.0830	-9.6287
-11.7061	-6.4587	-2.9034	-2.1763	2.7051	2.6973	-2.7885	-3.0934	-8.4674	-12.7310
-11.9709	-7.2884	-3.2577	-1.8689	2.7168	2.6839	-1.9621	-3.2021	-7.3495	-10.6618
-11.8325	-8.1982	-2.9557	-2.5699	2.3500	1.8310	-2.9439	-3.3243	-7.2865	-11.0504
-11.5623	-9.0735	-3.5150	-2.3709	2.2695	2.4372	-2.9915	-3.8287	-7.7227	-8.7057
-10.8494	-7.9030	-4.4141	-3.1903	2.1688	2.4866	-2.8732	-2.6177	-7.9722	-12.0396
-10.5373	-6.7589	-3.9686	-3.7165	2.2479	2.8340	-2.6068	-2.9575	-7.2689	-11.6403
-10.7573	-8.1455	-3.6715	-2.6512	2.7998	2.2865	-3.4085	-4.0888	-8.1221	-10.8925
-13.4679	-8.5565	-3.2155	-3.1536	2.0479	2.5109	-3.1451	-3.7498	-8.3709	-12.6054
-11.2321	-6.3690	-3.1728	-3.0482	2.2383	2.0588	-3.2586	-3.7880	-7.2366	-10.4572
-11.4118	-7.6371	-3.6585	-3.5772	2.0696	2.1372	-2.4419	-3.3467	-7.3262	-9.8492
-12.1982	-7.0196	-2.6645	-2.8427	2.5901	2.7849	-2.3513	-3.6227	-8.7958	-11.7333
-11.3887	-9.1873	-3.9009	-2.7422	2.5369	2.5627	-3.3826	-2.8645	-7.1820	-11.3872
-10.9638	-7.9014	-3.2422	-3.2247	2.0598	2.1437	-3.0321	-3.1078	-8.0775	-12.2855
-11.9161	-6.6247	-2.6803	-3.2313	1.9137	1.8529	-3.3790	-4.4168	-8.0536	-11.1629
-10.7903	-6.4818	-3.1799	-3.2799	2.2460	1.8966	-2.6101	-3.2565	-8.3708	-11.4603
-12.2907	-7.3879	-2.6733	-2.8794	2.0072	2.4086	-2.5951	-4.0840	-7.9020	-13.8619
-12.2682	-7.5416	-2.9697	-2.0781	2.4632	2.3500	-2.4299	-3.9095	-8.7389	-12.8145
-11.0205	-7.9791	-3.1588	-3.5083	2.7126	2.2421	-3.4510	-3.6479	-6.7000	-11.1636
-9.6020	-7.7629	-3.6772	-3.3999	2.2543	1.7388	-3.4418	-3.3800	-7.0798	-11.4988
-11.7590	-7.1253	-2.9152	-3.0881	1.9473	2.2190	-2.9714	-3.2252	-6.0029	-11.4841
-12.7409	-7.0616	-3.1927	-3.5817	1.9960	2.4368	-3.1454	-3.0421	-7.3433	-12.2924
-12.0622	-7.7528	-3.7596	-2.8359	2.9534	2.7013	-3.1045	-3.7868	-9.2453	-12.4148
-12.8503	-7.0525	-2.6796	-3.6498	1.4634	1.7541	-3.5525	-3.3664	-7.4461	-10.2676
-11.0880	-7.1251	-3.7263	-2.5357	2.0817	2.1494	-3.2217	-3.1522	-7.3233	-11.8343
-8.9164	-6.3275	-3.3245	-3.2606	2.6179	2.6061	-2.3591	-3.5048	-6.9653	-11.2763
-10.7886	-7.6023	-4.0739	-4.0451	2.2218	2.0849	-3.2826	-2.4460	-8.2928	-12.5764
-10.9917	-7.6814	-2.9156	-3.1215	2.4762	2.0205	-3.5241	-2.2219	-5.9571	-10.2248
-11.2957	-7.9550	-3.5599	-1.3985	2.7084	2.5323	-2.9714	-2.7503	-7.5088	-9.3213
-11.6364	-9.1910	-3.5046	-2.2656	2.3029	1.9700	-3.3720	-2.4053	-6.8215	-11.0891
-10.8394	-7.3139	-3.5237	-2.5680	2.9632	2.6560	-1.7104	-3.2041	-7.4527	-12.2361
-13.0910	-7.6242	-2.6450	-3.7078	2.1162	2.3384	-2.8432	-3.1324	-8.0701	-12.8156
-10.3561	-6.7967	-2.6021	-3.1503	1.8411	2.5059	-2.4114	-3.0753	-7.5305	-12.2471
-11.0310	-8.2635	-3.9485	-3.0912	2.6274	2.7673	-2.4470	-3.3438	-7.1854	-12.4341
-10.9591	-7.3737	-2.4496	-2.5227	2.7459	1.8832	-2.9467	-2.9084	-8.7286	-12.5309
-11.5169	-9.5207	-4.0777	-2.9748	2.1420	2.3647	-2.8424	-3.2525	-6.6519	-11.5256
-13.9533	-6.9728	-2.9855	-3.5554	3.0217	2.4505	-2.4439	-3.2998	-8.4074	-11.4901
-11.3602	-9.2997	-2.9539	-2.7183	2.3362	2.3667	-3.2069	-3.2070	-6.5958	-10.6599
-11.6883	-6.9068	-2.7273	-2.7701	3.0571	2.9058	-3.2652	-3.1100	-7.6861	-12.0128
-12.0570	-7.8272	-3.6270	-2.8938	2.5760	2.4372	-2.6770	-3.3759	-8.4300	-13.8812
-12.3002	-7.2461	-3.5870	-1.9765	2.8824	2.8518	-2.5369	-2.6588	-7.2684	-12.7545
-10.1449	-7.9271	-3.4024	-1.9266	2.7969	2.7993	-2.4221	-3.1322	-7.5742	-11.5193
-11.7063	-8.0911	-3.5455	-2.4275	2.5768	2.3954	-2.5964	-3.7339	-6.7760	-10.3640
-12.5353	-7.2571	-2.7044	-4.6548	2.2582	2.3530	-2.5092	-3.3348	-8.8733	-12.8052
-12.5716	-7.6935	-2.8397	-2.4210	2.3023	3.2706	-2.1741	-3.0821	-6.8302	-13.8561
-11.6501	-8.2906	-3.4027	-4.0395	2.1421	2.5107	-3.2816	-4.2903	-7.0046	-12.4108
-11.1769	-8.8935	-2.9896	-2.0558	2.5776	1.9064	-4.1313	-3.3988	-7.7516	-12.1313
-11.3149	-7.2616	-3.5141	-3.5800	1.8624	2.6208	-2.8178	-3.0373	-7.5329	-9.9909
-14.7865	-8.1294	-4.4057	-4.0849	1.6265	1.9187	-2.8362	-3.0424	-8.4193	-10.4201
-10.4781	-6.8084	-3.1843	-2.6456	2.8829	2.8134	-2.5444	-2.8015	-7.0673	-10.8357
-11.3136	-8.4911	-2.6951	-1.5624	2.7914	2.4082	-3.4353	-3.9657	-8.4113	-9.9685
-10.4494	-6.9248	-3.4980	-3.5039	2.1640	1.9897	-3.2895	-3.0966	-6.8219	-9.9010
-13.2605	-8.3859	-2.6709	-3.4374	2.3796	2.1136	-3.7123	-3.3395	-7.9942	-13.4211
-9.4914	-8.1458	-3.2913	-3.2018	1.5044	1.8096	-3.9015	-3.6432	-7.9300	-11.7230
-11.0738	-8.3890	-3.9385	-3.2410	2.8026	2.7828	-2.4774	-3.0328	-6.4491	-12.4317
-11.2487	-7.3069	-3.4509	-3.5093	2.6891	2.1674	-2.8457	-3.3611	-7.8168	-9.0961
-10.6419	-8.0551	-3.6305	-2.9308	1.8454	2.6896	-3.1943	-3.7384	-8.9858	-11.9044
-10.3604	-7.4752	-2.8388	-2.4843	2.6206	2.7411	-2.4362	-2.9280	-7.0604	-11.0440
-11.1388	-8.1705	-3.7770	-3.0171	2.1508	1.7483	-3.6629	-4.1802	-8.3939	-11.2037
-11.5915	-6.8994	-2.2467	-3.7711	1.9900	2.3501	-2.0381	-3.0703	-7.7541	-11.5279
-11.3981	-7.9522	-4.5001	-3.5143	1.7877	1.9054	-2.8355	-2.9436	-6.9843	-13.0935
-9.8251	-7.2636	-3.2610	-3.1196	2.0238	2.4436	-2.6801	-3.2621	-6.1487	-9.1005
-11.6083	-6.3121	-3.1402	-3.7996	2.0100	1.7592	-4.0795	-4.3537	-8.4071	-10.9083
-11.0475	-7.5031	-3.6553	-3.3464	1.6746	1.7074	-2.5469	-3.5027	-8.8130	-13.4508
-11.1003	-9.2507	-5.1428	-3.0447	2.2346	2.9186	-4.1326	-3.2043	-7.7261	-11.0013
-11.7817	-8.3096	-3.9445	-3.4306	2.0307	2.0150	-3.1050	-3.0941	-6.6993	-9.8963
-12.5140	-7.9909	-3.9308	-3.5236	2.2548	2.3288	-3.0345	-2.6901	-7.4008	-10.4726
-9.2395	-7.5234	-3.4616	-3.5846	2.0776	2.8990	-2.1145	-3.0575	-7.3311	-10.2903
-12.6384	-7.7479	-3.5664	-3.9232	2.1884	2.3206	-3.1155	-4.2027	-9.8395	-13.9160
-10.9482	-7.5088	-4.4904	-3.6080	1.8045	2.2090	-2.8245	-3.0906	-7.0903	-10.4733
-13.8585	-8.4898	-3.9225	-2.6603	2.1938	2.4870	-1.9386	-3.2159	-7.6312	-9.6132
-11.5193	-6.8688	-2.9958	-3.3690	1.8694	1.8514	-4.0771	-4.0106	-7.4914	-12.1987
-13.0862	-6.8843	-3.3161	-3.8640	2.3559	2.2477	-3.1379	-3.7109	-7.4231	-10.6321
-12.3113	-8.9281	-2.9706	-2.5014	2.5595	2.3499	-2.6987	-3.7059	-9.2757	-13.1034
-10.4325	-7.8004	-2.6729	-2.3388	2.7259	2.0857	-3.0616	-4.0846	-8.7444	-12.8000
-11.2766	-7.9396	-4.0267	-3.7055	2.2958	2.0136	-3.7982	-4.2020	-8.5275	-12.1297
-11.7140	-7.8639	-3.3881	-2.6267	2.6350	2.3506	-2.9535	-3.6547	-8.0377	-10.3430
-12.4144	-6.7055	-2.8396	-1.9951	2.3949	2.6735	-2.6783	-2.6393	-7.0611	-14.3106
-11.1022	-8.8832	-3.6980	-2.9064	2.6869	2.5624	-2.9225	-3.4005	-8.8868	-10.1036
-12.6636	-8.1223	-3.4811	-2.6365	2.5614	2.2397	-3.0125	-3.5003	-8.7095	-12.5146
-11.8477	-8.2461	-3.7666	-2.8929	2.3306	2.7251	-2.8670	-3.2033	-7.3031	-10.8005
-12.3828	-8.4727	-4.0743	-2.7270	2.4590	2.0404	-3.3193	-3.3981	-7.4163	-10.9903
-9.7117	-7.2117	-3.6127	-3.7780	1.9242	1.7911	-2.8729	-3.6319	-8.2902	-11.7603
-15.1558	-7.8351	-3.9740	-3.6968	1.9998	2.4210	-2.3902	-3.5583	-8.4195	-12.2325
-12.5681	-7.6888	-3.1615	-2.9514	2.0458	2.2397	-2.7484	-3.9213	-8.1170	-12.4522
-10.6995	-8.4422	-3.0565	-2.2617	2.3573	2.2469	-3.4180	-3.4467	-7.1429	-13.6481
-11.6585	-8.2660	-3.5331	-2.6772	1.9367	2.5624	-2.7721	-3.1125	-6.8138	-10.4706
-11.3797	-9.2512	-2.9042	-2.8298	2.1609	2.6851	-1.7407	-3.7301	-10.0115	-11.8267
-12.2960	-7.8454	-4.0351	-2.6910	2.1223	2.0717	-2.7645	-3.6595	-7.8995	-11.0947
-14.3449	-7.3432	-2.7641	-3.0580	2.2630	2.0438	-2.5109	-2.5869	-7.4405	-9.9969
-11.1912	-7.3261	-4.0556	-3.2566	2.3349	2.2195	-2.4976	-3.4955	-6.8767	-11.5326
-9.8925	-7.3852	-2.8503	-3.8190	1.8203	2.2323	-2.8958	-3.1845	-7.4040	-12.0931
-12.9945	-8.0867	-3.5273	-2.5114	2.5921	2.6985	-2.3350	-3.7178	-9.0907	-13.0550
-11.1317	-8.6540	-3.8709	-3.0625	3.1086	2.3642	-2.9514	-3.3690	-7.9457	-10.3676
-10.7562	-8.1718	-4.1165	-1.9988	2.3380	2.0174	-3.0804	-3.5740	-8.1376	-16.2054
-12.0025	-8.2368	-4.2703	-2.9408	1.9445	1.6833	-2.8431	-3.0008	-8.4394	-13.1065
-11.6211	-7.8844	-2.9350	-2.8850	2.2588	2.2045	-3.2503	-3.4173	-7.5042	-11.1372
-11.3508	-6.6250	-2.7310	-3.4373	2.0904	2.4475	-2.6034	-3.3183	-7.7812	-12.3053
-10.7387	-7.3252	-3.2566	-2.8590	2.7290	2.7599	-2.3186	-3.6751	-7.0233	-13.2039
-10.6010	-10.3848	-4.0498	-2.9365	1.7733	2.3515	-4.6060	-3.4519	-8.4901	-12.3062
-9.8449	-7.5542	-2.7028	-3.4197	2.2764	2.3387	-3.2851	-3.8062	-8.3001	-10.4329
-12.0220	-7.2414	-3.6505	-2.5154	2.3317	2.0549	-2.2746	-2.2673	-7.8740	-12.4872
-12.2858	-6.9205	-3.0988	-2.7371	2.7561	3.1216	-2.4184	-3.2559	-8.4930	-13.0029
-12.1582	-6.5676	-3.3872	-4.0304	2.6517	2.6298	-2.1118	-3.2042	-8.6389	-12.1772
-13.1164	-6.9114	-2.5780	-4.1404	2.6245	2.6849	-1.7907	-3.4276	-7.3210	-10.3105
-13.6034	-9.7654	-4.1335	-2.5774	2.1202	1.8696	-3.0694	-3.7637	-7.7550	-9.0539
-13.2579	-7.4514	-3.5830	-3.1779	2.4725	2.6506	-3.0626	-3.8596	-7.6102	-11.2159
-12.3777	-7.4406	-4.0013	-3.3673	2.0244	1.9254	-3.2384	-3.4272	-6.7452	-11.5724
-9.9981	-7.1924	-2.9409	-2.4526	2.1910	2.5623	-3.7661	-3.3540	-6.3803	-11.9135
-10.7832	-7.6297	-3.4541	-2.9771	2.0980	2.4025	-3.4215	-2.7496	-6.9485	-11.3971
-11.5891	-6.6242	-3.7866	-3.7395	2.3808	2.0442	-2.8301	-3.0634	-6.7071	-10.8741
-11.7587	-6.9599	-2.8407	-3.0127	2.3098	2.1020	-3.1914	-3.2907	-8.0305	-11.4606
-11.5626	-7.9585	-3.4239	-2.7174	2.5712	2.7345	-2.4652	-3.5701	-8.9098	-12.9933
-12.3216	-7.3939	-3.3569	-3.5677	2.4332	2.3999	-3.3341	-3.1761	-7.5679	-12.8079
-12.1443	-9.3596	-4.5719	-2.8103	2.1961	2.0707	-3.0885	-3.7222	-8.7650	-13.5216
-10.5630	-7.9939	-3.2111	-2.4041	2.4782	2.7751	-2.6313	-3.0205	-7.3179	-11.2110
-14.9497	-8.8225	-4.9062	-3.3171	2.0848	2.1941	-3.3799	-3.7011	-8.7364	-11.1461
-10.0265	-6.7679	-3.8296	-3.2503	1.9225	2.2490	-2.9659	-2.9768	-7.2988	-12.0131
-9.8278	-7.1627	-3.2227	-3.8270	2.5629	2.5082	-2.9785	-3.3164	-7.3437	-12.0072
-11.0067	-7.9168	-4.1819	-3.2210	2.6950	2.7960	-2.8471	-3.2139	-7.8922	-11.5268
-13.6980	-7.6122	-3.3608	-2.5664	2.2509	2.2349	-3.0993	-3.0448	-6.3761	-8.7074
-12.6681	-7.7951	-2.7373	-2.8794	1.7851	2.1171	-3.7781	-4.3445	-8.2660	-10.5381
-12.1012	-9.0350	-3.5320	-3.1721	1.6740	2.1060	-3.1185	-3.6672	-7.6674	-13.5341
-11.4245	-8.6227	-3.8832	-3.9507	1.6589	1.9113	-3.1056	-3.4585	-8.7116	-10.5788
-9.2905	-6.2785	-2.6672	-3.0666	2.1936	2.1950	-2.8311	-3.2702	-8.0464	-10.4633
-11.2643	-7.6990	-3.8093	-2.9409	1.8158	1.8405	-3.4704	-3.3383	-7.8663	-12.0596
-10.6947	-8.3382	-4.2539	-2.7978	2.6590	2.3365	-3.6234	-3.9501	-8.6649	-12.0034
-10.6245	-8.0809	-3.0346	-2.4537	2.5991	2.4326	-3.3371	-2.6213	-7.1453	-11.3868
-9.8989	-7.4434	-3.4827	-3.1882	2.5130	2.8860	-1.7877	-3.2141	-6.7686	-11.3015
-10.9837	-7.7814	-4.4213	-2.7345	2.6597	2.3081	-2.2735	-3.4024	-9.0302	-13.5811
-11.7686	-7.2745	-3.2504	-3.2568	2.3524	2.1988	-2.9482	-4.0273	-7.6257	-10.0988
-10.4375	-7.3031	-3.1702	-2.4773	2.2774	2.1093	-3.5149	-3.8665	-7.3733	-11.1003
-10.1637	-7.6570	-3.2973	-3.1231	2.1789	1.9642	-3.9203	-4.0717	-7.9057	-11.8951
-12.1668	-7.6193	-3.2656	-3.4601	2.6065	2.7634	-2.7978	-3.8957	-7.8736	-12.8611
-11.0462	-7.8881	-2.7193	-3.2354	2.1254	1.6460	-3.7208	-3.7290	-7.4840	-11.5211
-12.4758	-8.2448	-4.3405	-2.9258	2.1588	2.0532	-3.7255	-3.4979	-7.9536	-12.6107
-13.5956	-8.9304	-4.3175	-2.9306	1.8811	1.8018	-2.3693	-3.3506	-9.0811	-11.0977
-9.6451	-8.2103	-3.6879	-3.0455	2.3131	2.2527	-2.7572	-2.8588	-7.2687	-12.0821
-13.0339	-7.5752	-3.6257	-2.7908	1.9974	1.8057	-2.8461	-3.1058	-8.0252	-10.3498
-11.5348	-7.3573	-3.7078	-3.1106	2.6620	2.5522	-3.6579	-3.4799	-7.7214	-12.1157
-9.9001	-8.3722	-4.6625	-2.9922	2.4056	2.1753	-3.2294	-3.6397	-8.8537	-12.9951
-10.2638	-7.5610	-3.1003	-2.3855	2.3417	2.2888	-3.8434	-3.5517	-8.2183	-11.4083
-12.2477	-7.1408	-3.4479	-2.3801	2.3901	2.7218	-3.1244	-2.8292	-7.5817	-14.1749
-10.2593	-6.9236	-3.9202	-3.2164	2.7375	2.7865	-2.3166	-3.4121	-8.8233	-13.1923
-12.0616	-7.9940	-2.5925	-2.3700	2.5873	2.1481	-2.3212	-3.6035	-7.3211	-11.7181
-14.3841	-8.4493	-3.4188	-2.4749	2.1632	2.3306	-1.7045	-2.7394	-7.7182	-11.0196
-11.4903	-6.5239	-3.0878	-3.6001	2.2533	1.9732	-3.4496	-2.9709	-7.0557	-13.9002
-10.8652	-7.6401	-3.3700	-3.2205	1.7634	1.7592	-3.8185	-4.1736	-8.0044	-9.6542
-12.1601	-7.3433	-3.0877	-2.7293	2.1676	2.4628	-2.6493	-3.6998	-6.3142	-10.1779
-10.4349	-7.9185	-3.7750	-3.6732	1.9145	1.9295	-3.0828	-2.6948	-7.5010	-12.6927
-10.3274	-6.9644	-3.2703	-2.6782	2.9017	2.5073	-3.1443	-4.2656	-7.7222	-11.7767
-10.3119	-7.7536	-2.6520	-3.0646	1.7341	2.2314	-2.9492	-4.1999	-8.2039	-12.9739
-13.5108	-8.0881	-3.6573	-3.1007	1.5875	1.7500	-4.1099	-4.0225	-8.9545	-12.0467
-11.5465	-7.1012	-3.3937	-3.0469	2.4005	2.3416	-3.1266	-3.3721	-6.4789	-9.8687
-12.6382	-8.0332	-3.3070	-3.4303	1.9878	2.3343	-3.8304	-2.6629	-6.2739	-12.8150
-12.5678	-9.4084	-3.6348	-3.2788	2.0312	2.2882	-2.6952	-3.2443	-7.6374	-10.7123
-13.2718	-7.6587	-3.3199	-3.4013	2.7131	2.3225	-3.8257	-3.4701	-8.0428	-10.7544
-11.6621	-6.3133	-2.5983	-3.1483	1.9946	1.9447	-3.5100	-3.6628	-8.4126	-12.6540
-10.4388	-7.0655	-4.3256	-3.5720	2.0290	2.2489	-2.6235	-3.2556	-6.8272	-12.5400
-10.2981	-8.8405	-3.6997	-3.1084	2.6641	2.4492	-3.4075	-3.1509	-7.3279	-9.4782
-12.0068	-8.3945	-3.9651	-3.5692	2.2466	2.4979	-3.1406	-2.9440	-7.4986	-11.7618
-11.7548	-8.6646	-4.4105	-3.1678	2.2198	2.3367	-2.7122	-3.1919	-7.4989	-10.3641
-12.7954	-8.8923	-3.3046	-2.6873	2.1447	2.3426	-2.7968	-3.5541	-8.9372	-10.8407
-11.9515	-8.7438	-3.2712	-2.9336	2.2397	2.2403	-3.7020	-2.8884	-8.0622	-10.9683
-12.2066	-7.3529	-2.6327	-3.0568	2.0918	2.6676	-2.9802	-3.1918	-8.1217	-12.3595
-12.6331	-8.4150	-3.5681	-3.1119	2.4153	2.1325	-2.2660	-3.9409	-7.8045	-11.0757
-10.4640	-8.3820	-4.1657	-2.5718	2.1923	1.6162	-3.2844	-3.1940	-8.4523	-11.0273
-10.5489	-6.8245	-3.2802	-2.3311	2.7517	2.1918	-4.1574	-3.9815	-7.8224	-10.8380
-13.1314	-8.7831	-3.4426	-3.1053	2.1732	2.3376	-3.2552	-4.1259	-9.0143	-12.3724
-10.9449	-8.5892	-3.8345	-3.3049	2.3198	2.4907	-2.6089	-3.2399	-7.1871	-11.0316
-10.2399	-7.4207	-3.0322	-2.1705	2.8529	3.0307	-1.8643	-3.1207	-7.3159	-13.2628
-13.2505	-7.3542	-3.0032	-3.2440	2.2617	2.0744	-2.7162	-2.7907	-7.9104	-11.0860
-10.7277	-8.0411	-3.2027	-3.2895	2.4173	2.4498	-2.2068	-3.4293	-9.1659	-9.7016
-12.2710	-6.6882	-3.4955	-3.8767	2.1748	2.2799	-2.2326	-2.5341	-8.7046	-11.3506
-13.4820	-8.7082	-2.9668	-2.2950	2.4359	2.4362	-3.0563	-3.3589	-7.3664	-11.3396
-10.1159	-7.0771	-3.2084	-3.1115	2.2733	2.1050	-3.3826	-3.4145	-8.5641	-13.2723
-9.6725	-7.0349	-2.8303	-2.8428	2.4231	2.5184	-3.3108	-4.3481	-8.7668	-13.4924
-10.6462	-8.7706	-3.1003	-2.6920	2.4607	2.6199	-2.8381	-4.3209	-9.6956	-11.3446
-12.6958	-9.2897	-4.0790	-2.2009	2.2437	2.1495	-2.2383	-3.0108	-7.7396	-10.6247
-11.8182	-7.5919	-3.0657	-2.9776	2.4271	2.2639	-3.2234	-3.0365	-7.1982	-11.4458
-10.8766	-6.5194	-4.0392	-4.0030	2.1955	2.4694	-3.0009	-3.5564	-7.9327	-11.0936
-13.1121	-7.3806	-4.1139	-4.2239	2.1733	1.7760	-2.4246	-2.8730	-7.7526	-9.3390
-14.8039	-8.7866	-2.9365	-2.7550	1.9419	2.4418	-2.9662	-3.9150	-7.6737	-13.7527
-12.3401	-7.2123	-3.5443	-3.0378	2.4063	1.9412	-3.7270	-3.8675	-8.4954	-10.3153
-12.3690	-9.1799	-2.8604	-2.4662	2.5052	1.9689	-2.9385	-3.2247	-7.7648	-13.2368
-11.2316	-6.5557	-3.1355	-3.1143	1.9314	2.0653	-4.1129	-3.2815	-7.2719	-13.2661
-12.8959	-7.0307	-3.0531	-4.2909	2.1129	2.3701	-3.5596	-3.6762	-8.6922	-11.6524
-11.8745	-7.2366	-2.9764	-3.2072	2.3276	2.3305	-3.1714	-3.3934	-8.3348	-10.7848
-11.4439	-9.1785	-4.0243	-2.4173	2.5316	2.0341	-2.3068	-4.1914	-9.5153	-15.4933
-11.4780	-7.3068	-3.2982	-2.9707	2.2835	2.2771	-3.8518	-3.1881	-8.2460	-14.2358
-13.2161	-7.1603	-3.7327	-3.2933	2.1269	1.9883	-3.2914	-3.4284	-8.5859	-12.7281
-9.4116	-7.8119	-4.3166	-3.4848	2.3319	2.4125	-2.6535	-3.5685	-8.8134	-10.7398
-13.6711	-8.3628	-3.4136	-2.8526	2.0818	2.1836	-3.1524	-2.9972	-8.5054	-12.9284
-9.4627	-7.2130	-2.8501	-3.1139	2.4248	2.3723	-3.1650	-3.6214	-8.8114	-9.4388
-11.0857	-8.2364	-2.5527	-2.6473	2.4538	2.5419	-2.5736	-2.9224	-8.2053	-12.0663
-10.3585	-7.7586	-3.0356	-2.6844	2.1043	2.5764	-2.9554	-3.2142	-6.3511	-11.7781
-11.3776	-6.2480	-2.5699	-3.7530	1.8398	1.8027	-2.7023	-3.7806	-8.1024	-13.0502
-12.4213	-7.9748	-3.4349	-2.3278	2.3597	1.9622	-3.3076	-4.6542	-8.9594	-11.7008
-13.0244	-8.3450	-2.9568	-2.9484	2.4896	2.2156	-3.4904	-3.3724	-8.4498	-11.6918
-10.7556	-7.5215	-2.7072	-3.4681	2.5193	2.9187	-2.6113	-3.7139	-8.1580	-10.3862
-9.3671	-7.7375	-3.2101	-3.1247	2.1230	2.2247	-2.9045	-3.7286	-8.9237	-11.7550
-9.5147	-9.4221	-3.9620	-3.4336	2.3133	2.3742	-4.1327	-3.7316	-8.2395	-10.1684
-11.5126	-7.7589	-3.4078	-2.7040	2.3712	2.2480	-3.4608	-2.2872	-6.7557	-10.0707
-9.5167	-7.2787	-3.7581	-2.4971	2.1982	2.0904	-3.0317	-4.4317	-7.9416	-12.8384
-10.7875	-8.8267	-3.2426	-2.0470	2.7882	3.1085	-2.1808	-2.5235	-6.0996	-11.3009
-10.8209	-7.8570	-3.0706	-2.1798	2.9500	2.8287	-3.5217	-3.6933	-7.1044	-12.2758
-12.8497	-7.0286	-3.4974	-3.9127	2.3529	1.8528	-3.4771	-4.2787	-8.0910	-10.7311
-10.6705	-6.6106	-3.8834	-2.6709	2.2977	2.2680	-3.3246	-3.5256	-7.8773	-12.2732
-11.4641	-7.0819	-3.0327	-3.6446	2.7590	2.3426	-2.6788	-3.4946	-7.4611	-11.4005
-11.5168	-7.7611	-3.2839	-4.2468	1.7850	2.3367	-3.2215	-3.6946	-7.9115	-12.2864
-11.3081	-8.5312	-3.6352	-2.9414	2.4922	2.4773	-3.0925	-3.4815	-8.4701	-14.1337
-11.7279	-7.8943	-4.0877	-2.7882	2.7952	2.4546	-3.5948	-3.8256	-8.5842	-12.9119
-10.2312	-6.9570	-2.3814	-2.8082	2.4044	2.3854	-3.0460	-4.1645	-8.4749	-14.8695
-11.7758	-10.0150	-3.4987	-2.9498	1.9948	2.2198	-3.3515	-2.3152	-7.2150	-8.7764
-8.5441	-6.5207	-3.0256	-3.9763	2.4142	2.8304	-2.7758	-3.4673	-8.2059	-11.0919
-9.4130	-7.4719	-3.6253	-2.9674	2.3983	2.3497	-3.0453	-3.1194	-7.8367	-11.4405
-11.4464	-8.2562	-3.4663	-3.9036	2.1723	2.3427	-3.9988	-3.7605	-6.9320	-12.5629
-10.6284	-8.0762	-3.2722	-3.2569	1.9395	2.5606	-3.4223	-4.2971	-7.0080	-10.1410
-14.5580	-7.6780	-3.6568	-3.2932	2.2464	2.0820	-3.8299	-3.9060	-8.6287	-12.4987
-12.8347	-8.9242	-3.9746	-3.7361	1.9329	1.8083	-2.6996	-3.9018	-8.4331	-11.9911
-10.1883	-7.4174	-3.2098	-3.3283	2.2960	2.5496	-2.4810	-2.5633	-7.9596	-11.2732
-10.0255	-7.8164	-3.1533	-2.3204	2.1943	2.2394	-3.6182	-3.8228	-8.3789	-14.5028
-9.5559	-7.6256	-3.3711	-4.1620	1.9170	2.3207	-3.2843	-3.5921	-8.4280	-10.2133
-12.0484	-7.7206	-4.1657	-3.0027	1.7750	2.4955	-2.3252	-3.5502	-7.7484	-11.2628
-9.3967	-8.2189	-3.8932	-3.0698	2.3367	1.8782	-2.8079	-4.0534	-9.0617	-11.8811
-11.8017	-7.4805	-3.7144	-2.5654	2.4988	2.3494	-2.7732	-3.2454	-7.1889	-10.4836
-10.4221	-6.8818	-3.3193	-4.2096	1.5314	1.8522	-3.1652	-3.1446	-8.7598	-14.2881
-11.1256	-7.1598	-3.1174	-3.0477	2.0673	2.1862	-3.0464	-4.3951	-8.4861	-11.4485
-10.8566	-7.4051	-3.0569	-2.7168	2.4314	2.1795	-3.4833	-3.0152	-8.7251	-15.5509
-10.7814	-7.2317	-3.9530	-3.2740	2.2572	2.1699	-3.2898	-3.3978	-8.6603	-13.3607
-12.2657	-8.2134	-3.6709	-3.3404	2.4338	2.1420	-2.8068	-3.4318	-7.3621	-10.3968
-10.9314	-7.7779	-2.9088	-2.6438	2.1176	2.5065	-2.7027	-3.4279	-7.6926	-9.8315
-12.7514	-8.9907	-4.4610	-3.0734	1.8642	2.3829	-3.5871	-4.0770	-7.8695	-12.5889
-11.2702	-8.5733	-3.2620	-2.9516	2.4005	2.2165	-2.7048	-3.7154	-9.4678	-12.7709
-12.0019	-7.2901	-3.6414	-3.1792	2.5554	2.3888	-2.2789	-3.5266	-7.6634	-12.0169
-11.0469	-7.5815	-3.5867	-2.4245	2.1469	2.6637	-2.8695	-2.8060	-6.6100	-12.3094
-12.4800	-9.5492	-3.9014	-3.5977	2.3509	2.1485	-2.8047	-3.7900	-7.6968	-12.4907
-12.0410	-8.0142	-3.5070	-1.7338	2.3345	2.4903	-3.0796	-4.0113	-7.3106	-11.9123
-11.0880	-7.8015	-3.6047	-2.2405	2.5213	2.3169	-2.9458	-4.0632	-7.9040	-11.8642
-12.6229	-6.9360	-2.6598	-2.7705	2.1127	2.1983	-3.1180	-3.2089	-8.2974	-13.5311
-9.4716	-7.9813	-3.3767	-3.0535	2.5223	2.2900	-4.1106	-4.4287	-7.7211	-9.5045
-9.7015	-7.9115	-3.8674	-3.2053	2.2033	1.8925	-3.7151	-4.4248	-7.9086	-11.4353
-10.4158	-7.2533	-3.7451	-2.9346	2.2066	2.3290	-3.5223	-3.3689	-6.3642	-9.6910
-11.6327	-7.8298	-2.3093	-2.8771	1.9856	1.8691	-3.1468	-3.6674	-7.4550	-10.8130
-11.5876	-8.2060	-3.6905	-3.3113	2.1508	2.6142	-2.9541	-2.8755	-6.6151	-10.2409
-10.0117	-6.8365	-3.6731	-2.8276	2.0764	1.6905	-3.3749	-3.4643	-8.1936	-16.4505
-10.2389	-6.5145	-2.9737	-3.6714	2.1975	1.9050	-2.7390	-4.8146	-8.1697	-8.5816
-10.4554	-7.7071	-3.1253	-3.3848	2.1995	2.2733	-4.0150	-4.1950	-8.3038	-10.3626
-12.7245	-6.8192	-2.9601	-3.2772	2.6349	2.4677	-2.8490	-4.0858	-8.3617	-11.5609
-9.0061	-6.9829	-4.4283	-4.5935	1.6810	2.1395	-4.1087	-3.5252	-7.6206	-13.1411
-12.1879	-8.6270	-3.3269	-3.2768	2.1719	2.4252	-3.1372	-3.5864	-7.2230	-11.8961
-11.7369	-6.7549	-2.3431	-2.0276	2.5217	2.1674	-3.6661	-3.4936	-8.1116	-12.0116
-11.4098	-7.5611	-2.8664	-2.5456	2.1952	1.9277	-1.8479	-3.7150	-7.8361	-10.5193
-12.6157	-9.6479	-4.0480	-3.6106	2.8282	2.6868	-2.5637	-2.8267	-8.7323	-12.5555
-9.8400	-7.4650	-2.5566	-2.4868	2.6835	2.2154	-3.3483	-3.5636	-7.9345	-12.6996
-12.7343	-8.6121	-3.0820	-2.8411	2.3858	2.0840	-3.4085	-3.7252	-8.9594	-11.3412
-13.4458	-7.8555	-3.5655	-3.1904	2.4506	2.4600	-2.9354	-3.0604	-7.7297	-11.7672
-10.1837	-7.5042	-4.1596	-3.1636	2.4694	2.4827	-3.1093	-3.3053	-8.2820	-13.5762
-10.0337	-8.9831	-3.5413	-3.1266	2.4093	2.3192	-2.7111	-2.1066	-7.0433	-9.9827
-9.5975	-7.7455	-2.8588	-2.9280	2.0560	1.8404	-2.1533	-3.1927	-7.4211	-11.3712
-10.7132	-7.8576	-2.5441	-2.9291	2.3665	2.1779	-3.0855	-3.7844	-8.0946	-10.6051
-12.3001	-7.4303	-3.3658	-2.9020	2.3266	2.6580	-3.3308	-3.2905	-6.9009	-10.6513
-9.4157	-7.2226	-2.6256	-2.3650	2.5610	2.9008	-3.4198	-4.1007	-8.1539	-11.1526
-11.3941	-9.6799	-3.4773	-2.7554	2.0700	2.2504	-2.4751	-3.6001	-8.5856	-11.3403
-13.3734	-8.7265	-3.4626	-3.3419	1.9393	2.1426	-3.6069	-3.9856	-7.7003	-12.1506
-9.7342	-7.2455	-3.9208	-2.9554	2.7626	2.6394	-2.7455	-3.0125	-7.4922	-11.0911
-13.0522	-8.7381	-4.0891	-2.9011	2.4725	2.2811	-2.2913	-2.9775	-8.2611	-10.3802
-12.0794	-8.2508	-2.9376	-2.3269	1.9891	2.6171	-3.1053	-2.8928	-7.2233	-11.5781
-14.1515	-7.9764	-3.2297	-2.5719	2.3747	2.0909	-2.1639	-3.5777	-8.5346	-9.8160
-12.3559	-11.1544	-4.0095	-2.8469	2.0687	2.2380	-3.1173	-2.5599	-6.8221	-14.0522
-10.0831	-8.1961	-3.3708	-3.0354	2.6225	2.5381	-3.1724	-2.9543	-7.2298	-11.0733
-10.8717	-6.7833	-3.5732	-2.9273	2.3065	1.7576	-2.6233	-3.4564	-7.6521	-12.0327
-11.1485	-7.6251	-3.6521	-3.1955	2.2240	2.1967	-2.8216	-3.1292	-7.2425	-10.9960
-12.5361	-8.3782	-4.0261	-2.9565	2.0876	2.3059	-3.6144	-3.6128	-7.6406	-11.2152
-12.8823	-8.3699	-4.0155	-3.6986	2.6377	2.7554	-3.2655	-3.2502	-9.3271	-11.7698
-12.7922	-7.8765	-3.5044	-3.0288	2.4814	2.4570	-3.1600	-3.3831	-7.5280	-14.0990
-10.1346	-7.4564	-2.6867	-2.6241	1.7985	2.1160	-2.5299	-3.3062	-8.8174	-13.8504
-10.5400	-8.2374	-4.7075	-3.5707	1.6524	2.1175	-3.8096	-3.6160	-7.6902	-10.7830
-11.7741	-7.6476	-3.5418	-3.2061	1.8799	1.9867	-2.8311	-3.2834	-7.3227	-11.4992
-11.4588	-8.0181	-3.0067	-2.6727	2.1202	2.5692	-2.2001	-3.3254	-8.7720	-11.4753
-9.7021	-8.6384	-3.9445	-3.6053	2.3487	2.5090	-3.1351	-3.6916	-8.3233	-13.4038
-10.3732	-7.7970	-3.5306	-2.4025	2.3834	2.7266	-1.7699	-3.1717	-7.3409	-10.3158
-9.4710	-7.6049	-3.8424	-3.2287	2.5556	2.5274	-3.6424	-3.6992	-7.8608	-11.2196
-13.2163	-8.5831	-3.7807	-2.7362	2.0843	2.0292	-4.2355	-3.5973	-6.9682	-11.7929
-11.4764	-7.3200	-2.6968	-2.8477	2.0085	1.8326	-2.7661	-3.4139	-9.3712	-10.6170
-11.6711	-8.9423	-3.5119	-2.8140	2.2477	2.2544	-3.8370	-3.2380	-7.1575	-13.3529
-9.9745	-6.8991	-3.1976	-2.7634	2.1575	1.7873	-3.3317	-3.2712	-7.7363	-11.6073
-13.5945	-7.7721	-3.2645	-3.6411	1.5693	2.3362	-3.2033	-2.9427	-7.6779	-13.4563
-13.2949	-9.4058	-3.6072	-2.9376	2.5682	2.0844	-2.5056	-3.6261	-7.9104	-11.6613
-9.8556	-7.0606	-3.8223	-3.1591	2.6797	2.0435	-2.9302	-3.6294	-7.9857	-11.2078
-10.5203	-7.2531	-1.8050	-2.9620	2.4351	2.4119	-3.5461	-3.2959	-7.0689	-10.1601
-11.5694	-8.2788	-4.1868	-3.1472	2.1517	2.0523	-4.6838	-4.2399	-7.5551	-11.1083
-11.0189	-6.7125	-3.7894	-3.7693	2.2667	1.9254	-2.6185	-3.3892	-8.1668	-11.6773
-14.4238	-8.6907	-3.1822	-2.7677	1.7008	2.6006	-2.9426	-4.0023	-8.2318	-11.5345
-12.3318	-7.8049	-2.6928	-2.4469	1.7689	2.0120	-3.2729	-2.7655	-6.2971	-10.6841
-11.4039	-8.2402	-3.2044	-3.0971	2.3151	2.3204	-2.9753	-3.4613	-7.5825	-11.6921
-10.1184	-8.7125	-3.0731	-2.0307	2.5871	2.0993	-3.0967	-3.3586	-6.5998	-12.4060
-11.0970	-8.0565	-3.4241	-2.2935	2.2058	2.1143	-3.7424	-4.0771	-7.9342	-10.0296
-9.5449	-8.2791	-3.8675	-2.8404	1.8826	2.2100	-2.4908	-4.2202	-8.3056	-12.1377
-10.5397	-9.3764	-3.5335	-1.9847	2.3723	2.3810	-2.8965	-3.4626	-8.3910	-12.0787
-10.7491	-7.3651	-2.6724	-2.3193	2.4877	2.4402	-1.6461	-3.4537	-7.8280	-10.4644
-11.9557	-8.2073	-3.8887	-3.8033	1.8382	1.6642	-3.5421	-4.3969	-9.3236	-11.1395
-10.0875	-7.4872	-3.5515	-3.2425	1.9709	1.7811	-2.7789	-3.9600	-9.3876	-13.7165
-11.2667	-6.8546	-3.3282	-2.6147	2.6219	2.4641	-2.5665	-3.9747	-8.7427	-12.5867
-12.1313	-6.7932	-3.9372	-3.7477	2.3431	1.7978	-3.4411	-3.3413	-7.6071	-10.8141
-10.7739	-8.1559	-3.8343	-2.9429	2.5928	2.8957	-3.0592	-4.0893	-7.6137	-11.5414
-11.4765	-7.6590	-3.3161	-3.2920	2.0014	2.0625	-2.5931	-3.6787	-6.8561	-10.8883
-11.6666	-7.7989	-3.2963	-2.8997	2.1273	1.7596	-3.7322	-4.0719	-6.3784	-9.9556
-8.8627	-7.7708	-3.1113	-1.4408	3.0848	2.2959	-2.6402	-3.5949	-7.7066	-11.7747
-13.5665	-8.3314	-4.1102	-2.9366	2.1374	2.5955	-2.5022	-3.3083	-7.5045	-10.0912
-12.0235	-6.3924	-2.9305	-3.7761	2.6075	2.5784	-2.9878	-3.7224	-8.0310	-10.5502
-10.3208	-8.5456	-4.4111	-3.4583	1.6985	2.1603	-3.1256	-3.1462	-6.6725	-11.4832
-12.3738	-8.8417	-3.5764	-3.5592	2.1384	1.9740	-3.3671	-3.8177	-9.6467	-12.2549
-10.5240	-6.7087	-2.8738	-3.1478	1.8709	1.9726	-3.4450	-3.0250	-6.9536	-13.4805
-10.4992	-7.4289	-3.6121	-2.5104	2.6095	2.3822	-3.5007	-4.6012	-8.4144	-11.4005
-9.2303	-7.4747	-3.7276	-3.0628	2.2067	2.2910	-2.2730	-3.7332	-7.6121	-10.5595
-12.0668	-7.2477	-3.7421	-3.5077	2.0736	2.4051	-1.9682	-3.2638	-7.5219	-10.8687
-11.5810	-7.8379	-3.9133	-3.4522	2.3777	2.0499	-2.9613	-2.9587	-8.1779	-9.4548
-10.8766	-8.2100	-4.4080	-3.8105	1.8308	1.8920	-3.0122	-2.9925	-7.6370	-10.5536
-11.4515	-6.8939	-3.2940	-3.3046	1.9830	2.0348	-3.2046	-3.3312	-7.5993	-9.3377
-10.3145	-7.1920	-3.0744	-3.1885	2.1614	2.3300	-3.3872	-3.8824	-8.2921	-11.5312
-13.9633	-8.0860	-3.5616	-3.5398	1.7459	2.4849	-2.8804	-3.2291	-7.3110	-11.8158
-9.0061	-7.2342	-1.8104	-2.4882	2.1648	1.6510	-3.0653	-3.0117	-8.0578	-13.1434
-12.4815	-8.8374	-3.5515	-3.1044	1.9489	1.9574	-3.2743	-3.5952	-9.0181	-13.2192
-12.9905	-7.5455	-2.5158	-3.1570	2.1904	2.1494	-2.6731	-3.3061	-8.1334	-11.5736
-10.7271	-6.8555	-3.2309	-3.3430	1.8942	2.5359	-2.3934	-2.7323	-7.1318	-10.0777
-10.2324	-7.7223	-3.5241	-3.6986	2.0346	2.0530	-2.8255	-3.3730	-6.8856	-11.1472
-11.1663	-7.6943	-3.3867	-3.9597	1.7879	1.9726	-3.2488	-3.3563	-7.9049	-14.0907
-10.9883	-7.9484	-4.0235	-2.7775	2.4664	2.8545	-2.6507	-2.6341	-8.8403	-12.0541
-10.2709	-8.3110	-3.5843	-3.8746	2.3171	2.1104	-3.3988	-3.1741	-8.3559	-14.2995
-11.2385	-7.9973	-3.0946	-3.0432	2.4459	2.2134	-3.7195	-3.8553	-7.8121	-9.4483
-14.9365	-7.8238	-3.0294	-3.2290	2.0943	2.1457	-3.2169	-3.6941	-8.7132	-11.0743
-11.6209	-8.8839	-2.9628	-2.6825	2.1813	1.8448	-3.5476	-3.6553	-8.2623	-11.5138
-8.8338	-7.3097	-3.2610	-3.5834	2.3863	2.6229	-2.9265	-2.8647	-6.4115	-10.2084
-12.8846	-9.4425	-4.0810	-2.3883	2.5965	2.6610	-2.9256	-3.1437	-7.2542	-12.1577
-9.4670	-7.6632	-3.4063	-2.5737	2.3268	2.4983	-2.6112	-3.3866	-8.2130	-10.8749
-10.3886	-6.8098	-3.5238	-3.1521	2.6484	2.4266	-3.8572	-3.2805	-7.1864	-11.3851
-12.8133	-7.2840	-3.6056	-2.2549	2.2714	2.2002	-2.5489	-4.4906	-8.2952	-12.3603
-10.0202	-7.8115	-4.0908	-3.5073	2.5453	2.4613	-2.5362	-3.5374	-7.5279	-11.1923
-13.2035	-7.9074	-2.9669	-2.4107	1.7825	2.0272	-2.8533	-3.3446	-7.8804	-10.7809
-11.9690	-9.0651	-4.2442	-3.0394	1.9956	2.2263	-3.7915	-3.3232	-8.9812	-12.2979
-12.7819	-7.6270	-3.3941	-2.9535	2.3413	2.2519	-3.1321	-3.2006	-8.4790	-13.0843
-11.5582	-7.8745	-3.3822	-3.4261	2.4295	2.2665	-3.1506	-3.1712	-7.6949	-13.0184
-12.0559	-8.1009	-3.0145	-3.2337	2.2922	2.5077	-2.4359	-3.2903	-9.6655	-11.1593
-12.7585	-7.7603	-2.9847	-2.5215	2.6697	2.5591	-2.5378	-3.0469	-7.2637	-8.7701
-11.8206	-8.2172	-3.8494	-2.5680	2.2670	2.2948	-2.8226	-3.1828	-6.7164	-11.8585
-15.2195	-7.6198	-4.0674	-4.0359	1.9410	2.1704	-3.0511	-2.4702	-7.2002	-12.3241
-10.0455	-8.0506	-3.2792	-2.7363	2.3991	1.9345	-3.1385	-2.8313	-7.4927	-13.2084
-11.7381	-6.7090	-3.4701	-3.7703	2.5694	2.4269	-2.1775	-2.9264	-6.4797	-10.3946
-13.1178	-8.1270	-3.8460	-2.5686	2.4244	2.2894	-2.4923	-3.0194	-7.9408	-12.4437
-10.9745	-8.4560	-3.8468	-2.6817	2.1646	2.2261	-2.5059	-3.4363	-7.4367	-11.1849
-11.9098	-7.6897	-3.6817	-2.0587	2.6570	2.3587	-3.0073	-4.0089	-8.1888	-11.7431
-11.0012	-6.7693	-3.9657	-4.2623	2.7015	1.8420	-4.3298	-3.9709	-7.6850	-9.6257
-8.8723	-8.1055	-3.5731	-3.0475	2.0839	2.7147	-2.9665	-2.9982	-6.0445	-12.1039
-14.7764	-8.1322	-3.8241	-2.5798	2.4603	2.5963	-2.8001	-3.0539	-7.9011	-12.8249
-11.3428	-7.1176	-3.2511	-3.0785	2.6665	2.4695	-2.6417	-3.1235	-6.1841	-9.3322
-13.7274	-9.5241	-3.4998	-3.1390	2.8001	3.2885	-2.1524	-3.2758	-8.0670	-10.4780
-8.6065	-8.0124	-3.6095	-2.9808	1.6009	2.1895	-3.7231	-3.8226	-6.7267	-10.5506
-12.2512	-7.2094	-3.6188	-3.5564	1.8545	1.9033	-3.1766	-2.9256	-8.3509	-10.4555
-13.3117	-7.9309	-3.4692	-2.9985	2.2748	2.8089	-2.6566	-2.9712	-7.3527	-11.6097
-10.3308	-8.1781	-3.1195	-2.1974	2.4257	2.6475	-3.4287	-2.9398	-6.9824	-11.0462
-11.0064	-8.5735	-3.3204	-3.2706	2.2131	2.1601	-3.4295	-3.4452	-7.2993	-9.5814
-12.1533	-8.7159	-2.9408	-2.7559	2.3141	2.0899	-3.1573	-4.1076	-7.0332	-11.5496
-12.1205	-9.4835	-3.4008	-3.6151	2.0022	2.4936	-2.7901	-3.2592	-8.0254	-9.5026
-10.1765	-6.7317	-2.8427	-2.9360	1.9512	1.8690	-3.3843	-3.8907	-8.4897	-14.8082
-9.6584	-6.8216	-3.7285	-4.2045	2.3087	2.0003	-2.8800	-3.6180	-9.0490	-12.6899
-11.5508	-8.6007	-3.9218	-2.8972	2.1793	2.0704	-3.4640	-3.8940	-7.8590	-13.9702
-11.6803	-7.7692	-2.8969	-2.7261	1.9560	1.8612	-2.6124	-3.1853	-7.2751	-13.3127
-10.7966	-7.2004	-4.5963	-3.6246	2.6535	2.5955	-2.9104	-3.2181	-8.5426	-10.7431
-10.8316	-8.1659	-3.4589	-2.3616	1.8339	1.9849	-3.8670	-3.5625	-9.0364	-11.0005
-13.1592	-7.0279	-3.4239	-3.2004	2.3215	2.5737	-2.5243	-3.5672	-8.4426	-12.4472
-9.4121	-6.9848	-3.7756	-2.8068	2.4826	2.4183	-3.5403	-4.4870	-7.1687	-11.0413
-13.4226	-7.0545	-3.5823	-2.7744	2.5031	2.2005	-3.0127	-3.2177	-7.8856	-11.2221
-13.1191	-7.5067	-2.7340	-2.7616	2.1115	1.9831	-2.5584	-3.6228	-8.5753	-12.9810
-9.9860	-7.0693	-3.3999	-3.0317	2.2798	1.6945	-3.1357	-3.0019	-6.8832	-10.2506
-12.6541	-7.4819	-3.2393	-3.1781	2.2225	2.3146	-2.7908	-3.3479	-8.6576	-11.6114
-11.0609	-7.3648	-3.7036	-3.2659	2.1874	1.9048	-2.6435	-3.7778	-8.8767	-10.0550
-10.3866	-7.7890	-3.6433	-2.6789	2.8700	2.0501	-2.2035	-3.2709	-7.0379	-11.7928
-11.8480	-9.4325	-4.1273	-2.7659	2.0641	1.9462	-3.0234	-3.2553	-7.6433	-10.1561
-11.6164	-8.3697	-2.8165	-2.0032	2.6450	2.6932	-2.1792	-3.4310	-7.7324	-11.8864
-11.1364	-8.2317	-3.1621	-2.4671	2.5846	2.2116	-2.0100	-3.4193	-8.4602	-10.9860
-10.7465	-6.3561	-2.5221	-3.2916	2.7726	2.4778	-2.7962	-4.5853	-8.7773	-12.3320
-11.3009	-7.4373	-3.7643	-3.0277	1.9579	2.0448	-2.5520	-3.5255	-8.0375	-10.5068
-11.8282	-7.3719	-3.6652	-3.6054	2.0174	2.3579	-3.5156	-3.2558	-7.7449	-13.5807
-11.8721	-8.0701	-3.0277	-2.1898	2.4547	2.2093	-3.4346	-3.2547	-7.9491	-10.3378
-11.3034	-7.5723	-3.7259	-3.4537	2.2106	2.2998	-1.8849	-2.9108	-7.0629	-12.8795
-10.8805	-7.6609	-3.9418	-3.7023	1.8387	2.1796	-2.8710	-3.2879	-6.9927	-11.8045
-13.4085	-10.7127	-4.0874	-2.2992	2.1522	2.6151	-2.7073	-3.4134	-6.6666	-10.4081
-11.7222	-7.4248	-3.2861	-3.5670	1.8830	2.0004	-2.9835	-3.1303	-7.5147	-10.1780
-12.4414	-8.1241	-3.6456	-3.7544	1.5838	1.3662	-3.3846	-3.9958	-6.6497	-11.1528
-12.2791	-7.8109	-3.3688	-3.6347	2.0170	2.4613	-3.3333	-2.5935	-6.6426	-13.9937
-13.4530	-7.5541	-3.2732	-3.1188	2.0445	2.1094	-3.1262	-3.3593	-6.8836	-9.1471
-11.6104	-9.0288	-3.2440	-2.7643	2.5808	2.7295	-3.2570	-3.9570	-8.3970	-10.4961
-12.0208	-7.2274	-3.2169	-2.5779	2.0881	1.8520	-3.8008	-3.5084	-8.0463	-11.1225
-12.4922	-7.1067	-2.3189	-2.6223	1.7698	1.6388	-2.9817	-3.6370	-10.4362	-13.2862
-10.9825	-6.7436	-3.4544	-3.7754	2.1958	2.4480	-3.3657	-3.3041	-8.1798	-13.2685
-9.7442	-6.5372	-2.8497	-2.5514	1.8238	2.1808	-3.3117	-4.1605	-8.5651	-11.7995
-10.1138	-6.6877	-3.0436	-2.8628	1.9685	2.4832	-3.1501	-3.9826	-7.4397	-10.8219
-10.8217	-7.7958	-2.9460	-2.4263	2.5009	2.0444	-3.5288	-3.6280	-7.9244	-12.0205
-11.3865	-6.7722	-3.3555	-4.4261	2.1630	2.8496	-2.4624	-3.0530	-7.6592	-9.5469
-10.6371	-6.5182	-3.6372	-4.1597	1.7274	2.3268	-3.9285	-2.9373	-6.7147	-13.0514
-10.9023	-7.2337	-3.7174	-3.4091	2.5671	2.2894	-2.5425	-3.4775	-8.1346	-10.4855
-12.7005	-6.6680	-3.0164	-3.1118	2.3481	2.4707	-2.1221	-2.6337	-7.3513	-9.4338
-9.1149	-7.3535	-3.1531	-2.9452	2.7140	2.6692	-3.0176	-3.4777	-7.3426	-12.1348
-12.1676	-6.5831	-3.2525	-3.2437	2.7237	3.1259	-1.6227	-3.9446	-6.8388	-13.5299
-10.6853	-7.0687	-2.8085	-2.3847	2.2874	2.7039	-2.6339	-3.1739	-7.5799	-11.5849
-13.3982	-7.9077	-4.1746	-3.5568	2.0951	1.8536	-3.7418	-3.5217	-7.8510	-10.7731
-10.7155	-8.1627	-2.8981	-2.8887	2.3208	2.2828	-3.1506	-3.2851	-7.7461	-10.8944
-13.9352	-10.5056	-3.3434	-2.8014	2.5799	2.1993	-3.2224	-3.3218	-7.9312	-11.9605
-12.9214	-7.3023	-3.6340	-2.5513	2.3171	2.4651	-3.4892	-3.4774	-7.1598	-11.2752
-10.9956	-8.9045	-4.4532	-3.5496	2.1530	2.1256	-3.1597	-3.1990	-7.5742	-10.7113
-10.5350	-7.4221	-2.7447	-2.5660	2.2525	2.7220	-2.7931	-2.7172	-8.3080	-11.2754
-11.1415	-7.9109	-4.3353	-3.1304	2.7859	2.3345	-3.8803	-3.1629	-7.2211	-12.3354
-11.8668	-7.1526	-3.5307	-3.2411	2.1164	2.0045	-3.4924	-2.8287	-9.2516	-10.0937
-10.8611	-7.9306	-3.2072	-3.3827	2.3002	2.2759	-2.2059	-4.5801	-11.1234	-13.4081
-9.7794	-6.5933	-3.7600	-3.0297	2.7129	2.1888	-2.6534	-2.5874	-7.2318	-13.2569
-10.6281	-7.0788	-2.8500	-3.6737	2.7656	1.7009	-3.2478	-2.3389	-6.3625	-9.3025
-14.5719	-7.8426	-3.4598	-2.9470	2.5280	2.5245	-3.3283	-2.7618	-7.2675	-9.7913
-9.4675	-7.5381	-3.0261	-2.8790	2.6166	2.6896	-3.0850	-4.0073	-8.6518	-11.8194
-14.2561	-8.6247	-3.5430	-3.0073	2.6450	2.5062	-2.3061	-3.2344	-8.3447	-11.0687
-10.8125	-7.4405	-2.8256	-3.1790	2.0706	1.8952	-3.5794	-2.9801	-7.7909	-11.3662
-11.5646	-8.1629	-3.7655	-4.0774	2.0221	2.2120	-2.8510	-3.5895	-9.3551	-9.7412
-12.2893	-7.0016	-3.1429	-2.3214	2.5321	2.0126	-4.0382	-3.2485	-7.3052	-14.9320
-10.4861	-7.1590	-2.5836	-2.5751	2.6599	2.6420	-2.8362	-3.5819	-7.6548	-13.0872
-10.0815	-7.0379	-3.0054	-3.2015	2.0403	1.8629	-3.9229	-4.0422	-7.2777	-10.5274
-12.3580	-7.6643	-2.8496	-2.5856	2.5413	2.1906	-2.2767	-2.9039	-7.8996	-11.7581
-12.3362	-9.3189	-3.5577	-2.7333	2.1941	1.7271	-3.2427	-3.3231	-8.1182	-12.1550
-18.2690	-8.0644	-3.6312	-2.3522	2.4248	2.2833	-3.1794	-3.1649	-7.5359	-10.8951
-10.1132	-8.8064	-3.4218	-2.8624	1.8845	2.0403	-3.5600	-3.8719	-7.4520	-11.0735
-11.9356	-7.6302	-2.8952	-2.4628	2.6654	2.1754	-3.3315	-3.5964	-7.1945	-12.1516
-13.6437	-8.3422	-3.2884	-4.2950	2.1228	1.9457	-3.7402	-3.2290	-6.8124	-10.4202
-11.5491	-8.1206	-3.3487	-2.9752	2.3816	2.2038	-2.5913	-3.1767	-7.0682	-9.6337
-12.4924	-8.1014	-4.3376	-3.3133	2.1084	2.2646	-2.8894	-3.4286	-6.8512	-11.1540
-11.1770	-7.9158	-3.6288	-2.1448	2.8352	1.9238	-3.6764	-3.3912	-7.2593	-12.5246
-12.5080	-8.3534	-3.0958	-2.2035	2.4683	2.2038	-2.9004	-3.8170	-8.6574	-11.7937
-11.5701	-7.9674	-3.6873	-2.5868	2.0576	2.1508	-2.8812	-3.9987	-8.4661	-12.7830
-9.9341	-8.2455	-3.9311	-2.9775	2.0462	2.1061	-2.6448	-3.6960	-7.7127	-10.5274
-9.9088	-8.8010	-3.8444	-2.9803	2.2990	2.2760	-2.8222	-3.5650	-8.9475	-15.2688
-12.2619	-6.8191	-2.9999	-3.1891	2.1912	2.5386	-3.3951	-3.0654	-7.9547	-14.0764
-11.8374	-6.6030	-2.7701	-2.6270	2.7625	2.3357	-3.1202	-3.5110	-7.7958	-10.7178
-11.3095	-7.2449	-3.4960	-3.4938	2.4385	2.5162	-2.8644	-3.5631	-7.4461	-11.8739
-11.4172	-9.2043	-4.0157	-2.4538	2.5694	2.3735	-3.5675	-3.6344	-7.3918	-13.1458
-9.5889	-7.2158	-2.8110	-3.3515	2.1734	2.5654	-3.0119	-2.9917	-6.8221	-10.9138
-11.9515	-9.4943	-3.8064	-2.9487	2.6928	2.6033	-3.1907	-3.6214	-7.5224	-11.7402
-11.4406	-8.0974	-3.8037	-3.2337	2.1729	2.3710	-3.4374	-2.8581	-8.2250	-13.4434
-11.9841	-8.6605	-3.9326	-3.7255	2.1227	2.0299	-2.7395	-3.9512	-7.9831	-12.7794
-9.4805	-8.0823	-3.5295	-3.3613	1.9708	2.4744	-2.4608	-4.2123	-9.0495	-12.2722
-12.1424	-7.6596	-3.2912	-2.3033	2.1171	2.0116	-3.4963	-3.8852	-7.1819	-10.1374
-10.8445	-8.1685	-3.2844	-2.9464	1.9272	2.3212	-3.5225	-3.4794	-7.0103	-11.4470
-11.9351	-8.1618	-3.9928	-2.9704	2.1476	1.8530	-2.6647	-3.7478	-8.7740	-9.7407
-14.3526	-7.8179	-3.2476	-3.5999	2.2559	2.7932	-3.5078	-3.2439	-7.9522	-9.3065
-12.8887	-8.0057	-2.9096	-1.8800	2.8053	2.7749	-2.4536	-3.0896	-7.6940	-10.0247
-10.1275	-7.8808	-3.9116	-2.6720	2.1736	2.4247	-2.8963	-4.1259	-8.6015	-12.6856
-13.7795	-9.0416	-3.9747	-2.1465	2.5379	2.6642	-2.8919	-2.6804	-7.7265	-14.2054
-8.9459	-7.7906	-3.5998	-2.6686	2.7558	2.1666	-3.3209	-4.3418	-9.1309	-11.4632
-10.8160	-7.4422	-4.4147	-4.4843	1.9835	2.5072	-2.9440	-3.3258	-7.9849	-11.4721
-11.0023	-8.2894	-3.8407	-3.3767	2.1625	1.6794	-3.2137	-4.6570	-9.4617	-12.3819
-10.9660	-7.1981	-4.0601	-3.2916	2.5438	2.4167	-2.6812	-4.1257	-6.9420	-12.0276
-12.3554	-8.6635	-2.9329	-2.5632	2.3517	2.3316	-3.0970	-2.9743	-7.7599	-14.2594
-10.9692	-8.7175	-3.8344	-2.4888	2.6229	2.3388	-3.3564	-2.9841	-7.1605	-11.5444
-13.6808	-7.0670	-2.4764	-2.4960	2.2742	2.3591	-2.7222	-2.6638	-7.5847	-11.8081
-10.5537	-7.9306	-3.9176	-3.3172	2.0337	2.2006	-3.5500	-4.5137	-9.3187	-11.4276
-12.9504	-8.5521	-3.2299	-2.0565	2.1795	1.8695	-3.8910	-3.9553	-6.8548	-9.8258
-12.6685	-7.6251	-4.2705	-3.2953	2.3128	2.1779	-3.3391	-3.4952	-8.0120	-12.7782
-9.6482	-6.8510	-2.9245	-3.5759	1.9398	2.3537	-3.1930	-2.9857	-6.3855	-14.0673
-10.3081	-6.8002	-3.1590	-2.7860	2.7063	2.4950	-3.1208	-3.7420	-7.3125	-9.6314
-11.8489	-7.3353	-3.0200	-2.6469	2.6837	2.5504	-1.9833	-3.3048	-7.3617	-11.6965
-11.7368	-7.8919	-3.1903	-3.5115	0.8805	1.8828	-3.0013	-3.8893	-8.5002	-12.7536
-11.3056	-9.5937	-3.8634	-2.5249	2.6887	2.6657	-1.9050	-3.3408	-8.0301	-10.4117
-14.2349	-8.7959	-4.2745	-3.6043	1.9319	2.0674	-3.4429	-3.3666	-7.6233	-11.7940
-10.4250	-8.6320	-3.3235	-2.7702	2.4433	2.3931	-3.2595	-3.3176	-7.7716	-10.2495
-11.7318	-7.0759	-3.0260	-3.0758	1.9099	2.3813	-2.0381	-2.7498	-8.5910	-11.2462
-11.2044	-7.3682	-3.7476	-3.2435	2.1036	2.0873	-4.1328	-4.7033	-8.7958	-11.1228
-10.4503	-7.8594	-3.6015	-2.4693	2.1697	2.2112	-3.7229	-3.9432	-6.7709	-9.4006
-11.4999	-8.3144	-4.2528	-4.1260	2.0485	2.1541	-4.0111	-3.8451	-7.9043	-9.8662
-11.1286	-7.9555	-3.2754	-2.4235	2.4766	2.3266	-2.7443	-2.5962	-6.1960	-10.8694
-11.7818	-7.2901	-3.6548	-2.8414	2.8852	2.4879	-2.1380	-2.7048	-9.0148	-15.5746
-14.4119	-7.7786	-3.3629	-3.4410	2.2962	2.3067	-3.1304	-3.2787	-9.3899	-10.2892
-12.8872	-8.2813	-3.5686	-2.6484	2.2438	2.2292	-3.0891	-3.8518	-8.3414	-9.6998
-10.8926	-7.6594	-2.4336	-2.1838	2.4299	2.0124	-3.2470	-3.6805	-7.4154	-12.6413
-11.6772	-7.1533	-3.1760	-2.7309	1.8694	2.7627	-3.3161	-1.9495	-6.9721	-11.1772
-12.4310	-8.6094	-3.7045	-3.3373	1.9451	1.8249	-2.5351	-4.2128	-8.3895	-11.1857
-9.9691	-8.4105	-4.0099	-3.3865	2.0873	1.9429	-2.9481	-3.9998	-8.4753	-10.5834
-10.5487	-7.3805	-2.3010	-2.8011	2.5077	2.7273	-2.9712	-3.4846	-9.4926	-12.6360
-11.4724	-8.3633	-3.6670	-3.5111	2.1417	2.4170	-3.1671	-3.2963	-6.2215	-10.5046
-14.1053	-8.6131	-3.6756	-3.9459	2.4100	2.4687	-2.9217	-3.5306	-7.8285	-9.3597
-10.1328	-6.5894	-3.0602	-3.2536	2.6005	2.7513	-2.8918	-3.5189	-5.9568	-10.3461
-10.7797	-7.7172	-3.0292	-2.7656	2.1098	2.2722	-3.3867	-3.1839	-7.6390	-12.4869
-13.1770	-7.2454	-3.2504	-3.2704	2.5984	2.6448	-2.6338	-3.8808	-8.6387	-14.2244
-11.6248	-7.2135	-2.5623	-3.2014	2.1708	2.0254	-4.1623	-3.5173	-6.9602	-11.7020
-10.9491	-6.6548	-3.5929	-3.7062	1.9424	2.5269	-2.8384	-3.7752	-7.1196	-11.9641
-11.8023	-9.1646	-4.4795	-2.1956	2.1339	1.7592	-2.9817	-2.6066	-8.6110	-11.7275
-11.4077	-7.5801	-3.2163	-2.8682	2.4494	2.2606	-2.7447	-3.6518	-8.9650	-11.6581
-9.4601	-7.5545	-3.6990	-3.6750	2.0604	2.0199	-2.9977	-2.6141	-6.4973	-10.8113
-11.1062	-6.8308	-2.6507	-3.2367	2.4068	2.2609	-3.0041	-2.8916	-7.3195	-9.2733
-12.3606	-7.2293	-3.5535	-2.7910	1.9463	2.0926	-2.4914	-2.7828	-7.4137	-14.6099
-10.9309	-6.2254	-3.4536	-3.4520	2.0758	2.5060	-2.1038	-3.7580	-8.5668	-11.3140
-15.2218	-9.5056	-3.8076	-2.8956	2.2867	2.5637	-2.4546	-2.9674	-8.1342	-10.9366
-11.2716	-6.7356	-3.7966	-2.8137	2.6612	2.7298	-1.8830	-3.5073	-7.3076	-13.4261
-10.6024	-8.1819	-3.5501	-3.4794	1.7720	1.9517	-3.3604	-4.3159	-8.2717	-10.2088
-9.3482	-7.5014	-4.5358	-4.0256	2.2159	2.2874	-3.4384	-3.3420	-6.9376	-10.1843
-13.0818	-8.1623	-3.0601	-2.7205	1.8934	2.0441	-3.9089	-2.9538	-6.1002	-11.6897
-9.6448	-7.6813	-3.6053	-3.4192	1.5801	1.9275	-3.8941	-4.0655	-8.4334	-13.9724
-12.3835	-7.2905	-3.5060	-3.9502	1.9794	2.1038	-3.2296	-3.5175	-8.6117	-14.7003
-12.2871	-7.7334	-3.6983	-4.0276	1.8840	1.5053	-3.4135	-3.3135	-7.4112	-11.6624
-12.7077	-8.1057	-3.2746	-3.7668	2.0972	2.4358	-3.3074	-3.8099	-8.4201	-10.4045
-10.1342	-8.8530	-4.0765	-2.8601	2.5433	2.2904	-1.9695	-3.2888	-8.0413	-11.6541
-10.9220	-7.5314	-3.3613	-3.3012	2.0409	2.0599	-2.5154	-2.7708	-7.5957	-12.1385
-11.0800	-8.6605	-3.3331	-2.3348	2.5963	2.1810	-3.1992	-3.6269	-7.2244	-11.9486
-11.3187	-7.4306	-2.8079	-3.1340	2.1919	2.0990	-2.9099	-3.2756	-8.2103	-11.0224
-9.9151	-8.5395	-3.3655	-3.2853	2.1748	2.8266	-2.6201	-3.8575	-8.6553	-14.2642
-14.7453	-9.4106	-3.7634	-3.0342	2.5769	2.2178	-3.4038	-2.7936	-7.5355	-10.8028
-11.9048	-7.0234	-2.7374	-3.3972	2.2925	2.3346	-3.1315	-3.4646	-7.8698	-11.4002
-11.1026	-7.9654	-3.5282	-2.7248	2.0688	2.2709	-3.3751	-3.3184	-6.6744	-12.6308
-13.8161	-8.5286	-3.7191	-3.2575	2.3033	2.3370	-2.5688	-3.9510	-8.3648	-10.8046
-10.9647	-9.6324	-3.6667	-2.4854	2.6846	2.8440	-3.4962	-3.5876	-7.5946	-11.0412
-10.2210	-7.1160	-2.6466	-2.3040	2.5693	2.3184	-1.9715	-3.9148	-8.8670	-11.7593
-10.6252	-6.2823	-2.1860	-2.0612	2.6536	2.5219	-2.5370	-3.3517	-8.0765	-10.3619
-15.0790	-8.7678	-3.0142	-2.9407	2.1563	1.8320	-3.0346	-3.7737	-8.4484	-11.6431
-11.0528	-10.1601	-3.8422	-2.1904	2.6154	2.2148	-3.4474	-3.5470	-7.7697	-10.0756
-11.4056	-7.6177	-3.6074	-3.2872	2.1043	2.0723	-3.8478	-3.4148	-7.7933	-11.1818
-13.1617	-8.5286	-3.7504	-4.2364	2.2437	2.2991	-3.5296	-3.2896	-7.4164	-9.9049
-10.2423	-7.2680	-3.0225	-2.4091	2.1763	2.1839	-3.4500	-3.5185	-8.4078	-12.3762
-11.1453	-7.3141	-3.2708	-3.3817	2.4232	2.4675	-2.4272	-3.1492	-8.7132	-13.1323
-10.1713	-7.2637	-3.2913	-3.2752	2.5870	2.2810	-2.7269	-3.1208	-7.9568	-10.7052
-10.9923	-6.8667	-3.4751	-2.4422	2.2722	2.8361	-2.7814	-4.7514	-8.9374	-13.1510
-13.7136	-8.1835	-3.5753	-3.0058	2.0606	1.9155	-3.6003	-3.5827	-7.3827	-11.7843
-10.9825	-7.3321	-4.2104	-3.6618	1.9418	2.5820	-2.7330	-3.5343	-8.0336	-11.4418
-10.2256	-7.5421	-3.6930	-2.6003	2.6465	2.4379	-3.0925	-3.5322	-6.6535	-8.2245
-9.0744	-5.6525	-3.4773	-3.8156	2.5327	2.6055	-2.7630	-3.2100	-7.3789	-11.2426
-12.4526	-6.5038	-3.4068	-3.3226	2.4113	2.6167	-3.2198	-3.5970	-7.7245	-14.4796
-8.9283	-7.9266	-3.2846	-3.0099	2.4137	2.0793	-3.1903	-2.8439	-6.8748	-12.8163
-11.5755	-8.7204	-3.7732	-2.8384	2.2510	2.1969	-4.0275	-3.3529	-7.5207	-10.3690
-10.7898	-7.5960	-3.5174	-2.5710	1.7856	2.0402	-3.3391	-3.2703	-7.1521	-11.9184
-11.4539	-6.9026	-2.8662	-2.6515	2.5355	2.0601	-3.2352	-3.7459	-7.5615	-12.1762
-11.5691	-9.4374	-4.1283	-3.0716	1.7915	2.1146	-3.0372	-3.1542	-7.8693	-10.8808
-11.9043	-7.0654	-2.7616	-2.6526	2.0885	1.8499	-4.0561	-2.7675	-7.2397	-13.3504
-10.3143	-8.0610	-3.3389	-3.0588	2.2770	2.7390	-2.6186	-2.9122	-5.8329	-10.9954
-11.4081	-6.8009	-3.1299	-2.7162	2.3401	2.3262	-2.5920	-3.6271	-9.1506	-10.9499
-11.9416	-7.5194	-3.1567	-2.6194	2.5171	2.3003	-2.7809	-3.3418	-7.4993	-9.7088
-13.1787	-8.5212	-4.2185	-3.5450	2.5436	2.9143	-2.3748	-3.0830	-6.5238	-10.7325
-10.7690	-8.3056	-3.8326	-2.9414	2.6037	2.1271	-3.0654	-3.0383	-8.5357	-10.7985
-11.7012	-6.5228	-2.8838	-2.5249	2.1212	1.9731	-3.4009	-3.3752	-7.4193	-11.2697
-10.4272	-7.5627	-4.0529	-3.3102	1.9693	1.9479	-2.4847	-2.6638	-6.8445	-8.6614
-10.8738	-7.9022	-3.5517	-2.7038	2.4956	2.7297	-3.2095	-3.0400	-7.6489	-9.0411
-8.9722	-7.8970	-3.2806	-4.2360	2.2425	2.0315	-3.6527	-3.6714	-9.0634	-12.4119
-11.4910	-8.3780	-3.0960	-2.1297	2.8153	2.1639	-3.2008	-3.7696	-9.4016	-11.6345
-10.4158	-7.9754	-3.6807	-2.4379	2.0724	2.0156	-2.7284	-2.2372	-6.6194	-9.1664
-10.4919	-7.5426	-3.2529	-3.3738	1.9409	2.2559	-2.5740	-2.9869	-9.0676	-12.6512
-11.4347	-6.0415	-3.6248	-3.3027	2.2655	2.2332	-2.8947	-3.6825	-7.9978	-10.0850
-10.5686	-8.0604	-3.1884	-2.7526	2.4521	2.4852	-2.8135	-4.1717	-9.6221	-15.1227
-10.8182	-8.9556	-3.6627	-3.7461	2.5509	2.4649	-3.5461	-3.9962	-6.9425	-12.0006
-11.1008	-8.1350	-3.3205	-3.8001	2.8925	2.5960	-2.5011	-2.9981	-6.8456	-11.6845
-12.8847	-7.3578	-3.5351	-3.5952	2.3381	2.3094	-3.2645	-4.3456	-8.5671	-11.1417
-9.9366	-7.2110	-2.0268	-2.2424	2.3760	2.3672	-2.0841	-3.3185	-7.3017	-11.6761
-13.3323	-7.9877	-3.6461	-3.3997	2.2589	2.2735	-3.3420	-3.5068	-8.1487	-10.4077
-12.9983	-8.1434	-3.9687	-3.4098	1.9346	1.8529	-2.9303	-4.1719	-6.9999	-11.8336
-10.0352	-8.4249	-3.4168	-3.1151	2.3847	2.2596	-3.3617	-3.4190	-8.4144	-11.3880
-10.0368	-7.9774	-3.3969	-2.2765	2.0513	2.0773	-3.6149	-3.4214	-7.2238	-10.1264
-11.5970	-8.3890	-4.1863	-2.8642	2.1467	2.4184	-3.0562	-3.6810	-7.7007	-12.2221
-11.2542	-9.9852	-3.4228	-3.0779	2.3213	2.3275	-3.3566	-3.5832	-7.8617	-12.7395
-10.6099	-7.9795	-4.3787	-3.4744	2.3331	1.6149	-3.8332	-3.0648	-7.7438	-11.6141
-11.8720	-9.4451	-4.3429	-2.9658	2.0208	1.8693	-2.9328	-3.2939	-7.6860	-10.6437
-12.1622	-7.4395	-2.8786	-3.0345	2.5115	2.2256	-2.7673	-3.2162	-7.2199	-11.7774
-11.0467	-7.5795	-3.0740	-3.5107	1.7588	1.7925	-3.3619	-4.2532	-8.6102	-11.9579
-10.6646	-7.2317	-3.6916	-2.4444	2.8059	2.3630	-2.8084	-3.2233	-7.8703	-11.8037
-10.9619	-9.4713	-4.7658	-3.8286	2.1723	2.2249	-3.9886	-3.3123	-6.7466	-10.5047
-9.3494	-8.3096	-3.7381	-2.9745	2.4528	1.8661	-3.3780	-4.2191	-6.7584	-11.4689
-10.7422	-8.0673	-2.9344	-2.6202	2.1011	2.3301	-2.7193	-3.1397	-8.5274	-12.1401
-9.0685	-7.3271	-3.5215	-2.1496	2.5466	2.1742	-3.1963	-3.2735	-6.9624	-12.7248
-12.0029	-7.8085	-3.6508	-2.8351	1.9923	2.2429	-3.0658	-3.1586	-7.5141	-10.1074
-11.4249	-7.8584	-4.5304	-2.3913	2.0823	1.3911	-4.5546	-4.6862	-9.0159	-12.6713
-11.7006	-7.0566	-3.4321	-2.9750	2.2398	1.6045	-2.9697	-3.7998	-7.5624	-11.5861
-10.4987	-7.2386	-2.8389	-2.7528	2.2137	2.4426	-2.9855	-2.7887	-7.1197	-12.0913
-10.1477	-7.0511	-2.1819	-3.3720	1.8124	1.8555	-4.1106	-3.1405	-6.5592	-10.0049
-9.9095	-8.5319	-3.1106	-2.0439	2.3218	2.3255	-3.1034	-3.4661	-8.1931	-10.8153
-10.8887	-7.3457	-4.0500	-3.7732	2.0530	2.5332	-2.6094	-2.9362	-7.0670	-11.0391
-11.1726	-6.5734	-2.7647	-3.2164	2.0494	2.0542	-2.6330	-2.9900	-7.2000	-12.2368
-10.2425	-6.2019	-2.9626	-3.5623	2.2230	1.9917	-2.4157	-2.9367	-7.9972	-11.9838
-9.9439	-7.7446	-3.1211	-2.5972	2.6304	1.9379	-3.2692	-3.1248	-8.4630	-9.9661
-11.0711	-8.4493	-3.1030	-2.4500	2.4646	2.4524	-2.8861	-3.6031	-9.0599	-11.4104
-11.8792	-7.9217	-3.1090	-3.4648	2.4667	2.6700	-2.8163	-4.1662	-7.9386	-12.2471
-13.4842	-8.6782	-3.7421	-2.3474	2.6376	2.5593	-3.8735	-2.4547	-7.1475	-11.3805
-11.3503	-8.4704	-3.6043	-3.4204	2.3388	2.2369	-2.9791	-3.3808	-8.5811	-12.8454
-10.2112	-6.0186	-3.0049	-2.3571	2.5759	2.0866	-3.8784	-3.2411	-7.6669	-9.5192
-9.9493	-7.5078	-3.7423	-2.8247	2.1309	2.2983	-3.4540	-3.6334	-8.1209	-10.3408
-9.8811	-7.1203	-3.8699	-3.7702	2.4335	2.6188	-2.1938	-3.2044	-8.6455	-10.4018
-11.7182	-9.1426	-4.4228	-3.3346	2.4275	2.4782	-2.7226	-3.1386	-8.0849	-10.4936
-11.4775	-7.2765	-3.3355	-2.7255	2.7985	2.4598	-3.2300	-3.9555	-7.8421	-11.7230
-12.2527	-7.6912	-3.0610	-3.6403	2.3536	2.0785	-2.8690	-3.9451	-8.4238	-13.7359
-10.2536	-7.4916	-3.1827	-3.6947	2.0165	2.0515	-2.9132	-2.8469	-7.8848	-13.1321
-11.8309	-8.8506	-4.1308	-3.7372	2.0477	1.9755	-3.5066	-4.0883	-8.2103	-11.5631
-11.8160	-6.8900	-3.2718	-3.0289	2.4646	2.2209	-2.0683	-2.8680	-7.7227	-11.3043
-11.1626	-6.7913	-2.6527	-2.8124	2.2801	2.5211	-2.3770	-3.3996	-7.2965	-10.5989
-10.3986	-7.8085	-3.5550	-4.8140	1.3906	1.6229	-3.3374	-3.4472	-7.1668	-10.6522
-10.7012	-7.6630	-4.1595	-3.5501	2.4423	2.5420	-2.6995	-4.0076	-7.1908	-10.6354
-12.1896	-7.8058	-3.4925	-2.5326	2.0511	1.9200	-2.2728	-3.5141	-8.1032	-11.3367
-11.2709	-7.7890	-3.8037	-3.0332	1.6786	1.6351	-3.6212	-3.9808	-7.9982	-11.3511
-10.2571	-7.6962	-3.8674	-3.6743	2.0106	2.0810	-3.2471	-3.7090	-7.6614	-10.6094
-12.9198	-9.6110	-3.6490	-2.2392	2.7799	2.4628	-2.2131	-2.2347	-8.4266	-14.4784
-10.8373	-7.3898	-3.4472	-3.2977	2.0529	1.9507	-3.4601	-3.3634	-7.8689	-12.1325
-13.5592	-8.1829	-3.7044	-3.2610	2.2948	2.1000	-2.3528	-3.1709	-7.2005	-10.9153
-15.3496	-8.8788	-4.1435	-2.5720	1.9763	1.8923	-3.0102	-2.7049	-7.5963	-10.4166
-10.3677	-8.2913	-4.5095	-3.0090	2.0832	1.7047	-2.7468	-2.8039	-9.1191	-10.4585
-11.0955	-8.0970	-3.9486	-2.6674	2.4953	2.4880	-3.0338	-3.6059	-9.3892	-12.0666
-9.6809	-7.7969	-4.0579	-2.4416	2.6825	2.2967	-2.8834	-3.5352	-8.5643	-13.6651
-11.4079	-7.5268	-3.4345	-2.2419	2.3194	2.4658	-2.1510	-3.4618	-8.7174	-11.4760
-11.5907	-9.4599	-4.0501	-2.1713	2.6330	2.5461	-2.9846	-3.7100	-8.3388	-10.3409
-12.3454	-8.0597	-3.8374	-3.6412	2.5523	2.8144	-2.2737	-3.0730	-8.3590	-10.3071
-11.6960	-8.3655	-4.1356	-3.6025	2.4127	2.5243	-3.4489	-3.6203	-6.6509	-12.2119
-10.7518	-8.9341	-3.9509	-3.4381	2.0178	1.9166	-2.8509	-3.8691	-8.2140	-10.4280
-12.2266	-9.5836	-3.8609	-2.6934	2.6853	2.9782	-3.2884	-3.3403	-7.8509	-11.2791
-12.4702	-6.6002	-2.7628	-3.7601	2.1959	2.2634	-2.8277	-3.5502	-7.7857	-10.5255
-12.8157	-8.0275	-2.6237	-2.4595	2.1628	1.9325	-3.1769	-3.1940	-8.0430	-9.9369
-12.5321	-7.5583	-3.7647	-3.1077	1.8613	1.7916	-3.3807	-4.0472	-8.3971	-12.9765
-10.7535	-8.0406	-3.4443	-1.9601	2.7147	2.5270	-2.3364	-2.3286	-6.5412	-12.5565
-11.0018	-8.5162	-4.6308	-3.7041	1.7544	1.9690	-4.4930	-3.5447	-7.7756	-10.0372
-10.4035	-6.1835	-2.6852	-2.8739	2.7441	2.3725	-2.2135	-4.1688	-8.4024	-10.3335
-11.7285	-8.4469	-4.3209	-1.7940	2.6414	1.8026	-3.5584	-3.6092	-8.8992	-13.0730
-12.8257	-6.4286	-2.6946	-2.9811	2.7541	2.3927	-2.6739	-3.4971	-8.0753	-11.7990
-11.8807	-8.1278	-3.6008	-3.8202	2.2776	2.3385	-2.9217	-3.6552	-7.7856	-9.8944
-13.7189	-7.2107	-2.9377	-3.0234	2.5515	2.6153	-3.2077	-3.8630	-7.1884	-10.7502
-11.3205	-9.8233	-3.6612	-2.2413	2.5390	2.6178	-2.9498	-3.3219	-7.4973	-10.3925
-9.0216	-7.9076	-4.0157	-2.6960	2.2254	2.3752	-3.2297	-4.0665	-8.1983	-11.4465
-10.5700	-6.6859	-3.4700	-3.6231	2.7262	2.6034	-1.8862	-3.6347	-7.5185	-9.9866
-10.3824	-7.7044	-4.1547	-3.7681	2.0478	1.9140	-4.1024	-3.7293	-7.0451	-11.8170
-12.6317	-7.4921	-3.5746	-3.4305	2.0889	2.3205	-2.5382	-3.2765	-7.2321	-11.0730
-9.6733	-7.3418	-3.5132	-2.1970	2.4823	2.2405	-3.5048	-3.4791	-8.2218	-10.7632
-9.2339	-7.5894	-2.6587	-3.1597	2.4315	2.4375	-3.1367	-3.2269	-8.0524	-10.1112
-11.9983	-7.0938	-2.8078	-3.2927	2.1516	2.2340	-3.3052	-3.5120	-7.6480	-11.9396
-11.6449	-8.0018	-3.1920	-2.8079	2.4319	2.6202	-2.6322	-3.4191	-8.1375	-13.2164
-11.6094	-8.1798	-3.2065	-1.4738	2.5818	2.1960	-3.5342	-3.9351	-8.7762	-10.7486
-10.4339	-7.9563	-3.6300	-3.1854	2.4448	2.5534	-2.4504	-4.2290	-8.2593	-10.4447
-8.9641	-7.2750	-2.8642	-2.5686	2.0806	1.4624	-3.3770	-3.1960	-7.1961	-11.3265
-10.7036	-8.3866	-3.6960	-2.6539	1.9641	2.2105	-2.9203	-2.4551	-6.8944	-8.9211
-12.8947	-8.2291	-3.5250	-1.7102	2.9297	2.5715	-3.3483	-3.4697	-6.7989	-12.0446
-11.3413	-7.7528	-3.4287	-3.2134	2.2826	2.7095	-3.0065	-2.9524	-6.8506	-10.8753
-9.8280	-6.9126	-2.6358	-3.3917	2.2670	2.2750	-2.8126	-3.8286	-8.6433	-13.3945
-12.4197	-7.4328	-3.6823	-2.9050	2.4941	2.2250	-3.6688	-3.4874	-7.9489	-11.0128
-12.4886	-7.4122	-3.0975	-3.6822	1.9325	1.9169	-3.0938	-3.1854	-8.5881	-12.4736
-10.2201	-7.5551	-4.1250	-4.8553	1.7833	2.1008	-2.8148	-3.5411	-8.8267	-12.1083
-12.7176	-8.2083	-3.1495	-3.4278	1.9268	2.6631	-1.9258	-3.6968	-7.5718	-11.6861
-11.8506	-8.8953	-3.3319	-1.9246	2.6279	2.5885	-2.3344	-2.9974	-7.4891	-10.2255
-10.7337	-7.1463	-3.1649	-2.8252	2.4649	2.4338	-2.6760	-2.6791	-8.2128	-13.4221
-9.9695	-7.4001	-2.9563	-3.1592	1.7767	2.5777	-3.1414	-3.6522	-7.4157	-11.9242
-11.7883	-9.0399	-4.4898	-2.7046	2.3041	2.0688	-3.0567	-3.3110	-6.5727	-12.9642
-10.8306	-7.5269	-3.6283	-2.9548	2.3153	1.9737	-3.5168	-3.3858	-6.4028	-10.6517
-12.5294	-5.8766	-3.3213	-2.5779	2.7735	2.7119	-3.4886	-3.9120	-8.4488	-10.9895
-11.0456	-7.1662	-3.5247	-3.2708	2.9390	2.6658	-2.7695	-3.1453	-7.9164	-8.3414
-10.9604	-7.8373	-3.0960	-3.1380	1.8145	2.1838	-2.7490	-3.6928	-7.2868	-11.4178
-10.9485	-8.8216	-4.0406	-3.1740	2.1797	2.6067	-2.4752	-3.8720	-7.4090	-9.6926
-11.7426	-7.0228	-3.3153	-2.5466	2.0991	2.3912	-2.8557	-3.4384	-6.8848	-12.9475
-11.1576	-8.5176	-3.4963	-2.7542	2.7459	1.6517	-2.9493	-4.1433	-9.0690	-11.1700
-12.4611	-8.6151	-3.1663	-3.4943	2.1295	2.6025	-2.6227	-3.5080	-7.9806	-11.5377
-10.4347	-7.6508	-3.1682	-2.7959	2.0766	2.2332	-3.7444	-3.4302	-6.4617	-10.5245
-11.8270	-7.6778	-3.1863	-2.6610	2.2067	2.3055	-2.9321	-4.0010	-9.2943	-13.3522
-9.9858	-7.6086	-2.9990	-2.5824	2.0216	2.3496	-3.0907	-3.7315	-8.4553	-13.4088
-10.9291	-7.1053	-3.3463	-2.5687	2.0162	2.3184	-2.4393	-4.2724	-7.6801	-10.9447
-11.9485	-7.6624	-3.1266	-2.5052	2.6028	2.5815	-2.3664	-3.2621	-7.4071	-10.4797
-9.1117	-6.8966	-2.7222	-2.6468	2.0842	1.9444	-3.5241	-3.3778	-7.8526	-12.1264
-13.2288	-7.8714	-3.5884	-3.9392	1.9970	1.8997	-3.5379	-4.0843	-7.6486	-11.8880
-10.2637	-7.3230	-3.0573	-3.3143	2.0613	1.8778	-3.0775	-2.8356	-7.9414	-11.7648
-12.0454	-9.2197	-4.5081	-2.0748	2.6019	2.8257	-1.6033	-3.4096	-7.0390	-9.8545
-9.6702	-7.6196	-3.0555	-2.9387	2.0098	2.5401	-3.7974	-3.7336	-7.6248	-13.2047
-10.4071	-7.9814	-3.1529	-2.9143	2.3030	2.3097	-2.4491	-3.8109	-8.1337	-10.9225
-11.5588	-7.3800	-2.8664	-3.2068	2.7070	2.1489	-3.2103	-3.6359	-8.1782	-13.0816
-11.6695	-8.3423	-3.3729	-2.9093	2.1139	2.3781	-3.0554	-3.3950	-8.3182	-12.5246
-12.0423	-8.2496	-3.3525	-2.9438	2.5772	2.2457	-3.5885	-4.0954	-8.1945	-11.2216
-11.4685	-7.1521	-3.1577	-3.9159	1.8554	2.2502	-3.7917	-3.4729	-6.9327	-10.6796
-10.2166	-6.4606	-3.0973	-3.6078	2.1409	2.4226	-2.8256	-3.1544	-8.7117	-12.8467
-11.1989	-8.1401	-3.4041	-2.6307	1.9723	2.4594	-2.3407	-2.8842	-7.7696	-12.7384
-10.5511	-6.3486	-2.7355	-3.9662	2.4698	2.1347	-3.3733	-3.0532	-8.2071	-12.0649
-12.0139	-7.7923	-3.0281	-2.8701	2.0547	2.2957	-2.7802	-3.4054	-8.2041	-13.6083
-10.6251	-7.7329	-3.3727	-2.7424	2.6517	2.6840	-2.4456	-3.7799	-8.3100	-11.1336
-9.9900	-7.6861	-3.9061	-3.5121	1.7956	1.5620	-3.2021	-2.8553	-7.6019	-12.9742
-12.0068	-8.7480	-3.8369	-2.7053	2.6827	2.3257	-2.5283	-2.3140	-6.5285	-11.8694
-9.6747	-7.7396	-3.0362	-3.5521	1.8137	2.2733	-3.2171	-3.2622	-8.0996	-13.7325
-11.8065	-7.4042	-3.1562	-3.3353	1.8340	1.7407	-2.9517	-3.3832	-8.7624	-11.0009
-11.7348	-7.4446	-2.7357	-1.6846	2.8062	2.8832	-2.8554	-2.2092	-6.0843	-10.9387
-11.0029	-7.6461	-3.1540	-2.7385	2.3677	2.2676	-2.7323	-2.6318	-6.7272	-12.4425
-11.0175	-7.4712	-3.5736	-3.2292	2.3565	2.2722	-3.4165	-2.6956	-7.4523	-10.9522
-10.8545	-7.5184	-3.4205	-3.5740	1.9721	1.9696	-2.6263	-3.1562	-8.6264	-12.8397
-12.2597	-8.2508	-3.0100	-2.5335	2.7721	2.1562	-2.7552	-4.1832	-8.1505	-11.5474
-12.8819	-8.1845	-4.0595	-2.2995	2.2296	2.4664	-2.6836	-2.9475	-8.4246	-11.5092
-10.9365	-7.1415	-3.2944	-3.6193	2.1693	2.3060	-3.0883	-3.2890	-8.6506	-12.7797
-11.7300	-7.6500	-3.1736	-3.4853	1.8703	2.1778	-3.0225	-3.1613	-7.4433	-9.9793
-10.5797	-8.6873	-3.4845	-3.0051	2.3947	2.3745	-2.8841	-3.1873	-7.8140	-11.8020
-8.9468	-7.8508	-3.1865	-3.2057	2.5204	2.5084	-3.2826	-3.8138	-8.7725	-11.1572
-11.4348	-6.9517	-3.2782	-2.1730	2.8207	2.5419	-2.6589	-3.4799	-7.4536	-9.2503
-11.8975	-8.9725	-3.9359	-2.9125	2.8368	2.6155	-3.7973	-3.2796	-7.6907	-10.2323
-11.8148	-8.7626	-4.0836	-2.8283	2.2455	2.2513	-2.8380	-3.5306	-7.3356	-11.0845
-12.1205	-8.2697	-3.9204	-2.9293	2.1388	2.5237	-2.3127	-4.0024	-8.0466	-10.9520
-12.3207	-8.7782	-3.2744	-2.3014	2.3310	2.2791	-2.7670	-3.0469	-7.4784	-11.7368
-10.9410	-7.6114	-3.1114	-2.1547	2.2339	2.1436	-4.0130	-3.8437	-7.5137	-11.3070
-11.8106	-7.9820	-4.7515	-3.7236	2.1555	1.8976	-2.4642	-3.2377	-8.3078	-9.8244
-12.8095	-7.8909	-3.3064	-3.2418	2.2722	2.6375	-3.0513	-3.7190	-8.0714	-13.5496
-14.2288	-7.6108	-3.3182	-2.5084	2.0175	2.1932	-2.9782	-4.3204	-8.6353	-10.0860
-11.3653	-7.9904	-3.6104	-2.6969	2.9290	2.5894	-2.8159	-3.4030	-9.2138	-13.9795
-13.3501	-9.8143	-3.4083	-3.5906	2.5837	2.2413	-2.9993	-3.8215	-7.4840	-12.9834
-11.8012	-9.1663	-3.9115	-3.3668	2.2412	2.2617	-2.5282	-3.8587	-8.2281	-11.4396
-14.4268	-8.7606	-3.9076	-2.8897	2.6841	2.6752	-3.1566	-3.3669	-8.6401	-12.1474
-11.4644	-6.6459	-2.9149	-3.3540	1.9150	2.2694	-3.9863	-2.6387	-6.8642	-12.2968
-12.4258	-8.4087	-3.0087	-3.3296	2.9031	2.3294	-3.2176	-4.1982	-8.8835	-12.3423
-13.0124	-8.3793	-3.1238	-3.0336	2.1401	2.0131	-3.2396	-3.7388	-7.6404	-14.2502
-10.8660	-8.4893	-3.3971	-2.8880	2.3542	2.4852	-2.0686	-3.2984	-7.7483	-12.2928
-13.7102	-5.5744	-2.0802	-3.3633	2.0939	2.2407	-3.3773	-2.8872	-7.1895	-9.3677
-10.5821	-9.2160	-4.5647	-2.4127	2.1877	2.3867	-2.9964	-3.0496	-7.2773	-12.2251
-11.3627	-6.4854	-3.5566	-3.5959	2.3605	2.3465	-2.7908	-3.7007	-7.3508	-12.2300
-10.3894	-7.3306	-3.3784	-2.6138	2.5121	2.1848	-3.3714	-3.1757	-8.4220	-10.8347
-12.0078	-5.9238	-2.5444	-3.4646	2.6806	2.6369	-2.8059	-3.7951	-8.9594	-10.9665
-10.5380	-7.8761	-3.7927	-2.7245	2.0154	2.0958	-2.9084	-4.4619	-8.5960	-10.5487
-11.4450	-7.4925	-3.8983	-2.6829	2.3515	2.0230	-2.8033	-3.5713	-8.1895	-11.5636
-15.3714	-9.0875	-4.0325	-3.3605	1.6156	2.1442	-3.3118	-3.1069	-6.3250	-10.3185
-11.9720	-6.3327	-2.6122	-3.0537	2.5609	2.3563	-4.4347	-3.6576	-8.0761	-10.4939
-9.4413	-7.4514	-3.8107	-3.0821	1.9372	2.5441	-2.8903	-3.3535	-7.5554	-10.8003
-9.4331	-7.7414	-3.3951	-2.9962	2.4439	2.7076	-3.4868	-3.9886	-7.8687	-13.6804
-10.5881	-6.7091	-3.2602	-3.4382	2.3811	2.2167	-2.6434	-3.4655	-9.6870	-14.7160
-13.0435	-7.7675	-2.6774	-2.8347	2.1396	2.0722	-3.4948	-3.3466	-8.3237	-12.2455
-12.7503	-7.9884	-3.4553	-3.1761	1.8331	1.8031	-3.2379	-3.5809	-7.9797	-9.8898
-11.6564	-8.5906	-3.9710	-2.9293	2.0774	2.1302	-3.3705	-3.4078	-7.0820	-12.1386
-12.4584	-9.0231	-3.7343	-2.5503	2.1261	1.9108	-3.4163	-3.7765	-7.1789	-10.5853
-10.9586	-7.4291	-3.2174	-2.9765	2.6249	2.5255	-2.3850	-3.6364	-9.5644	-13.9047
-12.0463	-8.3414	-3.7891	-3.0697	2.1428	2.1134	-2.6967	-2.8963	-7.1573	-11.6650
-9.5658	-6.8081	-2.9831	-2.6458	2.5678	2.3003	-2.9909	-2.4233	-7.3195	-9.3931
-10.7370	-7.8552	-3.7032	-4.2165	1.7926	1.7711	-4.0357	-3.2191	-7.2193	-11.2758
-11.1985	-8.0843	-3.3758	-2.4505	2.4468	2.0937	-3.5950	-3.5205	-7.9946	-12.0810
-12.1633	-6.2096	-2.7384	-3.2983	2.2767	2.3634	-2.8300	-3.2432	-8.7319	-12.1684
-10.2393	-6.7492	-2.4865	-3.2090	2.3645	2.6104	-3.1892	-3.9189	-8.2194	-11.2356
-11.5172	-7.7876	-3.5475	-3.1710	2.3667	1.8025	-3.8585	-3.5862	-7.1521	-11.0538
-11.3120	-9.1032	-2.9043	-2.5275	2.4997	2.6851	-2.7579	-3.0738	-8.2413	-11.9245
-10.7947	-5.7719	-3.1461	-2.9140	2.4351	2.5338	-3.8865	-3.5863	-8.0368	-12.5041
-10.6860	-8.3711	-3.6512	-3.0866	2.2415	2.4673	-2.9847	-3.6232	-7.7530	-10.6620
-10.2832	-7.8024	-4.1100	-3.7116	2.6614	1.9618	-3.4281	-3.5934	-8.1868	-11.6244
-11.7625	-8.4678	-3.6082	-2.9681	2.4236	2.4701	-2.9132	-3.6928	-9.9530	-10.6875
-12.9095	-7.9622	-3.7881	-2.6215	1.9923	2.2517	-2.7653	-3.9028	-8.2490	-12.9264
-9.7079	-7.1811	-3.6221	-3.6093	2.4763	2.5570	-3.1349	-3.2489	-7.6105	-11.1059
-10.1460	-7.9502	-3.0767	-3.7474	2.1987	2.8021	-1.6553	-2.4625	-8.1416	-9.8631
-12.1763	-10.1882	-4.7151	-3.5136	2.3624	2.1578	-3.2619	-3.7672	-8.2212	-10.1393
-9.8064	-7.6784	-3.6604	-4.3470	1.8442	2.0206	-2.4886	-3.0149	-8.3523	-11.4985
-8.8519	-6.8419	-3.9923	-2.9958	2.0168	2.1548	-2.7895	-2.8873	-6.9476	-11.0017
-11.3833	-9.0774	-3.9067	-3.0913	1.9984	2.6263	-2.4661	-3.5614	-8.7470	-10.5621
-13.2781	-8.8574	-4.3540	-2.9070	2.3481	2.5584	-2.4409	-2.9826	-6.7355	-11.3310
-9.8116	-8.6896	-4.6868	-3.6076	2.7477	2.3114	-3.1485	-4.0035	-8.2853	-9.5410
-10.5320	-7.4029	-2.7292	-2.2825	2.1636	2.2894	-3.3040	-3.7757	-7.8031	-10.9965
-11.2690	-6.8977	-2.7915	-3.0917	2.2902	2.0703	-3.0637	-2.1124	-6.9655	-11.9310
-12.1831	-8.4765	-3.7039	-2.3459	2.6693	2.5147	-2.9298	-3.1909	-7.4850	-11.3737
-11.6898	-7.8089	-2.8215	-1.9970	2.9329	2.5734	-2.6967	-3.0844	-8.0288	-12.2150
-10.4640	-7.3355	-3.3652	-2.9089	2.3148	1.9896	-3.2740	-3.2273	-8.3808	-11.3644
-10.6375	-9.3339	-3.1047	-3.2815	2.0209	1.9921	-3.7911	-3.7185	-7.7380	-12.2939
-12.1364	-8.2815	-4.1707	-3.0570	2.5560	1.7803	-3.5275	-3.1782	-7.8113	-9.6186
-11.9482	-6.9017	-3.7260	-3.3467	2.3354	2.5072	-2.6232	-3.5461	-7.8671	-11.8669
-13.5964	-7.4266	-3.1726	-2.9964	2.1086	2.1925	-4.2499	-2.9827	-6.9901	-11.0464
-12.9944	-8.8051	-4.1744	-3.1257	2.2206	2.7192	-2.0896	-3.8086	-8.3523	-11.8353
-9.9505	-8.4512	-3.6801	-2.1655	2.1167	1.7019	-2.4421	-3.6832	-8.6201	-9.9415
-9.2800	-6.7736	-3.9966	-3.4586	2.4365	2.3490	-3.1606	-3.3292	-8.3357	-11.9118
-10.6442	-6.8651	-3.0226	-2.8468	2.4609	2.4768	-2.7588	-2.5159	-6.2136	-9.2701
-10.9100	-7.2724	-4.0134	-2.8964	1.9355	2.0513	-3.5736	-3.5905	-6.9029	-11.3912
-12.2830	-8.2522	-3.6764	-2.2230	2.4229	2.7089	-2.9751	-4.0346	-8.4264	-12.4637
-11.7936	-7.7388	-2.9448	-2.6942	2.1158	2.1017	-3.6139	-3.6392	-7.3476	-11.8195
-11.8149	-6.6329	-3.3870	-2.0758	2.6178	2.8077	-2.4768	-3.0428	-7.6398	-11.9033
-11.4197	-8.8521	-3.2578	-3.3944	2.0758	2.1540	-3.1716	-3.4982	-7.4066	-12.5544
-9.9926	-7.9129	-3.2284	-3.1785	2.0629	1.8863	-3.6527	-3.1680	-7.7629	-12.7197
-11.4116	-7.0331	-2.9010	-3.0125	2.8987	3.4960	-2.3448	-3.4405	-7.8527	-9.8982
-12.6034	-8.9774	-3.2800	-2.4539	2.6097	2.5227	-2.2226	-3.1028	-7.3507	-10.8567
-9.5251	-7.1890	-3.7779	-3.0216	2.1077	2.6503	-3.2043	-3.7746	-6.5095	-12.2967
-11.1693	-8.4071	-3.5073	-1.8017	3.0609	2.7728	-3.3859	-3.7296	-8.3701	-12.2655
-10.1407	-6.6279	-2.5800	-2.9254	2.2376	1.8560	-2.8039	-3.3507	-7.6610	-11.6033
-11.5489	-10.1768	-3.7369	-2.5539	2.5584	2.5007	-3.1692	-2.9993	-6.6953	-9.5107
-11.5712	-7.1599	-3.4890	-2.5885	2.2190	1.7833	-3.6222	-4.3591	-8.4856	-11.5916
-13.0196	-8.9866	-3.1942	-2.8485	2.5461	1.9975	-2.8239	-2.9993	-8.0652	-13.7945
-12.6516	-7.7659	-3.2227	-2.7667	1.8096	2.0250	-3.1574	-3.2645	-7.4917	-13.0105
-11.7442	-7.8184	-3.2633	-2.8374	2.2632	2.3812	-3.4837	-3.8818	-8.4488	-9.9145
-12.5609	-8.6117	-3.3596	-2.7421	2.4752	2.5661	-3.7697	-3.0675	-7.1714	-11.4147
-10.8321	-8.8857	-4.0337	-3.9581	2.2134	2.2755	-3.0789	-3.7339	-7.6474	-10.5328
-12.1109	-8.5492	-2.9181	-3.1253	1.7874	2.3490	-1.6111	-3.6267	-7.7497	-12.7426
-11.6124	-7.5625	-3.1466	-2.4440	2.2937	1.7413	-2.5972	-3.5394	-8.7162	-13.2466
-11.2399	-7.6984	-3.4185	-3.5327	2.0803	1.8225	-2.8954	-3.6740	-8.0118	-13.5069
-12.3354	-9.1355	-3.4920	-2.9878	2.2377	2.2380	-2.6229	-3.2729	-9.0757	-10.9711
-13.6360	-7.6420	-3.3821	-3.9779	1.9622	1.9099	-3.5651	-3.0294	-7.3398	-10.8437
-13.7598	-8.9708	-2.7879	-2.8362	2.3184	2.4964	-3.1667	-3.9344	-7.9039	-11.8799
-12.0756	-7.8744	-2.8117	-2.8792	1.7977	2.3000	-2.9204	-3.5657	-8.5376	-12.0981
-10.9800	-7.8126	-3.1610	-3.9092	2.1337	1.8897	-3.4182	-2.9107	-6.7156	-10.7547
-13.4703	-9.2919	-4.0101	-3.4689	2.4707	2.1950	-3.1091	-3.6400	-7.8690	-11.9385
-9.2416	-7.9278	-3.3186	-1.7749	1.9985	2.2669	-3.2125	-3.6680	-7.2953	-11.7579
-13.0437	-8.4300	-3.6845	-3.8911	2.2588	2.3016	-2.2671	-2.6752	-7.3550	-10.6246
-11.5763	-7.9286	-3.4720	-3.5701	1.9849	2.2213	-2.0416	-3.2651	-7.8770	-10.4128
-11.3616	-6.7518	-3.0850	-3.4210	2.3086	2.1727	-3.7488	-3.4081	-7.4890	-11.0464
-10.2695	-7.2492	-3.1970	-3.3426	2.3015	2.1538	-3.1379	-3.6509	-9.6847	-11.7645
-11.8505	-7.5018	-3.1786	-2.9713	2.2147	2.2563	-3.3309	-2.8116	-7.7669	-11.6790
-10.7985	-8.6202	-3.2821	-2.4892	2.3167	2.3424	-3.2939	-3.7991	-8.5877	-9.9952
-12.1895	-7.9815	-4.2904	-2.0954	2.3325	2.0262	-2.6500	-3.2458	-8.2507	-9.3574
-10.2229	-7.6450	-2.7305	-3.3481	2.6857	2.3400	-2.7803	-2.7820	-8.2435	-11.6894
-9.6932	-7.2874	-3.0294	-3.5809	2.3509	2.1552	-3.4820	-3.1087	-7.6413	-12.3239
-11.5073	-8.4075	-3.9006	-2.6215	2.9084	2.6057	-2.6977	-3.5919	-7.2864	-10.1445
-12.0019	-7.6658	-4.0541	-3.8883	1.7292	2.0247	-3.3571	-3.7904	-7.3342	-11.9027
-11.8174	-7.6822	-3.0783	-3.7265	1.4259	1.5025	-3.0634	-4.1780	-7.8380	-13.7381
-13.0141	-7.7345	-2.7793	-3.3625	2.1838	2.4400	-2.2313	-3.0913	-8.3854	-10.6735
-12.3181	-7.8828	-3.5366	-3.3294	1.5439	1.6488	-3.2542	-3.8178	-9.1686	-12.1060
-10.3108	-7.2781	-3.0608	-2.3558	1.8145	2.1021	-2.9182	-2.7616	-7.5829	-12.1296
-13.4483	-8.3073	-3.9898	-2.8777	2.6291	2.2485	-3.0916	-3.0868	-7.8995	-10.8821
-12.1781	-8.4211	-3.1677	-3.4190	2.0450	2.0772	-2.9821	-2.7952	-7.4208	-13.0684
-10.8541	-7.5899	-4.0975	-2.9138	2.3701	2.6277	-2.0489	-3.1079	-9.0714	-12.0624
-10.1736	-9.4661	-3.5325	-2.3024	2.7270	2.7993	-3.1427	-2.7073	-6.3732	-9.6063
-12.5444	-9.2417	-3.9512	-2.9492	1.5384	2.1490	-2.3612	-3.7243	-8.3668	-14.0868
-10.7587	-8.9922	-3.6618	-3.1068	2.0383	2.4026	-2.6682	-3.3521	-8.0182	-11.8499
-12.8190	-8.7797	-3.2308	-2.9600	2.2131	2.3108	-2.9681	-3.3963	-7.7578	-12.4920
-11.6417	-7.9151	-3.3841	-3.3950	1.8020	2.5948	-2.7329	-2.8512	-6.7450	-11.3561
-15.0784	-7.4309	-3.1003	-3.1840	2.4806	2.4532	-3.1095	-3.2740	-8.7860	-13.3270
-10.4409	-9.0429	-3.2199	-2.7023	2.4520	2.6180	-2.1874	-3.0747	-9.7394	-12.9461
-11.4793	-7.5673	-2.5704	-3.2672	2.4187	2.1301	-3.4099	-3.4107	-9.8630	-11.1170
-13.4387	-7.5246	-3.6037	-3.1595	2.2948	2.8295	-2.4139	-3.3827	-8.5381	-11.0406
-11.0838	-7.3983	-3.1039	-3.4847	1.8859	1.8123	-3.1175	-4.1444	-9.3131	-12.7808
-12.0588	-7.3464	-3.8635	-3.7910	1.6043	1.8098	-3.1981	-3.0121	-8.4051	-13.9708
-12.3717	-6.4071	-3.1105	-2.8692	1.9919	1.6327	-3.4149	-3.6315	-8.2150	-11.2564
-12.6019	-8.5163	-4.1297	-3.4812	1.6935	2.1297	-2.7454	-3.2342	-8.4919	-11.1486
-11.8922	-7.4062	-3.4301	-3.6509	1.9244	2.1897	-2.9110	-3.2384	-7.0034	-9.8078
-12.1649	-7.6118	-3.4830	-2.4792	3.1755	2.0062	-3.6977	-2.8057	-6.5348	-10.2019
-10.9250	-9.4387	-3.6357	-3.3375	2.1063	2.3598	-3.2747	-4.2915	-7.6143	-11.9834
-9.9610	-7.9577	-3.5734	-3.1850	2.1628	2.3109	-2.5391	-3.2366	-7.1207	-9.6355
-11.4559	-8.1066	-4.1342	-3.6647	2.1359	2.3023	-3.2241	-3.1134	-6.8674	-11.6210
-11.1203	-7.8000	-3.4517	-3.3574	1.9824	1.9445	-2.5616	-3.9380	-8.1898	-12.1648
-14.5661	-9.0152	-3.4831	-2.4833	2.6075	2.6072	-3.1190	-3.8945	-8.0859	-9.8954
-10.8312	-7.1808	-4.2782	-3.1633	2.4158	2.5704	-3.2764	-3.7472	-8.3157	-9.9782
-10.9194	-7.8922	-4.2062	-3.7488	2.1898	1.5819	-3.9158	-3.3986	-8.9543	-10.2804
-11.6056	-7.8272	-3.5148	-3.5930	1.8607	2.1034	-3.7808	-3.6229	-6.5709	-12.3514
-11.5212	-6.9098	-3.4058	-3.6279	2.1349	1.9247	-2.5244	-3.6730	-7.4732	-14.0722
-15.1783	-8.2152	-3.1929	-2.5667	2.3028	2.4555	-3.4104	-3.1268	-8.5433	-11.0046
-11.3795	-8.3411	-4.1359	-3.0235	2.0231	1.9599	-3.4756	-4.1864	-9.3443	-13.7986
-13.1206	-9.0381	-3.2969	-2.9407	2.3418	2.5001	-2.1204	-3.7229	-7.2777	-12.4645
-12.4865	-8.3697	-3.0244	-3.2184	2.0215	1.9679	-3.0477	-4.0254	-8.7002	-11.0750
-12.8934	-7.5388	-3.3263	-2.8492	2.5802	2.2680	-3.2261	-3.9936	-7.9676	-11.3098
-10.5031	-6.5668	-2.9018	-3.0491	1.9593	2.3889	-2.5450	-4.5545	-8.5200	-11.6549
-11.8454	-8.1055	-3.1185	-2.8153	2.4939	2.3742	-2.4756	-3.3162	-7.6627	-10.4160
-10.5231	-7.1998	-3.7309	-2.7229	2.2233	1.6294	-4.1200	-3.7274	-8.9084	-12.0853
-12.1179	-9.5911	-3.6542	-2.3935	2.3475	2.3966	-2.4720	-3.4519	-7.4721	-10.3063
-14.4760	-9.3547	-3.8237	-2.3970	2.2537	1.9722	-3.3073	-3.3179	-8.2397	-13.1530
-10.4462	-7.8313	-3.9588	-3.4504	2.1067	2.3458	-3.0473	-3.0847	-7.6320	-9.2843
-14.1272	-8.4996	-4.1469	-3.8899	1.5490	2.0180	-4.3895	-3.4361	-8.4498	-12.3098
-10.6104	-7.8417	-2.5505	-2.3523	2.0993	1.7932	-3.9872	-4.3172	-8.8590	-12.6908
-11.6234	-10.5125	-3.5087	-2.2991	1.9710	2.2410	-3.0889	-4.2559	-8.7025	-12.8227
-13.1476	-7.6170	-2.9279	-3.0445	2.4262	2.2447	-3.8021	-3.3282	-7.2201	-11.9623
-8.5542	-7.8583	-2.5602	-2.4398	2.5469	2.5491	-2.0957	-3.5983	-8.1465	-14.7376
-11.9234	-8.9736	-4.0084	-3.0431	2.2394	2.2386	-2.6639	-3.5043	-7.9087	-11.7963
-11.7174	-8.0568	-3.7145	-3.6710	2.0230	2.3429	-2.3810	-3.3018	-9.4574	-10.9494
-11.9330	-7.2603	-3.1908	-2.6174	2.3997	2.7660	-2.4734	-3.0540	-8.7851	-11.4406
-11.7926	-7.4219	-3.7392	-3.5907	1.7698	2.1846	-3.0765	-3.7891	-8.1976	-11.8393
-10.7442	-7.8054	-3.6117	-3.4987	1.8778	2.4021	-3.0033	-3.3518	-7.0053	-13.0510
-13.4256	-7.5611	-3.0735	-2.5963	2.0671	2.0518	-2.5434	-3.6741	-9.5457	-12.4442
-10.8051	-6.8106	-2.5649	-2.7312	2.4847	2.4142	-3.8192	-2.7223	-7.1738	-12.9972
-12.7909	-9.2265	-3.9080	-3.3462	2.1639	2.3593	-2.3933	-3.5917	-8.9423	-11.6147
-11.7633	-7.4204	-3.3272	-3.0883	2.4994	2.2201	-1.9796	-3.0876	-7.8412	-12.9544
-11.7753	-7.4243	-3.1258	-2.8427	2.6607	2.3164	-2.3946	-3.0762	-8.9711	-13.5576
-12.3766	-8.0538	-3.3743	-3.7443	2.8688	2.7476	-3.1092	-3.5344	-8.5335	-11.1493
-11.3670	-7.2146	-3.1133	-3.3957	1.6729	2.1660	-2.9884	-3.6890	-8.4084	-11.5368
-11.9521	-7.4125	-3.2866	-3.3918	2.6267	1.7333	-4.2701	-3.9648	-7.8825	-11.4375
-10.2331	-8.2860	-3.2624	-2.3177	2.5406	2.2410	-3.2900	-4.1140	-6.9408	-11.9854
-12.4626	-7.0842	-3.1618	-3.7060	2.2274	2.0979	-3.3179	-2.5346	-7.1616	-11.1983
-11.6923	-7.4801	-3.0448	-3.5825	1.8687	1.8599	-3.2158	-3.7607	-7.0560	-10.2817
-9.9380	-6.6256	-3.2903	-3.3357	2.2461	2.2744	-3.1844	-3.3635	-7.6410	-10.3293
-11.1452	-7.5586	-3.9460	-3.2637	2.4332	2.1705	-3.5224	-4.6703	-9.3925	-12.2610
-11.6827	-7.2185	-3.6800	-2.7864	2.2002	1.9189	-3.3495	-3.3081	-7.5634	-13.5533
-12.2717	-9.0085	-3.9503	-2.4221	2.3922	2.6346	-2.8660	-2.9003	-7.0833	-10.7852
-11.6258	-7.5887	-3.1534	-3.4814	1.2993	2.0907	-4.3031	-3.4470	-6.8544	-9.4464
-11.0871	-8.3825	-3.8653	-3.0675	2.6344	2.1728	-3.8972	-3.1004	-7.0508	-12.3268
-10.6583	-7.3481	-3.4111	-2.2119	2.4141	2.2406	-3.7613	-3.6919	-8.1079	-14.6623
-11.6127	-7.9840	-3.1199	-3.6749	2.4795	2.5791	-3.3778	-2.6121	-7.1096	-11.7436
-13.4986	-7.8327	-3.9958	-2.9745	2.3408	1.9512	-2.3480	-3.6698	-8.8810	-11.0077
-12.1808	-7.4438	-3.3090	-3.7988	2.0646	2.3094	-3.2519	-3.6125	-7.5797	-10.7501
-11.9047	-7.8954	-3.2910	-2.4529	2.3639	2.6983	-3.5725	-4.0673	-6.4625	-9.7396
-9.8610	-7.2070	-3.2413	-2.6903	2.6056	2.7668	-2.2172	-3.3255	-9.0784	-14.8899
-13.4326	-7.7272	-4.5199	-3.4607	2.6952	2.5471	-2.7634	-3.5977	-8.7735	-12.9628
-11.3891	-8.0545	-3.7089	-2.3752	2.9517	2.5160	-2.6353	-3.3239	-7.7620	-9.6046
-11.5528	-8.6403	-3.6698	-3.9338	2.1193	1.5872	-3.0591	-3.3264	-8.2701	-13.8014
-12.4044	-8.3064	-3.3384	-3.0009	2.6190	2.5249	-2.6168	-2.8523	-7.0314	-9.9943
-10.4244	-7.6775	-3.0159	-2.2690	2.3515	2.3116	-3.3194	-3.2671	-7.4109	-10.8637
-10.3986	-8.3080	-3.9229	-3.3356	1.6888	1.8324	-3.4733	-3.5838	-9.0537	-18.0344
-11.3201	-7.0778	-2.4559	-3.1722	2.8389	2.2890	-2.6801	-3.4564	-8.2000	-11.9800
-10.3371	-5.8911	-2.9419	-2.8246	2.1016	2.0840	-3.8766	-3.8301	-8.0322	-11.6685
-11.7132	-6.9490	-3.3109	-2.1702	2.3824	1.8124	-3.4915	-3.3617	-8.1576	-11.0099
-14.1663	-9.1194	-3.3015	-3.3966	2.5933	2.3196	-2.4790	-3.2374	-8.2182	-11.3278
-11.6364	-8.8917	-3.8846	-2.2736	2.6380	2.3650	-2.7069	-3.5039	-8.5257	-13.3994
-11.3106	-7.8555	-2.8484	-2.3679	2.2918	2.0590	-3.6788	-3.4851	-7.0799	-10.4329
-12.2455	-8.9072	-4.0741	-3.7479	2.0182	2.1895	-3.4090	-3.6473	-6.9379	-10.9740
-10.7019	-7.8868	-3.3630	-3.2344	2.3354	2.1165	-2.6098	-2.5424	-7.1603	-10.4051
-10.3409	-7.2038	-3.6856	-3.1584	1.4457	2.1488	-3.2468	-3.7147	-9.2118	-11.6737
-13.4161	-7.8138	-4.2215	-2.5772	2.2085	2.1491	-2.8353	-3.5063	-9.5990	-13.4546
-10.7268	-7.8814	-3.5048	-3.1362	1.8257	1.8550	-3.7457	-4.0866	-8.4982	-13.4359
-11.0237	-7.2881	-3.0427	-3.7225	2.1697	2.1843	-2.7509	-3.1150	-8.4858	-10.7872
-14.9035	-8.2151	-3.8135	-2.3700	2.1950	1.9669	-3.5741	-3.4059	-7.8014	-12.2328
-10.2639	-7.7645	-2.9794	-1.8180	3.0569	2.3938	-3.3212	-3.9083	-8.1689	-10.1365
-9.5094	-6.6803	-3.2008	-3.1065	2.1111	1.7816	-3.3874	-3.2148	-8.0914	-9.7991
-10.8477	-8.8267	-4.5974	-2.8702	2.5500	2.2114	-2.7670	-3.5610	-8.3263	-12.0510
-11.1559	-8.5443	-4.0073	-3.0281	2.2430	2.6452	-3.1351	-3.4252	-8.7205	-12.3328
-11.8465	-6.9876	-3.2950	-3.2265	2.4896	2.3159	-3.3689	-3.3652	-7.2458	-11.8833
-10.8149	-7.4778	-3.2026	-3.5130	2.3042	2.3434	-3.7166	-2.9422	-7.6007	-12.9872
-12.0351	-9.0640	-3.2837	-4.0481	1.7248	2.1551	-2.8142	-4.2929	-8.6576	-10.9493
-12.7493	-8.1026	-3.8687	-3.4531	2.2851	2.0445	-3.4061	-2.7320	-7.0140	-12.5389
-11.3065	-7.5200	-4.4218	-3.7602	1.7409	2.2167	-2.5103	-3.4706	-6.8575	-9.2787
-14.3593	-7.3598	-4.2664	-4.4224	2.3597	2.3750	-2.5520	-3.0530	-7.5949	-9.1961
-11.3303	-8.5654	-3.8312	-2.7475	2.4027	2.2544	-3.1222	-3.3110	-8.7042	-12.5971
-11.1251	-8.6992	-3.3525	-2.7246	2.2230	2.2355	-3.1728	-3.6670	-6.9586	-11.0859
-12.7163	-9.8065	-3.5914	-3.6546	2.3506	2.3506	-3.1640	-3.2815	-7.1944	-10.5417
-11.0594	-8.5049	-3.2423	-2.7255	2.3731	2.2962	-3.3411	-3.4774	-8.3846	-9.9213
-10.4374	-7.7447	-3.8758	-3.8862	2.2999	2.3888	-3.3925	-3.1060	-7.6594	-10.9666
-13.2828	-9.3991	-3.7371	-3.2250	2.5194	2.1943	-2.3092	-2.9545	-7.7422	-10.2831
-12.4375	-7.1574	-3.0911	-2.6430	2.3342	2.2790	-2.6857	-2.8310	-7.8801	-12.0368
-10.5704	-6.7688	-3.3195	-3.5120	2.6917	2.5647	-2.1093	-3.0164	-9.0079	-12.5894
-14.4247	-8.0422	-3.7870	-3.5924	2.1500	2.2509	-2.3273	-2.9479	-6.5080	-10.2950
-11.3006	-8.9854	-3.3666	-2.8861	2.0488	2.1199	-3.5014	-4.0466	-8.6391	-10.1161
-11.3650	-7.9098	-3.8541	-3.5756	2.7482	2.7656	-2.8097	-3.0336	-7.3025	-9.4730
-12.1648	-7.9240	-3.5091	-3.2915	1.9338	2.1920	-3.0789	-3.9476	-10.3085	-13.0360
-11.7474	-8.8756	-3.5032	-2.0244	2.5868	2.5274	-2.8955	-3.0263	-8.1799	-11.2366
-13.4578	-8.3755	-3.4115	-2.8120	2.1719	2.2896	-2.9031	-3.5002	-9.7532	-12.4651
-12.8122	-5.8960	-2.7818	-3.1441	2.5610	2.3853	-3.2622	-4.8936	-9.3161	-11.6882
-9.3206	-7.3204	-3.6293	-3.4722	2.0864	2.3054	-3.0327	-3.0684	-7.8483	-11.1951
-11.2477	-7.4074	-3.3850	-2.6909	2.3260	2.3736	-3.3541	-4.0556	-7.8725	-12.1072
-11.7430	-6.8189	-3.2448	-3.7017	2.1882	2.5247	-3.3458	-3.1598	-7.9457	-12.6861
-13.3156	-7.0401	-3.2250	-3.7088	2.0177	1.9836	-2.4905	-3.5492	-8.6866	-11.0626
-12.2864	-8.8779	-4.2383	-2.7896	2.3590	2.2094	-2.5086	-4.0061	-8.5753	-11.5256
-12.5309	-7.1292	-3.7161	-3.7104	1.7217	2.0517	-2.8531	-3.6383	-8.4698	-11.4614
-12.3783	-7.6633	-4.3613	-3.0570	2.0259	2.1492	-2.8928	-4.1344	-9.4782	-11.0652
-10.5950	-6.4033	-2.8145	-3.8009	2.3937	2.3544	-4.3159	-3.7947	-8.2303	-12.3080
-10.9975	-6.9592	-4.0123	-2.7782	2.5279	2.5065	-2.1474	-3.2257	-7.8693	-11.6911
-12.0845	-7.8634	-3.7871	-3.3491	2.1579	1.9871	-2.8583	-3.2602	-7.9774	-12.2660
-13.0688	-7.8791	-3.8334	-3.0169	2.0930	1.7224	-3.3746	-4.1088	-8.2944	-11.2895
-15.0198	-11.4131	-4.4564	-3.0205	2.0373	2.0746	-3.8414	-4.3672	-9.3990	-12.5894
-10.5928	-7.9158	-3.5738	-2.7656	2.0799	2.3017	-3.5994	-3.7148	-7.9994	-11.4764
-10.1475	-7.4195	-3.7710	-3.2537	2.1467	2.2183	-3.4457	-3.7348	-9.2564	-13.7336
-14.2237	-8.2691	-4.1261	-3.5108	2.1507	2.5045	-2.7391	-2.8415	-7.2829	-11.4078
-10.2556	-8.3181	-4.8376	-3.7574	1.9582	1.9510	-3.3703	-2.8562	-7.6582	-11.8603
-10.2063	-8.0971	-4.0604	-3.9922	2.1113	2.4584	-3.0171	-3.2068	-7.0733	-10.6879
-10.6614	-6.8919	-2.6956	-2.2294	2.6373	2.5589	-2.6874	-3.3099	-7.4556	-11.0391
-10.4804	-7.8771	-2.8575	-2.5118	2.1226	2.1969	-2.5733	-3.5853	-7.4286	-9.9011
-11.8656	-7.6030	-3.9908	-4.1332	1.8236	1.5802	-3.2807	-3.2603	-7.4322	-12.8249
-13.3725	-7.1938	-2.9578	-3.4436	2.3498	2.6362	-3.1726	-3.4183	-7.1560	-12.2030
-12.2590	-8.8219	-3.1313	-3.7785	2.4492	2.2864	-3.1759	-2.8953	-6.2955	-13.9529
-10.1083	-8.5617	-3.8123	-2.6140	2.3509	2.0263	-2.9432	-3.0999	-9.0590	-12.2018
-12.4766	-8.5118	-3.0170	-3.1541	1.9091	2.0672	-3.4147	-3.4493	-8.1915	-11.2997
-10.0612	-6.9167	-3.7645	-3.5477	1.7165	1.7053	-3.0473	-2.9290	-7.4635	-12.2788
-12.3254	-6.8315	-3.4626	-3.9242	2.0201	2.2404	-3.5349	-3.7742	-8.6338	-12.6187
-11.0503	-7.9264	-3.2758	-3.1949	1.8971	1.8398	-3.4627	-3.5967	-7.5097	-11.9382
-14.4222	-8.1846	-3.4554	-2.8035	1.9991	2.1259	-3.0043	-3.4442	-7.9263	-12.3927
-13.6025	-7.9368	-4.1661	-3.6850	1.7617	2.0656	-2.8802	-3.0147	-7.6628	-11.5051
-11.4435	-9.7098	-3.6741	-2.6380	2.4697	2.6265	-2.6478	-2.7272	-8.2530	-11.9268
-11.4881	-8.6826	-3.4637	-3.9383	1.6428	1.7688	-2.6279	-3.3786	-7.9536	-12.3528
-11.1644	-8.2371	-3.2449	-3.2328	1.7448	1.9676	-3.7397	-3.4941	-6.9704	-10.5768
-11.9876	-6.7030	-2.4860	-2.3076	2.7528	2.7478	-2.2213	-2.8937	-8.6220	-11.0265
-12.7513	-7.4517	-3.1985	-3.4238	2.1631	2.2143	-2.8105	-3.5828	-8.0135	-11.3794