-10.4235	0.0818	-6.8428	-2.2211	-1.3808	-2.4103	-3.3769	-0.7334	-4.2365	-6.3083	0.2326	-6.1479
-18.0088	1.3816	-5.5798	-3.6694	-1.9132	-4.2281	-1.7543	-3.5193	-3.2421	-3.1992	-0.7294	-12.1310
-17.0938	2.3869	-7.3861	-1.8418	-5.9485	-1.7613	-5.6077	-3.9068	-0.3200	-5.1022	0.7851	-11.0840
-9.9977	0.2981	-4.2955	-1.7794	-3.1486	-2.6682	-2.6970	-2.0065	-1.8435	-8.0258	-0.7394	-18.7621
-7.2415	-0.6967	-7.5605	-2.8104	-3.6483	-1.9666	-4.6975	-3.6816	0.2622	-3.7526	-2.2163	-9.3124
-12.9878	-0.1479	-6.4195	-3.7652	-1.5260	-2.6979	-2.4925	-5.8035	-1.5000	-8.1337	0.2467	-9.2454
-12.2258	-2.3753	-8.0847	-3.2275	-3.7698	-8.2553	-2.4189	-4.2764	-1.1936	-3.6172	2.1023	-14.5789
-7.1795	1.1530	-7.3437	-2.9924	-3.9847	-3.9675	-4.2633	-5.0690	-3.8239	-7.4171	1.4846	-9.0080
-13.9520	-0.4325	-2.2527	-2.5821	-4.3915	-1.4189	-5.3183	-4.2510	-1.6717	-7.9154	-0.4658	-8.4702
-6.3293	0.9724	-6.3877	-1.6447	-5.4582	-4.1364	-2.8669	-4.5273	-2.4045	-8.5700	-2.0770	-7.9004
-8.8762	0.5497	-5.4129	-1.2449	-4.3611	-2.2140	-1.9880	-3.3741	-3.5169	-6.9902	-0.7009	-9.3642
-8.8334	-0.6277	-4.5984	-1.1138	-4.5539	-3.6767	-4.5385	-3.7196	-1.1606	-4.9749	-0.2458	-12.4069
-12.7744	-0.7589	-7.0519	-2.7798	-1.8966	-2.0599	-2.8277	-2.1004	-1.9469	-5.2341	-0.3106	-8.9539
-10.1865	0.2021	-5.6995	-0.3964	-5.1538	-2.7961	-0.5866	-2.9168	-1.8479	-5.8079	-1.0810	-14.8513
-13.6713	0.2139	-3.4374	-2.3526	-1.8764	-2.1077	-1.6318	-3.6378	-0.0573	-5.4810	-1.4377	-12.9115
-10.7914	-0.9787	-7.6841	-0.0302	-1.0401	-3.8901	-3.7196	-1.7250	-0.4456	-8.5277	-1.8445	-17.8871
-10.8222	-0.8956	-4.3284	-2.5890	-4.3632	-0.7842	-3.9638	-6.6441	0.6307	-3.6126	-0.4995	-9.9471
-10.2797	-0.8501	-6.7698	-1.3964	-4.9792	-0.5962	-1.6379	-7.4624	-1.6010	-3.8636	1.3726	-9.1321
-16.7962	-1.1570	-4.6251	-0.3240	-3.3671	-3.4012	-1.8788	-6.2912	1.2691	-4.9440	-0.0735	-7.7183
-9.5889	-0.1087	-3.7699	-0.8345	-6.0157	-1.9588	-4.2883	-7.2147	-3.3108	-6.1966	0.5861	-7.1373
-8.7066	-1.9718	-3.4258	-0.1157	-4.6917	-2.8747	-2.4034	-4.2637	-3.6778	-6.8774	0.2090	-8.6128
-12.9723	0.7939	-3.0850	-2.0249	-5.1225	-2.9688	-2.5799	-3.8133	-1.7617	-3.4030	-0.5367	-8.8522
-7.1095	0.7093	-3.9670	-1.8298	-3.9948	-4.1349	-1.4496	-4.1529	-2.3193	-4.3701	0.4849	-9.8787
-11.9381	-1.6099	-3.7979	-2.9135	-0.4621	-1.9946	-2.4410	-1.2738	-3.4268	-4.6923	1.0965	-8.9572
-9.0832	-1.0841	-4.0435	-0.5544	-2.2725	-1.7143	-7.7711	-2.7972	-2.2232	-7.0489	0.3434	-8.8486
-10.0664	1.3988	-6.3352	-0.8603	-2.8884	-3.6655	-3.8297	-5.7000	-1.6014	-8.9042	-0.0253	-8.1954
-10.7393	-1.7549	-2.8921	-3.1767	-2.3012	-1.3882	-4.3357	-7.9588	-2.0891	-7.9442	1.3628	-7.1450
-7.1209	0.1885	-10.1159	-3.1428	-2.9692	-1.7770	-2.3088	-2.1603	-1.9429	-8.8179	-1.3780	-5.8928
-10.8126	1.3578	-5.1619	-4.3649	-2.5970	-3.8376	-1.6394	-2.2716	-4.0569	-7.4076	0.3317	-13.7471
-11.7403	-0.6344	-1.7026	-1.8238	-3.7685	-3.1059	-4.2993	-8.5969	-0.8070	-2.3954	0.4867	-6.6091
-10.0865	-0.6026	-5.7862	-6.2733	-2.7382	-1.0770	-2.2742	-3.4294	-1.3860	-5.6935	2.0839	-8.2761
-14.9680	1.9691	-3.5621	-2.7357	-5.1160	-4.1370	-1.6812	-1.4511	-3.3609	-4.2830	-1.1690	-14.1127
-10.5825	1.7616	-7.4329	-3.6098	-3.7506	-3.8487	-2.3583	-3.0336	-1.2947	-4.2131	0.7014	-13.8595
-9.7873	-0.6621	-4.2634	-0.6281	-3.2873	-1.8770	-1.3212	-4.2723	-2.1198	-4.2356	0.3718	-9.9828
-9.4706	1.5443	-5.1311	-0.5472	-4.0816	-3.1653	-4.4014	-2.9868	-2.2684	-8.8512	-1.4094	-11.5778
-6.7130	-0.0558	-2.8386	-0.4710	-5.4490	-3.0728	-0.0305	-3.0133	-4.2502	-10.2911	-0.8061	-11.7329
-4.6280	-0.1636	-3.6573	-3.4619	-0.9398	-2.8488	-2.9923	-6.1738	-3.8950	-3.1224	-0.1302	-32.4222
-8.8691	-1.6655	-3.6342	-1.3907	-4.5186	-2.5058	-1.3808	-2.2601	-2.0760	-6.2776	-0.2884	-14.7568
-10.8884	-0.9621	-3.4041	-4.1793	-3.7939	-0.2384	-1.8423	-2.1175	-1.5237	-6.1715	1.0023	-11.1476
-8.7853	-0.4279	-3.6717	-1.8594	-7.6109	-2.4941	-0.3327	-2.0495	-3.9532	-7.3756	-1.7818	-8.5945
-6.1460	-0.5236	-6.9624	-1.3119	-2.3670	-9.9570	-4.8834	-2.4411	-0.7583	-3.2093	-0.0307	-10.9231
-14.7724	-0.1629	-6.5008	-0.6696	-3.5402	-1.8403	-2.8420	-6.4254	0.0412	-8.4676	0.4955	-13.6683
-9.4123	1.0161	-8.0498	-1.8325	-2.1471	-3.4566	-4.0292	-3.1723	-3.8992	-8.3383	-0.0985	-6.8943
-11.8554	0.9823	-6.4462	-3.1418	-2.8292	-6.7939	-2.9769	-1.5711	-3.3374	-3.7799	0.3772	-15.3046
-7.3857	-0.2669	-1.7853	-0.3499	-4.5780	-2.5548	-4.7131	-5.5581	-3.0990	-5.1429	0.5416	-11.5169
-19.3369	-1.5894	-5.1996	-2.1005	-1.9086	-0.8778	-2.9816	-5.3320	-0.4537	-7.5034	1.7417	-7.7008
-11.4822	-1.2738	-7.4403	-2.3755	-3.2195	-3.0564	-2.6421	-2.8633	-1.7676	-4.3215	0.6357	-6.3062
-14.0655	0.8058	-5.6684	-2.8920	-3.7432	-1.4338	-3.1560	-2.9006	-2.4072	-6.1702	-1.5659	-4.6634
-9.4444	0.4339	-6.6398	-1.3061	-3.6912	-2.2504	-2.0968	-4.0962	-1.7979	-8.1890	0.2875	-10.5037
-16.7122	0.5508	-8.2378	-4.4327	-5.3321	-2.9189	-1.6650	-2.7186	0.2790	-2.1404	-1.2184	-12.7211
-13.8431	0.0053	-12.3256	-2.9448	-0.7456	-4.3671	-2.0780	-2.1196	-0.1411	-3.8472	-0.9705	-14.6367
-12.4128	0.9906	-8.2718	-2.5591	-3.1975	-3.8117	-3.7248	-4.6028	-0.2571	-7.2394	1.2935	-9.7424
-20.4994	0.9597	-11.7906	-4.5894	-4.4695	-3.1801	-1.3769	-2.8670	-0.7498	-13.2892	1.6378	-8.1463
-15.7043	0.5960	-6.6934	-1.0806	-3.8988	-1.0759	-3.1460	-4.6970	-2.9244	-8.6282	0.2768	-13.3165
-12.9408	0.6824	-4.6286	-4.4814	-4.7775	-2.9624	-1.2797	-5.4440	-4.1105	-4.4060	0.2225	-7.4762
-11.1092	0.7777	-6.2474	-0.4211	-4.4551	-3.0054	-3.3713	-3.7361	-1.6928	-4.5793	0.1419	-11.7593
-12.0451	0.3456	-4.5455	-3.1758	-3.9299	-0.3288	-2.4580	-5.0034	-4.0134	-4.5009	0.0517	-9.1986
-9.8524	-0.2341	-4.9304	-1.7069	-6.0825	-1.2475	-2.1911	-5.0975	-0.4428	-2.1513	-1.2146	-12.0879
-13.3234	0.0266	-4.6891	-1.5747	-4.1115	-1.9579	-3.0998	-3.1271	-1.3322	-3.0867	0.0867	-16.5010
-8.9144	-0.4668	-3.4675	-0.3945	-7.8188	-2.6537	-3.8463	-5.4463	-0.6319	-4.1690	0.4328	-6.5188
-7.0146	0.2682	-7.4827	-3.9911	-2.4754	-0.4131	-1.3238	-4.2631	-1.3969	-3.2911	-0.8367	-9.7679
-10.9342	1.1646	-5.1961	-1.2776	-4.2030	-4.5269	-3.8013	-2.5911	-2.3367	-2.8159	-0.7751	-8.6026
-9.2481	0.1956	-7.6655	-2.2356	-2.0292	-4.0851	-5.4374	-6.6742	-0.5598	-3.2628	0.9125	-16.5624
-11.0763	-1.0170	-3.6508	-1.3048	-2.2030	-3.5022	-4.7241	-2.5797	-2.4604	-5.3743	0.0837	-8.4387
-15.9525	1.3530	-5.0331	-1.6132	-4.5247	-6.8480	-3.8290	-6.0713	-2.7752	-3.5814	1.4271	-9.6363
-10.4799	1.0306	-8.6604	-2.6592	-3.3725	-1.2303	-2.7990	-2.1044	-5.0783	-5.3437	-0.0496	-17.8266
-9.9047	-0.1847	-5.7836	-1.5066	-4.7359	-6.4091	-2.3015	-4.5095	-2.7764	-6.6116	1.2071	-7.2477
-7.5329	-0.6891	-9.2289	-1.2863	-3.3924	-4.1224	-2.2029	-2.0296	-1.0774	-4.2150	-0.9321	-8.0314
-24.2178	-1.2937	-7.4854	0.1967	-3.0967	-4.2002	-0.9182	-4.4634	-1.3867	-8.9484	0.3331	-8.1872
-3.6437	-0.1204	-3.9171	-2.6249	-7.6208	-2.5304	-3.1527	-9.7414	0.1643	-10.3644	0.7563	-11.9401
-10.7677	1.1341	-8.6645	-2.6419	-4.5820	-2.4190	-4.6007	-2.7204	-0.4024	-4.4066	0.4624	-8.6062
-7.6068	-0.0313	-4.7287	-4.1549	-4.3728	-0.8820	-1.3768	-4.9864	-3.3696	-6.2886	0.2853	-8.1007
-11.1094	-0.2052	-5.1296	-1.8799	-2.8942	-4.4506	-1.5952	-1.7876	-3.1800	-6.0035	0.3420	-5.9066
-10.5034	0.1237	-7.9422	-2.5479	-4.8154	-2.9693	-0.8576	-3.8153	-1.3388	-2.8332	-1.6003	-9.1025
-5.7636	-0.5042	-3.3473	-0.7923	-2.4426	-2.1487	-4.7537	-4.8385	0.1884	-7.3075	-1.1399	-11.5632
-16.9376	0.3083	-3.9150	-0.9440	-3.9809	-1.5148	-0.1749	-4.0476	-2.2790	-7.6006	-0.8330	-10.3639
-7.6122	-0.2090	-5.4924	-1.4866	-1.9403	-5.7721	-0.9589	-9.7365	-1.2490	-2.5739	-0.3201	-9.3680
-7.5098	-0.2744	-6.3027	-1.4845	-5.3500	-2.2890	-4.4156	-3.7606	-1.4147	-2.4267	-0.2774	-10.4336
-10.0744	-1.1365	-8.5772	-1.9034	-0.6110	-6.4390	-1.9933	-3.5283	-2.7132	-3.8180	-0.4971	-5.4300
-17.9913	-1.3178	-4.6413	-0.8752	-2.2962	-2.1410	-3.0789	-2.9994	-2.7943	-2.4939	0.2260	-9.4213
-9.4592	0.6083	-4.3326	0.0120	-1.9897	-3.7707	-1.8594	-4.6250	-1.6207	-4.8415	-1.6049	-18.7444
-11.4107	-3.0942	-1.8952	-3.5534	-4.8343	-0.5201	-1.9453	-3.1330	-1.1936	-8.4255	-0.0873	-15.9620
-13.1671	1.2214	-9.6307	-4.4657	-3.5244	-2.5067	-2.1983	-5.1299	-2.7525	-1.8553	0.5443	-9.0356
-11.1951	1.1594	-7.6183	-3.9237	-3.3724	-2.1541	-2.6863	-3.6839	-1.2039	-8.9569	0.3948	-13.7940
-4.6430	1.3931	-6.2181	-3.6031	-4.0869	-3.0719	-2.9455	-9.4447	-0.6464	-5.2993	-0.0680	-6.7716
-8.2813	-0.4575	-6.0715	-1.2884	0.3489	-0.7385	-1.0048	-6.3407	-2.9996	-6.2037	-1.7701	-16.5799
-13.2510	-0.4465	-7.4619	-1.2081	-3.2954	-2.2967	-2.5394	-2.8726	-4.3195	-11.0296	-0.3206	-8.0927
-7.8040	-0.5171	-4.8468	-2.1774	-2.8743	-3.7933	-4.9864	-2.8023	-1.8415	-5.6169	0.8308	-11.6683
-12.7735	-0.4828	-14.1708	-2.8127	-2.6218	-2.3582	-1.8736	-6.3798	-2.0942	-8.7977	1.9548	-9.7903
-7.8400	-1.5740	-4.0630	-1.7216	-0.9937	-2.6911	-0.5743	-4.5152	-1.6884	-5.1317	-1.1124	-12.5615
-11.1586	0.5421	-3.8639	-3.5016	-0.3415	-3.8251	-6.8104	-5.2668	-0.9688	-5.3935	0.6763	-24.4574
-9.8114	0.0324	-5.1649	-1.0399	-4.1975	-3.9806	-1.7429	-2.1744	-1.8441	-6.5945	1.1837	-15.5908
-6.5871	1.1362	-6.4086	-0.9979	-3.6386	-3.3559	-2.7875	-3.6637	-2.0182	-5.9528	-1.1208	-16.3503
-12.4531	0.4144	-3.1674	-2.7525	-3.0041	-2.4231	-2.5306	-7.5867	-4.9968	-3.5401	-0.1831	-8.4895
-29.0533	1.3563	-5.7328	-3.5188	-2.2311	-5.0354	-4.9878	-4.7791	-0.4078	-0.8036	0.4694	-16.1919
-17.8251	0.6561	-4.0116	-2.2209	-4.6627	-3.3483	-1.4214	-2.0165	-0.4909	-10.5667	0.4402	-8.2609
-13.9381	-2.5585	-10.9716	-3.1167	-4.7431	-3.4748	-1.7958	-2.1237	-1.2709	-2.4353	-0.4137	-9.8952
-21.5054	1.3512	-6.0475	-1.3806	-3.2927	-3.1951	-3.1554	-5.7028	-0.9776	-5.2951	-0.3906	-13.7006
-9.6648	-0.1312	-2.5248	-1.0780	-7.1140	-5.5017	-3.8365	-4.8741	0.1395	-1.9790	-0.0866	-7.6532
-9.9146	-0.2535	-2.9512	-0.4268	-1.0420	-1.4676	-3.0397	-3.5568	-1.7861	-5.2850	0.4562	-13.4618
-12.9717	-0.7937	-5.1750	-0.5704	-2.7199	-3.9268	-2.1724	-2.6840	-3.3986	-9.0381	0.6702	-14.0833
-13.1646	-0.6465	-6.3609	-2.1921	-2.6905	-2.2866	-3.0656	-1.8931	-2.1093	-1.6896	-1.4608	-9.8848
-7.6547	-1.8885	-7.2024	-2.0575	-1.4948	-0.9159	-2.3098	-8.6845	-1.8940	-1.2860	0.1337	-7.2744
-9.4251	-2.0922	-6.1870	-2.3945	-2.0134	-3.0599	-3.3744	-3.7098	-2.3486	-6.6252	2.0794	-6.9792
-9.9585	-0.1639	-3.5449	-0.7506	-1.4079	-2.3088	-1.8753	-4.5830	-2.7606	-5.4046	-2.0454	-9.4873
-9.4010	-0.7574	-3.9813	-1.8407	-2.4438	-3.0774	-2.6940	-2.6743	-3.6803	-4.3381	-2.2415	-6.7265
-7.1269	-1.9110	-3.1113	-2.4679	-2.7791	-1.0149	-2.8334	-4.5631	-1.2194	-6.5363	-1.9910	-8.9862
-9.6809	0.9345	-3.3959	-0.9823	-6.5600	-3.1234	-2.5432	-3.5055	-3.4486	-7.8180	0.5278	-5.7653
-10.6498	1.0277	-6.7124	-3.8182	-2.1158	-1.5830	-2.1486	-2.5511	-3.8717	-11.7944	1.3164	-6.9266
-12.5225	-0.1352	-5.7077	-2.5872	-0.9681	-6.6556	-3.8619	-3.7855	-3.3760	-3.3722	1.5744	-6.6058
-8.6333	0.4565	-6.4487	-3.0012	-3.8624	-3.7702	-2.0485	-2.8894	-2.4653	-3.8341	0.2668	-12.6748
-11.4437	0.3531	-3.7323	-3.3188	-3.1705	-2.5854	-2.8368	-2.9475	-2.4203	-4.3370	-0.9895	-10.4577
-10.8002	0.0484	-5.5168	-0.8406	-3.1529	-2.0275	-3.4111	-4.6750	-2.0060	-3.7646	0.5904	-13.4662
-8.5684	0.0558	-9.0306	-0.0160	-4.9817	-5.8137	-1.5067	-0.7986	-3.1422	-12.5717	0.1394	-7.0387
-10.0186	-1.1618	-4.6837	-2.4739	-1.3645	-1.5826	-2.2945	-0.7855	-3.2345	-3.0196	-2.8454	-7.9438
-9.9213	1.6079	-4.0914	-1.9986	-7.8752	-3.1996	-3.7359	-4.1471	-0.9583	-6.3687	-0.7430	-7.0697
-7.6079	1.6086	-10.9953	-1.5901	-2.2355	-4.1671	-5.6981	-3.0200	-2.0630	-7.9742	-1.0821	-10.9964
-4.9801	1.1459	-3.5688	-2.1161	-1.7590	-1.5280	-16.5530	-4.7899	-2.4081	-8.0519	2.0583	-11.3499
-17.8047	0.0956	-4.0972	-4.7930	-5.0890	-3.6988	-1.7142	-2.8339	-0.4372	-4.3878	-0.7998	-9.6688
-27.9677	1.6503	-5.4402	-1.1825	-9.6976	-1.0918	-1.7687	-4.7242	-1.0064	-10.9076	0.6136	-12.2908
-7.8396	0.3864	-4.3216	-3.0313	-1.3125	-1.0667	-1.8439	-3.1039	-5.0006	-13.1012	-0.1192	-10.1050
-12.0345	-0.0522	-3.6589	-0.3204	-1.2934	-1.4528	-3.7239	-3.5205	-1.9298	-6.0237	0.5779	-14.9228
-13.7256	-3.2197	-5.5199	-3.4122	-0.8186	-2.7667	-3.1395	-1.8528	-4.0475	-3.9338	0.5843	-8.8706
-9.6636	0.2201	-5.6853	-0.5655	-2.6392	-3.3588	-4.2629	-5.2903	-0.7434	-2.9917	-1.7540	-6.6680
-10.8452	-2.7026	-5.6747	-0.5312	-4.1534	-1.7090	-0.8602	-3.4089	-1.1537	-2.7803	-1.4231	-11.2895
-9.2977	2.2186	-6.2183	-0.6134	-6.6660	-2.0876	-3.0428	-6.9681	-2.7161	-3.9342	-1.1298	-15.0291
-9.3304	1.2038	-1.9011	-0.9177	-5.6857	-5.7611	-3.6203	-3.7363	-0.3785	-4.3021	-1.9142	-11.6637
-9.5158	-0.2538	-3.8932	-3.2391	-2.9572	-3.3146	-1.8021	-0.9375	-3.7436	-3.8524	0.1776	-10.3278
-13.0508	-0.2549	-5.5301	-2.7146	-4.0470	-1.4417	-0.0513	-4.5933	-2.2110	-3.7253	-2.9046	-16.5040
-23.5317	1.7951	-9.0652	-3.8671	-2.5467	-1.1920	-4.0460	-3.8927	-2.3099	-9.7748	0.9034	-7.7331
-10.1740	0.6184	-3.5760	-2.4131	-9.3886	-4.9125	-1.8878	-4.0771	-0.2451	-6.7554	0.2380	-14.4697
-14.3865	-4.0496	-4.3796	-2.6552	-2.5095	-2.2513	-1.4344	-1.5890	-0.3942	-8.0891	0.9188	-18.0184
-7.2770	0.7208	-4.4766	-2.0995	-3.5524	-0.4052	-3.7914	-4.3910	-4.6852	-3.4938	-1.2366	-8.2071
-11.2803	-1.7547	-3.8592	-2.1866	-0.7158	-3.6270	-7.2005	-2.5977	-0.4743	-2.9599	0.1912	-10.3207
-12.9777	-0.1048	-7.0951	-4.3269	-2.5633	-3.8708	-0.9382	-1.2629	-2.1736	-4.5243	0.4791	-8.3021
-12.6587	-2.5676	-4.9597	-2.5201	-2.5677	-0.6703	-2.4543	-2.3962	-2.2262	-4.8675	-0.6560	-9.9934
-14.1767	1.2865	-4.3671	-2.9455	-4.2019	-1.2234	-1.7182	-2.0840	-2.8560	-6.6864	-1.0620	-8.4004
-9.8554	-1.0523	-3.0229	-2.5773	-1.2182	-0.8228	-3.8458	-5.7632	-0.6313	-4.2566	0.9653	-12.4210
-14.0144	-0.8735	-3.0921	-3.1581	-2.7542	-1.1381	-2.3127	-1.9035	-2.0356	-5.9138	-0.7446	-11.8579
-17.4411	0.3649	-4.9530	-2.2031	-4.4233	-5.0161	-0.1513	-2.4985	-2.0827	-4.2469	0.1154	-22.3400
-10.1597	0.7530	-2.6554	-2.3475	-0.5463	-1.8209	-2.4319	-2.5405	-4.8303	-2.9499	0.0591	-21.5751
-7.2024	0.0466	-6.1106	-4.2738	-6.5500	-2.1170	-1.3607	-3.4637	-0.2635	-8.3219	1.5618	-40.6860
-12.4958	1.3058	-4.4737	-3.9870	-4.5225	-4.2551	-2.0697	-3.3176	-0.9923	-4.8518	0.6958	-9.9263
-11.7383	0.7579	-6.2909	-3.4916	-3.0992	-1.0911	-4.0468	-4.5834	-0.8138	-7.2213	-1.4379	-10.4946
-9.7533	0.1091	-29.5075	-4.3380	-4.7921	-4.0052	-3.5787	-3.8892	-1.0928	-4.0141	0.1732	-7.5621
-17.1367	0.4799	-5.9152	-1.9239	-3.9442	-3.2050	-2.8087	-4.9185	-1.1119	-6.4721	-0.9521	-7.5238
-9.0929	-1.4000	-6.7964	-2.1225	-3.2575	-1.3210	-1.3791	-3.2550	-3.7386	-4.2970	0.9957	-11.9980
-11.4345	0.3875	-5.9190	-0.6102	-3.8394	-1.8721	-3.3110	-6.8085	-1.9675	-7.1741	-0.5484	-9.8059
-12.7501	0.9977	-8.2882	-1.7493	-4.0120	-1.7805	-2.1471	-2.3200	0.0951	-4.9919	-0.0184	-10.1548
-11.5004	-0.2617	-6.1424	0.2716	-4.8184	-4.9817	-2.2609	-1.9340	-2.6119	-6.9644	0.8206	-9.5702
-9.0351	1.9871	-10.8966	-1.2059	-6.7805	-4.4822	-4.4174	-1.0270	-1.7471	-5.2297	0.5049	-13.9270
-6.8770	1.9987	-5.9068	-2.2019	-4.9401	-2.4495	-2.5659	-6.4265	-5.2623	-3.4637	0.4227	-10.7129
-14.0772	-0.8020	-8.8012	-0.5664	-2.2661	-2.4423	-1.9709	-2.2518	-2.5807	-9.9804	1.1752	-8.3587
-4.9570	0.2353	-3.3044	-0.8807	-3.0043	-1.5035	-1.9462	-3.6735	-2.6789	-6.4530	-1.8393	-10.6502
-22.1194	0.9869	-5.3792	-3.5150	-8.1151	-1.9399	-1.6129	-6.6240	-3.1436	-3.6553	1.0869	-10.4015
-17.2934	-0.2321	-5.6435	-0.0854	-1.9986	-1.7007	-1.3199	-6.1044	-4.4594	-4.4970	-1.0654	-10.0312
-11.0230	0.5927	-5.0818	-2.0550	-2.8475	-4.2976	-2.7008	-2.7237	-3.9258	-3.9742	0.4184	-11.5587
-10.3155	0.4659	-7.1372	-2.7812	-2.0190	-1.9630	-1.7533	-1.6620	-1.8050	-6.8743	0.1922	-13.5693
-17.1340	-0.0246	-7.5128	-1.4209	-5.6017	-2.2805	-3.6097	-2.5378	-3.0309	-8.8545	1.0543	-7.4584
-11.9454	-0.1280	-7.0726	-3.6928	-0.9347	-2.4803	-0.6405	-3.4902	-6.9173	-2.0399	0.9755	-15.8461
-13.7795	0.5797	-4.8539	-1.7445	-3.3722	-4.1871	-3.0135	-1.9330	-0.8720	-8.5401	1.0526	-9.0442
-8.5851	-0.6451	-8.4171	1.3078	-4.9415	-3.9292	0.1176	-6.2021	-1.4183	-3.6329	-2.0038	-10.0633
-6.5472	0.9824	-4.3084	-2.3950	-4.2003	-4.8502	-1.1292	-5.2356	-1.7690	-8.2267	0.3296	-20.1722
-12.8250	1.4617	-4.6118	-0.2828	-2.5597	-2.8583	-2.5025	-3.2146	-2.8674	-8.5216	-0.6388	-14.1587
-7.9010	-0.9693	-3.9648	-1.3824	-5.0142	-2.8268	-4.4760	-1.7486	-2.2696	-4.1216	0.3708	-10.5054
-23.2086	0.6985	-10.5635	-1.7647	-4.4511	-1.3028	-1.2926	-4.5875	-4.2296	-8.6127	1.2414	-14.0529
-11.8897	-0.8023	-5.1183	-1.4428	-2.5814	-3.5707	-0.3097	-2.9548	-3.9127	-6.0029	1.0452	-9.8630
-26.1294	-0.2542	-8.1096	-2.1280	-3.9068	-0.8945	-1.4819	-2.7014	-1.6487	-3.3846	-1.4044	-12.0253
-10.6743	0.0765	-5.4935	-1.7446	-1.2112	-4.4905	-4.1902	-0.5998	-2.7602	-10.7531	1.2525	-8.1920
-10.3901	0.4315	-3.0662	-2.7407	-2.7079	-0.3135	-1.6035	-3.5927	-3.1935	-11.5626	0.3457	-9.0854
-15.5307	0.5288	-8.7667	-5.6482	-4.2525	-0.5065	-2.1023	-2.7335	-2.5696	-5.7934	-0.1406	-10.7897
-16.1384	1.2635	-7.2372	-1.6100	-3.2484	-4.7170	-6.0194	-3.1998	-2.5595	-6.2966	0.4018	-11.8459
-7.4179	1.3982	-7.2191	-0.6986	-1.9869	-4.3602	-2.8783	-4.4457	-0.8448	-7.0764	-0.5901	-9.4055
-6.6004	0.5958	-6.9130	-1.0026	-4.4707	-6.3571	-2.7403	-2.7615	0.2246	-4.3791	-0.8054	-17.9455
-5.1366	0.9000	-2.5316	-1.3640	-4.9431	-2.5925	-2.0989	-2.1061	-2.4021	-5.8313	-0.4035	-16.0549
-4.9437	1.7320	-7.2826	-2.6785	-4.3357	-3.2316	-1.7704	-2.8636	-1.3813	-9.7656	-2.1897	-12.2958
-7.3397	0.2360	-4.0485	-0.1724	-9.0752	-7.0238	-2.2286	-1.5313	-2.6344	-8.2177	0.8469	-12.8515
-12.0226	-0.3991	-4.8386	-3.6345	-4.4411	-2.9239	-2.1310	-2.3373	-1.8061	-3.7623	0.0405	-6.4804
-12.4415	-1.5596	-10.0762	-1.4401	-2.0428	-0.9491	-1.6781	-4.8333	-1.2426	-3.5631	-1.1536	-8.0548
-7.6163	-2.5693	-3.6422	-1.6936	-4.3156	-3.4377	-2.1081	-4.2878	-0.5676	-4.0149	-0.5001	-6.3335
-23.4704	-1.9429	-8.3381	-2.4830	-3.2332	-0.5490	-1.4019	-2.1031	-2.1101	-7.2924	1.0278	-7.5861
-7.5736	0.8081	-6.0271	-5.2743	-3.7670	-2.1791	-2.5171	-3.2064	-0.6726	-3.1574	-1.7858	-10.3749
-8.8330	1.2563	-6.1424	-2.7832	-4.8998	-5.0736	-1.1865	-8.9171	-2.4790	-6.5815	0.8265	-7.0275
-13.5886	-2.0531	-7.8142	-0.5685	-1.9419	-1.0887	-2.5289	-6.4772	0.1716	-7.0179	-0.0000	-9.2178
-11.9647	0.2483	-7.1937	-0.6684	-1.3212	-2.2536	-3.4264	-3.6011	-3.2283	-9.4659	1.5383	-8.6921
-16.0986	-0.0348	-3.4627	-0.8766	-3.0497	-3.0435	-3.7806	-5.1631	-0.5318	-5.1439	1.3430	-5.6639
-8.5313	0.1960	-5.0510	-0.0258	-4.5751	-5.3723	-1.3437	-4.5798	-2.6414	-3.3260	1.7041	-12.6626
-14.1372	0.4236	-6.2905	-1.9885	-2.3589	-1.6666	-1.7138	-2.4290	-3.4592	-4.9517	-2.5475	-14.9421
-20.4240	0.2110	-4.6013	-3.0795	-2.4428	-3.5832	-0.8032	-5.0956	-2.6481	-6.1677	0.7465	-10.8511
-8.3736	-0.4975	-6.2041	-2.0901	-5.6974	-5.7949	-2.8752	-0.2216	-1.6134	-4.0307	0.5697	-8.3563
-8.0014	-0.6559	-5.1479	-0.9594	-4.9046	-6.3046	-2.2312	-2.1813	-2.1247	-8.5749	1.1763	-7.2980
-7.2432	1.9697	-6.6535	-1.0823	-8.1309	-4.0525	-5.1700	-7.0206	-0.2487	-2.4638	-0.4810	-13.7942
-7.8338	-0.0873	-5.7644	-2.2747	-3.3201	-1.6482	-1.2036	-8.3188	-3.9227	-4.2275	-0.7804	-7.8118
-8.2255	-0.7681	-12.5057	-1.0746	-1.0837	-3.0220	-2.4895	-4.0081	0.2244	-4.4548	1.2785	-11.8476
-9.5389	1.3422	-7.7561	-3.2143	-1.8219	-2.9444	-0.4326	-2.8241	-3.3561	-3.2582	-0.3524	-11.8858
-8.4557	0.2006	-4.4386	-1.4411	-2.0578	-6.5127	-1.6130	-3.3391	-1.0311	-3.1338	-1.5814	-9.3858
-9.9441	-2.3252	-1.9879	-0.9667	-3.1340	-1.8531	-4.6438	-6.5850	-1.4573	-1.7960	1.1337	-9.3808
-11.7965	0.1938	-4.1848	-1.8719	-4.2057	-5.5350	-2.6697	-4.4576	-2.6374	-3.1966	0.9016	-4.0673
-8.0610	1.3308	-3.5244	-3.5979	-4.9887	-0.6226	-5.4912	-6.4746	-1.5211	-13.8250	1.3809	-13.0292
-13.0299	-1.0992	-12.5294	-1.3309	-1.2230	-2.2616	-0.4674	-2.3085	-2.6202	-7.0659	-2.7560	-8.0324
-9.0330	0.5149	-3.9334	-0.9393	-1.3479	-2.2934	-3.9106	-2.7032	-2.8299	-9.5621	0.5971	-9.1537
-11.0758	1.8935	-11.6757	-0.0182	-5.1937	-3.0068	-1.9978	-6.9686	-2.2825	-4.9656	-0.1482	-17.4339
-10.1432	-0.6918	-3.6890	-3.9597	-3.2004	-2.8029	-2.1855	-2.1715	-4.7335	-6.6787	1.4170	-17.4106
-17.0693	0.5117	-6.1660	-1.1028	-3.5172	-1.3488	-0.6479	-4.3865	-4.3473	-6.5909	-1.0302	-12.4953
-9.4514	-0.2515	-3.1512	-0.6559	-3.3725	-3.2418	-4.7676	-2.5958	-0.3822	-4.6667	-0.0273	-8.6787
-6.0193	-0.7657	-3.1319	-2.9758	-3.3135	-3.7849	-1.8133	-7.5947	-0.6105	-1.8573	-0.4309	-8.8477
-10.1600	-1.7871	-18.4401	-3.9492	-1.4014	-0.3389	-1.6172	-3.6801	-5.1169	-2.4757	0.4226	-8.7175
-9.5763	0.6825	-7.1253	-2.1908	-5.0345	-3.1291	-2.7305	-2.8618	-2.0216	-2.0087	0.0569	-10.3002
-15.5105	-0.0712	-7.0504	-4.2555	-2.7133	-2.9204	-0.5883	-3.2665	-2.6229	-6.8061	-0.2679	-5.5010
-19.2942	-0.7702	-5.7464	-3.0378	-2.8809	-0.7283	-1.6840	-4.0488	-3.3053	-6.6801	-1.1452	-8.1559
-16.9607	0.0989	-2.6289	-2.3843	-1.5440	-1.3783	-3.2388	-1.8957	-2.3220	-6.6812	0.7919	-7.6065
-16.0432	-0.0057	-4.8594	-1.6434	-3.6468	-1.5358	-3.3742	-4.0373	-1.4843	-4.2606	-1.2495	-12.9309
-10.2165	-1.0612	-7.5967	-4.1549	-2.1028	-1.9434	-3.9975	-3.7536	-1.4945	-3.1584	0.3458	-15.6406
-11.9999	0.5362	-5.2768	-4.3745	-2.8884	-4.2056	-3.5905	-4.2775	-3.5459	-2.6107	0.5705	-9.1233
-6.5352	-0.4690	-3.6140	-4.0112	-3.1555	-3.2106	-0.4130	-2.3129	-4.7437	-8.8983	1.2011	-11.3428
-11.5359	-0.4873	-11.0806	-1.1003	-5.3029	-2.9013	-3.9576	-5.8623	-0.8857	-6.2552	1.0463	-13.7145
-7.6804	1.4465	-5.5523	-2.6066	-3.1989	-1.5509	-2.1313	-6.0522	-2.9005	-2.8873	-0.7745	-9.7012
-6.2681	0.0376	-5.2421	-1.7445	-3.3769	-2.6687	-2.6844	-3.1937	-2.0554	-9.1759	-0.5379	-14.8604
-12.2085	-1.5492	-6.9386	-3.5900	-1.2522	-0.3849	-2.0829	-4.4240	-1.6658	-3.9599	-1.0860	-7.1204
-14.4842	-2.1002	-3.6705	-2.6336	-1.6342	-4.1027	-4.3988	-4.3173	-2.3799	-3.2006	0.1385	-13.2792
-8.0985	0.8029	-5.1398	-1.6207	-2.6118	-1.0780	-2.0225	-3.1369	-3.8364	-4.7935	0.6626	-19.7346
-9.9284	0.4806	-2.7448	-0.5675	-5.6254	-2.0159	-3.1775	-1.2610	-1.5774	-7.4917	-1.6975	-10.5677
-10.1106	0.5653	-4.7137	-4.5819	-5.2971	-3.4348	-2.5818	-4.6193	-2.6631	-3.1638	0.3756	-9.5620
-15.1561	0.5696	-5.1515	-2.6746	-3.2316	-1.4338	-2.0111	-4.1757	-2.6170	-6.6141	-1.1022	-16.2044
-7.8048	0.5883	-2.1289	-1.3690	-3.8984	-2.1477	-3.9718	-3.5447	-0.7276	-4.7651	-0.2372	-13.6886
-9.2559	-1.4555	-3.5712	-0.7397	-2.1215	-2.1347	-1.8614	-3.2320	-2.1254	-11.0784	-0.5269	-10.2909
-8.0194	2.1439	-4.1678	-3.7983	-5.4524	-0.7543	-3.2238	-5.1147	-0.6645	-9.6699	1.3099	-13.5636
-7.1878	0.4981	-4.2527	-0.4269	-1.9992	-2.9429	-3.4313	-4.2451	-1.1821	-12.3031	-2.9866	-15.0222
-8.8479	0.7897	-7.3362	-1.1803	-8.5380	-3.5869	-2.2115	-7.7220	-1.0412	-0.8220	0.9211	-6.7158
-11.4532	0.2753	-5.8982	-4.2267	-3.2972	-2.7615	-1.3832	-2.6345	-1.9337	-4.4513	-0.4746	-6.6666
-6.4690	-0.0534	-7.9947	-0.9470	-3.4478	-5.0960	-5.5434	-5.6664	-1.1479	-5.1294	0.2535	-13.1047
-17.6687	-0.6676	-3.7858	-1.0074	-3.5026	-1.6904	-3.3389	-1.3878	-1.9645	-7.5857	-0.5125	-8.3041
-18.4546	1.0628	-15.7769	-2.9440	-1.8028	-2.9670	-2.1648	-4.6178	-1.3408	-6.5678	1.3136	-7.1595
-7.2054	1.0282	-5.9139	-3.2261	-6.8750	-3.5162	-1.3447	-2.4547	-1.9929	-3.0246	0.2900	-15.4517
-13.3106	0.4537	-9.1703	-2.8195	-3.5697	-2.5768	-3.3900	-4.0050	-0.5713	-4.9732	1.2245	-5.3106
-22.3646	0.4178	-4.4336	-0.6572	-9.5451	-3.4926	-4.2021	-4.1351	-2.8066	-3.5904	0.5101	-10.4066
-9.4956	-0.2562	-8.2143	-2.7774	-0.0037	-2.7005	-5.2657	-5.3808	-2.9565	-1.9946	0.7199	-7.6215
-7.7847	-0.1753	-6.4374	-4.7299	-5.8180	-3.9950	-1.1565	-1.8291	-3.5849	-4.0096	1.5926	-12.3291
-14.4069	-0.5034	-3.2926	-3.9924	-3.8844	-0.3435	-1.2727	-4.5514	-3.1653	-7.0926	0.6933	-10.7482
-9.6015	-0.3320	-6.5651	-2.8915	-4.3513	-4.2705	-2.9867	-1.2673	-2.0224	-10.8669	0.6993	-8.5993
-9.2430	1.8278	-6.4851	-1.6538	-2.5172	-3.3319	-3.6378	-6.8579	-0.5439	-4.4071	0.1897	-12.6932
-15.9527	0.6821	-6.1030	-2.3671	-5.8561	-2.3178	-3.4299	-2.1073	-1.2097	-3.2220	-0.9053	-32.0390
-7.5472	0.4839	-12.2187	-0.9348	-2.2477	-4.2598	-3.8599	-4.5978	-1.2913	-9.0304	0.5307	-4.8269
-15.4726	0.8691	-3.9263	-1.8526	-3.2620	-1.5593	-2.0353	-4.3004	-4.0657	-4.2382	0.9934	-9.5645
-9.1518	-2.3642	-4.2100	-2.3889	-3.3717	-2.9860	-1.8419	-2.3755	-1.9353	-6.0755	-1.6042	-7.2575
-11.2989	0.7604	-5.3701	-0.3281	-5.0773	-2.3238	-1.9190	-3.8290	-3.8993	-7.1678	1.2251	-18.3630
-33.1719	-2.3745	-3.0148	-2.4490	-5.3307	-1.8977	-1.4954	-2.2157	-1.7134	-7.0942	0.6009	-11.4366
-7.7058	-0.3492	-6.6303	-1.3307	-2.6926	-4.5458	-1.4373	-2.2404	-3.0495	-6.2659	0.0597	-8.1182
-14.2524	-0.7868	-11.2360	-1.7480	-3.3817	-1.2733	-2.2798	-5.2040	-1.0390	-4.0293	-0.1593	-15.1116
-8.9040	0.8154	-5.2580	-2.6264	-2.2036	-3.2357	-2.0811	-1.6827	-3.8124	-10.3269	1.1844	-12.1599
-9.6247	-0.4766	-6.3434	-1.2619	-0.5779	-2.9560	-2.5019	-8.5970	-3.1573	-6.7277	2.1913	-7.4895
-10.1447	0.7339	-5.2078	-3.2867	-2.4104	-4.8457	-3.9152	-2.8719	-2.1306	-3.6753	0.2637	-11.1640
-6.2902	0.5085	-5.2409	-2.9009	-4.4822	-2.9883	-4.2567	-2.2176	-0.9751	-3.8639	-1.0759	-6.2946
-10.3659	-0.1258	-4.8659	-2.8913	-4.5344	-2.0094	-3.2550	-3.9996	-2.7856	-2.2413	0.4778	-10.3838
-7.9105	-0.4162	-4.8228	-1.1193	-5.1519	-3.7890	-4.1906	-3.0449	-2.8007	-11.1324	0.3995	-10.4858
-13.4208	-1.8598	-4.8150	-0.8622	-2.4130	-3.0890	-2.7559	-3.0471	-0.9966	-3.8465	-1.3872	-15.7719
-6.5447	-0.1020	-4.7005	-3.4048	-2.6221	-2.6423	-1.8795	-2.2160	-2.2549	-5.1360	-0.1669	-10.0714
-13.0332	1.3426	-4.0395	-2.0674	-4.5532	-6.8998	-2.6342	-3.7837	-1.3401	-7.4813	0.1689	-11.1961
-8.9720	0.0823	-4.2716	-2.0500	-4.6113	-4.1538	-3.5454	-4.6026	-0.5705	-2.5521	0.1304	-7.8704
-12.6017	0.2350	-5.6268	-0.3698	-5.8646	-2.4412	-1.8740	-4.5654	-1.3804	-4.6580	0.2026	-16.9686
-9.4583	1.0843	-5.9359	-3.8465	-1.3604	-2.0475	-1.7348	-3.6359	-1.0289	-5.7471	0.0145	-24.5234
-10.3492	1.1031	-4.4648	-3.4847	-3.2740	-1.0503	-3.2543	-2.3835	-1.7445	-3.6141	-1.3285	-11.9437
-12.2965	0.5271	-3.6799	-0.9787	-4.9370	-3.0186	-1.7233	-5.6347	-0.4053	-6.2764	0.5007	-9.5557
-14.4236	-0.5002	-6.7028	-1.2118	-2.1681	-3.0943	-3.0038	-4.6216	-3.6025	-7.1287	1.5948	-6.4498
-10.2827	-0.1614	-5.9119	-1.5021	-2.9851	-3.5957	0.2188	-2.5846	-3.2307	-7.5510	0.1751	-10.7194
-18.0549	-0.3498	-4.8280	-0.9673	-2.9221	-3.6959	-4.1223	-5.2680	-0.1823	-5.8134	-0.0437	-12.1691
-7.0091	0.3119	-6.9342	0.3308	-6.1123	-2.3353	-2.4627	-3.7004	-1.8201	-10.7477	0.5779	-9.1996
-15.8194	0.7114	-5.3274	-1.6705	-1.5475	-1.0108	-0.6605	-4.5351	-0.6383	-3.7005	-0.5689	-11.6453
-6.4731	-0.2625	-4.2035	-1.3610	-3.1670	-2.6629	-1.2504	-3.2348	-0.8974	-6.1134	-0.4343	-11.9128
-7.8930	-0.6535	-7.7977	-1.5574	-3.6137	-1.7946	-3.0569	-2.9406	-1.7688	-4.8323	0.8690	-10.0297
-9.3915	0.2123	-4.3453	0.3476	-7.1630	-3.9841	0.5217	-2.2298	-4.5143	-5.0107	0.3205	-10.4554
-14.5371	0.4864	-6.8294	-1.4588	-2.3020	-3.0819	-1.7892	-2.6257	-0.9590	-7.6773	-2.9347	-10.9361
-5.7779	1.0186	-8.2366	-2.3989	-3.8396	-2.3749	-4.2946	-5.1740	-2.0827	-5.1808	-0.6919	-10.1006
-21.6927	0.8413	-10.3334	-1.7922	-4.1452	-0.9431	-0.7373	-5.0567	0.3126	-4.7467	-0.3922	-7.8761
-6.9867	2.2798	-3.4622	-0.4121	-4.9278	-1.3937	-5.1900	-2.1306	-5.5647	-3.0663	-1.4249	-15.7067
-6.1768	-0.3256	-9.9896	-2.0344	-4.3762	-1.9915	-2.1162	-6.8008	-4.3385	-4.9975	1.4095	-6.1615
-6.8318	1.6758	-11.2975	-1.4922	-2.9820	-6.0696	-1.8760	-3.4057	-4.0532	-6.1282	0.6552	-15.1941
-11.6988	0.0139	-7.4865	-2.9257	-1.8211	-7.0433	-3.3667	-4.5623	-1.3168	-4.8370	0.5374	-15.7440
-14.1018	0.8599	-3.9139	-2.9917	-5.9211	-2.5428	-3.5930	-2.8923	-0.6104	-2.0262	-0.9687	-10.5208
-7.9150	0.8979	-6.7068	-1.9203	-4.7726	-3.5799	-0.3456	-7.2827	-1.2692	-9.8509	2.4997	-9.7105
-9.7452	0.0894	-3.6988	-2.6538	-4.8068	-2.1813	-3.7555	-3.2984	-1.2551	-3.9605	1.4739	-19.8123
-13.9706	-0.1659	-3.3278	0.2866	-5.4466	-3.7210	-2.0693	-1.3389	-3.0293	-7.9756	0.8524	-10.3295
-8.1050	0.7675	-8.8419	-2.8270	-4.3463	-3.6847	-4.3982	-2.9510	-3.2072	-4.5993	1.0484	-10.2171
-8.1402	0.6756	-6.7074	-1.8920	-3.0156	-1.7218	-4.3127	-4.1302	-0.5072	-3.3674	-0.9501	-7.4352
-9.4240	0.0555	-3.7307	-1.4493	-4.5400	-2.5204	-4.5060	-3.0356	-2.5051	-8.4657	0.9162	-17.4715
-11.0788	-1.3890	-6.9316	-2.3779	-0.4225	-3.3981	-1.5807	-1.9637	-3.9036	-4.6239	-0.5256	-6.9811
-9.2134	1.0005	-6.5552	-2.4672	-5.4981	-0.3757	-1.7548	-3.6430	-0.7783	-6.6079	-1.6856	-12.8122
-17.5629	-1.6938	-7.6986	-1.3922	-0.9878	-1.2751	-2.6015	-3.4527	-2.6548	-4.3595	0.3762	-11.8380
-10.3734	0.4749	-9.2203	-2.2627	-6.1624	-3.1942	-1.9911	-2.5230	-0.7509	-3.1609	-0.1351	-11.1419
-21.1233	-0.5690	-2.9666	-2.2707	-2.7952	-4.8659	-7.7981	-2.7654	-1.2405	-6.7728	1.1883	-5.5201
-16.4477	-1.5990	-2.6695	-2.6683	-2.9171	-3.2048	-3.8841	-7.0297	0.0862	-10.9361	1.4096	-11.5671
-9.3117	-0.1389	-2.8307	-1.7488	-4.9914	-3.4372	-6.7974	-4.4378	-1.7590	-2.6400	0.9294	-8.8912
-8.0084	0.1870	-4.5520	-2.7624	-5.8942	-5.7632	-2.6264	-1.1633	-2.9166	-6.4504	0.4489	-9.2553
-13.2084	-0.0742	-4.4539	-2.9410	-3.4113	-1.4293	-1.7146	-5.1297	-1.8350	-4.3238	-0.1827	-8.4568
-8.5486	-1.2742	-3.5344	-1.3104	-1.0704	-1.6773	-4.0013	-1.5986	-2.2818	-3.4535	-0.7774	-11.8505
-16.6307	1.0726	-8.3970	-3.3004	-1.0354	-1.9641	-1.4075	-4.9295	-0.5201	-9.7568	-0.3034	-11.2416
-13.2468	1.3924	-5.4119	-4.6551	-6.2327	-4.4473	-1.2058	-2.2453	-0.9975	-3.5541	-0.0812	-10.4387
-9.6814	0.7966	-3.0204	-2.4365	-7.0984	-2.5150	-3.1545	-3.3791	-1.8660	-5.6687	0.4058	-12.0601
-10.5719	-1.6676	-5.5784	-0.8902	-2.5645	-3.3530	-1.8941	-6.0417	-0.4017	-7.4712	-0.9018	-11.6904
-9.6260	0.3809	-3.3395	-4.1136	-4.4244	-1.0946	0.1319	-2.5475	-3.6413	-3.9779	2.4788	-10.7852
-7.3768	0.7322	-15.0929	-0.3594	-4.3012	-4.8895	-4.3471	-4.1563	-1.3012	-3.0324	-0.1184	-6.3362
-8.6592	-0.6659	-9.4935	-1.5063	-7.0508	-2.1692	-4.4085	-1.7998	-0.1159	-5.0020	-0.0724	-7.1674
-19.9088	0.3393	-3.5887	-1.4112	-4.7137	-3.9374	-2.9450	-4.8259	-2.7313	-9.7304	2.0535	-5.4234
-11.7243	0.3500	-4.9227	-0.7683	-3.3338	-4.4573	-3.7420	-2.1047	-0.3427	-3.5653	1.0183	-10.8290
-9.0798	0.5691	-7.5915	-1.4287	-3.5409	-2.2147	-2.0433	-4.5957	-0.7359	-5.4812	0.2425	-17.6191
-8.8784	-0.5912	-5.6081	-2.8822	-3.0690	-1.8817	-1.9193	-2.6034	0.0715	-4.5528	0.2708	-6.1535
-9.0613	-0.3725	-2.2141	-2.7159	-5.3161	-2.3919	-2.1700	-4.5149	-1.7204	-5.2027	0.8855	-9.8383
-14.9609	-0.2094	-6.6793	-4.2178	-2.6411	-2.9386	-3.5469	-4.9995	-2.4464	-3.2144	0.1105	-9.9443
-13.6756	1.1380	-8.5486	-7.1294	-5.6549	-2.5999	-2.6228	-0.6859	-0.8286	-6.9205	0.3774	-4.8093
-10.7102	0.1449	-5.7613	-2.4775	-2.6069	-0.8711	-2.2576	-1.5606	-3.7542	-8.2416	-1.2901	-10.3292
-10.7223	-0.4984	-3.4145	-1.5634	-2.4186	-2.4826	-1.6707	-7.3020	-4.0635	-5.7122	2.4728	-15.1872
-12.0790	0.1068	-5.2533	0.2228	-3.7350	-1.7039	-0.7106	-1.8582	-1.7295	-8.2460	-0.9200	-20.6016
-8.2712	2.2523	-8.4650	-2.0646	-4.5103	-3.6796	-3.4752	-3.1215	-3.7848	-3.8349	0.1013	-10.6478
-5.2097	-0.8319	-6.4114	-0.7668	-2.5965	-5.2224	-3.9284	-2.3124	-0.1954	-3.1282	-0.6224	-11.3015
-16.4732	-0.2120	-3.9859	-5.6827	-4.4165	-2.6105	-3.0215	-7.7595	-2.3919	-5.1747	1.6393	-8.5378
-9.8290	-0.3082	-4.9931	-5.6185	-2.9304	-2.7622	-1.1934	-2.9817	-3.5612	-6.9638	1.7644	-23.6641
-12.4606	-0.2643	-2.9192	0.3735	-7.9251	-4.3871	-3.0162	-3.4377	0.9868	-3.6453	-1.8273	-12.4296
-9.3382	0.7839	-5.8342	-3.9989	-3.3876	-0.3486	-1.5943	-5.0456	-0.7829	-5.7319	-0.1114	-9.7795
-10.8047	-0.3202	-4.1123	-1.0997	-4.0016	-3.1601	-2.0618	-4.9132	-4.0394	-7.0954	1.0443	-6.9904
-14.1663	1.0242	-4.5699	-2.7645	-2.5185	-1.6415	-0.8972	-2.3828	-1.2090	-9.2265	-1.1233	-16.3000
-8.0561	0.6006	-2.9602	-1.4092	-5.5252	-2.5496	-1.4424	-3.9559	-6.7118	-8.7330	0.8913	-9.2865
-8.0885	0.9030	-3.5404	-2.7578	-5.9111	-2.2374	-1.2120	-1.5731	-1.2838	-5.9550	-0.4401	-6.4942
-8.1985	1.1732	-4.6868	-3.4958	-4.9340	-1.1984	-0.4427	-2.1100	-1.4701	-17.6239	0.8548	-8.7489
-22.0589	-1.9013	-4.9351	-1.7628	-5.0196	-1.7543	-1.7646	0.0223	-1.2424	-5.0734	-0.7505	-19.6793
-13.2393	-0.2122	-2.5266	-0.2107	-4.4328	-5.8723	-4.7972	-4.1018	-2.8921	-2.6429	2.3709	-8.1127
-9.3622	1.7906	-3.6861	-2.3539	-5.7372	-0.9500	-2.1735	-3.3671	-1.2992	-7.0723	0.0120	-12.0697
-5.7980	-3.0578	-5.2637	-2.0489	-4.7784	-5.1696	-0.6838	-3.4239	-1.3592	-7.4342	1.3380	-6.1708
-7.7906	1.3616	-6.9435	-1.0631	-2.7726	-2.8477	-1.0925	-4.0394	-2.9091	-5.6241	-2.3579	-13.6123
-11.3603	0.3434	-10.7589	-1.7397	-2.2351	-1.8743	-2.5310	-2.3950	-3.4908	-6.0142	0.3570	-6.5926
-17.2205	1.0124	-3.5282	-2.0985	-3.9571	-4.0432	0.1273	-0.9953	-3.2132	-4.3651	-1.3170	-10.0388
-8.4951	-0.8165	-3.5364	-4.7124	-4.8445	-0.7284	-1.9808	-2.1969	-3.2207	-4.0542	-0.0421	-15.0241
-10.6521	0.3193	-4.0717	-2.7100	-1.3364	-1.2506	-1.7077	-4.0691	-4.0955	-6.8229	0.5367	-16.2428
-12.7144	-0.6402	-3.7640	-2.3540	-2.1441	-1.5600	-1.7849	-3.0595	-2.5214	-8.1241	-0.1865	-8.5994
-12.9760	-1.0350	-4.3113	-3.0884	-1.9929	-2.6217	-2.9700	-5.4652	-0.5492	-3.7231	1.8013	-11.9537
-8.6408	0.9370	-8.3993	-1.4658	-2.7469	-2.7186	-4.8467	-3.0227	-2.6293	-4.0977	0.6368	-10.9379
-8.6939	1.3356	-6.3682	-4.0739	-4.5461	-1.2921	-4.7104	-3.4502	-2.4276	-4.4513	0.4122	-10.3887
-11.5643	-1.6056	-4.6815	-2.8235	-2.4233	-0.1557	-3.3403	-5.0277	-1.0948	-11.8957	0.8789	-7.7494
-7.0006	1.8246	-9.3210	-3.0978	-5.5404	-3.1864	-2.9838	-3.6504	-4.2203	-8.3356	1.0512	-8.3376
-9.4486	0.5273	-4.6091	-3.7722	-0.6759	-1.1562	-4.8674	-1.5926	-2.1337	-6.6984	1.4044	-12.0724
-9.4104	-1.3330	-6.9025	-1.8198	-4.2872	-0.6060	-0.4581	-1.0867	-4.5466	-7.8533	0.5153	-11.7905
-9.7244	-0.8875	-4.4048	-1.8324	-0.7539	-1.9163	-1.8769	-4.5301	-1.5569	-3.1223	-0.5898	-10.9247
-12.0993	-1.0287	-5.0291	-1.2503	-2.5906	-1.5003	-5.2466	-1.9994	-0.6532	-4.3773	-0.5837	-6.8137
-6.9715	0.1664	-6.0340	-0.0166	-7.5219	-1.7399	-1.6086	-1.7264	-3.3335	-6.7128	-0.2961	-17.3012
-17.8210	1.3866	-5.3042	-1.8668	-3.1422	-2.0394	-5.3902	-5.5471	-3.9992	-3.2417	0.1822	-15.4075
-6.8018	0.6054	-7.6352	-2.3064	-0.2577	-3.1559	-2.8167	-3.6508	-1.8632	-4.3180	1.4701	-9.7638
-8.9814	1.8058	-10.0891	-0.9461	-3.1856	-1.5228	-1.6664	-3.6330	-3.6348	-4.7144	-0.0888	-12.8047
-8.8961	0.3245	-5.0715	-1.5826	-4.4437	-1.2818	-4.5909	-2.9678	-1.7939	-5.3892	0.2868	-8.7548
-8.1412	1.5877	-8.9641	-3.4717	-3.0090	-3.2249	-3.9291	-3.8357	-2.0267	-4.5362	0.5540	-11.6254
-10.9742	-1.4339	-6.4121	-1.0172	-3.3856	-2.4924	-0.7479	-4.4300	-4.6335	-4.9495	0.9658	-8.1080
-20.9474	0.6615	-5.2967	-3.8432	-1.3130	0.6610	-2.9678	-2.4038	-2.7204	-3.5215	-0.5220	-9.3251
-14.8451	1.2947	-2.1224	-0.4587	-5.1772	-2.9725	-6.8758	-7.6823	-1.1226	-3.4202	1.3861	-15.8075
-11.7955	-0.5908	-2.2239	-1.5549	-1.4843	-2.7169	-7.0673	-3.3176	-4.7543	-3.3353	0.2108	-6.4721
-9.8104	1.9901	-5.9899	-3.0274	-4.6276	-2.6064	-2.1848	-4.0714	-4.1670	-7.1835	1.0838	-10.4065
-18.4291	0.3625	-3.8241	-5.4378	-2.6310	-2.1499	-1.6595	-2.8966	0.3399	-2.8330	-0.5052	-13.1169
-8.2107	1.9454	-7.8110	-3.3943	-4.9023	-1.2392	-3.5487	-2.5215	-1.1069	-6.2146	0.3937	-8.7891
-6.8701	-0.9416	-3.8048	-0.6492	-2.6917	-1.9683	-4.3229	-3.1152	-0.7313	-4.6829	-1.6219	-11.6819
-6.7415	1.3874	-8.9438	-3.0810	-1.2687	-0.9798	-5.5600	-4.6496	-1.3138	-5.9854	-0.3823	-8.8958
-16.0383	-0.6072	-3.0607	-2.3249	-4.4990	-2.0232	-6.1360	-2.5414	-1.8752	-6.4442	1.9246	-11.7315
-9.8897	0.3333	-4.4844	-4.1100	-3.1180	-2.7505	-3.4532	-4.0877	-3.6588	-4.7703	-0.4498	-11.7301
-17.4773	-1.9579	-3.0675	-1.5592	-1.6706	-2.2185	-3.7867	-3.0326	-2.1631	-3.3831	-0.6866	-7.6846
-11.8654	-0.3972	-7.7585	-0.5701	-1.2602	-5.2178	-2.4800	-2.3093	-2.9920	-4.1053	0.2216	-8.3141
-12.4213	1.8349	-9.9594	-1.6558	-4.2452	-3.9910	-6.7898	-5.9730	-1.1227	-5.5642	0.7290	-4.8461
-9.7937	0.4879	-6.3922	-1.8891	-4.4631	-5.7647	-2.3405	-4.1183	-1.6279	-2.6689	1.1367	-12.2130
-8.8979	0.1594	-5.0364	-2.9013	-3.1951	-1.8497	-2.1155	-4.7752	-1.7258	-2.5136	1.2647	-14.0269
-10.6089	1.4771	-5.2375	-0.8767	-5.1165	-0.5349	-6.9278	-3.7893	-1.2611	-6.5402	-0.7673	-12.4747
-11.8405	0.8254	-4.8869	-1.6627	-2.1899	-3.3118	-2.6699	-3.2985	-3.0776	-7.7002	0.0661	-18.5960
-7.9729	0.0453	-5.5229	-0.8466	-5.1788	-1.9978	-1.5294	-3.0210	-2.0600	-8.8641	-1.6542	-18.0322
-15.2044	-0.2836	-4.9217	-2.6220	-9.5643	-6.9816	-1.6615	-1.0284	-1.9058	-4.0440	0.3472	-9.1712
-17.2475	0.6507	-2.6150	-1.0257	-5.3910	-2.8109	-3.4144	-3.1794	-2.4456	-7.6051	-1.3050	-8.4427
-8.8596	0.7937	-10.3779	-4.3577	-2.9720	-1.6112	-3.3452	-6.1261	-1.9664	-3.8443	1.2026	-4.9262
-6.9771	-0.9707	-3.4421	-3.3039	-4.1538	-4.4821	-2.4253	-2.9566	-3.2142	-4.1608	-0.6993	-9.0237
-11.0247	1.4241	-7.1078	-2.6409	-2.2588	-3.6538	-0.7624	-3.2179	-1.8831	-3.8650	0.3183	-8.9672
-12.7572	0.4112	-6.7969	-0.2728	-4.0579	-3.7257	-2.0044	-3.2686	-1.2804	-8.1221	-0.0645	-11.5138
-13.2337	2.6044	-6.8322	-3.5280	-4.4706	-2.1329	-2.1143	-2.2909	-1.1730	-6.0373	0.2577	-7.8861
-6.9365	0.8433	-6.5918	-1.4402	-8.9082	-1.0058	-3.8454	-4.0753	-3.8552	-4.3361	0.7103	-11.0882
-15.4610	0.0801	-11.7072	-5.6188	-4.0190	-0.5411	-3.5424	-4.3071	-0.4915	-2.4849	-1.9244	-17.3236
-8.5767	0.8348	-6.6765	-0.5029	-4.3886	-3.6527	-2.6077	-2.9961	-3.1364	-3.5117	0.9465	-14.0839
-7.7493	1.4388	-4.6238	-4.9401	-4.4696	-3.1786	-3.9885	-4.9824	-1.3435	-3.0106	-0.1215	-9.4405
-12.2910	-0.1600	-5.9465	-3.0998	-3.2407	-2.1807	-5.2626	-2.5941	-1.8148	-7.7336	1.2824	-11.9725
-5.3828	0.5256	-3.5489	-0.8421	-4.0109	-3.8061	-2.3958	-2.1308	-3.8915	-9.8374	0.9549	-15.1950
-9.8920	0.2400	-5.1044	0.6434	-5.6833	-1.1808	-2.2968	-4.3631	-2.6434	-10.5339	-0.0651	-12.5171
-13.5208	1.2689	-7.1463	-4.9651	-2.6944	-1.8716	-2.8729	-3.1185	-3.5428	-10.2297	0.4598	-9.7589
-19.5379	-3.1343	-5.2135	-0.4047	-2.8206	-3.8849	-1.4572	-4.9566	-1.9848	-3.8346	-0.7424	-9.5091
-9.7955	-0.7176	-6.3204	-2.3701	-1.4732	-3.8478	-3.8388	-0.5575	-1.5236	-5.8151	0.4973	-6.1446
-12.6644	-0.7055	-3.4152	-1.0267	-2.2640	-0.5983	-5.0500	-4.6619	-0.8409	-5.6138	-0.0702	-8.3099
-8.2262	-0.7063	-3.8109	-2.1440	-8.1008	-5.1977	-1.4972	-0.2901	-1.3234	-5.5096	-0.1871	-11.8687
-11.1358	-0.6534	-4.0444	-1.4279	-2.9949	-1.4035	-3.6481	-7.6781	-1.1143	-9.9843	-0.0652	-6.1650
-8.0387	-0.4124	-3.1136	-3.5906	-7.1887	-3.4710	-2.2044	-0.6363	-2.2321	-5.8271	-0.3142	-8.5796
-13.4823	1.0805	-8.3907	-4.2585	-0.7100	-3.5626	-2.7361	-3.1733	-2.9970	-3.5944	0.9650	-11.2293
-8.9885	1.3866	-7.2568	-1.5191	-7.5346	-2.0601	-1.6286	-3.5690	-2.3144	-13.9939	0.3654	-15.2141
-8.5892	1.3991	-7.5137	-1.8618	-3.1018	-1.1050	-5.0857	-2.7361	-3.0264	-7.4226	0.7958	-11.5157
-10.6871	1.8611	-4.6534	-2.7133	-4.8357	-1.1081	-3.7752	-4.0560	-0.4535	-9.8506	1.4148	-7.7864
-7.1333	-1.1742	-8.6915	-2.0877	-0.5020	-0.6137	-2.9893	-2.2506	-1.7923	-2.6487	-1.2878	-9.1004
-10.8487	-0.3564	-9.0414	-1.5367	-3.7929	-4.1596	-1.2922	-0.5779	1.0224	-6.1828	-0.7253	-13.1315
-10.5159	1.5732	-5.8342	-1.4958	-4.2790	-0.7271	-3.9939	-4.0337	-0.6908	-6.9625	-1.9020	-5.7538
-8.4279	-0.2019	-7.2232	-0.3266	-4.4498	-3.6134	-4.0436	-1.0434	-0.6713	-6.7801	-1.3715	-19.6550
-7.8773	-0.3002	-3.2613	-1.1312	-8.2820	-4.6580	-3.4654	-2.1323	-1.4170	-4.5779	-0.3286	-11.8645
-8.0185	0.3738	-7.2018	-2.5487	-5.2132	-1.3209	-5.2569	-3.1013	-1.0428	-5.0287	1.3579	-10.0590
-8.9171	-1.4120	-5.7409	-2.0294	-2.1984	-1.4366	-2.5743	-4.2286	-2.8529	-5.3994	1.0351	-7.9959
-10.1600	2.3026	-5.2879	-3.0240	-4.9932	-2.6570	-3.4273	-3.1395	-3.9638	-2.7785	-0.3040	-19.8382
-12.1119	0.3939	-3.2321	-1.1789	-5.6827	-1.0222	-3.1828	-10.6114	0.6420	-2.1221	0.8068	-7.1425
-7.5601	1.7555	-4.1943	-2.0760	-4.6165	-1.9743	-3.8107	-3.1079	-6.9360	-3.8751	-0.6382	-11.9459
-11.0482	-0.2186	-5.9163	-2.0581	-0.9973	-2.9693	-3.7777	-5.3669	-1.5659	-3.6420	0.2289	-16.6230
-7.6443	1.1438	-5.6268	-3.7916	-2.4533	-4.9384	-4.1474	-3.7309	-4.4659	-5.3505	1.5737	-9.6318
-12.7900	-0.0743	-5.3255	-2.6445	-1.8050	-3.5984	-5.2694	-6.6281	-2.9648	-4.7794	1.4327	-8.6633
-14.5349	0.1200	-6.1042	-2.4479	-3.5518	-2.1633	-5.5577	-5.4543	-2.0873	-2.8851	1.5153	-9.1997
-10.0501	0.1792	-6.2877	-2.3557	-2.9815	-2.0253	-3.3428	-8.0276	-0.1854	-5.0941	-1.2642	-8.2334
-7.8188	2.1061	-7.8208	-3.0478	-3.4397	-1.6387	-1.2638	-3.2825	-4.0979	-5.9852	-1.1288	-6.9151
-12.2491	-1.4500	-8.7832	-2.2785	-1.8090	-3.6175	-4.2258	-3.6937	-1.9891	-2.0321	0.8924	-11.3757
-10.1417	-1.8547	-2.1702	-4.7774	-4.8642	-3.9088	-0.7094	-3.2687	-1.2982	-6.0694	0.8488	-7.9105
-10.1128	0.3388	-5.7896	-3.0209	-4.8635	-5.7037	-2.0000	-3.0478	-4.3725	-4.8306	-0.9434	-7.6684
-8.3467	0.7630	-8.3932	-0.3756	-2.9728	-7.1106	-3.2823	-3.0978	-3.2438	-3.5484	0.6604	-10.7786
-5.1407	0.8959	-6.3030	-2.2914	-6.7544	-4.5225	-2.9566	-1.9267	-2.9273	-6.6034	2.1972	-4.8256
-9.0257	1.2377	-7.2298	-2.3082	-3.6930	-2.7711	-2.6714	-7.4174	-2.6839	-6.4632	2.7293	-10.7386
-9.0239	-1.1606	-8.8022	-2.5059	-1.3128	-1.3157	-5.4893	-2.9897	-0.6321	-6.5191	1.0444	-12.7924
-9.6434	0.1135	-4.9499	-1.8811	-1.9480	-2.2926	-3.0130	-5.9201	-0.9770	-4.4360	-2.6995	-8.4893
-8.8151	-0.9417	-17.0618	-2.9201	-3.0959	-1.9198	-1.4963	-2.1618	-2.4160	-3.4796	-0.4704	-19.2245
-6.8366	1.0594	-5.5626	-4.2873	-6.4697	-1.5470	-2.0897	-4.2398	-1.7637	-5.3004	1.0597	-9.4250
-9.8207	0.6322	-4.2378	-0.0690	-4.5456	-3.2866	-4.3578	-3.1322	-3.2632	-7.3994	0.4544	-13.6687
-19.2315	1.0003	-5.1830	-2.4285	-5.9409	-0.7186	-1.5547	-4.2191	-2.0526	-5.6880	0.0445	-19.9053
-18.8372	0.5375	-6.6197	-3.2389	-2.1845	-3.5565	-1.6012	-6.9371	-3.1492	-1.8032	0.6448	-11.4885
-11.2792	1.3269	-3.7358	-2.6606	-5.5951	-4.7192	-5.2814	-3.0292	-1.5540	-2.3941	-0.7910	-8.4104
-11.8023	-0.6263	-1.3701	-1.3823	-3.0859	-2.6399	-5.8114	-5.9816	-2.4433	-5.1582	-0.1573	-6.3480
-9.4746	0.3848	-8.1580	-1.4890	-3.9760	-3.3987	-2.1486	-2.5268	-1.3355	-4.9743	0.2071	-10.3030
-15.1326	0.9414	-4.5952	0.6543	-2.4545	-1.9938	-2.3285	-3.4347	-3.1800	-7.7028	-1.2710	-7.0389
-10.0983	-0.4172	-6.6289	-3.7583	-2.0345	-2.5624	-2.2090	-1.7226	-1.5696	-3.9081	-1.2774	-13.9032
-11.6873	-0.6310	-6.3540	-0.3400	-4.7111	-3.2106	-2.2675	-5.1596	0.4206	-5.3996	-0.9244	-6.7967
-10.3845	-0.0680	-7.0067	0.3085	-2.7620	-5.1551	-1.6706	-3.8196	-4.1222	-4.4680	-1.2246	-12.5307
-8.2165	0.5593	-6.3546	-0.4929	-5.0242	-3.1450	-3.3296	-2.5062	-3.7209	-6.3920	1.1191	-9.4029
-9.7005	-0.1812	-5.4574	-0.4497	-5.1313	-4.7738	-4.3142	-1.9409	-1.9519	-4.5959	-0.9773	-15.9451
-9.0987	0.2000	-9.0650	-5.2567	-2.2250	-1.2885	-2.5241	-3.9264	-1.1335	-3.0608	-0.0850	-9.0763
-11.3779	0.0393	-5.3133	-2.4605	-3.0573	-1.3283	-8.1423	-2.3560	-1.7060	-4.5049	-0.2787	-12.6502
-16.8143	-0.4120	-4.8852	-3.8376	-3.6984	-1.6439	-4.6631	-3.9148	-2.1133	-4.9801	2.1745	-8.9752
-28.4033	0.2254	-4.9182	-1.5570	-1.8170	-4.4233	-3.6526	-6.0225	-4.0182	-5.2259	1.7645	-7.2514
-5.9686	-0.2175	-2.6174	-2.0285	-3.8860	-4.5296	-4.3119	-1.9019	-2.0393	-7.5567	-0.4934	-8.6716
-9.5264	-3.3145	-6.2546	-1.6925	-2.2767	-1.0131	-3.2779	-3.7622	-0.3228	-4.9838	1.2985	-14.7396
-6.0178	-0.9382	-3.4538	-3.7651	-6.4365	-2.1021	-3.3415	-2.3694	-1.7985	-4.8481	0.9662	-8.5935
-11.5683	-0.8812	-4.3582	-1.8714	-3.2359	-1.5213	-2.3579	-5.6659	-2.6185	-6.7398	0.0278	-8.5498
-9.2339	-1.2419	-5.4295	-1.6293	-4.2117	-2.5939	-0.6825	-1.5765	-1.4322	-4.9012	-2.3152	-14.6254
-12.2347	-0.7607	-3.3536	-3.9728	-2.3239	-2.4001	-3.2407	-6.5628	-3.0959	-8.5785	-0.3818	-9.1454
-8.1488	0.8868	-5.7598	-3.2245	-1.4686	-3.7596	-7.8264	-3.9150	-1.4303	-7.2372	1.8910	-22.3989
-15.2820	1.5117	-5.3396	-1.8399	-4.7530	-2.0413	-2.9937	-2.2334	-5.7005	-8.5267	-0.4126	-7.1047
-9.0975	0.4179	-7.1133	-2.9412	-3.5281	-1.5775	-2.0036	-3.5588	0.2713	-5.0036	-0.5039	-9.5696
-12.1501	-0.2066	-8.8548	-3.4145	-4.3733	-2.3607	-1.2805	-3.1420	0.7547	-1.5135	0.5156	-11.8785
-13.3351	-0.8256	-4.3030	-0.5732	-1.5223	-3.5705	-4.6105	-6.6269	-2.4180	-7.1999	1.2355	-12.2162
-9.9231	-1.7180	-6.0565	-3.6421	-1.3767	-2.4341	-2.9039	-6.6818	-1.9570	-7.5826	1.6184	-6.8410
-6.6933	0.8736	-2.8512	-0.5870	-3.8668	-2.5811	-3.1120	-4.6601	-6.4535	-9.2473	-0.0169	-13.9281
-13.1669	1.8455	-9.6699	-4.2209	-2.9281	-5.9958	-3.8818	-2.2340	-2.3757	-6.4391	1.4659	-7.7673
-10.3792	0.8121	-6.2197	-1.5956	-8.6103	-2.5198	-4.6361	-5.7166	-0.0144	-5.6964	-0.0086	-5.4518
-11.3079	0.7219	-5.0310	-7.4960	-3.1977	-0.4547	-1.9999	-5.0890	-4.1475	-13.1526	2.3645	-9.1421
-9.5795	-1.3097	-5.1562	-2.9696	-3.9950	-3.4390	-4.0787	-2.2150	-0.5702	-6.3284	1.2952	-6.9157
-7.2472	-0.1222	-4.3207	-2.5554	-1.7797	-4.4681	-1.7844	-1.8066	-3.3871	-3.5081	-2.6957	-11.4854
-16.7685	0.7736	-5.6997	-0.6963	-2.0724	-2.5895	-2.3406	-1.3252	-3.1564	-2.5853	-0.7815	-10.9781
-10.3471	-0.5245	-6.6051	-0.8728	-2.8273	-2.4261	-1.9912	-1.3904	-1.0414	-7.4236	-1.7057	-16.1807
-6.4021	1.0676	-5.3706	-3.5505	-6.0148	-0.3991	-3.4994	-5.4825	-1.5260	-6.8476	-2.0913	-8.6314
-9.2721	-0.4202	-5.4866	-2.5358	-1.5818	-0.4925	-2.8782	-3.8474	-2.3241	-3.1799	-1.6243	-23.3853
-6.1002	-0.9257	-3.1976	-2.9849	-2.1526	-2.2815	-3.0758	-4.8282	0.1659	-6.8175	-0.6081	-15.4452
-6.3830	0.0822	-2.5814	-2.5849	-5.9543	-1.8965	-1.7622	-4.5486	-1.2803	-4.9251	1.1765	-13.6534
-8.0796	0.6614	-3.0525	-1.8193	-5.3490	-4.0868	-4.3192	-3.4482	-3.4983	-4.2667	-0.3195	-8.9051
-7.7729	-0.7881	-5.1751	-2.4701	-2.1066	-2.5902	-2.7915	-2.3252	-4.3659	-5.4529	0.2504	-12.5398
-9.6475	-1.5302	-3.4169	0.2217	-3.8270	-1.8416	-1.4419	-3.0584	-3.0248	-5.6462	-0.5667	-7.2125
-8.4068	1.1245	-6.2747	-3.0962	-2.4996	-3.0688	-3.2474	-1.2297	-6.4211	-3.9523	0.0531	-16.5541
-13.7111	1.6705	-7.1104	-2.1287	-3.0626	-2.1709	-1.9936	-3.3259	-2.8249	-2.3756	-0.3863	-13.6224
-9.9929	-0.8519	-2.6828	-3.6010	-2.5527	-2.9688	-0.8202	-6.1684	-2.1361	-0.9587	1.2067	-9.8011
-9.2298	-2.2692	-3.7888	-0.0356	-3.0840	-3.4254	-0.8705	-4.3980	-2.2214	-6.8253	0.7668	-13.2268
-26.9896	0.9985	-5.9763	-1.0462	-2.3832	-2.1917	-4.1975	-2.4508	-2.4605	-4.1226	-1.1186	-7.5193
-9.2589	0.8363	-5.1329	-0.9627	-3.7970	-5.1690	-4.1332	-2.4968	-2.6409	-8.2114	0.1791	-4.8866
-12.0552	1.7280	-6.0243	-3.6684	-3.2066	-5.1490	-3.7014	-3.5755	-1.4385	-8.0104	2.1684	-10.0147
-10.6430	0.6691	-4.9005	-3.6015	-0.5849	-1.8454	-7.8792	-3.9930	-0.4357	-3.1727	-1.0268	-10.9712
-3.9125	0.7485	-10.2575	-0.8381	-7.3275	-7.0612	-1.7916	-2.9394	0.0277	-5.6144	0.3497	-15.6667
-8.8632	-1.0774	-4.5176	-1.8652	-3.0642	-1.9324	-1.9430	-4.3511	-2.7880	-3.8419	-0.1238	-10.1281
-17.2969	-1.4960	-2.2723	-1.9593	-2.8078	-1.8294	-0.3733	-5.7306	-2.0806	-3.2230	-0.7180	-12.6966
-7.8958	-0.2223	-2.0048	-1.2942	-5.9797	-3.5257	-1.0587	-3.8618	-3.4257	-3.3607	-0.1149	-32.4207
-6.4287	-0.0680	-5.2974	-2.5834	-4.9174	-0.7828	-3.1235	-2.2167	-3.8038	-7.0047	-0.0126	-10.6364
-14.8672	0.6053	-7.5216	-0.6162	-3.8883	-3.2905	-4.7458	-6.4066	-2.4377	-2.2634	-0.6293	-10.5062
-10.3804	0.4814	-11.5965	-2.2089	-2.7796	-4.0722	-3.0395	-1.8805	-1.0639	-6.7918	-1.3667	-11.8260
-6.7468	-0.0609	-8.2308	-2.1504	-3.2242	0.3813	-2.0356	-3.9665	-2.5853	-5.0595	0.7855	-12.1390
-9.8772	-0.4164	-3.7219	-2.6278	-2.5392	-2.7184	-2.7488	-0.4726	-4.0728	-4.8853	1.2536	-9.8919
-10.5993	-0.0421	-3.4709	-1.4492	-5.5891	-1.9363	-2.7269	-2.4380	-1.5338	-7.9229	-1.5172	-15.6645
-8.1752	0.6784	-7.4412	-1.3200	-1.8488	-1.8142	-1.3189	-3.6956	-2.0154	-4.5289	0.3203	-17.3063
-8.9509	-0.7108	-3.2133	-2.4262	-2.9784	-2.2088	-3.9799	-2.9505	-2.9237	-6.5033	0.8189	-8.9573
-14.3439	2.3212	-6.0851	0.4521	-6.8806	-0.8034	-3.9604	-3.8652	-1.5153	-5.5393	0.6706	-10.6884
-6.3768	0.8053	-4.6496	-4.9307	-5.8096	-6.0315	-5.2106	-3.0260	-1.1402	-3.8617	1.0843	-7.9653
-9.6155	1.7793	-6.0555	-4.4400	-4.0540	-4.4573	-1.6418	-1.8703	0.4499	-7.3487	-1.5601	-11.2154
-10.2445	1.7419	-7.6858	-1.2894	-5.1506	-4.7885	-2.5665	-2.7609	-2.4601	-10.7153	0.4975	-14.8410
-10.3741	0.1387	-5.5317	-1.4098	-3.1179	-2.8766	-1.9913	-3.1921	-2.9616	-6.1501	-0.2397	-13.2147
-12.8289	1.0873	-5.7062	-5.3537	-5.3183	-3.0168	-0.1551	-5.9892	-1.4150	-8.3827	1.2744	-11.1146
-7.2897	1.1488	-7.0508	-3.1039	-4.6975	-3.2039	-0.0204	-3.4418	-3.4112	-4.3196	-0.7756	-7.2847
-6.8430	0.2209	-2.7223	-3.2769	-3.2900	-1.4120	-4.4767	-2.8718	-4.1815	-6.5508	1.1678	-10.8252
-19.3900	-0.5606	-3.9936	-2.6670	-5.4893	-7.4762	-0.7420	-2.6126	-1.1881	-2.2127	-0.3786	-13.8797
-10.1255	-0.0279	-8.5815	-0.4006	-2.2906	-1.1487	-5.6935	-5.0372	-0.7107	-2.4594	-1.4624	-12.4894
-9.2153	0.3749	-1.8247	-2.9264	-4.9308	-5.1270	-1.6813	-1.8853	-1.5628	-4.6177	-2.0815	-18.4799
-9.8526	0.1334	-4.0713	-3.6805	-0.9979	-2.8885	-2.2809	-4.9825	-3.2268	-4.7164	-1.0471	-10.1797
-9.6137	-0.9474	-3.7249	-3.2789	-2.8551	-3.7852	-2.6348	-0.4768	-3.9032	-4.0309	-0.0439	-11.8519
-8.6670	-1.2366	-8.6388	-3.6221	-4.8699	-2.8403	-0.4478	-3.7988	-1.5251	-5.5717	1.4296	-12.2242
-8.2543	1.0234	-6.0128	-2.5214	-4.1420	-2.6902	-4.1338	-3.9480	-1.9638	-4.0257	1.3707	-15.1408
-12.0683	1.0440	-14.8854	-3.5366	-3.3616	-3.2135	-4.5797	-4.9044	-2.5175	-5.9161	1.7757	-5.0618
-6.4526	0.4306	-3.8577	-0.9472	-2.8501	-4.1146	-1.4940	-4.4067	-2.4596	-5.2578	-0.0818	-12.8805
-9.9260	-0.1644	-6.0715	-2.6183	-1.0316	-3.2891	-5.5107	-2.7532	-3.9366	-7.3744	-0.4791	-8.3173
-10.1138	-0.0573	-11.0326	-2.0943	-1.9242	-2.8266	-1.8848	-5.3307	-3.6313	-10.5842	1.3939	-5.0564
-8.7279	0.2965	-7.3948	-1.1313	-4.2766	-3.9981	-1.9050	-3.5672	-3.5520	-10.3915	0.9212	-6.4807
-12.4050	0.6013	-11.3896	-1.5912	-2.0033	-1.1276	-1.7432	-4.7197	-4.2197	-7.9598	-0.0465	-10.0541
-13.6678	1.1030	-11.4845	-4.4297	-3.6857	-0.8674	-2.7057	-3.3020	-2.0006	-4.1048	0.5652	-10.9262
-10.2922	-0.1005	-6.4399	-1.7687	-4.7832	-4.2423	-2.8687	-1.4435	-1.2582	-7.7340	0.4282	-12.7892
-16.9057	0.3151	-5.8374	-2.9116	-4.5229	-4.0335	-2.3340	-1.4297	-0.0435	-4.5003	-0.6242	-16.6781
-19.0631	-0.2192	-5.3304	-1.6751	-2.8987	-2.2024	-3.8487	-5.9617	-4.3889	-5.8122	0.4479	-7.6444
-9.0471	-1.6797	-4.3785	-0.7534	-3.9871	-4.0346	-0.8156	-0.4985	-3.4403	-5.2432	0.3081	-7.8915
-13.6330	0.0616	-8.2272	-2.5625	-4.2144	-2.7240	-0.9706	-1.5199	-4.2055	-8.3177	0.9370	-13.2492
-14.1530	1.5227	-7.3103	-2.2218	-3.6801	-3.5174	-0.3642	-5.4384	-2.3840	-7.4991	0.2422	-10.3104
-11.6052	0.1131	-5.3337	-4.6036	-1.2124	-1.7383	-0.4247	-4.2193	-2.2580	-4.4595	0.4637	-8.5583
-11.4621	1.1871	-4.5724	-1.1652	-7.2079	-2.8659	-3.8643	-1.7397	-1.2101	-6.0773	-1.0252	-12.1452
-8.7538	-1.0619	-7.6501	-2.6994	-3.6517	-0.5450	-3.4338	-2.6701	-2.1885	-6.2370	0.6342	-9.3201
-15.2336	-1.2175	-12.3353	-2.4893	-2.8808	-1.9802	-0.2149	-1.4044	-1.3174	-4.2709	-0.6195	-6.9622
-11.8142	0.1797	-5.6548	-0.7343	-4.0782	-1.2988	-2.0900	-2.6446	-2.0395	-3.8678	-2.3120	-13.7638
-13.5536	0.7938	-5.5096	-1.7129	-4.9896	-1.8115	-2.7020	-4.2794	-2.0006	-6.8071	-0.0632	-14.5452
-9.2675	-1.6935	-8.1801	-4.3371	-3.0617	-3.6961	-2.1080	-2.2291	-1.4485	-3.4202	1.0963	-7.9378
-41.0856	-0.0362	-9.6611	-1.4633	-2.2976	-4.5620	-3.4360	-3.0741	-0.6724	-4.3514	0.4817	-7.1145
-11.6102	-0.5446	-4.9664	-0.8650	-1.0226	-2.8096	-2.4352	-5.0640	-3.5801	-7.6668	0.0661	-17.0518
-13.2855	1.6494	-6.9596	-1.9409	-1.5894	-5.1618	-2.6111	-3.7693	-1.3122	-6.7948	0.4921	-12.8432
-13.8867	-1.6569	-3.2275	-1.3553	-2.6755	-0.0736	-1.5501	-0.9424	-3.7824	-5.5159	-0.7604	-18.6748
-10.7131	-2.3116	-3.9824	-1.3006	-3.0664	-1.6190	-1.0982	-2.2792	-2.1008	-7.6343	0.2899	-24.3614
-19.5605	1.3886	-8.8204	-3.8094	-4.5482	-1.2174	-0.9294	-2.5682	-2.7319	-8.0399	-1.0668	-12.1030
-10.6800	1.2943	-11.6861	-4.6391	-2.2628	-2.0964	-3.8574	-3.8368	-0.4568	-5.8940	-1.6221	-10.9192
-15.3149	1.5381	-5.6318	-3.5934	-4.8119	-1.9176	-4.0191	-4.1909	-3.3789	-3.8742	0.4231	-7.5403
-17.7592	-0.9403	-5.2624	-0.2197	-3.0332	-5.7721	-2.3771	-2.9028	-1.6582	-3.5251	0.1704	-9.2521
-6.0970	-0.2699	-5.3325	-1.8871	-5.0449	-3.9719	-1.4374	-2.0777	-2.6592	-8.1229	-0.3020	-13.1528
-23.2572	0.1555	-6.1916	-0.7257	-3.8252	-2.3845	-3.4166	-6.6028	-0.4765	-4.0341	0.4840	-8.7446
-10.0495	1.1068	-8.3716	-1.9990	-3.8151	-5.3911	-1.7164	-1.8710	-1.7483	-4.8035	0.4963	-10.7055
-12.9949	-0.8246	-4.5135	-2.9746	-4.9517	-1.1993	-3.1103	-1.8952	-3.4716	-5.6243	-0.0299	-11.6040
-13.7039	0.4687	-8.2598	-1.6527	-2.7242	-2.1600	-0.9457	-3.8801	-1.9271	-6.8805	-0.7782	-10.1458
-9.3285	-1.1437	-7.7474	-0.3537	-2.3042	-4.4983	-4.0816	-2.5549	-2.3333	-3.9466	1.2784	-10.5023
-10.0081	-0.2436	-7.8823	0.0519	-0.9674	-1.5996	-3.7757	-2.2668	-1.6646	-7.3068	-2.1450	-14.6924
-8.0230	0.6376	-3.3244	-3.6554	-4.5879	-3.7522	-2.1677	-5.1779	-1.3571	-4.7317	0.9721	-21.3038
-7.2939	-0.9077	-9.8344	-2.9615	-2.1262	-2.1240	-0.7112	-2.9200	0.1604	-7.7579	0.1677	-18.0481
-13.2569	-0.5084	-4.0339	-2.3371	-1.9075	-2.3333	-3.8492	-3.5905	-1.6325	-8.1138	1.2428	-7.0413
-11.5458	-1.0626	-6.2618	-6.6750	-2.1650	-2.0094	-3.1277	-2.9214	0.2438	-2.8040	-1.8683	-9.4410
-8.6663	0.7922	-6.5210	-3.1602	-0.9521	-1.5717	-2.4474	-2.6047	-4.2131	-7.2739	-1.2891	-9.0171
-10.6670	-1.2941	-5.4655	-5.2107	-3.2072	-5.9902	-1.0978	-1.1672	-0.8065	-6.7055	-0.1171	-10.4892
-6.5549	0.8272	-5.8901	-2.0304	-2.1645	-1.9638	-5.8778	-4.4366	-2.9124	-3.1664	0.3012	-11.6210
-14.3058	-0.7722	-9.1984	-2.7864	-4.3349	-3.8788	-1.0693	-4.0322	-1.6153	-4.2985	1.1929	-9.7428
-7.0033	0.6415	-5.0020	-4.0969	-2.7606	-3.1318	-1.9085	-2.6834	-4.3120	-4.6515	-0.6631	-17.6433
-10.0489	-0.8786	-5.3095	-1.5036	-2.1385	-3.8596	-1.6080	-2.0264	-2.1691	-6.4636	0.0088	-5.0008
-8.6649	-0.1054	-4.9607	-3.0292	-3.3204	-1.5353	-1.9692	-6.6587	-2.3619	-2.5634	-0.1692	-6.5507
-9.5810	0.6618	-4.3528	-1.0066	-1.5053	-2.5983	-2.9720	-1.9180	-4.4287	-7.5480	-0.2601	-10.4760
-12.8543	0.0294	-6.8386	-3.4751	-1.4020	-1.0075	-2.8618	-2.3847	-3.6162	-7.7008	-0.4088	-12.7446
-6.9853	1.4525	-6.9937	-1.4106	-3.7320	-3.8132	-0.7545	-3.9933	-2.7538	-3.6275	-0.5231	-8.5015
-11.2066	-0.8038	-8.0325	-1.3850	-3.6190	-4.1766	-3.2589	-1.6952	-0.5625	-3.3111	0.2923	-8.4940
-9.2184	1.3845	-8.4845	-1.3618	-2.8044	-1.0872	-5.4259	-2.5654	-2.0779	-10.3177	0.0070	-12.3820
-17.2614	-0.7917	-8.8782	-1.3819	-3.8512	-2.8757	-1.2136	-3.5164	-1.4387	-7.8229	0.9730	-15.8813
-8.8567	-0.5478	-6.0895	-1.4871	-3.2473	-2.9515	-3.2214	-1.6806	-0.7490	-8.0520	-1.7416	-11.7602
-20.2544	0.7616	-6.6583	-6.3495	-6.1043	-3.3204	-0.3140	-2.2579	-0.4368	-2.2071	-0.4195	-14.5523
-11.1935	0.7805	-7.2597	-3.5528	-2.4859	-3.7450	-2.6315	-1.4519	-1.6000	-2.0809	-2.7303	-9.5986
-13.0063	-2.0742	-2.8385	-2.5169	-2.9486	-2.9158	-1.4209	-0.8567	-1.0263	-6.7043	0.0908	-14.8165
-9.0936	-0.8802	-5.2082	-1.5283	-0.0340	-1.6598	-5.2961	-1.7441	-3.8783	-4.1255	0.0651	-4.9962
-10.4667	-0.2494	-5.1165	-1.3498	-3.9640	-3.3607	-2.5250	-5.3037	-1.7503	-4.2649	-0.4299	-7.1035
-8.9712	-0.0325	-5.5784	-2.3846	-2.2708	-2.5536	-3.5389	-2.3502	-3.0858	-5.8119	-0.0277	-19.3652
-11.0628	-0.1388	-4.8167	-0.7839	-1.8828	-2.3494	-5.0553	-4.0577	-2.5956	-6.5308	0.5553	-8.9455
-7.2652	0.5729	-9.0296	-2.3409	-2.7194	-3.5977	-2.4063	-5.3548	-2.4091	-7.0239	-0.5941	-15.5209
-15.5535	0.7083	-8.8422	-1.1174	-2.3336	-4.4240	-2.0326	-2.6476	-1.6068	-4.9379	0.4466	-8.6849
-13.5311	0.7391	-4.9984	-2.5625	-0.4904	-0.6134	-1.9338	-3.3644	-2.1600	-6.6461	-2.7018	-18.3974
-18.2982	1.1298	-7.3770	-1.5072	-3.3541	-1.9478	-8.4217	-5.9958	-0.5685	-4.0945	0.4415	-8.3559
-12.5121	-1.5717	-3.3479	-0.6136	-5.4259	-1.8568	-4.7425	-4.1132	-2.6504	-4.7135	-1.2667	-18.9893
-8.3069	-0.8671	-4.4017	-1.3932	-3.8868	-3.2437	-1.7572	-1.6713	-1.7668	-3.6996	-1.1514	-13.1642
-16.2919	-0.4563	-7.9091	-1.6621	-2.2853	-6.7590	-3.2072	-4.5860	-2.5689	-4.6644	1.1332	-15.3692
-12.5355	-1.0554	-7.5013	-0.3364	-1.9014	-3.0725	-4.2886	-2.8336	-1.8759	-4.9469	-0.0270	-7.1330
-11.1497	0.9696	-3.3225	-0.1181	-2.4838	-3.3309	-2.1322	-3.7077	-4.3653	-7.8788	-3.7966	-7.4352
-13.0772	0.2656	-2.9040	-2.5089	-2.0094	-1.6877	-4.7751	-3.3194	-1.9663	-9.3899	1.0044	-11.0063
-17.8632	0.4860	-2.8123	-3.7508	-3.2192	-6.3689	-0.8872	-1.2587	-2.0074	-4.5528	-1.3447	-11.1708
-10.7766	-1.2964	-8.2916	-2.0343	-4.7654	-3.1805	-3.4632	-1.4433	-1.6981	-6.5099	0.3145	-7.4127
-9.2291	1.0034	-4.4611	-1.1638	-3.1143	-2.7367	-3.6672	-8.1290	-2.3347	-4.4627	1.9835	-10.2653
-13.5621	2.5215	-5.5281	-0.7912	-8.2466	-3.3568	-6.6593	-2.1627	-2.4833	-3.5453	1.8621	-13.7441
-16.0538	1.0715	-9.4501	-2.4077	-2.2880	-1.5235	-2.6774	-2.0613	-1.0115	-4.8610	-0.5214	-18.2162
-10.9286	-2.1405	-6.1643	-0.9685	-3.1861	-6.1110	-1.2146	-0.6814	-1.1742	-2.0617	0.0015	-9.0434
-5.9422	0.3882	-4.4674	-2.7505	-1.9367	-0.6838	-6.4063	-5.2241	-1.9249	-3.5934	-1.0831	-19.4938
-23.2374	-0.9673	-9.0065	-2.3618	-1.0925	-1.8966	-2.7840	-4.3154	-1.4989	-10.1324	-0.8267	-6.5793
-7.9051	0.6263	-8.7710	-1.2018	-1.5867	-1.0998	-3.4087	-2.6453	-2.2445	-8.7566	0.1565	-15.8214
-8.4826	1.1314	-3.8830	-3.6505	-5.6837	-4.9018	-5.3361	-2.4733	-0.7832	-3.9113	-0.0952	-9.3326
-7.5722	-0.1099	-9.9230	0.3744	-3.1379	-2.6457	-4.9111	-2.7258	-2.3651	-11.4282	-1.0838	-17.9353
-13.0472	1.6237	-6.2137	-1.4581	-3.1076	-3.7492	-2.2117	-5.0365	-2.1488	-4.1228	-0.4652	-12.0757
-10.5863	0.2408	-4.8996	-3.8355	-4.1511	-3.1797	-1.9009	-0.8636	-2.1025	-7.9796	-0.1390	-7.4184
-6.9377	1.1889	-6.7342	-1.9773	-2.4086	-2.8616	-0.9333	-1.7883	-2.0952	-9.5981	-0.1411	-7.8795
-11.0492	-2.9414	-4.5932	-1.2592	-3.7172	-1.5560	-5.2682	-4.1385	-4.1343	-3.6127	0.3615	-11.8537
-8.3904	0.4488	-4.7791	-0.9436	-4.0432	-3.0227	-3.1006	-2.2663	-4.0412	-5.1423	0.1603	-10.8594
-9.5484	1.3943	-8.8880	-0.0722	-3.1826	-0.2142	-2.6417	-7.1997	-3.0349	-3.8314	-1.3695	-9.7260
-8.9192	0.3036	-3.9338	-2.4919	-2.3601	-1.3277	-1.6577	-3.3975	-1.7729	-2.9039	-1.4732	-7.9690
-12.4072	-0.1213	-3.2243	-1.6818	-3.2932	-1.2331	-8.5835	-4.0577	-2.3448	-8.0452	0.5455	-9.6604
-10.6556	-0.9702	-4.5644	-2.6753	-2.3358	-5.0254	-2.0209	-6.1934	-1.8017	-6.3203	0.7552	-8.6109
-17.7116	-1.2234	-5.4374	-4.3573	-3.0705	-4.1628	-1.9147	-0.6754	-2.7709	-4.3473	0.5816	-13.3699
-8.1880	0.6550	-4.1259	-2.8173	-3.0552	-1.4324	-2.0424	-6.7972	-1.7631	-9.0821	1.6774	-12.2123
-15.3359	0.8669	-6.4833	-2.5638	-2.9202	-3.4231	-2.7386	-5.5560	-2.1414	-0.9550	-0.0844	-10.4931
-11.2469	1.6231	-4.8325	-2.6196	-2.1045	-0.8691	-2.7080	-5.4086	-3.7866	-5.5798	-0.2882	-11.3606
-11.0848	0.3359	-4.9890	-1.4816	-3.0531	-1.7939	-4.0183	-9.2961	-3.3974	-5.5076	-0.7534	-10.4228
-8.5934	0.8808	-4.5933	-1.1682	-4.8532	-2.5464	-3.4275	-3.8504	-1.6801	-8.2804	1.0559	-21.4440
-7.4589	0.0794	-4.4802	-6.2787	-5.4873	-1.2444	-0.5161	-1.6436	-3.6126	-5.4831	1.3661	-10.2455
-7.2566	0.6091	-5.3711	-4.0497	-4.8976	-2.1092	0.2979	-2.3475	-3.0566	-7.2790	0.6562	-15.6206
-11.7506	1.0200	-6.2846	-0.4162	-4.7908	-2.5957	-2.5544	-3.2118	-2.9401	-9.0869	-0.4193	-9.0555
-9.8767	1.4010	-6.0820	-4.7894	-3.3156	-3.7371	-3.0245	-2.2326	-3.7608	-6.0630	1.1447	-6.2756
-11.3752	0.7160	-9.2464	-1.7525	-1.7883	-1.6704	-4.1190	-4.2787	-1.9801	-10.3346	0.4268	-7.6304
-12.8397	0.9159	-4.8747	-2.4022	-4.0477	-5.0026	-3.0495	-2.9954	-2.0462	-3.3482	0.6980	-7.6584
-5.5946	1.0035	-4.2514	-2.3243	-3.7887	-2.3173	-1.2821	-3.8121	-4.3532	-7.2681	-1.8751	-15.3934
-19.4949	1.0369	-11.1375	-3.2357	-1.5289	-1.6115	-4.9390	-3.7950	-4.5213	-7.4329	1.0637	-7.2445
-8.0524	1.5568	-7.8330	-4.3573	-1.9337	-1.8776	-2.1728	-2.0092	-2.7680	-9.6337	-0.0583	-10.8610
-12.0417	2.3025	-11.9295	-5.1334	-4.1502	-1.4252	-5.4372	-5.4376	-0.9666	-6.0519	1.9705	-13.9705
-11.9295	1.6445	-7.9302	-2.7533	-3.6929	-3.4533	-1.2139	-4.8992	-2.4670	-2.6275	0.5502	-6.8243
-6.7419	1.2133	-5.6856	-3.2883	-3.8976	-2.5645	-1.9939	-4.1967	-1.0585	-6.1518	-0.4556	-7.0410
-18.2104	0.2903	-6.0376	-1.3365	-1.9324	-0.8542	-2.8237	-2.0141	-5.1168	-9.6858	-0.2598	-6.3995
-10.9247	-1.1940	-6.5293	-2.4433	-3.2689	-6.3845	-3.6553	-1.8895	-1.7004	-1.3023	-0.2895	-11.5896
-6.4682	-0.7017	-7.5081	-3.9063	-1.4096	-1.9803	-2.3538	-2.2778	-2.1614	-6.8936	-0.4544	-12.8573
-10.1872	-1.1554	-7.7392	-0.0643	-3.4833	-4.4432	-0.1773	-2.7245	-1.8942	-4.9238	-0.7860	-9.8591
-10.2937	0.3419	-4.4915	-3.4747	-1.6318	-1.6266	-1.5775	-5.7331	-0.6958	-3.1556	0.9183	-14.7020
-6.6597	0.7839	-3.6375	1.0726	-9.5391	-2.7364	-3.6344	-5.7830	-2.3743	-3.8694	-0.3595	-12.4014
-14.6797	0.5355	-7.9378	-2.3550	-5.6247	-4.1981	-2.1603	-3.5921	-1.0164	-4.1500	1.0276	-11.0607
-20.8724	-1.5809	-2.8991	-3.2768	-3.6103	-1.4741	-2.5829	-5.3258	0.1070	-3.1746	0.0727	-8.7873
-12.7398	1.4339	-4.6473	-5.3654	-2.9853	0.9880	-3.9935	-3.2077	-2.9447	-5.1425	1.3808	-7.6913
-9.4802	1.6427	-4.6649	-1.6771	-6.3106	-0.6185	-2.1638	-4.1957	-0.4867	-10.8261	0.9921	-7.8569
-9.9290	0.7268	-5.5269	-3.1486	-2.3431	-2.4114	-4.3009	-3.0471	-0.6138	-1.9483	0.3105	-11.0035
-16.5744	-0.1259	-8.2157	-5.7627	-4.3722	0.8304	-1.9383	-3.7243	-2.5451	-10.7479	-0.6094	-9.5470
-7.1618	-0.5077	-5.2753	-1.5689	-1.4380	-1.1337	-0.3132	-3.8918	-7.2120	-4.7351	0.4194	-13.6016
-7.5337	0.6191	-5.8214	-3.3531	-4.7724	-3.8467	-1.1789	-4.9229	-1.5704	-5.1635	0.8815	-7.5369
-10.1127	-0.1283	-5.7495	-3.5529	-3.5761	-4.4935	-2.6470	-2.3700	-1.3161	-5.9238	1.0672	-7.2015
-15.0259	-1.8776	-3.3349	-1.3861	-3.7332	-3.6026	-1.6244	-2.5047	-0.8211	-5.5152	-0.8295	-9.9634
-7.6059	-0.2064	-7.6816	-3.1682	-2.9961	-2.3992	-2.7566	-2.1641	-0.4543	-3.0509	-0.0687	-10.9749
-11.3229	-0.6637	-5.6070	-1.7006	-4.0627	-3.5042	-2.5351	-4.1964	-2.3583	-3.2181	0.4903	-13.1700
-7.2414	-0.3064	-6.4080	-0.8574	-3.8456	-2.3726	-2.0874	-3.5169	-1.7285	-4.9066	-0.4887	-10.6153
-7.9518	-0.4869	-5.8389	-1.7175	-1.0757	-1.8921	-4.9687	-1.9780	-5.5374	-4.3487	-1.2007	-13.9386
-15.9656	-0.3556	-6.6765	-0.8913	-1.7412	-2.3699	-1.8258	-5.8309	-2.6298	-4.1728	1.1330	-11.4589
-8.9243	0.7863	-8.9009	-0.7479	-5.1548	-2.4913	-4.2786	-7.6169	-0.2509	-4.4031	0.3478	-10.9808
-14.3384	-1.1046	-4.7863	-0.4535	-3.2304	-3.0471	-1.8205	-2.2402	-1.6061	-3.7928	0.4870	-15.4876
-7.8018	0.0334	-5.2810	-2.7810	-3.3417	-3.2411	-5.0291	-0.8672	-2.6652	-3.1856	0.0955	-16.7901
-9.6375	2.3001	-6.6598	-2.4430	-0.0012	-2.8941	-4.6200	-5.3234	-2.6872	-6.6080	1.2783	-8.6002
-12.0535	0.2082	-4.8558	-0.3656	-5.3980	-4.3982	-3.9417	-3.9576	0.0960	-6.4595	-0.6550	-8.6427
-8.2158	0.0445	-6.9710	-1.4895	-4.6963	-3.1763	-3.2099	-3.6692	0.4537	-3.7126	-2.6017	-17.1386
-12.2685	1.4385	-3.9141	-7.0420	-3.4323	-1.2903	-2.3046	-1.5553	-2.7054	-3.6590	1.4154	-7.8822
-9.1034	0.2815	-7.0914	-4.6836	-2.6460	-3.4163	-4.8637	-3.2487	-2.8095	-3.3961	-0.1691	-9.8968
-10.7762	-0.8483	-4.5109	-1.6591	-2.9929	-0.6500	-2.2139	-3.8975	-2.1233	-8.2609	-0.5736	-6.7840
-9.5845	1.5611	-4.8149	-1.3924	-2.6114	-4.0447	-2.7907	-2.4369	-2.2727	-4.2302	-2.7597	-15.9914
-22.3549	0.3003	-4.7035	-2.9899	-3.6277	-6.4162	-2.7260	-4.2766	-1.5869	-4.1766	2.1063	-17.8772
-11.3715	0.8488	-2.5090	-3.5442	-2.5372	-2.5721	-3.9672	-4.9876	-3.9842	-3.9963	1.5713	-9.9000
-6.8491	-0.6937	-6.1152	-1.0549	-5.7796	-1.6745	-5.4284	-2.2109	-0.3666	-4.9324	-0.3213	-9.1024
-8.1488	-0.6776	-3.0933	-2.2542	-2.8707	-4.8483	-3.1630	-1.0758	-3.2735	-3.6341	0.5389	-11.3184
-12.4803	-0.2984	-1.0305	-1.1399	-4.7976	0.1164	-5.5198	-6.0997	-4.3121	-5.3712	0.5171	-9.5123
-11.3156	0.0819	-7.2288	-0.9748	-5.0100	-6.5357	-2.1913	-4.2779	-1.9143	-5.5380	0.9652	-6.8282
-13.5587	0.2510	-6.4784	-2.6547	-3.2074	-3.2077	-1.6935	-0.7267	-2.6155	-5.5823	-0.2692	-19.9403
-10.8509	1.0610	-11.2940	-2.4375	-1.8958	-2.7252	-4.3065	-1.3833	-1.8217	-6.5849	0.5903	-14.0462
-12.3258	-0.3278	-3.8976	-2.8637	-5.2168	-1.6577	-1.3443	-5.5200	-2.4075	-4.9256	0.6042	-15.2420
-17.0117	1.6034	-6.5310	-3.8648	-2.4287	-0.0608	-1.0405	-4.3119	-2.5514	-3.6585	-1.6338	-12.9186
-14.1431	0.6823	-4.7703	-1.6296	-4.2938	-5.7637	-2.1151	-4.2485	-2.1753	-6.6565	0.6793	-8.0910
-10.9552	-1.7319	-4.6137	-1.7407	-5.9033	-3.4615	-2.9141	-4.7206	-1.1529	-1.0883	1.0210	-12.4024
-7.9567	0.2947	-1.8759	-2.7057	-2.5481	-1.3907	-6.5618	-4.6058	-0.5033	-8.2893	1.8277	-8.3734
-7.5453	0.5185	-5.9953	-2.0993	-2.2631	-3.7719	-4.2634	-3.4723	-1.8206	-4.9896	1.5411	-6.5907
-12.2201	-0.3499	-2.6693	-3.1718	-5.9010	-0.8114	-4.2827	-5.1001	-0.8243	-4.1393	1.6217	-10.7645
-6.8310	-0.1884	-3.9134	-1.8248	-3.2038	-2.1916	-7.5709	-6.8828	-2.9715	-9.6189	-1.3135	-9.0163
-13.5603	-0.3456	-7.1152	-3.6637	-1.3093	-0.9292	-1.4733	-2.8267	-3.1124	-3.0685	0.7711	-12.4600
-8.2522	0.1984	-3.6132	-1.0459	-5.2773	-1.7147	-1.9213	-2.2236	-3.0296	-5.6385	-0.2269	-9.9089
-8.7522	-0.1645	-8.3153	-5.3633	-0.7141	-2.6964	-5.2261	-1.6230	-2.9268	-5.2868	0.3457	-15.9202
-8.3359	1.3204	-3.6265	-0.7227	-4.8517	-1.8269	-1.0078	-3.7241	-3.7292	-6.9772	0.7957	-10.1101
-8.8022	-0.8741	-4.6905	-4.0054	-2.9567	-1.4607	-2.3861	-12.0780	-0.0217	-3.5882	-0.7537	-7.6986
-9.0302	-0.7510	-3.9042	-2.5387	-4.9227	-1.3703	-2.7960	-5.5241	-2.6132	-4.5742	1.3070	-19.8394
-6.7517	-1.8422	-5.8618	-1.7311	-1.9794	-1.2990	-4.2748	-2.3053	-5.7225	-6.6629	1.0081	-10.0850
-11.8285	0.1727	-6.7903	-3.7537	-4.8653	-5.1363	0.6813	-1.2357	-1.9573	-4.3466	-1.0851	-7.8643
-10.8602	0.8866	-5.6095	-1.2181	-3.8242	-2.0669	-4.4969	-5.4224	-1.4369	-8.5802	0.9899	-9.1011
-15.9057	1.5064	-5.8664	-1.6839	-4.7554	-2.5707	-3.5340	-3.5039	-0.6901	-4.4150	-1.1418	-10.9998
-11.3866	1.0795	-6.2140	0.1193	-3.3073	-5.3726	-3.5586	-5.3881	-1.8826	-4.6093	-0.0552	-8.9577
-10.6488	0.0961	-8.4574	-1.4368	-2.8222	-2.0592	-1.9770	-5.6030	-3.0329	-4.6051	2.1971	-11.3288
-6.7378	1.1338	-5.8864	-1.7480	-6.3332	-2.5152	-2.0620	-0.8765	-4.7545	-6.1967	0.8928	-10.0708
-7.1978	-0.2483	-4.2296	-0.0094	-1.3757	-2.2392	-2.8268	-4.4476	-4.7198	-3.1704	0.7169	-7.2253
-8.0861	0.0929	-5.2378	-1.8667	-2.1827	-2.8498	-4.6084	-7.7904	-3.6369	-8.6906	0.8317	-11.0410
-8.6250	-1.8874	-10.6635	-2.9702	-0.8289	-2.9101	-1.1039	-2.5059	-4.6058	-6.6727	-1.0274	-8.6863
-18.3537	-0.5896	-9.4916	-1.8991	-3.8153	-0.5915	-2.9497	-5.1703	-0.3788	-2.9210	0.0270	-13.8452
-8.5926	-1.0835	-6.5770	-1.0632	-2.3198	-1.5566	-3.5633	-1.8166	0.3207	-2.3252	-3.0344	-8.1353
-9.9130	0.8954	-2.0992	-2.3466	-2.6720	-1.4353	-3.5359	-4.3949	-2.7384	-8.0047	1.6317	-17.2887
-13.5991	-0.9302	-5.7026	-2.6384	-5.9162	-2.0868	-0.9356	-1.7993	-2.2807	-11.5369	-0.2230	-15.5485
-17.5688	-2.6572	-5.2704	-1.5116	-3.3233	-3.0988	-2.9837	-2.9006	-3.7476	-2.0001	0.4388	-9.2096
-11.8112	0.1839	-3.8457	-1.1209	-2.8410	-2.1514	-3.8668	-2.6277	-5.0055	-9.7727	-0.7556	-6.7864
-9.7653	-1.0902	-7.8232	-4.2492	-2.4400	-4.8304	-0.9260	-1.6756	-0.8092	-3.5508	1.2563	-10.4694
-12.6840	0.7696	-5.6163	-4.0516	-3.4685	0.1152	-3.8618	-4.0899	-1.5922	-6.0387	-0.5890	-7.8380
-13.2581	-1.3008	-5.0108	-2.0790	-7.2580	-3.0724	-2.5698	-4.1364	-0.4170	-7.3053	2.0777	-7.8333
-12.7096	0.2850	-6.5825	-0.8766	-5.4169	-2.7435	-1.1271	-2.9634	-4.8594	-9.7482	1.6683	-8.3338
-11.2849	-1.8803	-7.1055	-0.5121	-2.9869	-2.7534	-3.7168	-2.8303	-2.3377	-8.8278	0.1717	-7.6305
-9.9907	0.1412	-6.1474	-1.6729	-2.8863	-1.4483	-2.4213	-2.1617	-1.0088	-6.3798	-0.7166	-7.6320
-10.0990	2.0262	-7.4467	-2.3909	-5.4009	-4.0529	-2.5073	-3.6944	-2.8326	-8.8636	1.0385	-14.2156
-12.3433	-0.3491	-8.9003	-6.0540	-3.9621	-3.2933	-5.4808	-1.8743	-1.0229	-2.8743	-1.0423	-12.5018
-13.5386	1.1171	-5.2484	-1.6047	-4.8939	-3.5755	-2.2028	-3.2288	-4.3324	-2.8933	-0.2781	-14.0740
-11.7763	-0.7740	-7.1253	-1.1873	-1.2972	-1.8707	-4.1442	-4.3196	0.4155	-3.3395	-1.9576	-16.4226
-12.0528	-1.0831	-4.2352	-3.0419	-5.4635	-3.4843	-1.2869	-4.0812	-2.8459	-7.4735	0.7089	-8.4131
-13.1218	0.4183	-6.5427	-3.0938	-1.3164	-3.0027	-2.1348	-4.4515	-1.2284	-6.3597	-0.2085	-6.6052
-9.0544	1.0619	-5.4971	-3.0387	-8.1016	-2.6411	-3.3854	-4.2880	0.7042	-4.8530	1.6174	-31.9956
-7.8983	1.2795	-7.3306	-6.5998	-1.8194	-1.6541	-1.1437	-3.7843	-1.9289	-2.8581	-1.6934	-7.6757
-13.3572	0.0478	-3.4699	-1.5926	-4.1576	-2.9899	-2.4691	-3.6099	-1.9170	-3.3697	-1.4393	-14.2965
-10.7311	-0.5987	-1.7642	-4.0335	-2.4963	-0.4420	-6.1890	-5.4766	-3.5209	-3.0668	-0.8383	-12.7473
-9.4930	-0.4477	-6.0759	-1.3937	-2.2409	-2.2123	-2.7464	-1.2091	-3.9238	-5.1723	0.0644	-8.9318
-7.7592	0.8739	-6.6097	-3.5594	-3.4313	-6.5651	-2.7930	-1.8970	-3.5528	-6.4721	0.8779	-6.9618
-14.1632	0.4281	-8.4002	-0.2207	-6.1845	-4.2856	-3.8213	-5.0774	-1.4289	-2.3873	-0.1576	-8.0125
-9.7872	0.4882	-10.6843	-0.6147	-4.6283	-3.5363	-1.8652	-3.3384	-1.8827	-6.0870	1.3031	-8.0039
-8.5358	-1.8991	-5.9827	-2.0506	-5.1422	-7.5911	-1.2001	-1.7939	-1.8851	-6.5023	0.6745	-9.2080
-7.0951	0.7891	-7.2219	-1.8441	-3.6500	-0.2809	-2.2473	-4.1222	-1.3066	-7.9382	-2.1819	-5.9033
-7.2353	-0.6630	-4.5748	-5.7575	-4.3173	-1.1829	-1.1794	-3.4262	-1.2179	-3.6067	-0.7820	-12.2307
-13.1753	1.3378	-3.3562	-2.4515	-5.8638	-2.1540	-3.2402	-3.1533	-1.7790	-4.1666	-0.5488	-7.0784
-8.9495	-1.2391	-2.9450	-2.7490	-3.3169	-1.6992	-4.0093	-5.5632	-3.0527	-4.9351	-1.0563	-9.7350
-10.6712	0.4378	-2.8126	-5.5447	-4.2228	-2.9306	-3.8521	-3.1249	-1.7228	-3.7548	0.1105	-5.4231
-8.0613	0.5588	-7.5098	-2.9168	-3.3908	-4.9893	-3.2132	-4.9114	-0.9123	-8.1115	0.0440	-3.9629
-10.6950	0.9386	-7.1115	-1.7423	-1.2945	-0.2998	-4.9413	-5.8631	-3.4238	-8.2674	0.5467	-9.2961
-15.1060	-1.6805	-13.9524	0.2167	-3.1107	-4.7129	-2.4507	-3.0521	-1.5971	-5.8428	1.0729	-18.7111
-10.8515	0.3803	-3.2968	-1.0265	-6.2097	-3.9767	-2.9338	-3.5696	-5.7741	-6.2531	-0.5564	-12.9850
-12.9159	0.0896	-5.5108	-3.7772	-1.1686	-3.6350	-2.5503	-3.3379	-1.5685	-8.6056	0.9589	-10.6031
-11.6029	0.5138	-2.2695	-2.8795	-5.2950	-2.8235	-0.5582	-2.8538	-3.0073	-7.1580	-2.4358	-11.0230
-8.1236	0.3795	-3.9242	-1.0023	-2.3082	-3.5447	-4.3193	-3.5364	-3.8472	-4.2256	0.2052	-14.3620
-12.6956	-1.7048	-7.4051	-2.0761	-0.7086	-0.6920	-1.9620	-4.7428	-3.7737	-6.5635	-0.9374	-6.5560
-6.9277	0.5142	-6.3036	-0.9738	-5.0204	-3.9061	-1.7842	-2.4383	-1.7143	-5.4514	-0.4150	-5.3142
-7.9550	-0.8025	-8.8129	-1.1840	-4.7012	-3.4788	-2.6786	-2.5345	-1.3623	-6.5351	0.3025	-8.4092
-10.2688	-0.3412	-10.5482	-0.7523	-2.7522	-3.7298	-1.7767	-3.7081	-3.5802	-7.7040	-0.0472	-11.1642
-7.6730	0.7257	-7.8856	-2.0243	-5.2686	-2.3718	-1.2383	-6.9660	-1.2225	-6.6326	-0.7556	-14.2873
-11.2471	-0.2041	-6.9157	-1.8093	-5.1417	-3.6919	-1.2907	-1.9919	-0.2024	-6.5652	-0.3596	-7.2818
-14.3779	0.6800	-2.8053	-5.8534	-1.6372	-3.3609	-3.4379	-2.5577	-2.9217	-3.1807	0.3840	-6.8043
-11.3845	-1.2339	-7.7105	-1.3693	-4.1914	-1.5307	-1.5495	-3.1826	-2.7511	-7.9758	1.8827	-7.4976
-12.6991	0.9657	-5.6575	-1.5527	-3.3037	-0.4829	-1.1795	-9.3201	-1.3218	-5.2953	1.1111	-7.1802
-14.4678	-1.3954	-3.4291	0.1372	-4.3446	-3.0495	-4.1520	-4.9765	-2.0051	-2.9885	0.1452	-10.1643
-8.7650	0.5432	-5.2845	-1.7345	-3.8298	-7.1513	-1.0605	-2.5415	-3.5575	-7.2120	0.5836	-8.4432
-7.7338	0.3180	-5.5647	-1.1850	-2.1051	-5.5473	-1.9081	-2.9978	-3.2896	-6.3475	1.5598	-8.5360
-9.7233	1.6162	-11.1873	-1.4951	-2.6767	-3.8617	-3.2283	-4.6314	-0.7315	-4.8538	-0.6601	-6.9401
-7.1050	1.1632	-7.2755	-1.9114	-5.5620	-2.9492	-1.7364	-4.9312	-2.1057	-3.1328	-1.6134	-14.1062
-11.3092	0.5433	-10.6169	-2.4647	-0.8841	-1.7511	-4.1770	-1.2931	-3.2356	-6.8666	-0.3334	-16.9087
-10.7491	0.6664	-6.3299	-3.2943	-1.1152	-2.6226	-1.9668	-4.3881	-0.9758	-9.5948	-2.5340	-7.7988
-8.4696	-2.5904	-6.2489	-1.1297	-1.6595	-2.1151	-2.7091	-2.1155	-1.7281	-8.7738	0.4714	-10.2291
-18.7562	1.1770	-6.7672	-4.6620	-5.3170	-2.0881	-1.2965	-3.1606	-1.4062	-6.7194	-2.6118	-15.0089
-7.5329	0.5341	-3.6200	-1.3556	-5.5575	-1.9368	-3.2680	-5.3878	-1.7005	-10.8077	1.6088	-9.3190
-9.8578	-1.7504	-4.6816	-2.0971	-3.0511	-2.7745	-2.3817	-0.6705	-3.1015	-7.2329	-0.6410	-6.2937
-10.1725	1.5541	-8.3249	-2.5161	-4.0798	-1.9238	-2.4344	-2.5623	-3.5110	-7.9480	0.0076	-16.9069
-9.2407	1.3554	-6.6259	-1.1253	-5.7166	-2.1795	-2.1594	-4.2511	-3.6192	-8.7402	-0.2990	-11.2812
-12.7533	1.8596	-3.7860	-1.2196	-9.3597	-1.0780	-0.7585	-2.9655	-2.5488	-5.1480	-0.3683	-27.3935
-10.3909	1.2943	-5.7534	-2.1847	-2.3232	-4.1735	-1.3511	-3.9325	-2.0872	-5.0668	0.4123	-5.5968
-10.1539	0.2949	-2.2417	-1.5643	-3.0066	-2.7384	-2.9250	-3.2756	-5.5644	-8.6783	0.4125	-13.8107
-18.1516	0.1353	-2.9157	-3.2724	-3.9352	-1.4147	-0.7369	-1.8440	-4.4375	-3.2403	1.8030	-15.6303
-10.6653	-0.6346	-2.6788	-1.6124	-2.0930	-1.4738	-2.7204	-3.0254	-6.2886	-3.7949	-1.0280	-11.1174
-10.9155	-0.3115	-7.4658	-2.2482	-4.5757	0.4324	-2.7184	-3.2304	-2.5925	-10.2685	1.1113	-11.9266
-5.4988	0.9424	-6.7473	-1.8801	-2.7930	-4.1744	-5.5002	-6.3432	-3.3202	-1.9404	1.2830	-16.9296
-10.1332	0.4411	-11.4191	-1.3392	-7.4749	-3.9479	-1.8022	-1.3711	-2.9706	-4.4381	1.2791	-12.1849
-13.2062	0.6925	-6.4443	-1.4828	-3.6299	-2.7183	-4.4684	-9.4988	-0.9068	-4.1047	0.6130	-7.7504
-14.3442	0.7803	-3.1036	-1.4245	-5.4316	-3.9021	-5.3421	-5.4554	-1.7984	-4.5964	0.3656	-14.0206
-16.4526	-0.8749	-3.4605	-2.6720	-5.8686	-0.6655	-1.1080	-6.6741	-0.9732	-8.2471	0.9555	-11.0184
-8.3036	1.2196	-11.7500	-0.5010	-5.9481	-3.6507	-1.9342	-4.1246	-2.4865	-4.4583	-0.0277	-22.4842
-7.1604	0.0454	-6.2284	-1.5126	-2.6630	-2.7462	-5.3648	-3.9190	-1.4569	-5.2051	1.2384	-15.6852
-12.7034	0.2130	-5.6938	-3.1270	-5.7221	-3.6250	-2.6955	-4.7979	-1.0811	-4.6010	-1.4561	-6.2320
-6.4724	-0.1292	-8.5936	-2.6840	-0.3847	-3.7382	-1.3852	-2.9203	-3.6136	-3.3307	-0.7433	-6.7110
-11.1414	-0.5335	-2.6033	0.0101	-3.2591	-1.8590	-5.5511	-3.1619	-0.8273	-5.6121	1.6475	-12.7263
-10.3473	0.9319	-3.2167	-2.4882	-5.1901	-2.0077	-1.8481	-3.2081	-1.7720	-6.9825	-1.0340	-12.1997
-11.3049	-0.4546	-2.7856	-1.7015	-6.7369	-0.8203	-2.6115	-2.3444	-1.7459	-3.9786	0.6940	-6.4515
-6.5196	-1.3171	-3.2327	-1.3909	-2.9343	-7.2519	-2.7558	-1.6087	-1.4724	-3.8214	-0.0027	-12.1715
-11.9759	1.2621	-9.1540	-2.6179	-3.5311	-3.0181	-2.9291	-8.3806	-0.8702	-4.4267	0.6928	-6.0308
-12.8386	2.3415	-6.9098	-2.3298	-3.6679	-2.4376	-3.6353	-6.1134	-1.7686	-5.4361	0.1234	-12.6153
-11.5438	0.2198	-10.4380	-2.2382	-3.9633	-1.5625	-1.6520	-2.1726	-0.6935	-7.4154	-1.2364	-8.3864
-10.1019	-1.3165	-5.1896	-1.3468	-1.8725	-4.7736	-2.2406	-2.5112	-2.3038	-5.2152	0.8704	-17.0774
-12.5990	0.8499	-4.3032	1.1274	-7.6561	-2.1797	-4.3944	-5.0663	0.3880	-3.6163	-1.6799	-9.3140
-9.0476	-1.9696	-3.7587	-1.5255	-3.7280	-1.9179	-2.7137	-3.8362	-0.0100	-3.8433	0.2700	-7.5516
-12.9814	0.6529	-4.8632	-2.7241	-4.3800	-4.7627	-1.8698	-3.1641	-2.5981	-3.0769	0.6646	-10.3125
-9.8040	0.5252	-6.1406	-3.2150	-5.7797	-3.8139	-4.2964	-1.9879	-1.3812	-2.9663	0.5522	-5.1653
-11.6780	0.3300	-6.2937	-0.2285	-1.5520	-1.6772	-3.9105	-2.8670	-3.1893	-5.0398	0.5728	-21.3617
-15.4405	-0.2664	-3.5263	-0.0272	-4.9034	-0.5855	-0.0320	-4.1295	-3.0607	-6.7625	-1.0712	-21.7547
-8.9674	-0.4433	-12.1237	-7.4191	-2.8127	1.0480	-3.4147	-1.8962	-0.3814	-6.5811	0.6979	-8.8726
-9.0557	-0.6533	-7.7198	-0.7849	-2.1922	-2.2509	-1.9763	-6.3796	-0.1919	-4.4527	0.5258	-15.2368
-8.7734	1.1597	-3.1901	-1.8538	-0.4981	-1.7479	-3.0718	-4.1843	-1.5696	-7.0753	-1.9326	-31.1027
-10.5095	1.2131	-5.2321	-2.8155	-1.8148	-1.8944	-3.4214	-2.2934	-1.1002	-3.2030	-0.0962	-9.2380
-11.3368	-1.0599	-3.6242	-1.2195	-3.1997	-2.3149	-2.6090	-3.3070	-2.4922	-5.7799	0.3757	-13.1341
-9.1867	0.4963	-7.8535	-1.9304	-2.7350	-1.2563	-2.7225	-3.6347	-0.8993	-4.8820	-0.1226	-7.3657
-12.7765	0.8932	-10.6525	-2.7304	-2.5660	-0.7200	-3.2663	-4.8798	-2.8844	-3.8924	0.9284	-7.7470
-10.7686	1.1576	-4.7596	-2.4745	-6.3813	-2.0379	-1.0018	-3.4757	-2.6482	-6.6566	-1.6506	-13.0286
-13.7987	-0.9633	-5.0567	-0.5667	-4.1916	-4.5186	-1.9747	-2.5873	-0.3792	-3.5237	-0.0871	-14.8552
-6.8875	-1.6072	-4.1732	-1.0866	-4.6758	-5.2241	-2.8982	-3.5720	-0.7164	-2.0102	-0.1553	-8.5067
-8.9932	0.3849	-5.6121	-2.9843	-2.4402	-6.7082	-2.8490	-2.1822	-1.9380	-4.9537	1.5495	-12.5159
-8.4682	0.3200	-3.7332	-3.3589	-5.3130	-1.7683	-3.3601	-3.5124	-1.6520	-4.6313	0.3330	-7.9367
-8.0169	0.5815	-3.3673	-3.3837	-4.9582	-3.3424	-5.7555	-5.0846	-2.0913	-4.8006	0.8551	-12.5125
-9.9902	0.1842	-6.1502	-1.0894	-3.1313	-2.2026	-2.1667	-2.9965	-2.3154	-11.3541	-1.8407	-9.5274
-11.8399	-0.6877	-7.8585	-0.9766	-3.1986	-2.4233	-2.6223	-4.1385	0.5392	-2.1537	-1.2053	-10.7074
-16.2641	-0.0296	-4.1752	-3.4815	-3.2429	-1.8651	-1.9369	-5.0846	-6.1076	-7.6902	1.6349	-13.6693
-11.2255	-0.0829	-9.0151	-2.0772	-1.9730	-6.2182	-3.0653	-5.0735	-1.9829	-3.9505	0.1139	-9.7370
-9.2913	1.0050	-3.8202	-3.3627	-0.6165	-0.9770	-5.5178	-3.2450	-2.9451	-7.7869	-0.6296	-25.6163
-8.3357	0.5290	-5.7169	-2.5796	-4.4552	-2.3861	-4.9005	-0.9559	-2.4217	-4.6399	-1.6730	-14.0905
-11.2497	-1.4278	-8.7241	-1.6145	-2.0931	-3.0677	-0.8648	-0.5927	-3.8998	-4.3537	-0.2773	-6.8740
-13.5589	-1.2002	-5.0378	-1.8271	-0.7511	-1.4530	-3.1397	-4.6514	-1.6182	-3.9857	0.3154	-10.8637
-6.8692	0.8037	-4.2984	-3.6291	-4.0309	-2.1056	-3.7156	-0.1775	-2.6922	-4.9756	-0.8002	-10.6062
-13.5989	-0.6874	-5.5798	-5.1882	-1.5946	-3.9904	-2.7041	-1.9660	-1.5539	-4.2930	0.8351	-10.2853
-11.0113	0.5302	-6.7704	-0.6363	-1.6418	-1.5339	-2.3443	-3.8997	-4.1702	-5.3196	-1.3409	-10.2126
-8.4101	-0.4759	-3.8102	-0.3625	-6.3771	-2.8945	-2.6281	-5.9041	-4.4160	-6.8313	0.3842	-13.5015
-17.9804	0.4168	-9.3259	-3.2565	-7.5200	-2.0180	-1.7247	-2.3603	-1.4727	-5.9738	-0.3563	-8.5207
-10.8028	-0.8127	-6.4255	-1.0344	-4.2618	-3.5912	-3.4144	-1.6883	-1.2373	-8.5869	1.6913	-9.7944
-7.4645	2.3792	-8.3616	-2.1852	-4.9957	-2.0594	-4.1143	-4.1011	-2.6011	-5.5682	0.3929	-10.4881
-18.2728	0.4992	-6.7912	-1.6475	-2.7885	-5.2734	-3.3322	-0.4951	-1.9538	-5.0600	1.4343	-11.8040
-22.4343	0.0751	-9.1072	-2.9532	-4.0625	-1.9022	0.1154	-2.0989	-4.7448	-3.1078	0.4584	-22.6017
-10.6770	-1.5713	-5.6379	-0.7025	-6.6474	-1.2421	-2.7044	-2.5678	-1.7471	-6.6981	-0.3589	-9.2705
-8.0134	-0.3084	-5.5678	-3.3396	-2.9816	-0.8214	-2.1998	-5.8770	-2.9273	-3.9028	0.9776	-6.6374
-12.7633	-2.2223	-4.8932	-0.9568	-4.2768	-2.6496	-3.1559	-10.3658	-0.0553	-4.6567	1.9678	-7.8105
-18.0797	1.0995	-3.9501	-0.6086	-4.5396	-1.6903	-2.7405	-4.0875	-1.4525	-6.6983	-2.2295	-8.1820
-15.4577	-0.4182	-6.4783	-3.4893	-3.3534	-2.6832	-3.3192	-2.2077	-1.9349	-10.0842	0.5279	-6.6506
-12.5899	-0.6190	-7.4831	-1.4303	-7.4459	-5.3300	-1.3035	-2.3823	-2.3271	-1.9826	0.8831	-10.4454
-13.2289	1.3512	-6.6665	-4.1100	-1.9496	-5.8224	-1.5455	-3.2446	-0.9867	-2.2855	-0.6896	-8.7996
-12.6865	1.9765	-7.5601	-2.6249	-6.9053	-1.7707	-1.0400	-1.4379	-2.7446	-3.6741	0.2788	-14.2626
-10.8639	0.0801	-6.8517	-2.1119	-5.4258	-4.4724	-1.6365	-4.2019	-1.1414	-6.2025	0.0200	-5.1776
-9.5590	0.0396	-4.3021	-2.2830	-3.6713	-2.4822	-3.7792	-4.4076	-1.1424	-8.3328	0.7071	-11.5133
-6.5766	1.1916	-8.5770	-2.4210	-6.3740	-1.5790	-1.0447	-7.4380	-2.2505	-3.1539	0.6874	-7.9982
-6.7556	2.9445	-4.9763	-5.9712	-5.2146	-3.1105	-1.1325	-3.5626	-2.5455	-5.1482	0.5193	-10.5937
-7.0382	0.7666	-4.4509	-2.0282	-3.3006	-3.3723	-2.9509	-2.1832	-3.7107	-5.0111	-0.4492	-12.4784
-12.1557	1.6641	-2.9464	-4.0938	-3.3584	-1.4576	-3.1406	-2.9941	-3.8095	-1.7211	0.6529	-13.7802
-11.8955	-1.8921	-2.0257	-0.4579	-3.9289	-2.4417	-4.2596	-5.2614	-1.3212	-4.0819	0.8516	-10.6279
-8.4095	1.3120	-10.3094	-0.8864	-4.1304	-0.8240	-3.6836	-4.4528	-2.6307	-6.2661	0.1120	-8.6000
-10.9920	-0.4745	-4.0003	-0.1948	-4.1212	-4.0181	-2.1500	-2.5691	-1.1940	-7.8209	-0.5861	-10.7018
-11.5771	-0.5317	-4.1865	-1.5732	-3.1755	-1.1230	-1.5023	-5.4664	-3.3238	-4.5365	-0.2134	-7.2867
-7.3642	1.8817	-7.7695	-0.6814	-3.8055	-1.2982	-1.8159	-5.0393	-1.4136	-6.3763	-1.0097	-8.5708
-11.5359	0.9795	-9.4390	-5.2695	-4.7165	-2.1046	-2.4221	-1.8876	-0.7173	-8.1663	0.1682	-12.3554
-7.8517	1.2983	-1.6437	-5.3936	-3.5671	-1.7062	-4.2249	-3.8033	-3.7783	-4.7523	0.1756	-9.4383
-14.6504	-0.5739	-2.7896	-0.7271	-7.0941	-0.6628	-6.2164	-1.8590	-0.0595	-7.7819	0.5104	-5.2825
-14.1793	0.7781	-9.5252	-3.6303	-6.4163	-2.8189	-2.1280	-2.5298	-0.1221	-7.3670	0.7095	-20.2132
-11.1974	1.6586	-4.8270	-0.2617	-7.1166	-1.0781	-6.2378	-1.0232	-0.6837	-4.5457	0.5402	-10.4793
-7.8497	-1.2377	-5.9831	-1.8996	-9.3681	-4.2138	-0.4568	-1.7276	-0.6626	-5.0802	0.3155	-14.1660
-11.9099	-0.7481	-4.1369	-1.9083	-6.0153	-1.7908	-1.7656	-3.6856	-2.1955	-4.8369	0.2717	-14.5510
-8.7806	-1.2445	-4.8870	-1.5592	-6.9609	-2.3670	-0.2696	-3.0615	-1.8515	-7.4450	0.3193	-9.3097
-15.1662	-0.3155	-7.8335	-0.4179	-3.1504	-0.7558	-3.6093	-2.9302	-1.7917	-5.7495	-0.8247	-8.3050
-12.5598	0.1582	-5.3603	-0.9243	-4.7529	-3.2329	-2.3604	-5.2114	-1.9779	-4.1989	-0.8135	-18.6019
-14.2097	0.3026	-3.6707	-1.5635	-4.8718	-3.8176	-4.5958	-2.8795	-2.5233	-3.6202	-1.3707	-11.2327
-9.9339	-1.6243	-6.0597	-2.4609	-2.0610	-2.5229	-2.4107	-2.4857	-2.2983	-11.3983	1.7199	-10.8860
-9.0334	0.7402	-4.1899	-3.4269	-0.2176	-2.2240	-4.1937	-2.9392	-3.3273	-6.7648	0.2490	-24.4995
-11.3710	0.8475	-4.2376	0.0286	-3.7529	-5.3059	-4.7700	-1.5236	-1.2099	-4.3401	0.0868	-10.6387
-8.7285	-1.3549	-10.7624	-2.0342	-4.8518	-2.7513	-2.2481	-5.5928	-1.5174	-4.3075	1.2133	-12.4480
-8.9255	-0.9554	-4.2754	-5.1375	-1.1216	-3.6818	-3.2532	-6.3937	-1.7427	-2.5721	1.3341	-7.3795
-15.3682	0.0757	-10.3704	-1.3734	-2.9850	-1.9492	-1.3466	-4.4097	-5.0550	-3.5786	0.0647	-12.0877
-18.8835	1.5109	-5.3604	-1.6331	-0.6627	-5.9326	-4.2642	-5.7378	-2.5983	-3.6783	-0.5214	-10.1985
-9.1019	0.3729	-7.3424	-1.2318	-8.4365	-7.8284	-0.6449	-2.1780	-3.0567	-5.3345	0.6002	-13.1541
-9.9052	0.7143	-2.8269	-0.6017	-3.2871	0.3255	-1.2570	-5.0794	-6.0126	-6.4475	-1.9623	-15.2980
-9.1069	0.6366	-1.2450	-1.8450	-2.0900	-6.9249	-5.0786	-4.3529	-1.6295	-7.8557	0.4451	-12.2307
-8.5005	0.4934	-4.9195	-0.5193	-2.5332	-2.4127	-3.0905	-3.3855	-1.9307	-5.5731	-1.5701	-13.4870
-7.0135	0.7971	-2.4385	-2.0894	-4.1303	-2.7216	-3.9746	-3.2181	-1.9084	-5.9713	-0.9389	-7.9948
-8.0665	0.8455	-5.0624	-4.9203	-2.4444	-3.4651	-2.5569	-3.0120	-3.8866	-13.2616	0.0034	-7.1158
-10.3922	1.1213	-2.7888	-2.7173	-3.3914	-0.6045	-6.0519	-2.9029	-3.3287	-5.1363	0.0222	-13.4664
-11.2999	0.9216	-8.5533	-0.8971	-2.0002	-4.7643	-3.0300	-1.9090	-2.5509	-3.7296	-0.4773	-11.3269
-13.2601	0.6228	-3.0522	-3.4770	-2.5512	-3.3165	-0.9227	-2.8316	-1.2283	-6.9845	-3.3340	-15.2867
-9.2563	1.9616	-2.0559	-4.0069	-4.9249	-1.9568	-3.9099	-1.0942	-2.9959	-5.4316	-0.0336	-7.6275
-14.5258	0.6579	-4.9568	-1.0864	-3.3938	-3.0364	-3.9740	-3.4869	-2.0788	-4.0947	-0.6382	-11.2005
-9.6082	-0.8016	-5.0301	-0.8992	-4.7348	-2.3775	-2.6365	-6.7665	-1.4522	-2.2990	0.6002	-8.2384
-9.2684	-0.0300	-5.1019	0.3362	-3.5256	-3.6617	-2.5517	-2.5485	-0.8169	-5.5210	1.1937	-6.7078
-17.0439	-0.1440	-8.5997	-2.5178	-2.1482	-4.0772	-2.3604	-1.4305	-0.4161	-6.7186	-0.5856	-7.3668
-7.8255	0.9169	-6.8195	-1.9006	-4.7077	-3.3945	-2.4096	-4.4677	-2.1027	-7.4786	-0.2042	-11.3257
-18.0375	-0.6408	-6.4622	-1.0816	-2.9698	-1.2812	-3.1611	-1.8261	-2.0015	-3.6803	-1.2024	-14.7926
-17.2365	-0.3505	-0.9493	-1.4663	-6.1520	-3.0139	-4.2042	-2.1584	-3.4955	-4.6940	0.5241	-11.1615
-15.1654	1.2081	-6.6507	-1.5464	-4.8950	-3.5146	-0.6067	-4.6383	-1.8066	-4.7848	0.5535	-12.3238
-24.6052	-1.5565	-3.4602	0.9936	-4.1528	-4.2914	-3.7305	-1.2431	-2.4272	-8.1925	1.4798	-13.2864
-10.6219	0.8767	-3.1765	-2.4266	-3.2773	-2.3294	-2.6875	-1.6085	-1.9446	-3.9774	-1.3624	-12.1065
-8.0669	-0.2819	-7.4969	-2.2720	-0.4858	-2.4894	-3.6153	-5.3714	-3.1275	-5.4977	0.3864	-8.4017
-10.3533	0.2883	-5.3011	-0.2524	-3.6150	-0.7359	-3.5174	-5.4869	-2.7802	-5.2040	-0.8337	-10.1444
-9.5585	-0.4523	-5.7309	-3.9793	-2.9822	-4.2655	-2.8592	-1.3817	-1.5475	-4.3973	0.4088	-11.4121
-4.8419	0.8908	-5.8562	-2.5958	-2.7897	-2.8872	-3.1864	-4.9958	-1.3458	-4.9059	0.0613	-7.1614
-8.3361	-0.8152	-5.1671	0.1314	-2.9045	-6.0984	-2.7808	-2.1167	-3.7001	-6.1532	0.8458	-11.0266
-12.0725	2.4760	-5.1429	-1.1394	-2.7708	-2.9418	-2.3508	-5.1103	-1.2690	-4.3373	-1.6751	-15.8561
-9.5816	-0.0775	-15.1410	-2.9800	-2.9934	-1.8869	-2.5466	-2.5142	-0.7245	-5.7602	-0.2159	-10.1319
-12.8987	0.7558	-1.9689	-2.5655	-4.8990	-1.0073	-8.3000	-5.1587	-2.8996	-5.1498	0.3435	-7.8439
-11.6971	0.8862	-6.1008	-3.1774	-1.0244	-1.8783	-3.1356	-3.3300	-2.2435	-4.4054	-1.5035	-14.5962
-17.5463	0.6011	-3.4433	-2.8065	-6.9078	-3.6675	-4.1700	-2.7167	-0.8086	-4.1757	0.0057	-7.6811
-8.7233	0.1247	-5.2432	-2.6818	-6.1810	-3.6071	-0.8546	-2.6608	-0.8795	-6.7634	-1.4568	-6.5337
-8.8510	-0.4703	-3.7395	-0.2222	-3.5682	-2.8957	-3.5747	-3.0560	-0.1779	-6.3794	0.7897	-12.5655
-20.0325	-0.8114	-5.8118	-0.8841	-4.0645	-2.4559	-1.8759	-4.3292	-3.7531	-4.0548	0.3160	-8.5564
-17.6128	0.5974	-3.8330	-2.8306	-2.5385	-3.0468	-2.7243	-2.0272	-2.2609	-3.7731	-1.0712	-14.8266
-15.3294	-0.5933	-5.6422	-3.5852	-1.1419	-0.9995	-0.5782	-3.5568	-2.8926	-6.6674	-0.7544	-10.8100
-13.6256	-1.5023	-3.6154	-2.4758	-2.5689	-0.8834	-2.5294	-4.6677	-2.6025	-2.5017	0.9625	-11.9711
-5.6771	-0.5270	-5.4933	0.2186	-1.8679	-1.7785	-2.9271	-5.6919	-5.3119	-11.8307	-0.0684	-7.0375
-4.8075	0.5165	-4.6004	-1.5318	-4.1052	-5.4616	-1.9367	-2.6924	-2.6198	-3.6749	-1.6652	-13.2506
-18.3485	1.5165	-7.1346	-0.9122	-3.8630	-3.9088	-1.9005	-2.6422	-3.9346	-6.3409	1.8190	-5.5094
-15.4950	-1.0127	-3.2239	-1.8041	-1.5832	-3.8748	-3.6127	-2.3312	-1.3960	-8.3792	1.9648	-5.6830
-12.1124	-1.0281	-4.3628	-2.0446	-2.5205	-3.2980	-1.5290	-1.9978	-1.7093	-3.1984	-1.5194	-8.2773
-15.7549	-0.0643	-10.4032	-2.3028	-3.1343	-4.5466	-0.5701	-1.3461	-4.2032	-8.1251	1.5311	-8.6747
-5.8559	-0.3148	-5.3163	-2.4562	-2.0065	-2.2611	-0.8756	-5.6551	-4.2680	-4.6763	0.0418	-8.7335
-12.3201	0.5432	-6.7554	-6.3005	-3.8201	-3.7866	-4.1667	-3.5349	-0.3564	-2.6698	-0.1954	-13.6168
-12.9789	-0.0271	-4.1403	-2.4963	-3.2689	-3.0765	-8.1181	-3.3571	-1.6210	-4.6132	0.6271	-4.5239
-6.6270	1.6002	-4.6484	-2.2407	-4.1929	-3.3997	-6.0236	-4.5207	-2.6616	-6.3819	0.2146	-15.3586
-15.3684	-0.3463	-5.0903	-2.9708	-2.4314	-1.5009	-1.4046	-0.3560	-3.3753	-8.7772	-1.3450	-18.4839
-8.2059	-0.4836	-4.9160	-4.4866	-7.4722	-2.6941	-1.5107	-4.7122	-2.3976	-4.5863	2.2151	-7.4653
-11.1726	-1.0125	-6.2375	-2.6384	-4.0510	0.6761	-2.8345	-7.9510	-2.5594	-3.7700	-0.6214	-8.9966
-16.3848	-0.4005	-4.7861	-2.3661	-11.6571	-3.9759	-3.3321	-3.9579	-1.9341	-4.2563	-0.0576	-8.0157
-3.7017	0.3932	-3.5529	-6.2634	-4.0377	-2.5232	-3.3933	-1.5615	-2.4221	-3.2278	0.4869	-10.0094
-8.8263	-1.4690	-4.5499	-2.8520	-2.7829	-1.2948	-2.5382	-3.5386	-2.0883	-6.2477	-0.9038	-18.6117
-13.2159	-1.9014	-6.3079	-1.4065	-0.9639	-1.7942	-3.4421	-3.8203	-3.2387	-6.1185	0.4899	-12.7147
-13.8523	0.3034	-4.0605	-1.0361	-2.0918	-1.3529	-3.0485	-3.4209	-2.9977	-7.0980	1.3639	-5.8380
-13.6878	1.1254	-6.5200	-3.3394	-2.8288	-1.6943	-1.9200	-4.4209	-2.3644	-5.4902	-0.1907	-15.1835
-13.9967	0.6734	-6.5008	-2.7574	-4.5488	-3.9938	-0.1196	-2.0963	-1.1213	-2.9036	0.0559	-8.8545
-3.9873	-0.7517	-4.0453	-2.5344	-7.0177	-5.1917	-2.1683	-2.1409	-1.9627	-3.4542	0.5569	-39.5497
-5.9924	1.4119	-2.9721	-1.4660	-3.8662	-4.9441	-4.0455	-5.6896	-2.2884	-5.2938	-0.0533	-8.0401
-4.6463	1.2760	-6.5659	-1.6442	-3.5797	-1.0008	-1.3521	-4.1905	-3.6789	-4.4894	-0.9363	-15.4350
-6.9409	-2.3193	-2.7076	-1.9953	-10.4505	-5.2943	-2.8392	-5.5208	-1.0302	-3.6397	1.7065	-9.4627
-8.9208	-0.3588	-5.1135	-2.6091	-5.5500	-2.2507	-1.1076	-8.0725	-1.6353	-5.2635	-0.2656	-8.4667
-12.8068	-0.8661	-2.3792	-2.0586	-3.9804	-3.1044	-3.4455	-8.6800	-2.4340	-4.5459	-0.2909	-11.3679
-12.3348	0.0799	-4.0397	-0.5912	-2.8308	-0.4705	-0.9071	-6.2346	-2.6890	-8.0692	1.7225	-5.5560
-11.0564	-0.4206	-4.4190	-1.6601	-2.4430	-0.0644	-3.7764	-3.8171	-1.9006	-6.1446	1.0294	-7.9007
-15.3057	0.7473	-6.1755	-1.6557	-4.3141	-5.7689	-1.1392	-3.6939	-1.9196	-6.7314	0.7924	-10.7662
-10.7279	-0.6367	-6.5927	-1.5823	-3.8275	-4.1090	-1.7485	-2.6412	-2.2356	-1.5476	-0.6253	-8.8022
-9.2548	-0.8848	-7.0562	-4.4055	-2.0146	-0.6236	-3.3005	-2.5915	-2.6394	-4.6341	-1.3898	-9.6615
-11.9550	0.2388	-5.8572	-0.7258	-4.1666	-2.0495	-2.6246	-7.9804	-3.7351	-4.9933	-0.1883	-9.0041
-6.5381	1.6443	-6.2368	-2.2875	-3.1640	-1.6697	-3.6415	-4.6287	-2.1931	-3.9020	0.2435	-13.3830
-9.7053	-0.2622	-3.8787	-1.0694	-2.4607	-1.8089	-3.4306	-2.0197	-4.0753	-9.7227	-1.2502	-5.3506
-6.2737	1.8691	-3.6509	-5.3201	-2.9053	-4.1066	-1.7611	-2.5572	-2.9121	-13.3335	0.1500	-11.6100
-10.9770	1.7717	-5.1135	-2.5335	-3.0313	-3.0752	-3.6358	-4.7946	-0.2034	-4.8696	-0.7652	-16.0746
-9.3146	-1.8690	-6.6000	-0.8075	-2.0700	-2.3384	-1.7394	-4.8520	-2.7112	-5.2172	0.1793	-6.6486
-9.9659	0.6505	-10.9617	-4.7607	-2.7426	-6.2842	-1.7205	-2.3898	-1.0539	-4.8827	1.6358	-8.1077
-12.1249	1.7625	-8.5180	-2.6741	-4.3377	-4.4307	-2.6057	-4.9439	0.3778	-2.8536	0.8741	-11.9629
-15.6259	1.1370	-3.2580	-2.4909	-3.9936	-3.7096	-4.5326	-5.6530	-3.4074	-4.2072	1.0327	-14.3189
-17.8381	0.6688	-5.2567	-4.0592	-2.3273	0.4949	-1.6502	-4.3129	-2.2592	-5.8356	0.7776	-17.1784
-9.3726	-0.4605	-4.2294	-2.1140	-3.3359	-2.1198	-3.0379	-3.0365	-4.0249	-5.0001	-2.0413	-8.5004
-12.4228	1.1527	-8.6703	-1.9335	-2.2142	-3.9686	-5.0240	-6.3683	-0.2345	-2.5506	-0.4425	-5.4023
-9.5182	0.7286	-4.9761	-4.3577	-1.5602	-3.4200	-5.6669	-6.4110	-1.3335	-6.0493	2.0487	-10.6733
-9.9482	-0.7364	-6.7216	-3.3369	-2.9323	-1.8660	-3.5413	-4.4131	0.5256	-3.8777	0.3206	-11.3508
-8.2549	-0.0671	-13.9988	-2.2498	-2.8723	-2.4876	0.3144	-1.2708	-0.9515	-6.2197	-5.6218	-8.0358
-18.8001	0.4613	-7.6936	-1.6961	-4.0962	-3.3003	-1.6508	-2.1766	-2.5921	-3.8528	-0.2139	-12.6542
-8.6294	1.6120	-7.1886	-4.4069	-5.4795	-4.3364	-0.6837	-3.8312	-1.9713	-1.6529	-1.0409	-14.2870
-15.5392	0.0640	-7.1812	-4.0274	-5.1035	-2.5583	-1.3364	-4.7434	-3.1665	-4.2759	-0.1597	-13.3926
-6.8060	0.2929	-4.3360	-5.1345	-2.2974	-5.6336	-5.0274	-0.5168	-2.8939	-6.9421	0.0967	-8.7980
-9.2222	0.9552	-3.7744	-4.9355	-2.3601	-3.8145	-3.5864	-4.0640	-3.6169	-4.7067	0.7491	-7.7171
-5.7594	-0.3317	-5.1131	-2.1565	-1.4478	-2.5401	-4.4275	-6.6030	-1.4331	-4.1922	-1.0227	-9.4303
-18.0540	1.1746	-8.9967	-4.1262	-3.8891	-0.7422	-1.7052	-2.4636	-2.3587	-8.5175	-1.0993	-9.8497
-18.7282	-1.2426	-4.9111	-0.2699	-3.2264	-3.3287	-2.6009	-4.5010	-2.6370	-7.4363	1.3144	-4.8366
-12.1065	1.1625	-5.7054	-1.3286	-8.4201	-3.1214	-1.9459	-2.6254	-4.0138	-3.8928	1.4013	-9.8506
-8.2527	-0.6652	-1.7004	-0.9048	-8.2944	-2.3519	-3.7857	-4.6307	-3.1240	-7.6983	0.0568	-10.5365
-18.1846	-0.5769	-5.4619	-1.6709	-1.8931	-2.1319	-3.1537	-2.8970	-2.4534	-4.2790	0.7955	-10.5202
-7.2694	-2.4411	-5.9848	0.4453	-4.2989	-1.6481	-2.1129	-3.9001	-0.7937	-5.4640	0.9451	-9.4381
-15.5325	0.9654	-8.4815	-1.4787	-3.0440	-2.5543	-3.7794	-3.1312	-2.2359	-7.9339	0.8369	-6.6635
-11.6563	-0.9824	-7.5543	-2.5630	-5.4277	-0.0130	-3.2941	-5.0488	-1.8943	-3.1543	0.5482	-10.6272
-11.6292	0.6966	-4.6476	-0.0451	-3.9845	-6.1587	-3.1221	-2.8929	-2.6429	-4.2291	0.9225	-14.8520
-9.2642	1.3036	-1.8658	-1.5882	-4.9717	-2.2050	-6.3362	-2.7709	-1.3268	-7.8819	0.2073	-18.7332
-11.5180	0.6058	-5.7915	-1.2891	-4.1654	-0.5311	-1.2098	-4.7691	-2.0061	-5.9285	-0.1916	-6.8588
-14.5789	-0.3075	-6.3119	0.2788	-6.0057	-3.8042	-3.7979	0.0499	-2.4257	-3.6759	0.4565	-11.8941
-6.9655	-0.0271	-7.6262	-3.6392	-5.0428	-3.6118	-1.1058	-1.3666	-1.8260	-8.3601	0.1682	-9.5874
-7.4163	-1.9454	-7.3891	-2.9349	-7.4173	-3.5453	-2.4129	-3.7547	0.1649	-2.4520	1.1085	-25.6999
-15.8238	-0.5985	-6.3601	-1.8523	-2.5197	-2.0073	-1.0557	-3.0948	-2.7430	-5.8459	-0.8362	-10.3817
-8.3076	-1.3827	-8.2229	-2.6004	-1.4965	-1.7123	-0.0141	-5.6034	-2.6248	-1.5849	0.1572	-14.2302
-8.3732	0.3758	-3.9705	-2.2310	-5.0443	-3.1605	-5.1101	-4.2329	-0.9754	-6.5009	1.4972	-11.5666
-8.4869	-2.3970	-6.2880	-0.5677	-4.4818	-1.6372	-3.2766	-3.4000	0.4252	-13.9946	-0.9333	-7.6977
-11.4587	0.3651	-6.8631	-4.6790	-2.5433	-2.8145	-3.2205	-5.1527	-1.2306	-1.2133	0.6608	-8.3307
-17.6513	-0.9593	-4.2168	-0.4824	-3.1883	-3.1682	-2.0805	-1.6282	-0.9394	-6.6542	-0.7877	-8.7364
-8.9235	-1.1729	-5.1144	-0.7579	-4.7926	-1.1729	-1.5620	-6.6103	-2.2759	-4.3430	-0.4555	-15.6367
-10.8950	0.5704	-3.9341	-1.5826	-3.2534	-1.9089	-3.4603	-3.5142	-5.2830	-8.4641	0.7770	-8.1627
-9.3650	0.1631	-2.2466	-0.5391	-4.4501	-2.8654	-0.3171	-1.4996	-4.3804	-3.9572	-1.0570	-9.8158
-7.8559	0.2851	-3.5995	-4.0152	-5.3865	-1.7318	-0.2713	-5.3293	-6.6908	-6.1910	0.3952	-11.2722
-8.7912	1.8856	-6.1724	-3.8677	-2.9404	-3.5307	-4.4445	-6.8956	-1.5340	-5.3947	0.7428	-9.7491
-10.7026	-0.0426	-5.4095	-1.6503	-4.4913	-4.2206	-3.3619	-6.0765	0.2348	-5.2418	-0.3626	-14.3432
-10.0628	1.5031	-4.6833	-2.2530	-7.4526	-3.1674	-6.7021	-1.9238	-2.6910	-8.6405	1.1264	-12.8037
-7.6931	-2.4369	-3.8712	-2.7834	-1.3804	-0.3681	-2.6823	-5.9035	-1.9580	-3.4737	1.7256	-12.7060
-11.7217	0.5810	-5.6843	-2.4238	-2.8035	-1.0420	-4.0289	-4.7349	-0.6915	-7.5953	-1.9759	-11.1836
-11.6834	-1.3375	-4.5580	-3.0564	-3.3785	-0.5428	-1.7304	-3.6940	0.1774	-5.3080	-3.0969	-8.3015
-8.8449	-0.0097	-4.8224	-3.6750	-3.3684	0.5390	-2.4434	-7.2990	-3.1000	-9.1841	1.4029	-6.1875
-12.9644	-0.1724	-2.8920	-0.8421	-2.0826	-0.9325	-4.0285	-5.3659	-1.9325	-6.2924	-0.8017	-7.0376
-10.6599	0.4677	-7.2775	-3.6870	-3.8628	-2.5830	-1.7913	-2.3080	-5.4723	-5.0095	0.4716	-8.7531
-8.5265	-0.6466	-10.1218	-4.6104	-2.8608	-2.3617	-4.7983	-3.3393	-2.3705	-4.5165	0.2819	-19.3519
-5.8622	-0.8225	-3.5539	-0.9303	-8.9098	-3.1299	-4.3543	-5.1802	-0.8549	-7.6574	1.0529	-14.9929
-16.0467	-1.2440	-3.8539	-1.9207	-3.6384	-2.5761	-1.3097	-2.4956	-1.7569	-7.4641	1.9456	-9.3645
-9.7401	0.3209	-11.6293	-4.5681	-1.1638	-4.0367	-5.0959	-1.0534	-1.0149	-3.6184	-0.0499	-11.9096
-3.5761	-0.9129	-2.6461	-0.3101	-1.5651	-2.4938	-7.9387	-6.9918	-2.0162	-3.6914	0.1666	-9.3136
-21.3976	0.2347	-5.9827	-3.8902	-2.6382	-2.2840	-2.3509	-3.3415	-7.4661	-4.8814	0.5362	-5.3046
-8.1898	0.0366	-8.5555	1.2520	-3.5532	-3.6263	-4.9175	-1.7666	-2.4732	-3.9657	1.0293	-10.8248
-12.9491	-1.3373	-5.6773	1.0426	-9.5349	-3.2413	-1.3217	-4.5598	-2.6249	-4.5021	1.3708	-7.2269
-9.9760	-0.4111	-4.0619	-4.5988	-4.9159	-3.2969	-0.9215	-1.3045	-2.4973	-6.5118	0.5808	-8.6387
-9.3554	0.1186	-3.2285	-0.8682	-3.9726	-3.8439	-3.1769	-5.8820	-3.4729	-4.6707	0.0405	-11.3123
-3.8413	0.2608	-3.9787	-0.4633	-4.1495	-6.3275	-2.2933	-2.5731	-1.6115	-9.0087	-0.3428	-10.2612
-9.1304	0.5198	-7.4642	-1.2684	-2.0321	-2.0170	-3.1348	-2.3087	-1.9183	-7.7527	-1.5998	-14.2609
-12.2198	0.3157	-5.2305	-3.7047	-6.5868	-3.4597	-2.6277	-5.4479	-2.2408	-4.6840	0.7485	-8.6097
-6.3820	0.1903	-6.5941	-2.3859	-6.1307	-3.4010	-1.6837	-2.1527	0.3976	-5.1162	-1.6287	-14.9132
-7.5021	-0.3859	-6.1590	-2.4401	-4.9162	-1.0102	-3.0806	-2.8058	-5.5118	-6.9746	1.2854	-13.1613
-9.2839	1.1885	-7.9817	-3.2285	-4.5087	-1.9964	-1.7501	-5.2214	-1.2550	-9.5125	-0.2859	-9.3826
-11.2945	-1.2104	-2.8901	-2.1612	-5.2873	-2.7341	-0.6552	-3.9744	-2.9816	-11.2407	1.5137	-6.2324
-10.1221	-1.0796	-2.8895	-0.8466	-4.7856	-1.9381	-1.9188	-1.8059	-3.7708	-4.2064	-1.0834	-17.2289
-15.6508	0.7528	-4.5702	-1.0280	-6.4715	-1.7167	-2.4379	-1.7048	-0.2638	-6.2873	-0.1278	-15.9642
-16.5690	-0.1813	-5.7963	-2.9879	-2.4916	-0.4916	-1.7678	-4.4547	-2.2777	-9.0064	0.5010	-14.0710
-18.1126	-0.3578	-6.9834	-1.8455	-2.4647	-0.3129	-4.8821	-5.2067	-2.1388	-5.1969	-0.3141	-14.4267
-15.7850	0.5243	-5.1882	-2.5221	-0.9373	-2.4583	-8.9183	-4.5536	-2.0934	-4.4853	1.1346	-25.9131
-9.7894	-1.4563	-2.1857	-1.7591	-1.8421	-3.2894	-4.3980	-3.0012	-1.8349	-5.4533	0.6301	-12.2401
-8.1840	0.1057	-5.9760	-3.0252	-2.1389	-1.6045	-2.4758	-4.4041	-2.9455	-4.1566	-0.0705	-5.9410
-6.8331	-1.0948	-5.8446	-1.9453	-4.5260	-1.3435	-1.0748	-1.7174	-0.6665	-8.5241	0.6617	-20.1914
-11.0530	0.9006	-6.5193	-1.9519	-3.1463	-2.8662	-1.1801	-2.8688	-3.8623	-7.1372	-2.2069	-11.7136
-17.3876	0.7311	-8.9679	-4.6012	-1.6192	-2.5523	-4.2916	-0.9898	-2.8426	-5.6511	1.2397	-15.5221
-22.6625	-3.0589	-6.0315	-0.5252	-3.5914	-3.2356	-3.6573	-3.0809	-2.3551	-4.1856	0.8454	-6.8712
-11.8665	0.5294	-1.8289	-2.6013	-10.5065	-2.3918	-3.0031	-1.4741	-1.9863	-4.5725	-1.2526	-6.9615
-11.6633	0.0464	-5.2398	-0.8356	-1.8983	-0.8955	-2.4505	-3.7782	-3.7636	-12.0415	-1.9053	-6.1189
-10.6030	0.9980	-6.2642	-2.5621	-3.2539	-3.1425	-4.6253	-2.9657	-1.4185	-11.2979	0.5669	-8.2437
-9.5288	0.4659	-8.0371	-4.1958	-0.5244	-2.3676	-2.8192	-1.8418	-1.9547	-5.5723	-0.1660	-6.1511
-14.6365	0.2152	-4.9873	-1.0018	-2.9291	-11.2656	-6.8400	-2.3905	-0.7784	-1.6399	1.4868	-17.2031
-14.0621	1.1163	-4.9834	-2.3610	-3.7043	-3.9273	-2.1000	-4.6737	-1.9025	-6.7947	1.2752	-20.4285
-13.4168	-0.0758	-8.9719	-3.8714	-2.6328	-3.3938	-3.1797	-2.0034	-1.8411	-4.9412	-0.2421	-11.5538
-10.1271	-2.4278	-4.6527	-1.0708	-1.4562	-4.5782	-4.3131	-5.4308	-1.0632	-2.8307	-0.2276	-11.1393
-5.8600	0.5868	-6.6773	-0.6484	-2.9766	-1.8436	-2.9788	-2.7888	-2.6673	-9.2563	0.0192	-13.7416
-11.3984	0.3371	-3.9531	-0.8257	-2.0270	-4.1261	-1.5191	-2.8753	-5.1857	-4.8787	0.4895	-9.3660
-10.7225	0.3078	-2.4878	-1.7957	-4.7076	-3.2472	-4.1274	-2.7742	-0.4425	-9.5430	-1.1959	-16.9112
-7.1606	-1.8686	-6.0204	-1.1838	-3.0053	-1.1031	-1.2963	-2.1698	-1.6468	-5.1848	-0.4008	-8.2809
-7.7161	1.1245	-5.3526	-2.1446	-3.3233	-3.0597	-3.5462	-1.5160	-2.9624	-9.9031	-0.2918	-6.2087
-10.3894	-2.1611	-4.4043	-3.1031	-0.6082	-2.0067	-5.2675	-1.9081	-2.1304	-5.4727	0.2473	-11.3400
-24.5082	-1.7630	-7.9009	-1.6191	-5.1004	-1.4660	-0.2103	-3.7776	-2.8336	-3.6185	-0.4067	-8.6509
-8.9043	-1.5023	-3.7613	-0.9605	-4.5787	-0.7474	-2.3665	-3.2831	0.0023	-4.7107	-1.5562	-13.9793
-13.1543	0.1154	-8.6205	-2.1828	-2.1678	-1.0693	-1.4643	-1.4968	-3.6183	-7.3175	-1.4602	-12.0092
-13.9312	0.5324	-15.9188	-0.8369	-2.6413	-2.1870	0.6078	-2.5288	-2.8126	-5.8548	0.1579	-13.5878
-10.1244	0.6479	-5.3923	-1.8747	-6.8420	-4.7711	-1.5111	-1.7754	-2.5435	-5.1895	1.4020	-11.0987
-9.1646	0.6095	-6.0705	-3.1721	-5.3507	-4.8329	-1.7073	-4.1034	-1.5323	-2.9389	-0.9886	-17.7941
-8.9314	1.1813	-6.0101	-3.9256	-3.8649	-2.7432	-1.9168	-2.5812	-3.0179	-6.1987	-0.7844	-7.2292
-10.3670	1.2832	-4.2272	-4.4055	-3.0048	-1.7863	-3.9582	-2.0872	-3.3056	-6.2198	1.3000	-11.2913
-18.0257	-1.0399	-6.2347	-3.6704	-1.9056	-1.5625	-3.5722	-4.3410	-2.5621	-2.7933	0.3381	-13.7318
-8.8848	1.0342	-7.9098	-3.1619	-3.0100	-2.3249	-4.0147	-2.3607	-1.8922	-4.3397	-1.9083	-9.1876
-7.1088	-0.2075	-3.2499	-1.6193	-2.7178	-0.5584	-3.9205	-4.2823	-2.4084	-4.8093	-3.0586	-14.0371
-6.8271	0.0534	-6.1491	-1.9531	-5.2757	-3.2814	-0.3703	-4.0646	-2.4625	-6.4396	-1.9553	-11.4087
