-5.0496	-1.5085	0.4059	-1.9405	-4.6273	-3.0750	-1.9999	-0.3521	-1.5826	-4.8261
-5.7872	-0.3663	-0.8237	-4.0477	-2.5449	-2.4428	-2.1783	-0.0587	-0.4647	-7.6385
-4.5154	-0.6010	-0.8911	-2.7767	-3.9103	-2.8349	-2.2306	-0.3321	-1.4585	-5.4381
-4.4931	-0.2408	-2.0761	-2.9931	-2.5838	-3.1333	-1.6135	-1.3176	-0.8821	-5.7904
-5.7019	-0.6100	-0.9785	-1.9680	-2.2029	-1.9083	-1.1787	-1.7426	-0.9899	-3.8969
-5.4521	-1.5149	-0.9509	-1.0489	-2.8036	-2.6586	-2.2581	-1.7591	-2.3165	-3.3370
-5.8909	0.0762	-0.6418	-3.4335	-2.7675	-1.7915	-2.6533	-1.1650	-1.2821	-4.9428
-7.5832	-1.6855	-0.2331	-2.4685	-2.4568	-2.3195	-4.2996	-3.6190	-0.9877	-3.3807
-4.9633	-1.0661	-1.5554	-2.4658	-2.6503	-3.3716	-3.8212	-1.6907	-0.2545	-5.1032
-6.1986	0.3284	-1.7953	-2.0444	-2.1688	-3.8721	-1.2215	-0.5382	-2.0004	-4.3073
-2.3931	-0.5247	-5.4905	-3.9011	-0.7375	-1.7937	-1.6383	-1.5629	-0.5153	-8.4201
-3.4467	-0.7749	-1.5104	-4.5640	-3.0224	-2.3567	-1.9236	-1.0960	-1.9427	-5.0540
-5.7658	-2.0037	-0.0792	-3.3358	-4.3124	-4.4029	-2.5686	0.2492	-2.7150	-3.8870
-3.5310	-3.2174	-1.3735	-0.6642	-1.2312	-3.4223	-2.5718	-0.9564	-1.1694	-6.3062
-4.3678	-1.7377	-0.6231	-2.1905	-1.7491	-2.1792	-1.9453	-1.9109	-0.9674	-4.0435
-3.1235	-2.4210	-1.4042	-4.2591	-2.6768	-0.9375	-2.3075	-2.8586	-1.8851	-2.8219
-6.0987	-0.8713	-0.7847	-3.2242	-3.2161	-2.4559	-1.5423	-1.3005	-2.4558	-4.1937
-5.5431	-0.1802	-1.2678	-4.4519	-1.6417	-2.3397	-5.7226	-3.0476	-0.4057	-5.0755
-3.9484	-3.1391	-1.4868	-1.5724	-1.5161	-2.4873	-3.6802	-2.4960	-1.5225	-5.0654
-3.3864	-1.2988	-2.7973	-2.6799	-1.3896	-2.0849	-2.8722	-1.4971	-0.9397	-5.4888
-6.4582	-0.1379	-1.3036	-2.9415	-2.9195	-3.7835	-2.7818	0.6387	-2.0576	-5.2241
-4.9768	-1.1698	-0.9852	-3.0986	-3.9067	-2.2369	-1.5031	-0.7458	-0.9236	-7.8305
-5.1905	-1.4487	-1.0363	-1.6040	-3.1565	-2.3744	-1.6313	-1.8408	-2.2096	-6.9251
-4.3760	-0.4043	-3.9513	-4.0947	-0.8515	-1.3589	-3.4573	-1.1502	-0.7442	-4.8210
-5.8796	-1.1097	-1.8309	-1.3211	-2.1263	-5.1355	-3.3067	0.5010	-0.8861	-6.9121
-4.1651	-1.5097	-2.2094	-3.4925	-2.2127	-1.6307	-3.0544	-0.7865	-0.5446	-7.5798
-5.3850	-0.1072	-1.5575	-5.1500	-2.5460	-1.0372	-3.0231	-0.7665	-0.9473	-6.8981
-4.7497	0.2266	-2.1770	-2.8534	-1.8921	-3.1612	-2.3346	-0.4934	-0.9650	-4.7617
-4.9980	-1.5635	-2.6152	-3.0073	-1.2729	-2.7723	-3.5854	-0.7359	-1.2730	-7.2884
-5.6165	-0.4835	-2.3356	-4.1798	-0.9058	-1.2361	-2.8701	-2.1217	-0.5805	-2.5029
-6.7912	-0.6432	-0.5706	-3.2294	-4.0257	-3.5298	-2.8906	-0.3824	-2.2048	-4.6223
-6.1399	-1.1672	-0.6161	-0.6766	-0.8802	-5.0883	-6.0072	-0.8494	-0.5233	-5.3958
-6.2502	-0.1150	-2.0884	-3.6678	-2.4790	-2.8203	-1.9080	-0.1734	-1.2039	-5.0126
-4.6069	-2.6252	-1.9741	-2.6842	-2.0016	-0.8973	-2.0766	-1.0599	-1.3697	-6.0193
-6.5678	-0.2254	-0.8611	-5.1047	-3.1210	-2.9602	-1.4244	-0.4505	-2.2164	-4.9406
-5.0810	-0.8394	-0.7579	-2.4843	-2.6487	-2.4064	-2.4343	-2.1035	-0.7003	-6.0954
-4.3683	-1.8264	-0.7161	-2.2492	-4.0085	-3.5139	-3.6548	-1.5429	-2.2275	-2.6503
-4.8289	-1.1952	-1.0638	-4.9296	-2.3818	-1.2890	-2.7125	-2.1106	-0.5979	-4.0236
-4.4539	-3.0406	-0.7193	-2.4568	-5.4375	-3.4134	-2.2769	-2.2709	-1.1316	-5.0072
-5.6363	-2.1694	-0.2421	-2.1936	-4.6232	-4.1166	-2.3754	-1.3783	-0.4761	-5.2996
-4.1500	-2.0138	-1.0359	-1.7477	-4.1278	-3.0619	-0.7397	-1.8310	-2.4113	-5.7582
-4.6477	-1.3244	-2.0176	-3.0426	-2.1983	-3.4901	-3.2852	-0.3901	-1.2123	-6.5847
-3.9071	-3.8220	-1.1396	-0.0564	-4.5990	-6.3029	-1.4890	-1.9191	-1.3473	-3.4068
-4.3856	-1.5442	-1.0905	-5.1841	-4.8504	-0.4206	-1.6567	-3.0915	-0.1883	-5.5318
-9.6229	-1.0287	-1.6381	-2.5360	-1.9942	-2.8958	-2.1608	-1.9686	-1.4845	-4.6335
-2.9393	-1.2543	-0.5299	-2.1996	-1.4247	-1.4493	-1.3059	-0.4356	-2.4581	-5.6656
-4.5319	-0.6930	-2.2593	-3.1776	-2.3143	-0.4621	-0.8872	-1.3070	-2.5468	-4.7389
-4.9187	0.0354	-1.2920	-3.3645	-2.4507	-1.9891	-2.6721	-1.9810	-1.7427	-4.2113
-4.8636	-2.0795	-0.9961	-2.5932	-2.7837	-2.2034	-3.3351	-2.6629	-0.2418	-4.8376
-6.5914	-0.7578	0.0131	-1.6302	-4.2308	-3.9209	-1.4707	-1.8871	-0.4176	-4.5912
-5.2178	-0.4773	-1.0938	-3.5739	-2.9672	-2.3221	-2.7771	-1.1674	-1.3234	-4.7005
-4.0470	-0.6717	-2.2390	-5.0101	-2.1975	-1.8272	-1.4165	-1.6974	-0.7406	-5.9208
-6.3351	-0.9036	-2.2747	-2.8194	-0.9863	-2.1196	-1.9145	-1.1641	-1.5277	-3.9192
-3.8830	-2.2313	-1.3747	-2.6541	-2.0565	-1.7525	-2.7121	-0.4422	-1.4708	-7.5626
-6.2807	-0.5302	-1.2332	-4.1057	-2.7413	-1.0374	-2.2426	-3.0497	-1.2070	-3.7868
-7.7745	0.3947	-0.6454	-2.6466	-4.6939	-3.2161	-1.0547	-0.1696	-0.5313	-6.5387
-5.6736	-0.2540	-0.6029	-3.0894	-1.9365	-1.7923	-2.6192	-1.5193	-0.7511	-4.9663
-4.1638	-0.7717	-4.0016	-1.5064	-0.8913	-4.0008	-6.3613	-1.0519	-0.5682	-5.0660
-7.1173	-0.4907	-1.0654	-3.2411	-1.5386	-2.3445	-2.5927	-0.4050	-1.2363	-6.1284
-4.3342	-1.2274	-2.9610	-3.1678	-1.5660	-0.6621	-2.6891	-2.4168	-0.5356	-5.3013
-4.8063	-1.4494	-1.7462	-2.1338	-1.9074	-2.7885	-4.2839	-1.4335	0.1160	-5.0178
-5.9516	-1.9649	0.5795	-0.6917	-4.8939	-2.9144	-2.7336	-4.0696	-1.5462	-3.7228
-6.9394	-1.4007	-0.9440	-1.4884	-1.5148	-6.7233	-3.6467	0.2626	-1.6574	-6.6511
-6.7950	0.2013	-0.6371	-4.4173	-5.0637	-2.4981	-0.8568	-1.5164	-1.8445	-5.6898
-7.6815	-0.5312	-1.0945	-1.2368	-3.9595	-2.2978	-3.0570	-0.8820	0.8669	-6.4664
-5.1389	-2.2007	0.0092	-1.3322	-2.9917	-1.9294	-3.8059	-2.0092	-0.0079	-3.9975
-7.4661	-1.8336	-0.9270	-1.2243	-3.0365	-2.3298	-1.9566	-1.6010	-0.3002	-6.2501
-4.3301	-0.2010	-2.0451	-3.0594	-2.4325	-2.2601	-1.9446	-2.0732	-2.5951	-3.5082
-5.4330	-0.4461	-0.3782	-3.4547	-2.5275	-1.5184	-3.2814	-2.7481	-0.2907	-4.7202
-4.1112	-0.7615	-1.9719	-1.2725	-1.9390	-5.8169	-1.9637	0.0363	-3.0371	-4.7174
-3.5787	-0.6168	-2.1921	-4.8766	-2.5538	-2.1442	-1.4347	-0.6489	-3.7772	-5.4008
-4.1988	-0.5534	-0.8364	-3.5899	-3.9661	-1.6697	-1.1243	-0.6090	-1.1132	-3.7271
-6.6083	-1.9282	-0.6682	-1.2299	-3.2468	-4.3571	-2.3888	-1.0175	-0.6121	-5.2110
-3.3676	-3.0308	-0.7473	-1.3305	-2.6257	-4.1494	-2.8385	-0.7376	-1.8745	-3.6255
-5.7016	-1.8973	-3.3585	-3.9573	-2.3181	-2.2251	-0.9041	-0.6221	-2.5795	-4.5348
-6.0472	-1.4344	-1.8978	-2.7995	-3.2141	-2.8837	-2.3675	-2.6902	-0.6007	-4.9576
-4.9517	-0.7224	-2.1148	-2.7336	-2.5959	-5.5329	-2.4973	-0.6728	-0.9492	-7.6006
-4.2859	-0.1256	-2.4176	-2.7038	-2.1206	-3.6331	-2.2379	-1.5336	-1.1192	-4.5782
-8.2742	-0.5228	-0.1849	-2.1896	-4.9497	-4.2020	-1.3407	0.3380	-1.9743	-8.5228
-7.1375	-0.8691	-0.7534	-2.6652	-2.8108	-1.9269	-2.5703	-2.1611	-1.4305	-5.4126
-6.9473	-0.1032	-0.7570	-4.1221	-5.2987	-2.7857	-1.1835	-1.1265	-1.2070	-4.5152
-4.6844	-1.5122	0.0211	-3.7742	-4.5649	-2.3849	-1.4598	-0.9589	-3.3530	-5.4739
-3.8246	-1.0386	-2.4258	-2.8448	-2.0165	-0.9235	-2.6525	-1.7795	-1.1411	-4.3085
-4.6520	-2.1363	-0.5867	-0.3570	-1.4221	-2.2768	-3.7041	-3.3132	-0.2927	-4.5215
-6.5950	-0.7407	-1.1442	-1.6741	-3.3219	-2.5902	-0.9076	-1.3508	-3.5119	-4.3160
-2.8888	-2.2798	-0.3897	-1.0358	-2.3159	-4.8649	-4.2857	-0.7924	-1.4709	-4.8129
-6.3478	-1.3877	0.3356	-3.0161	-4.6670	-6.7104	-1.7116	0.2701	-1.3451	-7.6820
-4.6355	-1.0753	-3.3013	-1.0071	-1.4241	-2.7521	-2.7867	-2.9923	-0.7905	-4.8314
-3.8568	-1.3328	-3.4287	-1.5277	-1.3623	-4.4827	-3.1796	-1.2076	-1.3589	-5.7040
-7.5856	0.2600	-0.7161	-3.2005	-2.9904	-3.8426	-0.4266	-0.8860	-0.5541	-4.5582
-4.7941	-0.9242	-1.7430	-3.1101	-2.2803	-1.6618	-1.8781	-1.8290	-1.3048	-4.4862
-7.3822	-0.6584	0.0852	-1.9083	-5.5195	-3.4739	-0.9826	-0.5564	-1.6496	-6.6417
-3.6792	-1.8750	-1.6257	-1.0454	-3.2479	-3.8186	-3.3275	-2.0373	-0.0090	-5.0374
-5.8355	-0.7367	-0.6506	-3.7904	-2.9610	-4.4175	-4.4671	-0.5191	-0.1217	-7.0329
-4.2138	-2.4274	-2.9647	-2.5962	-2.5494	-2.7127	-4.3389	-1.6657	-0.4219	-6.0566
-6.0090	-1.5272	-0.0260	-1.6487	-3.0930	-2.8662	-3.4797	-2.6201	-1.0820	-6.5384
-4.7973	-1.0668	-1.7591	-2.7766	-3.6424	-2.7524	-2.6320	-0.0142	-0.2444	-5.6184
-6.1282	-1.5137	-2.0995	-3.7689	-2.4299	-2.1363	-2.2130	-1.4975	-2.0784	-3.7390
-4.3502	-1.7347	-1.5058	-1.2409	-2.0524	-4.0642	-2.0084	-2.2423	-1.9595	-3.0051
-4.3764	-0.9972	-1.5359	-1.5559	-2.1401	-3.1595	-4.2889	-1.3496	-0.1258	-6.5114
-5.2522	-0.9623	-1.5981	-2.1655	-2.6378	-2.9674	-1.1258	-0.3365	-1.1937	-5.3553
-7.6938	-1.1589	-0.6169	-2.8936	-3.3174	-3.4711	-0.5512	0.0863	-1.9663	-6.5364
-5.8335	-0.7199	-2.2444	-2.0390	-1.7490	-1.3749	-2.2846	-1.6470	-0.7423	-3.9982
-5.5698	-0.6661	-1.0621	-3.0356	-3.7834	-3.6831	-2.1317	-1.3968	-2.3544	-3.6436
-4.6428	-1.1711	-1.7781	-4.2142	-2.6253	-1.2670	-0.2093	-1.9147	-2.2680	-5.6093
-5.6647	0.0291	-0.3849	-3.4238	-3.5593	-1.2483	-1.8324	-2.9853	-0.7275	-3.7446
-4.0446	-1.1997	-2.6326	-2.5543	-3.4612	-3.8653	-2.4662	-0.6030	-2.2148	-5.8894
-4.9361	-0.7717	-1.2494	-2.4352	-2.6347	-2.1415	-4.3214	-2.9534	-0.9359	-3.8653
-2.8078	-2.6234	-2.4550	-2.8310	-2.9764	-3.0436	-1.8918	-1.3984	-1.8518	-5.3557
-5.8491	-1.0070	-1.6288	-2.6132	-3.0591	-1.9586	-1.1239	-5.3206	-0.1025	-2.5530
-5.9348	-0.5313	-0.4306	-2.9358	-2.7385	-1.8447	-2.6096	-3.5063	-1.8435	-4.4155
-4.3560	-0.9665	-1.0790	-3.0895	-1.2234	-1.4314	-2.4705	-0.5268	-1.4323	-7.0790
-4.3379	-0.9228	-1.9354	-2.5007	-1.9301	-1.8400	-3.2118	-1.7670	-0.5862	-4.4663
-6.1772	-0.3698	-1.4867	-3.4596	-3.4778	-1.4817	-0.7126	-1.1766	-2.9725	-3.0202
-6.3038	-1.8980	-0.1756	-1.6964	-4.6161	-4.1165	-3.5417	-0.8539	-0.9292	-4.7598
-3.9896	-0.9141	-4.1588	-3.3861	-2.3408	-1.5469	-1.5149	-0.5477	-0.7554	-6.0913
-3.9130	-1.8731	-1.2898	-1.7605	-1.8769	-2.2844	-4.1301	-1.6299	-1.5232	-5.9927
-4.8134	-1.4795	-2.2193	-2.2409	-2.1688	-3.9494	-3.1440	-2.2914	-0.4962	-3.5304
-4.0619	-3.0525	-0.1030	-2.8923	-2.8962	-1.4481	-1.0778	-1.4334	-3.3694	-2.4425
-5.0929	0.1145	-1.8235	-5.0108	-1.1890	-1.3827	-3.1480	-0.4167	-3.2361	-3.6592
-3.9986	-0.0283	-1.9895	-2.6393	-2.4001	-3.5164	-3.5535	-0.5625	-1.0692	-5.3643
-3.0047	-2.0085	-3.1241	-1.5846	-1.2475	-3.0368	-4.4662	-3.5763	-0.8745	-5.3866
-5.1443	-0.5566	-1.1665	-2.8063	-3.3783	-1.4873	-1.8826	-2.8851	-0.5864	-3.9405
-4.0070	-0.9487	-2.7481	-3.0220	-2.5762	-2.8062	-4.0140	-1.5704	-0.9037	-5.2606
-5.5201	-1.5488	-2.0682	-2.3628	-3.0941	-1.8163	-2.4972	-0.9300	-1.0784	-5.8935
-4.5213	-2.1213	-0.1683	-1.8429	-3.7548	-2.1585	-2.0721	-1.0750	-0.6588	-3.9749
-4.2459	-1.1394	-1.4107	-2.6134	-0.9314	-1.9190	-5.5587	-0.9362	-0.1423	-6.3420
-6.0515	-2.0382	-0.2627	-1.5342	-2.7106	-2.3540	-2.9064	-0.9538	-1.7906	-4.0594
-3.7701	-1.9770	-0.6131	-1.9795	-3.1901	-3.4039	-3.1581	-0.7356	-0.6583	-4.1949
-6.3496	0.0495	-0.3381	-2.5294	-2.7141	-2.5648	-1.9376	-1.6876	-2.8917	-2.8203
-6.7021	-0.4437	-1.0843	-3.0001	-3.0883	-2.5453	-1.1677	-0.5631	-4.5113	-4.3063
-3.5897	-0.8154	-0.9507	-1.7235	-2.1412	-4.3519	-4.4876	-0.3367	0.2025	-5.1311
-4.5847	-0.3475	-2.0847	-3.1096	-2.6732	-3.0589	-2.9708	-1.1540	-0.8135	-4.2237
-6.0043	-1.6758	0.0234	-1.7170	-3.6920	-2.6421	-1.8203	-0.4450	-1.9044	-4.9953
-5.7223	-0.0162	-1.0368	-2.4778	-3.0128	-2.0464	-2.2937	-1.9873	-0.5079	-5.2447
-6.1586	0.1850	-1.1389	-5.4397	-2.7307	-1.5256	-2.1864	-1.1995	-1.0441	-9.5907
-6.3348	-1.1241	-0.7876	-2.8592	-2.3724	-0.8781	-3.0081	-2.4548	-1.0668	-6.9004
-7.4584	-0.1413	-1.7271	-3.1516	-2.0549	-3.3814	-1.9582	-0.5339	-1.2956	-5.2707
-5.6957	-0.5770	-1.8308	-2.8507	-1.6986	-1.9268	-2.0031	-1.8711	-1.0511	-5.4534
-3.6049	-1.3835	-1.7769	-1.7022	-1.6951	-2.3172	-2.2962	-1.0040	-0.6641	-7.2880
-6.3223	-1.3821	-1.7268	-3.6119	-2.6354	-2.8616	-4.2857	-3.0783	-0.5481	-3.7895
-5.4382	-0.5511	-2.3131	-3.1427	-2.6374	-4.8872	-3.7942	-0.5408	-1.0808	-5.7845
-4.1319	-0.9888	-3.7548	-2.7499	-1.3622	-4.2734	-3.2580	-0.8779	-0.2401	-6.6810
-3.8444	-1.3211	-1.1885	-2.6048	-3.7071	-2.7906	-1.2476	-1.0608	-1.9194	-5.1711
-6.3919	-1.3529	0.6608	-2.8645	-5.9838	-4.9965	-1.5062	0.4372	-1.7861	-7.3435
-4.9452	-1.3854	-1.0602	-2.4743	-3.7472	-2.8221	-1.2668	-1.4522	-1.2919	-3.1821
-5.7847	-1.2178	-0.8319	-3.4210	-2.2329	-2.6110	-1.7282	-0.5631	-0.3882	-7.2484
-5.0988	-1.7514	-2.6320	-1.2350	-1.2512	-3.0474	-2.5385	-1.1065	-0.5658	-4.7881
-4.8150	-1.0045	-0.5424	-1.5676	-2.1351	-1.6174	-3.4070	-2.0432	-0.9291	-2.3071
-4.4469	-1.4417	-2.1159	-2.4392	-3.3070	-2.9172	-0.8106	-1.2597	-3.3392	-4.9508
-3.4228	0.0791	-2.8360	-3.5300	-2.9201	-2.3338	-1.6856	-1.8509	-0.7887	-4.7674
-5.1439	-1.1468	-0.2795	-3.2584	-6.3241	-3.0713	-1.6184	-0.6845	-1.0420	-5.9099
-4.3749	-0.9987	-2.1800	-2.0495	-1.5865	-2.4118	-2.8313	-0.9663	-1.3058	-5.5168
-4.6118	-1.3310	-2.0342	-2.2910	-2.4865	-3.2332	-1.6191	-0.3967	-0.8486	-5.6097
-4.1928	-1.3308	-0.9765	-2.0851	-3.2339	-3.5957	-3.8476	-1.1212	0.2943	-4.5783
-4.5003	-1.9011	-1.7854	-0.6816	-0.6321	-5.9526	-4.4317	0.1723	-0.0175	-4.9806
-5.6120	-1.5102	-2.9194	-1.1676	-2.3601	-4.3688	-0.0954	0.2243	-3.2970	-5.5438
-3.5321	-0.8797	-2.9740	-3.4806	-2.1923	-2.7247	-3.1774	-0.7502	-0.4219	-7.4934
-5.1248	-1.0620	-1.9858	-2.8804	-2.6964	-2.0750	-1.7934	-1.9856	-1.0489	-4.5373
-5.1183	-3.3699	-1.6779	-1.5052	-2.3524	-2.5597	-2.2386	-2.0818	-1.3835	-5.9018
-7.0064	-1.0173	-0.2146	-1.6586	-2.2633	-3.2706	-1.7952	-0.5364	-3.1995	-5.7734
-5.2897	-0.2002	-0.5760	-3.2546	-3.2888	-1.7222	-2.5496	-3.3676	-1.6312	-4.2452
-5.8931	-1.6200	-0.7434	-2.3906	-3.6349	-2.4276	-0.3256	-1.4091	-2.0564	-5.0315
-4.5733	-1.4857	-0.5589	-3.1152	-2.2174	-2.5739	-3.4223	-0.9185	-1.2464	-5.6890
-2.3519	-1.2243	-1.7377	-1.8016	-2.5774	-2.4440	-1.2720	-0.6022	-1.4080	-4.2055
-5.4095	-0.4384	-0.8942	-3.6853	-3.6906	-1.6410	-0.9170	-2.5102	-0.5026	-4.7319
-4.0023	-0.7116	-1.6936	-5.4919	-2.0484	-0.0410	-2.5830	-2.0398	-0.6560	-4.1506
-6.6323	-0.7355	-0.4711	-2.0213	-2.3828	-3.8138	-4.1029	0.6952	-0.3987	-7.0988
-6.3244	-1.3880	-1.3510	-3.3111	-1.8677	-1.9270	-3.1258	-1.4533	-0.9108	-5.6248
-6.0934	-1.4704	-1.4970	-3.1149	-0.6287	-1.0637	-4.3070	-2.2825	0.1517	-4.9803
-4.2110	-0.6507	-0.8098	-2.9154	-3.7055	-2.5959	-2.6661	-1.4431	-0.9471	-5.6652
-4.0555	-0.3062	-2.0474	-5.9057	-2.9351	-2.0748	-1.1819	-0.4098	-1.6862	-5.8545
-6.2949	-1.8643	-0.0563	-2.4933	-3.6257	-1.4166	-1.6295	-1.7927	-1.9092	-4.1176
-5.2802	-1.7722	-1.4546	-1.6389	-2.1304	-1.8169	-2.2063	-3.8678	-1.1187	-3.5805
-5.5229	-2.0039	-1.4167	-0.5957	-2.3094	-4.9933	-3.0525	-0.4697	-1.4921	-6.4491
-5.4566	-1.3173	-1.4604	-2.8223	-3.1688	-3.6708	-3.4769	-2.0340	-0.6985	-5.0455
-4.9000	-1.9669	-0.6312	-0.4930	-3.9477	-4.4010	-1.2784	-0.2940	-0.4595	-6.3209
-4.7100	-1.6891	-0.5562	-1.3563	-2.7326	-3.7386	-3.2812	-1.8653	0.6443	-4.9382
-2.9605	-0.4393	-1.3777	-3.8960	-1.4343	-1.9361	-3.9663	-2.2105	-0.8138	-5.2116
-6.3415	-0.6859	-1.0690	-4.1972	-2.6970	-2.4021	-3.0945	-1.9138	-1.8088	-6.7701
-5.0391	-1.5388	-0.8776	-1.7470	-2.4933	-3.9701	-3.1138	-0.8098	0.0381	-5.8833
-7.5515	-0.0367	-0.1838	-4.3102	-4.6816	-3.0595	-0.6347	0.5282	-1.2842	-4.9934
-4.5326	-1.5348	-2.0270	-3.0232	-3.2659	-2.3966	-4.0980	-1.7916	-0.9954	-4.5959
-4.0531	-1.4241	-0.9203	-2.3275	-4.2845	-1.2575	-2.5416	-0.5057	-0.7948	-4.9819
-4.3969	-0.6436	-2.6977	-4.2915	-1.6808	-1.6907	-2.3671	-0.7877	-1.8332	-6.8730
-5.7134	-1.4028	-0.3112	-3.1257	-2.1751	-1.9639	-2.4733	-0.4460	-2.4742	-4.6716
-4.4469	-0.8875	-0.8184	-4.2457	-3.1601	-1.2112	-1.3447	-0.9409	-2.8602	-2.5268
-3.7210	-1.8335	-2.7521	-2.5505	-1.2183	-3.9115	-4.2760	-1.8305	-0.1000	-4.4215
-2.1474	-4.5407	0.1284	-0.0869	-1.5854	-2.2397	-3.9709	-1.5320	-0.5586	-5.2813
-3.0067	-1.0516	-1.4779	-4.1721	-2.6853	-1.2631	-1.7720	-6.0705	-0.4726	-2.7582
-5.8311	-1.1872	-1.2050	-1.4083	-3.6839	-7.9699	-2.5361	0.9293	-1.1668	-5.6566
-4.8112	-1.1421	-1.9097	-2.6244	-3.3791	-1.7830	-1.9858	-1.6990	-1.3832	-6.2042
-4.3964	-0.7445	-1.8173	-2.4731	-2.5263	-2.5715	-3.9488	-0.4427	0.5761	-5.1558
-5.9039	-0.3723	-0.9645	-3.2629	-2.5377	-1.4663	-2.9144	-1.8048	-2.2240	-4.1458
-3.2061	-0.1091	-2.7574	-3.1398	-1.1553	-1.7732	-3.2334	-0.9226	-0.6111	-4.6091
-6.4004	-1.4756	-1.0396	-0.9156	-2.0575	-2.3597	-3.7009	-0.4635	0.1119	-7.2762
-4.5021	-2.0408	-1.5550	-3.0690	-3.6210	-2.2570	-2.5241	-1.5779	-0.9285	-4.3891
-6.4139	-0.8073	-0.3300	-4.1306	-3.3247	-1.8867	-2.5898	-0.4316	-0.7830	-3.9294
-6.7799	-0.7423	-1.5591	-3.8169	-1.8370	-2.2138	-2.6425	-1.0919	-1.0377	-5.8398
-5.4855	-1.5594	-1.3709	-4.4373	-1.6304	-1.5529	-3.0638	-0.5553	-0.8885	-5.2520
-4.9908	-1.8844	-1.2811	-1.3900	-2.6583	-3.3643	-2.4250	-0.5715	-0.8399	-5.6883
-8.4996	-2.2292	-0.3464	-2.0201	-3.8688	-3.5142	-3.2823	-0.0752	-0.0927	-7.4245
-6.3443	-0.7748	-0.9016	-4.0838	-2.9716	-2.4976	-1.7533	-1.1674	-2.1471	-3.2244
-5.3149	-0.9075	-1.4447	-3.4773	-2.3263	-4.0509	-2.9999	-1.4459	-2.4033	-5.4250
-4.1004	-0.7031	-1.7964	-2.7195	-3.6510	-1.5202	-1.7151	-3.2712	-0.5929	-3.7483
-4.7881	-2.9668	-1.3361	-0.7436	-1.6538	-2.9339	-3.4461	-0.8485	-2.2613	-3.7435
-7.7630	-0.9354	-0.4729	-1.5302	-2.9342	-3.8166	-1.2966	-0.1521	-3.1708	-5.3059
-6.8180	-0.6404	-0.6001	-2.8993	-2.5080	-3.0428	-2.6651	-0.3414	-0.9073	-5.7663
-4.4887	-0.4731	-1.7911	-1.9541	-3.9036	-4.4790	-1.7790	-0.1477	-2.6097	-5.0370
-4.3477	-0.9974	-1.5082	-1.8504	-3.1596	-4.1897	-3.3071	0.5513	-1.1274	-5.1237
-3.3662	-2.8334	-3.8791	-2.4401	0.0462	-1.6903	-3.5104	-2.8750	-0.4784	-5.9036
-2.8112	-2.6070	-1.1689	-3.4178	-2.3287	-1.0388	-1.6965	-0.1715	-0.7464	-9.2434
-5.5336	0.3649	-0.3101	-3.7056	-4.2404	-2.8711	-2.8084	-2.0529	-0.7634	-5.0389
-4.8272	-0.9091	-1.7351	-0.9945	-1.9173	-5.4712	-3.8462	-0.3254	-0.3939	-6.0156
-4.7905	-1.3390	-2.8312	-2.9237	-1.8380	-0.7326	-1.4969	-1.8988	-1.6937	-4.7631
-3.7714	-0.2704	-1.1512	-2.3903	-3.4618	-3.1822	-1.1717	-1.5077	-1.4787	-4.3465
-4.0436	-0.3098	-2.0482	-2.9832	-4.0079	-3.0279	-1.4481	-1.0882	-2.0845	-3.7266
-6.2229	-0.9300	-0.4918	-2.5243	-3.6214	-2.4701	-2.2682	-0.3032	-1.5486	-4.4314
-4.6389	-1.3907	-0.3398	-1.7422	-1.4710	-2.3455	-2.3312	-2.4624	-1.0570	-3.7221
-3.7181	-1.8781	-2.3742	-2.8632	-2.4031	-2.3130	-1.6761	-1.7049	-1.5341	-5.2103
-3.6041	-1.4455	-3.0721	-2.1939	-1.9838	-2.1227	-3.9328	-2.0326	-1.0940	-6.0628
-5.1170	-1.7159	-0.0610	-3.3448	-1.6720	-2.0022	-3.7847	-1.1012	-1.5378	-4.2586
-6.4419	-1.3700	-0.5738	-2.6481	-3.2388	-3.2506	-1.7551	-1.7566	-0.0803	-3.5414
-3.6130	-1.8587	-1.9105	-1.4070	-2.7136	-2.6734	-2.3515	-0.9083	-2.1333	-5.0954
-4.8845	-1.0152	-2.5989	-1.1947	-2.3569	-3.2053	-1.1108	-0.0090	-2.3652	-5.5054
-5.9809	-1.5732	-0.7107	-1.6829	-3.0297	-3.8179	-2.0853	-1.7486	-0.2569	-4.2649
-5.4315	-0.3605	-1.2318	-4.5328	-3.0266	-0.8826	-1.4810	-4.2924	-1.8423	-4.4110
-3.7607	-1.2081	-3.8721	-2.1413	-2.4202	-1.9272	-2.4234	-4.1631	-1.9125	-3.9414
-5.6426	-0.8619	-0.7875	-1.0957	-2.0643	-3.0403	-1.9945	-0.9337	-1.1637	-5.1117
-5.5683	-0.6928	-2.4192	-1.7886	-2.3832	-2.8020	-2.6538	-1.8467	-0.0067	-3.8647
-6.1820	-0.8090	-1.3295	-4.3435	-2.6718	-2.6434	-1.9994	-0.7067	-0.9767	-4.9058
-4.4646	-0.6124	-1.6913	-3.4592	-2.0452	-1.4176	-2.4221	-1.8593	-0.2143	-4.6962
-3.3873	-1.7734	-1.3158	-3.2917	-2.3192	-2.9797	-2.9664	-1.9255	-0.8640	-4.4764
-2.9840	-3.3452	-1.8614	-3.9282	-1.6047	-1.3540	-3.8781	-4.6940	-1.6141	-4.4950
-4.7727	-1.2608	-1.1865	-3.1763	-3.4176	-3.0963	-2.1608	-0.9369	-2.6147	-3.8067
-2.6481	-1.1473	-4.0908	-4.0507	-1.6971	-0.8068	-3.1202	-1.7417	0.0862	-3.3489
-6.1201	-1.0798	-1.3458	-3.7075	-2.1974	-2.9385	-3.1009	-2.5448	-0.7296	-5.2714
-5.7436	-2.4319	-0.5133	-1.5667	-1.4440	-1.8054	-4.3347	-1.6377	-0.0835	-5.7945
-5.0538	-2.6277	-1.1679	-1.0779	-2.7472	-3.1444	-1.0153	-0.9228	-1.9382	-5.0679
-5.1409	-0.6552	-0.7305	-1.6410	-3.0805	-3.4192	-4.3100	-0.4021	-0.2842	-4.1278
-5.9193	-2.0655	-1.0975	-0.5626	-1.6607	-3.4418	-2.8785	-0.9480	-1.0777	-6.1596
-6.8648	-1.0580	-0.1472	-1.9506	-2.6123	-1.2520	-4.8541	-3.4198	0.2671	-6.4378
-5.3649	-1.0000	-0.7597	-2.0983	-4.3432	-3.5050	-1.4720	-1.2250	-1.4609	-4.0910
-5.1931	0.1061	-1.1566	-4.4059	-4.0312	-2.4620	-1.8050	-1.4701	-0.5810	-4.4917
-3.5747	-1.2910	-1.6392	-1.6618	-0.8002	-3.7589	-4.3357	-2.1461	-0.4838	-5.5755
-4.3262	-1.2017	-0.5161	-1.7522	-1.9459	-3.1066	-3.1773	-2.4245	-0.9635	-3.3936
-5.9963	-0.1778	-1.5931	-4.2589	-3.4183	-3.2946	-2.2745	-1.6079	-0.7554	-4.9783
-5.7469	0.0625	-0.8495	-2.7119	-2.6620	-3.0941	-2.9725	-1.3716	-0.8037	-6.2542
-3.9619	-0.4272	-2.6285	-2.7265	-1.9184	-2.4981	-2.5978	-3.0104	-1.0578	-4.6385
-4.3389	-1.2728	-2.4370	-2.7841	-3.3615	-2.5710	-1.9744	-2.2373	-0.7797	-5.9280
-3.6232	-1.1452	-1.8891	-2.9271	-0.8920	-3.0505	-5.4829	-2.0761	-2.4099	-2.3643
-4.5038	-0.8952	-0.5180	-2.1465	-4.9020	-2.9022	-1.6819	-1.1387	-2.1125	-2.9601
-3.9883	-2.4581	-2.3382	-4.0846	-1.2492	-1.5283	-3.5767	-4.0085	-1.1333	-4.1742
-4.9920	-1.8006	-1.4981	-1.4000	-2.1780	-3.0587	-1.0377	-1.1814	-3.9195	-5.4037
-6.6343	-0.2162	-1.3048	-3.8463	-2.4572	-0.4209	-0.6766	-2.2871	-1.1050	-4.3398
-6.2850	-0.4749	-0.7248	-4.6836	-2.2366	-1.9599	-4.4442	-2.4131	0.1042	-4.2993
-5.2410	-2.1722	-0.9738	-2.9730	-3.7621	-1.4711	-0.6723	-1.2360	-3.2813	-4.2657
-6.6367	-0.3391	-2.9222	-3.2381	-1.5638	-4.0154	-2.2661	-0.5790	-1.4450	-4.9594
-5.0285	-1.9538	-1.0322	-1.9861	-2.1029	-1.1613	-3.4267	-3.0548	-1.7989	-2.5447
-6.7695	-1.6794	-0.7788	-1.1953	-2.1816	-4.8980	-2.8019	0.5662	-1.4752	-6.7278
-6.5840	-1.3784	-0.9768	-2.3727	-3.6946	-2.1267	-3.1505	-1.4655	-0.3222	-5.9549
-2.8747	-2.9887	-0.6399	-1.7283	-5.1813	-3.6088	-1.2031	-2.8451	-0.2701	-3.7883
-3.9702	-0.8638	-0.9646	-2.0031	-3.0343	-4.6533	-2.2078	0.1840	-1.7032	-3.3721
-6.4228	-0.5258	-1.0774	-1.7938	-2.6696	-2.3537	-3.6657	-1.7213	-1.4373	-5.5904
-2.8658	-3.2244	-2.7208	-1.9754	-1.8760	-2.0023	-2.2897	-3.2853	-0.3618	-3.5151
-5.8325	-1.4084	-0.6580	-0.8797	-2.2474	-3.1986	-1.4852	-0.4193	-3.3012	-3.7602
-3.4833	-1.0573	-1.1416	-3.4543	-3.3467	-1.9010	-3.0943	-1.3592	-0.6923	-5.6108
-4.8371	-0.1651	-3.3901	-2.7639	-0.1989	-1.1012	-2.7656	-3.2239	-1.0361	-4.6233
-4.3318	-0.3386	-3.4897	-3.7261	-2.3318	-2.4435	-2.6678	-2.2707	-2.6944	-4.2945
-4.4284	-0.6409	-2.0281	-1.1877	-3.6458	-2.2018	-2.4234	-2.3831	-1.0355	-5.4328
-5.2413	-1.9176	-0.9590	-2.4493	-1.7357	-0.8353	-1.9745	-2.8103	-1.6350	-2.9328
-3.5987	-1.4527	-3.8311	-3.1448	-1.6416	-2.2856	-4.2825	-1.6081	-1.1941	-5.4141
-3.6703	-1.5822	-1.4125	-4.2322	-2.9455	-3.5038	-3.1558	-1.1920	-1.3401	-3.8852
-7.3267	0.4564	-0.1714	-2.7112	-1.9666	-3.1300	-3.3616	-2.6074	0.1803	-3.7082
-5.6100	-2.0226	-2.2443	-2.7097	-2.3506	-1.3066	-3.2823	-1.2765	0.1505	-5.8398
-6.8869	0.1914	-1.2010	-4.0558	-1.9202	-2.2534	-3.7351	-2.2514	-0.7947	-3.8651
-5.1575	-0.4026	-1.1463	-2.0768	-2.8673	-3.2979	-4.3711	-0.8922	0.0121	-5.6529
-6.7829	-2.2797	-1.0821	-1.1297	-2.8466	-2.6640	-2.6708	-3.4492	-1.0312	-5.8526
-3.7038	-1.2900	-0.7336	-3.0428	-2.6112	-3.5496	-4.2147	-1.2928	-0.9659	-5.1635
-6.6335	-1.6678	-0.1571	-2.6291	-3.9611	-2.2892	-2.1742	-1.3662	-1.8755	-7.2646
-6.4525	-1.9536	-0.0857	-1.0479	-4.2987	-2.7538	-1.3911	-1.0193	-1.1810	-3.5718
-7.3368	-1.1958	-2.3612	-2.6418	-1.5303	-3.0010	-5.5943	-2.3036	-0.5106	-5.2378
-3.4684	-1.1494	-2.8548	-5.6330	-1.2701	-0.5779	-3.5731	-1.8386	-0.5807	-4.0499
-4.4777	-1.4133	-0.9764	-1.4175	-3.8846	-4.4908	-1.4840	-0.7083	-1.9672	-6.0185
-10.6402	-0.5876	-0.9105	-2.9990	-2.1241	-2.8774	-4.0560	-0.7040	0.3126	-7.4678
-3.6041	-3.9291	-0.9673	-1.6610	-2.4394	-3.4297	-4.9206	-1.1452	-0.3341	-5.6750
-4.7209	-2.3018	-0.9676	-3.8057	-2.0077	-0.5937	-4.5539	-1.6224	-0.0194	-5.5257
-3.9746	-1.7494	-1.9944	-2.3632	-1.3226	-3.3870	-2.6693	-0.2958	-0.9353	-5.2810
-5.4989	-2.3890	-0.1998	-0.4028	-4.1113	-6.8415	-1.6657	0.5112	-2.7890	-3.4924
-6.2760	-1.6192	-2.1548	-1.1302	-0.6074	-2.6699	-3.6830	-2.1258	-1.1857	-4.9457
-4.7051	0.9196	-2.9475	-3.8083	-1.9795	-2.3493	-2.1652	-0.8824	-1.4650	-4.7707
-5.4606	-1.9952	-2.1176	-1.8018	-2.1537	-3.2169	-1.9938	-0.3877	-1.7362	-6.4612
-4.9874	-1.1924	-1.7607	-1.5966	-6.4599	-3.9959	-1.3278	-0.3166	-1.7523	-7.1547
-6.0479	-0.9878	-1.4384	-4.5680	-2.8460	-2.1241	-1.2413	-1.6715	-2.5900	-3.5043
-5.8603	-1.2448	-0.8085	-4.7159	-5.3058	-2.7488	-2.4289	-0.9295	-1.2488	-5.4889
-4.6490	-0.3709	-0.7908	-4.7680	-2.8307	-2.0942	-0.8774	-1.6579	-2.2780	-6.9167
-6.6851	-2.1124	0.5106	-0.7085	-2.3026	-4.3590	-3.2397	-2.5683	-0.9313	-5.4377
-5.5909	-2.5360	-0.8592	-0.5570	-3.0102	-3.5052	-2.7161	-0.8913	-0.6078	-5.1198
-5.4179	-0.4889	-2.8174	-3.2708	-1.3199	-2.5109	-1.9052	-0.7224	-1.7036	-6.2737
-5.0351	-2.9250	-0.0152	-2.4810	-3.5109	-1.2061	-1.9970	-2.0556	-1.2258	-3.1350
-6.0123	-1.0824	0.6881	-2.1344	-3.0393	-2.1600	-1.5817	-1.8700	-2.0438	-4.9772
-2.9127	-2.2452	-2.1245	-3.7399	-2.4907	-1.3723	-2.7426	-2.4433	-1.8644	-5.6099
-5.3890	0.0357	-0.3481	-3.7716	-3.3435	-4.1122	-2.2172	-0.1050	-0.0365	-5.5175
-5.4261	-2.8394	-1.0278	-1.9598	-3.2057	-2.7044	-1.9202	-1.5672	-1.9574	-4.2410
-6.7907	-0.6053	-1.4904	-4.8152	-3.4611	-1.2838	-2.3366	-3.8671	-1.0220	-3.0268
-5.0712	-0.9291	-1.8320	-3.6083	-1.6785	-2.6436	-4.7575	-3.3785	-0.2992	-3.5014
-5.3645	-1.2236	-2.0174	-3.0233	-2.0352	-2.5269	-3.2239	-2.7720	-1.3767	-3.4606
-3.0081	0.3401	-2.8898	-4.3646	-3.4797	-1.5770	-1.5420	-2.7187	-0.7464	-3.3098
-6.6437	-0.7521	-0.7747	-3.0528	-2.8557	-1.1010	-3.1147	-3.0500	-0.8133	-4.9214
-2.6802	-2.0179	-1.8813	-2.3812	-3.9077	-2.8713	-0.5927	-0.5071	-1.9705	-6.3071
-6.6997	-0.2568	-0.9022	-1.8463	-1.4230	-3.1060	-3.4237	-1.4305	-0.9164	-3.6635
-5.0987	-0.5410	-0.2581	-3.1631	-2.8546	-3.9049	-1.6269	0.0218	-1.7858	-5.1473
-5.4331	-0.8496	-2.7906	-1.6708	-2.7125	-5.8673	-2.3891	-1.3589	-0.1781	-4.4227
-5.4184	-0.9554	-1.6075	-3.8079	-2.2148	-1.6027	-2.0786	-0.0810	-1.3392	-6.6345
-4.1727	0.0801	-2.4559	-4.4263	-2.2962	-1.6087	-2.7550	-1.2199	-0.9028	-6.0502
-2.7515	-2.6157	-1.5714	-2.1120	-2.8873	-3.4175	-1.8287	-2.4804	-1.0750	-3.8768
-4.6594	0.1456	-0.3820	-3.7165	-4.6310	-1.8356	-0.9049	-1.5463	-1.5907	-4.6633
-3.7720	-1.2619	-1.5041	-2.8705	-2.1806	-2.4208	-2.4180	-1.2096	-0.8284	-5.3873
-2.7612	-0.5347	-3.1118	-2.9084	-5.0068	-3.0444	-2.0295	-0.1996	-0.5182	-6.7516
-5.3394	-1.7972	-1.1410	-1.7041	-2.8695	-2.3105	-1.0139	-1.9112	-3.0648	-3.9252
-4.4429	-2.2369	-2.1689	-2.9717	-1.0012	-1.3408	-2.5272	-1.5732	-1.0413	-5.4871
-3.2517	0.0034	-0.9487	-2.4670	-3.0642	-2.7820	-1.9431	-0.9795	-2.8206	-2.3902
-4.1177	-1.0944	-1.0412	-1.4321	-1.9467	-2.4568	-2.4368	-0.7984	-1.3223	-5.2189
-6.0681	-1.6621	0.3229	-1.9370	-4.7163	-2.5388	-1.9129	-0.3117	-2.6137	-3.5610
-3.8316	-0.9564	-1.8113	-1.4438	-0.4932	-3.2385	-3.9163	-1.1909	0.2111	-4.9701
-6.4434	-0.5544	-1.2457	-4.0293	-2.6350	-1.1969	-1.1673	-2.2996	-0.9890	-4.9062
-3.4985	-0.2142	-1.6629	-1.5504	-1.3701	-2.8099	-5.7554	-1.7089	-0.0021	-6.3123
-5.1769	-2.7561	0.0195	-1.8901	-2.4639	-3.5668	-2.8365	-1.2153	-1.2364	-4.5520
-4.3975	-0.2090	-1.3185	-4.5471	-2.7046	-2.5627	-3.3404	-0.5724	-0.0810	-5.7820
-3.4870	-1.4805	-2.3784	-2.1782	-1.9491	-0.9007	-1.9728	-3.1614	-2.1186	-3.4511
-4.3591	-0.5455	-3.4252	-3.1604	-1.5311	-2.3148	-3.2927	-3.0334	-0.5413	-3.3177
-2.6166	-2.9304	-0.1301	-0.9931	-2.7600	-4.5920	-2.9265	-1.0021	-1.4536	-4.2864
-6.9376	-1.7254	0.0761	-2.4569	-1.8997	-1.4556	-3.0438	-1.4631	-0.7122	-6.9234
-4.8731	-0.5350	-1.2111	-3.1197	-3.2351	-1.5300	-2.8372	-1.7687	-0.8602	-6.5490
-6.7793	-0.4225	-1.5479	-2.1275	-2.7368	-3.0767	-2.3628	-0.5102	-1.0744	-4.9428
-5.5600	-2.4777	-0.9819	-1.7047	-3.8178	-2.2882	-1.3600	-1.8278	-1.6133	-4.1250
-9.1084	-1.4397	-0.7118	-2.0791	-2.5592	-1.5949	-2.5825	-2.3299	-1.7585	-2.9042
-4.8262	-1.9278	-1.6605	-2.3720	-1.5567	-2.1778	-2.0188	-1.1565	-1.6101	-6.7859
-6.0206	-1.1119	-0.9921	-3.0031	-3.1958	-2.2371	-0.8006	0.1946	-1.8943	-4.9198
-5.4449	-2.4978	-1.0342	-1.0172	-2.6396	-3.1691	-2.8472	-3.0799	-1.2327	-5.1015
-4.0213	-2.1959	-2.5840	-2.0281	-2.0683	-1.7544	-1.0442	-1.2995	-3.1346	-4.4224
-5.8981	-1.8809	-1.0097	-2.4373	-2.8280	-2.0450	-1.2062	0.8160	-2.2948	-7.7725
-4.9328	-1.2104	-0.3576	-2.5132	-4.1258	-1.7445	-1.5445	-1.1799	-1.0913	-4.2804
-4.7106	-2.0960	-0.6483	-2.4949	-3.4116	-1.8502	-3.8733	-3.4843	-0.1562	-4.7019
-6.8027	-0.9586	-1.0854	-1.4732	-2.8750	-3.1049	-1.9447	0.0609	-0.3599	-5.9304
-3.5434	-1.9995	-1.6954	-1.6158	-2.8483	-6.3580	-2.2798	0.1296	-1.9110	-5.2200
-4.9125	0.0608	-1.0779	-3.3368	-2.3222	-1.3327	-2.4316	-1.4097	-0.4668	-6.3513
-5.4492	-0.7414	-0.1089	-2.2402	-3.8663	-5.2552	-0.8067	0.6700	-3.4690	-4.1059
-7.3816	-0.9768	-1.4744	-1.8954	-1.5954	-4.2571	-3.7543	-0.4935	-0.2258	-6.6954
-3.1644	-1.3225	-1.4492	-1.8790	-1.6407	-2.4994	-2.3256	-1.6181	-2.0236	-3.5748
-3.1122	-3.1239	-2.8796	-2.0386	-2.1328	-3.0865	-2.9366	-1.3956	-1.5669	-4.3678
-6.8104	-1.8823	0.0318	-0.4691	-2.9052	-2.8181	-3.0573	-2.4981	-0.5732	-4.2467
-3.2867	-2.8045	-0.6740	-1.9785	-3.7653	-2.3734	-1.9673	-0.6208	-1.5570	-7.1130
-5.8319	-1.4755	-1.3219	-1.5563	-1.8189	-1.6876	-2.3072	-2.3505	-1.1551	-5.8764
-6.3510	-0.6993	0.1979	-3.1586	-4.2324	-2.1892	-1.0420	-1.1341	-3.3785	-3.4400
-5.2727	-0.7966	-1.2063	-2.9726	-4.9375	-2.1853	-1.3905	-3.6124	-1.1506	-4.0184
-5.4163	-1.8406	-1.3228	-3.4535	-2.2396	-2.3515	-1.5813	-1.1936	-3.1612	-4.4357
-6.2012	-2.2027	-1.0103	-1.4810	-1.7675	-1.7056	-2.3705	-2.4719	-2.3307	-5.5689
-5.9188	-0.6772	-3.3755	-3.7820	-0.5137	-1.2712	-6.4084	-1.8824	0.2160	-6.1767
-4.9455	-0.4754	-1.8042	-2.7642	-2.4580	-3.7015	-2.4670	-0.5736	-2.3712	-3.7258
-4.3929	-0.9811	-0.6043	-2.2508	-2.2638	-1.2409	-2.4406	-2.3347	-2.0488	-5.3534
-4.5349	-1.9598	-1.1014	-2.0388	-1.9828	-2.0997	-5.5140	-1.6723	-0.8932	-5.9483
-3.9580	-2.5510	-1.1171	-2.8632	-1.8760	-1.2450	-3.1592	-1.6537	0.1851	-6.3374
-4.2895	-1.8875	-2.6750	-2.1074	-1.8719	-3.0765	-2.4982	-1.1001	-1.1052	-6.3169
-5.6731	-1.4657	-0.8914	-2.0725	-4.5282	-2.5251	-2.5353	0.0015	-0.9012	-7.5955
-4.3015	-1.4364	-1.2112	-2.8054	-2.8282	-1.4384	-2.9898	-2.8662	0.3453	-2.9851
-4.7117	-1.1937	-1.0354	-3.3043	-2.6831	-2.5373	-2.1952	-1.2831	-1.5830	-5.0586
-3.7578	-1.8067	-0.3121	-3.9250	-3.2218	-0.3890	-1.4254	-3.2228	-0.0659	-4.5976
-5.2010	-1.9554	-0.9556	-1.2273	-3.7337	-3.7427	-2.1259	-1.0462	-0.6346	-4.7260
-5.1448	-0.2598	-2.4379	-4.0175	-1.2773	-1.6178	-3.9834	-1.9879	-2.1013	-4.6149
-5.7550	-1.7409	-0.0594	-2.1290	-2.7925	-3.5668	-4.1073	-0.7058	-0.5525	-5.6418
-3.9937	-0.3085	-2.5014	-2.9094	-2.0841	-2.7597	-2.6057	-0.5374	-2.4829	-3.3102
-3.8336	-2.0762	-2.3898	-3.4527	-2.5988	-2.1027	-2.6104	-2.2156	-1.3704	-2.9499
-3.6175	0.0598	-2.6263	-4.9800	-1.9674	-2.9510	-3.1372	-2.2502	-2.3399	-3.2879
-5.3343	-1.0559	-1.8958	-3.1364	-1.8279	-2.8251	-3.8969	0.0254	-1.1182	-7.0517
-4.6785	-1.2401	0.2299	-3.9752	-2.5788	-1.9848	-2.6226	-1.0587	-1.0649	-5.6971
-6.3435	0.0732	-1.9139	-5.2350	-3.3531	-1.5188	-1.5242	-2.0802	-1.1387	-4.5831
-5.9236	-0.3544	-1.2100	-2.6752	-3.9265	-2.2427	-0.8296	-1.6879	-2.7173	-5.3933
-6.4618	-0.3114	-0.3142	-3.8750	-3.2965	-2.0363	-0.8815	-0.1921	-1.6529	-4.1669
-3.6035	-1.3943	-1.4699	-1.7652	-1.6698	-3.6897	-3.7830	0.1898	-1.0600	-5.2217
-4.3379	-1.4980	-0.2230	-2.9838	-3.5709	-2.7837	-2.2274	-1.7191	-1.3532	-4.2947
-4.5550	-0.7185	-2.2283	-3.1273	-2.6485	-1.5837	-3.5401	-2.5478	-0.2840	-3.7261
-4.5635	-3.0968	-0.9490	-2.0884	-3.5361	-0.8207	-1.6688	-1.9496	-1.5995	-4.7486
-4.2003	-1.2283	-1.3799	-2.5622	-3.8739	-3.0083	-1.5016	-2.2552	-1.6598	-5.8755
-5.8969	-1.1719	0.3381	-2.1124	-3.6808	-4.0050	-1.4184	-0.1339	-1.9747	-7.5281
-5.1586	-1.2876	-2.1069	-3.9771	-2.7332	-4.3043	-3.3604	-0.9159	-1.5889	-6.0861
-4.4608	-1.3305	-0.9003	-1.5988	-1.6611	-3.0439	-2.8352	-1.4091	-0.1797	-5.4324
-4.7513	-0.2750	-2.0443	-3.8059	-1.9590	-2.4668	-3.9264	-1.1730	-0.1736	-6.2541
-6.0032	-0.5519	-2.7847	-4.2943	-1.3073	-0.6262	-1.9038	-3.6271	-1.0809	-3.4707
-5.0704	0.1352	-1.4181	-3.6362	-1.7277	-1.0999	-2.0675	-1.5845	-0.9935	-4.4046
-7.0787	-0.8796	-1.0260	-2.5376	-3.0220	-3.5171	-1.7998	-0.2417	-0.9420	-5.9243
-5.2511	-0.1815	-1.6686	-4.0328	-3.4045	-1.6772	-2.6555	-1.6332	-0.9769	-4.7281
-3.4372	-1.0054	-5.1741	-3.0295	-2.8958	-1.5082	-1.8258	-2.8118	-1.1474	-4.1155
-4.8223	-1.4756	-2.2460	-2.0061	-1.7068	-2.9654	-3.5819	-0.4529	-1.1912	-5.3729
-4.3781	-0.9156	-0.5929	-2.1600	-5.4726	-4.1724	-0.3023	-0.2603	-3.2014	-6.7248
-6.7700	-1.1550	-1.0866	-2.4805	-2.3919	-2.6348	-4.2726	-2.0673	-0.3624	-4.6454
-6.5767	-1.0326	-1.9254	-1.0253	-2.5909	-2.7617	-2.7627	-0.9905	-1.0028	-5.1290
-2.8714	-2.0910	-2.2071	-2.6937	-2.0209	-2.6408	-3.5966	-0.7150	-1.0028	-5.4947
-3.5102	-0.7786	-1.7547	-2.6553	-1.3768	-1.9394	-1.4508	-2.3122	-1.2617	-5.7121
-6.1587	-2.1486	-0.2127	-0.5072	-5.5288	-7.9340	-1.4096	0.6811	-1.6707	-7.9535
-5.0160	-0.7395	-1.8073	-2.5009	-3.2987	-2.8198	-2.4393	-1.7958	-0.4261	-5.5218
-4.8034	-1.2340	-0.5688	-4.2551	-2.9562	-1.5255	-2.4768	-1.5313	-1.8617	-2.9878
-7.8516	-0.4808	-0.5503	-2.8916	-3.1938	-1.8878	-0.9744	-2.7438	-1.2598	-3.9379
-3.4495	-1.1499	-2.3043	-1.1158	-1.7949	-4.2944	-0.6158	-0.3738	-1.3553	-3.8395
-6.0763	-1.3340	-0.3568	-2.6582	-4.0557	-1.6261	-1.6031	-1.4781	-1.3902	-3.8464
-3.1805	-0.0801	-1.9239	-3.8457	-2.0191	-1.4179	-4.2110	-1.6272	-0.4071	-4.9405
-7.5748	-0.4256	-2.0034	-5.4244	-2.1812	-1.8778	-2.9711	-1.5840	-1.2658	-4.8046
-5.3961	-1.7808	-0.4406	-1.7139	-3.8708	-2.7967	-2.4716	-1.2303	-2.1618	-4.7968
-5.6006	-0.5379	-1.1049	-2.9585	-1.9505	-3.7304	-3.8366	-0.1665	-1.3876	-5.1847
-4.0854	-1.0880	-2.2010	-2.4939	-2.1663	-2.1049	-1.7141	-2.5021	-1.9583	-2.9374
-3.9354	-1.8740	-0.4449	-0.5751	-3.1477	-4.0219	-1.8609	-0.1306	-1.6615	-4.1238
-4.3994	-0.2435	-1.5740	-2.8807	-1.4425	-2.2113	-3.6851	-1.6288	-0.9503	-4.4114
-6.9817	-0.6244	0.3534	-1.7162	-2.8013	-2.4901	-2.3753	-1.0070	-1.5964	-6.9133
-4.9752	-0.8398	-2.6215	-2.3841	-0.4490	-3.3963	-7.4343	-2.0324	-0.2249	-4.5633
-3.3646	-1.4003	-1.7730	-1.5072	-2.9988	-3.4547	-3.1755	-2.5744	-1.4388	-5.7457
-3.6335	-2.3815	-1.7964	-2.1975	-4.2446	-3.9309	-1.6867	-2.2261	-2.0338	-5.8298
-3.8752	-2.0966	-0.4151	-2.4487	-3.9791	-2.4052	-2.0582	-1.1934	-2.7356	-4.2627
-3.5585	-0.4098	-2.7989	-2.9494	-3.6331	-1.8271	-3.9068	-2.0130	-0.0487	-7.4331
-3.5639	-2.4549	-1.8108	-0.9264	-4.3916	-2.8243	-1.2890	-2.0557	-2.8308	-3.1767
-3.3346	-0.9233	-1.1699	-2.6743	-4.2502	-2.7734	-1.2094	-1.0435	-2.7900	-3.9525
-2.7070	-2.0567	-1.6173	-2.8212	-2.4940	-1.7044	-3.2511	-2.4505	-0.3556	-5.1596
-5.4002	-0.1408	-0.9061	-3.7376	-3.3334	-1.4096	-2.1979	-0.8780	-1.5958	-5.6677
-3.6489	-0.3256	-3.0078	-4.9495	-2.6577	-3.5211	-1.3166	-0.8119	-1.6665	-7.7039
-3.6810	-0.0415	-2.5266	-3.1027	-1.0963	-2.2856	-3.0744	0.3562	-1.0688	-6.1207
-3.0531	-2.2466	-2.6412	-2.6578	-3.0106	-3.6254	-1.0329	-0.0190	-1.5951	-5.1717
-6.5661	-0.3206	-1.3763	-1.7701	-1.7120	-4.2940	-3.1817	0.0222	0.2467	-5.1138
-5.7216	-0.6666	-1.0227	-1.6939	-3.4463	-3.5546	-2.8809	-2.5453	-0.9580	-4.7790
-4.2936	-2.0722	-0.9137	-3.2278	-3.8686	-0.7444	-1.9387	-1.2062	-0.8305	-5.8414
-4.9250	-1.5842	-0.5680	-2.6148	-3.0112	-2.4032	-2.2323	-1.6460	-0.6913	-6.6007
-3.6868	-2.4874	-0.0255	-1.9134	-2.3239	-2.3579	-3.6433	-0.7843	-1.3783	-4.9452
-3.9550	-0.3275	-1.9996	-4.4111	-3.3415	-3.0930	-1.7746	-1.3480	-2.6562	-4.3927
-5.0294	-0.7681	0.1083	-2.1634	-3.8548	-4.0305	-1.8267	-1.5601	-1.3839	-4.2160
-6.3828	-0.5068	0.0829	-2.2796	-4.4466	-3.9891	-2.3000	-1.4848	-0.7544	-3.0739
-2.5347	-0.2683	-3.5398	-2.2866	-1.6674	-2.5375	-4.6855	-1.3325	-0.3160	-5.5784
-4.8285	-1.1932	-3.0132	-2.1119	-1.0171	-1.0497	-1.9064	-1.6340	-0.2739	-3.1725
-4.3693	-2.0243	-0.2597	-0.7449	-2.1405	-3.4419	-1.8720	-0.2254	-1.9062	-3.8280
-5.8679	-0.8338	-1.4998	-3.5014	-3.6452	-2.0337	-2.1606	-0.6545	-1.0051	-4.9964
-3.7572	-3.6338	-1.1919	-1.9848	-3.7699	-3.3500	-2.4655	-2.0866	-0.2702	-4.4558
-4.6593	-0.6534	-3.2678	-3.0237	-0.6356	-1.2617	-1.9049	-1.4438	-0.7957	-4.9013
-6.0183	-0.5836	-0.5300	-2.8205	-2.5468	-1.6133	-2.6154	-0.7121	-2.4774	-3.4786
-4.2272	-1.1732	-0.9007	-2.4509	-2.2489	-2.1974	-2.4595	-0.7113	-0.9834	-5.3079
-4.8493	-0.2110	-0.8151	-5.0169	-2.7351	-1.3539	-2.2983	-3.1817	-1.5055	-3.6345
-3.7697	-0.3531	-2.3495	-3.5501	-2.4306	-0.8021	-2.1828	-2.6986	-1.9480	-3.8546
-4.2365	-0.4800	-0.6526	-3.0730	-3.0593	-1.9321	-1.2102	-1.5889	-1.0905	-4.7338
-4.0219	-1.9182	-2.3654	-1.3356	-3.6429	-4.3640	-1.3277	-1.4445	-1.8672	-4.1400
-5.2864	0.1120	-1.3856	-2.9159	-6.6022	-4.0707	-1.1329	-0.6869	-1.3679	-5.7696
-7.0789	-1.3811	-1.6530	-2.3467	-2.2143	-2.9049	-1.8565	-1.0988	-1.5421	-3.4664
-3.9246	-3.7409	-0.9483	-1.0141	-2.8523	-2.1901	-1.0950	-0.2471	-1.5915	-3.7550
-5.9160	-1.6538	0.0942	-1.7126	-3.6677	-3.8463	-1.7195	-0.4853	-1.6031	-4.2259
-6.5406	0.1469	-1.0586	-0.6373	-2.4565	-3.4369	-2.2795	-0.3011	0.0717	-5.4739
-4.8413	-1.1457	-0.2994	-1.3215	-1.7038	-2.0309	-3.4111	-1.2634	-0.1966	-4.3791
-2.6835	-1.4079	-0.4006	-2.7734	-5.0574	-2.2428	-0.7137	-0.7225	-2.7584	-6.4864
-3.7168	-2.6425	-1.0983	-2.0460	-4.1189	-3.0656	-3.2083	-2.5711	-0.3764	-3.6025
-5.2812	-1.0749	-0.1849	-3.2796	-3.6883	-2.8740	-2.0973	-1.0941	-0.3355	-6.1235
-4.1612	-1.3527	-1.4601	-5.0479	-3.9585	-1.4519	-1.6960	-1.5007	-2.6350	-5.7858
-3.6698	-1.0100	-2.2785	-2.1409	-2.4612	-3.1447	-2.1785	-1.2758	-0.8385	-5.9679
-3.2786	-2.2128	-2.1769	-2.9486	-0.9835	-1.3526	-1.6557	-1.2974	-2.3256	-6.1270
-5.3157	0.1420	-4.0222	-6.1441	-2.2391	-0.9425	-2.8285	-3.2781	-1.0969	-6.1725
-5.1594	-3.4410	-0.4586	-0.9506	-4.0021	-2.0966	-3.6979	-2.1618	-0.0293	-3.7109
-5.1242	-1.6015	-1.6965	-1.1630	-2.1812	-2.8004	-2.7005	-0.9643	-0.0096	-9.1673
-6.6753	-0.5480	-0.3145	-3.9781	-2.1047	-1.0406	-2.7754	-1.6669	-2.2971	-4.4591
-6.4040	-0.2446	-2.1070	-4.6059	-1.3032	-1.8463	-3.7668	-2.0155	-0.3398	-4.9546
-4.6526	-1.1748	-0.8312	-3.5623	-2.7012	-3.4211	-4.2282	-0.7564	-0.5133	-7.0726
-3.4693	-2.1364	-1.6339	-1.8307	-0.8180	-1.3505	-2.0598	-0.9144	-3.4440	-3.7571
-4.6258	-0.3986	-0.5165	-4.4655	-5.1663	-1.9666	-1.3571	-0.7233	-2.3394	-5.9858
-6.2805	0.1929	-1.5935	-4.1319	-1.1440	-1.1991	-4.0491	-0.2863	-0.3330	-6.6068
-8.2435	-0.3354	0.4377	-3.0756	-3.2329	-2.7453	-1.1272	-0.6170	-1.2841	-3.9027
-4.4779	-0.5886	-1.9255	-3.0275	-2.9034	-2.9166	-2.9262	-0.6498	-1.2239	-6.8150
-5.9435	-3.3150	-0.7539	-1.4635	-2.9785	-1.7970	-2.1086	-1.6377	-0.6328	-4.4696
-6.9463	-1.0801	-0.2472	-2.5799	-4.7082	-3.1090	-1.0691	0.1575	-2.0177	-4.7498
-3.8601	-0.7715	-1.1909	-1.3158	-3.2698	-5.0961	-4.7725	-0.6500	-1.7348	-7.5721
-3.9573	-0.2899	-1.0693	-2.4217	-2.3883	-2.5381	-3.2225	-3.5152	-1.4587	-5.1972
-3.7533	-1.0445	-2.0492	-1.7073	-2.5006	-2.3378	-3.2751	-1.9735	-1.2924	-3.2638
-7.3150	-1.2546	-0.8716	-2.0483	-2.4950	-2.0974	-3.8849	-2.4134	-1.3039	-4.1225
-4.8427	-0.9572	-0.9554	-2.0535	-3.0725	-2.8420	-0.6267	-1.5481	-1.6862	-4.4857
-3.9573	-1.1565	-2.5420	-4.4411	-4.0945	-0.4095	-2.5680	-3.4336	-0.4234	-5.2211
-5.1654	-0.7892	-1.6636	-4.5292	-2.5263	-0.6231	-1.6368	-2.7980	-1.3914	-4.5889
-4.4370	-0.3540	-2.1151	-5.6248	-3.0846	-0.5780	-2.5511	-1.6138	-0.5925	-4.6486
-4.4104	-1.4489	-0.7772	-2.8625	-1.5884	-2.6181	-4.5170	-1.9136	-1.8129	-5.0995
-3.0195	-3.4840	-2.9638	-2.0932	-0.5275	-1.6361	-3.1667	-0.8968	-1.9807	-4.1332
-4.9169	-1.7213	-0.7814	-0.4549	-3.4973	-3.8101	-4.2363	-0.6158	-0.1733	-7.5050
-5.7577	-0.4300	-1.3584	-4.3256	-2.6181	-1.8151	-3.0336	-2.0945	-0.7022	-4.0681
-5.2162	-1.6862	-1.2902	-2.4091	-2.9057	-3.2297	-1.3648	-0.7012	-3.4230	-4.9859
-7.1009	-2.1591	0.3286	-2.7666	-2.7114	-2.4995	-2.0602	-0.7410	-1.3961	-5.3323
-4.5966	-1.4871	-0.6089	-1.4576	-3.0792	-2.8257	-4.8753	-2.1212	0.0351	-5.3782
-8.0965	-1.0423	-0.4262	-2.2457	-2.7401	-1.5775	-4.2127	-1.5267	-0.2459	-3.8222
-3.1322	-1.0657	-1.6172	-3.1944	-2.4072	-1.3699	-2.6687	-2.2683	-1.1311	-3.3441
-5.9344	-1.1249	-0.2877	-2.3170	-6.2563	-3.3041	-0.8690	-1.4346	-0.8342	-4.4785
-4.9740	-1.1770	-2.2487	-4.6806	-0.4263	-2.5171	-5.9718	-1.1974	-1.0816	-4.6996
-6.7768	-1.5956	-0.8172	-1.7762	-2.9562	-2.3619	-3.2833	-1.4183	-1.2040	-5.0469
-5.0386	-2.3975	-0.1958	-0.6494	-3.2352	-4.0566	-1.8072	-1.5915	-1.5016	-3.6252
-6.2707	-1.8747	-1.4410	-3.3026	-2.8053	-2.9228	-4.8961	-1.2177	-0.1996	-4.3629
-5.3256	-1.6227	-1.9922	-4.6388	-1.6783	-1.3184	-3.5493	-1.9203	-0.8454	-6.2366
-6.1293	-1.0333	-0.0468	-3.3273	-2.8125	-2.3052	-2.7582	-2.2985	-0.8335	-4.1478
-4.6435	-0.9745	-2.2518	-3.4518	-1.6403	-3.0718	-3.6841	-1.0259	-0.3310	-6.3389
-5.7518	-1.1611	0.0983	-3.3151	-3.4779	-0.6634	-1.8095	-4.1991	-1.3711	-5.7130
-4.4790	-0.5929	-1.3398	-0.8703	-2.9087	-3.5882	-1.4901	-1.4590	-0.7551	-4.4030
-3.6869	-1.4297	-2.1639	-4.5827	-1.2821	-0.9671	-4.4314	-1.3114	-1.3131	-4.6764
-3.6254	-0.4267	-2.2182	-0.7274	-1.8828	-2.6990	-1.2720	-2.1510	-3.6557	-3.0394
-2.9547	-3.4028	-1.1463	-1.1451	-1.3980	-5.0047	-3.1640	0.0594	-1.7752	-5.8474
-5.9280	-1.8339	-0.8458	-2.7994	-3.2015	-2.2340	-3.3833	-2.7891	-1.0545	-4.0643
-4.4921	-0.1033	-3.0055	-4.4939	-0.9450	-2.3147	-5.6998	-1.6091	-0.0140	-6.2098
-7.3688	-1.5508	-0.9893	-2.7866	-2.7350	-1.6393	-2.5113	-1.3765	-1.0401	-4.4245
-3.6721	-1.1784	-2.6045	-2.0474	-2.6874	-1.7361	-1.7357	-1.4125	-0.5510	-5.2083
-4.4062	0.0935	-2.2154	-5.2456	-3.0643	-1.3030	-2.2850	-2.7518	-1.3775	-4.2761
-5.8231	-1.7507	0.2229	-0.1973	-3.2678	-4.3240	-1.4462	-1.7797	-0.8410	-4.2996
-6.9806	-0.6564	-1.2506	-4.1397	-1.7373	-2.5981	-3.6457	-1.7356	-0.5196	-5.9743
-5.1737	-0.8183	-1.4525	-1.4375	-2.9731	-2.3372	-1.7943	-1.3117	-0.8801	-6.6790
-3.1768	-0.8762	-3.7352	-1.5050	-0.7618	-2.2235	-5.3967	-1.5301	-0.7841	-4.7073
-3.7453	-1.3481	-2.8425	-1.1382	-1.7359	-4.0618	-2.9524	-0.6449	-1.7492	-4.3508
-4.9228	-1.0782	-1.2529	-3.6200	-2.2521	-0.0416	-2.2609	-2.3635	-3.2308	-2.2701
-3.3274	-1.3034	-1.0206	-2.5233	-3.0080	-1.4656	-4.4967	-3.7232	-0.0912	-4.1020
-4.2485	-2.8329	-0.8302	-0.9043	-1.6373	-2.2886	-2.4829	-2.3859	-0.7451	-4.6935
-4.0732	-2.8085	-0.3555	-1.1504	-4.0867	-3.2337	-1.2884	-1.4846	-1.5236	-4.7419
-5.5878	-1.3732	-1.4048	-2.2075	-3.5206	-3.6585	-1.2752	-1.1560	-0.9555	-3.9308
-3.4452	-3.0121	-1.6064	-1.4420	-4.4092	-3.6342	-1.1652	-0.5923	-3.7559	-5.7206
-5.0299	-0.5655	-0.1080	-1.7213	-3.2484	-3.8123	-2.0579	-0.2708	-0.4116	-5.7704
-2.6468	-2.2446	-0.8828	-3.1481	-1.6329	-1.0075	-5.4833	-2.4646	-0.7096	-5.9392
-3.9015	-1.7831	-2.7593	-4.6627	-1.1211	-0.4971	-2.3667	-2.6150	-1.2390	-3.9186
-4.4798	-0.5014	-1.0285	-3.4614	-1.3699	-2.6918	-3.4260	-1.5190	-1.8301	-4.5083
-7.0063	-1.0574	-0.3975	-1.3212	-2.2834	-4.1482	-4.6366	-1.8666	-1.2422	-4.5195
-3.9836	-2.4853	-1.0733	-1.9299	-3.1328	-2.5070	-1.0432	-2.7402	-0.2933	-4.4825
-6.2773	-1.3636	-0.8815	-3.2499	-3.2016	-0.1554	-2.5385	-3.8607	-0.1661	-3.1616
-5.1791	-2.0626	-3.2942	-2.5891	-2.0409	-3.1419	-3.2102	-0.9686	-0.3052	-3.5413
-6.1115	-1.9239	-1.8520	-2.0367	-4.2033	-3.2759	-1.7269	-0.8140	-1.5707	-6.3789
-3.8198	-1.2224	-2.0479	-2.3881	-1.2769	-2.0404	-2.9788	-0.7628	-1.5385	-5.4380
-7.7027	-0.9603	-0.6964	-4.5992	-2.9734	-1.4044	-3.3261	-1.6661	-0.2000	-5.4133
-5.2249	0.3997	-2.8284	-2.1536	-0.8012	-2.6759	-3.7992	-0.8904	-1.5751	-5.3633
-7.9617	-0.5697	-0.3368	-1.7834	-3.5680	-3.2707	-1.6196	-1.2905	-1.3458	-4.9568
-6.0835	-1.1778	-1.8097	-2.2505	-2.5627	-3.2830	-2.8124	-0.5479	-0.7931	-6.0368
-2.6075	-3.0673	-0.5141	-0.7167	-3.3435	-4.8200	-2.5509	-1.4752	-0.8168	-6.1807
-4.1267	-1.8727	-1.8171	-2.2629	-2.3862	-3.1492	-2.5418	-2.4703	-1.2904	-5.2193
-4.6474	-0.6712	-1.8915	-2.2670	-0.9816	-1.5413	-6.1248	-2.1548	-0.3323	-5.7761
-7.2629	-1.4950	-1.1061	-1.3438	-2.1743	-2.6394	-2.3774	-3.3029	-0.5911	-3.9094
-7.4779	0.1686	0.2775	-3.2984	-4.1157	-5.0286	-1.6824	-0.6325	-3.3538	-4.5166
-5.3283	-1.9087	-1.8290	-3.4141	-2.1917	-2.9619	-4.1302	-0.2448	-1.1673	-4.0261
-5.5630	-0.9889	-0.6484	-3.5218	-3.1567	-2.5893	-3.4689	-2.2264	-2.2054	-3.5532
-5.3115	-0.2303	-2.4869	-3.3990	-1.7781	-1.8245	-1.2364	-2.0853	-3.2857	-2.6964
-6.2518	-2.0554	-1.4267	-1.8880	-2.5024	-3.1535	-1.3989	-1.7558	-4.0782	-2.6456
-3.5400	-1.1684	-3.6363	-2.5493	-2.4505	-1.1677	-1.7294	-0.7047	-0.7916	-5.4150
-5.6864	-1.1982	-1.6252	-1.8114	-3.6518	-4.1818	-3.5916	-1.4139	0.3850	-4.2486
-3.6474	-2.7474	0.0445	-1.1959	-4.4186	-8.9623	-5.1120	-0.4542	-0.3627	-8.9778
-3.7666	-2.3709	-1.4873	-2.1425	-3.7652	-3.3340	-1.1122	0.6092	-2.1389	-5.1629
-3.6309	-3.5042	-0.7807	-1.0137	-2.8659	-5.2610	-2.1540	-0.2447	-0.4735	-6.4252
-6.3857	-2.6160	-0.3282	-2.1519	-3.3956	-2.6704	-2.4943	-2.4968	-0.4336	-4.8420
-6.1132	-1.6123	0.4924	-2.0357	-4.2973	-4.4678	-1.4729	0.1973	-1.9650	-5.4798
-4.5527	-0.4232	-1.0946	-3.4007	-2.9505	-2.6245	-2.5752	-1.8291	-2.0829	-3.5789
-4.1335	-2.0328	-1.6048	-1.7560	-1.5783	-2.5559	-3.3580	-2.3695	-0.9319	-4.0934
-4.5481	-0.9193	-0.0295	-1.6501	-3.1712	-3.0352	-1.0632	-0.1370	-1.0730	-4.9175
-5.8444	-1.4917	-2.1600	-2.0339	-1.5451	-2.1263	-5.0253	-2.2249	0.0103	-5.2031
-5.8932	-1.1643	-1.3575	-2.1744	-2.1920	-2.1522	-2.6693	-1.7525	-0.3669	-6.1649
-2.9298	-1.1173	-2.0488	-4.1061	-0.8297	-0.3790	-1.7247	-1.7117	-0.8150	-6.2778
-3.9949	-0.8254	-2.1079	-2.2132	-2.5621	-2.8386	-2.3353	-1.9755	-1.3523	-3.8969
-5.5632	-3.8984	-0.0496	-1.9255	-2.8499	-2.2508	-2.4095	-0.3826	-1.2065	-3.2793
-3.4500	-4.3052	-0.7097	-1.3301	-2.4379	-2.5855	-2.1228	-0.3821	-1.8353	-6.4618
-7.5917	-0.4233	-0.8156	-3.7158	-2.9121	-1.6372	-1.8544	-1.8768	-1.5376	-7.3360
-4.7570	-0.6609	-1.8062	-2.1483	-4.3586	-3.9730	-0.5854	0.6207	-1.1249	-6.4020
-4.6798	-1.1450	-1.1265	-1.9119	-2.2052	-3.5208	-2.2838	-0.9153	-0.9630	-6.5618
-3.6127	-0.6455	-2.5792	-5.1974	-3.2738	-2.2195	-1.5509	-0.2262	-2.1195	-3.9424
-5.5472	0.4669	-1.7429	-5.8296	-2.3907	-1.4054	-0.9481	-1.4444	-0.5926	-4.8751
-6.0078	-0.2381	0.4813	-3.8977	-4.5732	-2.9786	-0.5909	-0.0215	-3.4976	-3.7011
-3.4509	-1.2516	-2.1963	-1.8778	-3.6509	-2.2371	-0.9925	-1.1923	-0.9754	-4.3974
-8.1772	-0.3054	-0.2438	-3.7807	-5.7045	-2.4405	-0.7976	-0.3994	-0.3769	-6.6711
-4.5117	-1.7423	-1.6392	-1.3380	-0.8124	-1.9687	-4.9885	-2.0927	-0.4806	-4.2142
-4.9002	-2.1565	-0.4241	-1.5104	-2.3000	-2.5242	-1.2710	-1.5072	-1.6364	-5.0376
-3.6097	-2.0810	-0.8174	-2.3419	-3.1842	-2.2672	-2.7035	-0.0522	-0.9686	-6.2373
-3.6134	-1.8495	-1.1977	-2.0588	-3.1926	-2.6739	-2.1571	0.7240	-0.6539	-4.2429
-5.1655	-1.3755	-0.9425	-3.4925	-3.4117	-3.2013	-3.5486	-0.9876	-0.3584	-5.6342
-4.2932	-0.4969	-1.5670	-2.4300	-2.6596	-1.1961	-1.5521	-0.8108	-1.0608	-5.5984
-4.5523	-1.4250	0.3308	-1.4701	-3.5339	-5.2625	-4.0298	-0.3897	-1.3771	-4.8403
-7.5072	-1.6270	-0.4020	-2.7165	-3.3495	-0.4382	-1.4423	-3.8353	-2.2085	-3.5047
-5.0903	-2.9750	-0.4257	-1.4226	-3.0492	-3.6371	-2.6450	-0.6732	-0.5248	-6.6249
-4.4921	-1.7490	-0.1230	-0.9995	-3.7988	-2.4330	-1.5440	-0.3612	-0.0018	-4.1780
-4.1737	-2.0669	-0.1545	-1.7879	-2.9083	-5.0137	-3.2089	-0.4590	-0.8505	-6.7825
-3.4783	-0.3047	-1.3665	-3.6086	-3.1196	-2.7223	-3.8423	-0.0279	-0.2669	-5.3333
-4.8342	-1.1912	-1.2542	-2.7056	-1.7385	-2.6338	-3.5508	-0.5296	-0.8685	-5.1723
-5.3687	-2.1747	0.0196	-2.4932	-3.3915	-1.6954	-1.6762	-2.6070	-2.0164	-3.9600
-4.0067	-1.0783	-0.7793	-3.4362	-3.2634	-0.9961	-2.0573	-3.9012	-0.4073	-4.0479
-6.0308	-0.7371	0.5230	-1.8744	-4.9669	-2.0802	-1.3611	-1.5853	-0.7178	-4.6234
-5.7522	-0.7049	-0.4819	-2.5732	-3.4841	-2.7166	-2.4855	-3.6534	-0.8680	-2.4198
-6.7238	-1.6099	0.1374	-0.6001	-5.9233	-5.5897	-2.3119	-0.2239	-1.1182	-5.1266
-3.2547	-1.7802	-1.8110	-1.6771	-2.2699	-2.6340	-3.8529	-2.4455	0.2489	-4.7816
-6.4479	-1.3334	-0.5246	-2.4210	-2.6442	-2.6305	-2.8823	-1.1579	-0.5896	-5.1336
-5.8169	-2.5492	-1.1678	-0.8846	-0.9585	-2.1165	-3.3675	-1.4344	-1.1453	-5.3970
-3.6103	-3.0470	0.0824	-3.0524	-5.0799	-2.4127	-1.8328	-1.1727	-1.0449	-4.4845
-6.7549	0.0654	-0.9185	-3.0999	-1.6941	-1.3327	-3.2845	-3.2260	0.2388	-5.0181
-5.9290	-0.7576	0.4346	-2.6566	-3.4114	-3.6913	-2.9080	0.2269	-1.4293	-3.9392
-4.5009	-3.3055	-1.6102	-0.7849	-3.4817	-2.9505	-1.5730	-1.4329	-1.2163	-5.0503
-4.3546	-1.6842	-0.7338	-1.4497	-1.0637	-3.5903	-2.8619	-0.9949	-2.6281	-3.4191
-4.6763	-2.0522	-1.6250	-3.7479	-3.3923	-2.1303	-1.6197	-1.4082	-1.7249	-4.6769
-5.3498	-1.0733	-0.9596	-1.7847	-4.0305	-2.9589	-1.7950	-1.7151	-1.5416	-3.6482
-4.1726	-1.5806	-2.2072	-0.8608	-1.6394	-3.9851	-2.0745	-0.3125	-0.0932	-5.8792
-5.2408	-1.4167	-0.5039	-1.7093	-2.6243	-4.4003	-4.0120	-0.5449	-2.2738	-5.9826
-6.2455	-1.0396	-1.5480	-3.4320	-4.1039	-1.0158	-2.5140	-2.8729	-2.0574	-3.5832
-3.5843	-1.8437	-1.9665	-2.2764	-2.1367	-1.5589	-2.3384	-0.9210	-1.5804	-4.6111
-7.1120	-1.8055	-1.1539	-1.7929	-2.6405	-2.4796	-1.0840	-1.7975	-1.3174	-3.5259
-6.8561	-0.3034	-0.6813	-4.6713	-4.5518	-2.0754	-0.7036	-2.4202	-1.1299	-3.9495
-4.8607	-1.3364	-3.1273	-2.0182	-1.0394	-2.2803	-3.1316	-1.4745	-0.7281	-5.5250
-7.3645	-0.6890	-0.7732	-3.9510	-2.4486	-3.4423	-3.9767	-1.7250	-0.6381	-5.5278
-5.8241	-1.2283	-0.7773	-2.7694	-4.7741	-2.3934	-1.5899	-0.3813	-0.7574	-7.2263
-7.5432	-0.8811	-1.5208	-2.7025	-2.7045	-4.1748	-2.9572	-1.1260	-1.5580	-5.7736
-5.2516	-2.6758	-1.3206	-1.8842	-3.9129	-3.0389	-2.8367	-1.7356	-0.8614	-6.4470
-3.9204	-1.6205	-1.2535	-1.7303	-2.7448	-1.9417	-1.3449	-3.0407	-1.9605	-3.4821
-4.1719	-2.0939	-1.0576	-2.1280	-2.0877	-2.6144	-3.0846	-0.8195	-0.6147	-4.3901
-5.9729	-0.1005	0.0926	-1.2355	-3.4170	-3.8090	-2.8402	-0.9960	-1.5513	-5.3908
-4.8915	-0.6827	-0.8825	-2.4085	-1.8523	-1.6767	-3.8517	-2.1764	-1.0959	-3.3799
-6.6867	-1.0419	-1.8554	-3.4536	-1.7746	-2.0770	-4.6453	-2.1780	-0.8935	-4.6988
-6.4275	-0.9518	-0.2481	-3.2113	-4.3190	-2.1239	-1.5675	-0.7840	0.0232	-5.3502
-4.7240	-0.1900	-0.8671	-3.7131	-2.7266	-1.4994	-1.6675	-2.7749	0.2092	-6.0594
-3.1036	-2.1409	-0.2930	-2.3390	-1.8601	-3.1381	-2.7399	-0.5842	-2.3649	-5.2852
-5.6850	-2.3289	-0.1077	-0.5807	-3.6089	-3.4113	-0.8503	-0.3759	-2.2405	-5.3741
-5.2701	-0.7349	-0.3811	-2.5720	-3.4137	-2.1445	-2.2013	-1.2736	-2.1645	-3.4547
-4.3615	-0.9842	-1.5112	-2.6858	-4.8344	-2.7955	-1.8151	-0.7187	-1.6258	-6.7532
-5.6611	-0.9710	-1.6960	-1.9520	-1.9721	-2.3368	-3.0955	-0.9712	-1.1051	-7.2038
-4.5298	-0.9649	-2.0025	-4.3784	-1.7031	-0.3015	-1.2785	-3.6146	-2.6487	-2.8443
-3.5542	-3.0789	-0.3864	-1.8605	-2.7067	-2.2611	-2.9537	-3.3461	-1.2763	-3.4515
-4.9191	-3.5377	-1.7220	-0.7749	-0.7364	-2.6078	-4.3972	-1.4826	-1.0514	-5.1026
-3.3302	-4.7835	-0.7561	-0.8382	-2.3299	-3.4166	-2.2318	-2.5755	-1.4507	-4.0118
-5.5419	-1.8358	-1.2306	-1.8509	-2.7259	-1.8421	-3.0136	-1.8860	-1.0423	-5.1271
-5.4565	-1.3484	-0.5484	-3.5769	-2.2603	-1.3331	-2.0073	-4.0966	-0.9429	-3.1807
-4.0566	-0.3952	-1.5246	-1.6696	-2.4144	-3.6178	-2.2855	-1.2457	-1.8535	-4.6773
-7.2443	-1.8287	-0.0148	-1.6301	-4.7629	-3.6069	-1.5714	-1.6352	-1.7439	-4.3143
-5.1171	-1.3342	-2.1432	-2.7613	-2.8067	-1.6357	-2.6051	-1.9305	-1.9283	-4.4656
-3.7144	-1.9321	-1.6263	-0.7886	-0.6959	-1.9287	-4.5331	-1.8292	-1.0183	-3.6754
-4.5821	-1.5185	-0.7787	-1.4429	-1.3052	-2.5817	-2.7215	-2.4955	-0.9968	-3.0430
-5.6093	-2.4740	0.0904	-1.9112	-2.9177	-3.3425	-4.2937	-0.7362	-0.5670	-5.7231
-3.2673	-1.0436	-0.4376	-2.8416	-4.1251	-2.6253	-2.0576	-1.5280	-2.9497	-3.5719
-6.1753	-0.6473	-0.2608	-3.6972	-4.0475	-2.1655	-1.6198	-1.2850	-0.7296	-5.2365
-3.4484	-1.3643	-2.7616	-1.7775	-2.2236	-2.1487	-2.6472	-1.4441	-1.4107	-2.9411
-3.0956	-1.3083	-0.5473	-4.1574	-3.6406	-1.9915	-2.8339	-1.2677	-2.9301	-3.7810
-5.2653	-0.6449	-1.4602	-3.1786	-3.7350	-4.1628	-2.4043	-0.4692	-1.6528	-7.1675
-6.9242	-1.8647	-1.0622	-1.4523	-3.6355	-2.9172	0.1763	-0.9444	-5.7891	-3.6977
-7.0968	-0.6851	-0.5167	-2.5546	-3.3341	-4.8930	-1.9089	-0.2681	-2.7424	-5.4421
-5.5783	-0.8012	-2.9845	-3.0200	-1.2780	-1.8720	-3.8395	-1.6078	0.0520	-5.7244
-4.5338	-1.2979	-1.2176	-1.3594	-2.4202	-3.4101	-0.9386	-0.8913	-2.6051	-4.0694
-7.6656	-1.5022	-0.0977	-0.8810	-3.0122	-4.9395	-2.2719	0.4655	-0.3735	-6.6515
-6.4927	-0.5175	-0.8532	-2.7707	-3.1892	-1.7869	-3.8401	-2.0337	0.4756	-6.5160
-7.2804	0.4063	-1.6309	-3.9538	-1.8707	-1.5171	-2.3790	-2.3932	-1.6060	-2.3286
-5.8670	-1.4654	-0.1310	-2.5668	-3.9652	-1.9804	-1.4597	-1.6420	-0.2263	-4.4220
-6.6252	-0.3530	0.7384	-3.3899	-4.0632	-2.3481	-1.2288	-1.2266	-1.7517	-5.6455
-8.7092	-0.7940	-0.9595	-2.1866	-1.6579	-1.3291	-2.5492	-2.4101	-0.9241	-5.0666
-5.7878	-0.9911	-0.7593	-3.8968	-1.3654	-1.9974	-1.9320	-1.0216	-1.3919	-5.3341
-5.5240	-0.3204	-1.7625	-2.4963	-3.3709	-3.2721	-1.7568	-1.0353	-1.1970	-6.0120
-4.9935	-0.7252	-1.8648	-2.3383	-2.1687	-1.5735	-1.7861	-1.7672	-1.7074	-3.4483
-4.7311	-0.9238	-2.2714	-2.0880	-3.6250	-4.4665	-2.7253	-0.8435	-1.0211	-6.4784
-5.0922	-0.2496	-2.6440	-1.3202	-0.5621	-1.6779	-3.3549	-3.9619	-0.8700	-3.4589
-4.6367	-1.3684	-2.4277	-2.1775	-1.7499	-2.6554	-3.2096	-1.6940	-1.2925	-6.9376
-4.8521	-0.6489	-1.1950	-1.7342	-3.6657	-3.3551	-1.0202	-0.4485	-1.2807	-4.6405
-5.2742	-0.8121	-1.5644	-2.4287	-1.6844	-2.9805	-3.8083	-0.9102	-0.4058	-6.2737
-4.3283	-0.9208	-3.3556	-5.7357	-4.4686	-1.9228	-2.1793	-1.2360	-0.9402	-6.5802
-4.9283	-2.2573	-0.6540	-2.0226	-1.6721	-1.4420	-2.5197	-1.2453	-1.2532	-4.7365
-3.8826	-2.1451	-1.2600	-5.3201	-2.6319	-1.4285	-3.4121	-1.5516	-1.5248	-5.9000
-5.4423	-1.9246	-0.3216	-2.4175	-2.3572	-3.2863	-1.7592	-1.4999	-2.0401	-4.3913
-5.0004	-1.5036	-0.0300	-3.0466	-3.5562	-2.3665	-1.9402	-0.6894	-3.8651	-2.6645
-4.6352	-2.2524	-0.8804	-2.6173	-2.6056	-2.2614	-3.4108	-1.7399	-1.3761	-4.3845
-3.8418	-1.5697	-1.4626	-1.9343	-1.3612	-1.4690	-2.2873	-4.0477	-1.0980	-2.7615
-3.8823	-1.9764	-2.3251	-3.0783	-1.1087	-1.7465	-2.4724	-0.9387	-0.9866	-5.2593
-6.3586	-2.3162	-0.6798	-2.3702	-2.4321	-2.0906	-3.1237	-2.7364	-2.4875	-5.1121
-5.4093	-1.0194	-0.6494	-3.3477	-4.5868	-3.4754	-1.7301	0.1530	-1.5437	-4.3511
-4.8444	-3.1684	0.2268	-1.7361	-2.7960	-1.8078	-1.6139	-1.8755	-2.0044	-4.0168
-3.4261	-0.8452	-1.4538	-2.8481	-1.6536	-1.9108	-1.7617	-0.6754	-0.7810	-3.9532
-5.3661	-0.0555	-2.8629	-3.4442	-0.2418	-3.0099	-3.0151	-0.3094	-3.7399	-4.5133
-4.2412	-0.6608	-1.3782	-5.7366	-3.2551	-0.6876	-2.3416	-2.6596	-1.3162	-3.2776
-5.0416	-0.2381	-1.3464	-2.8395	-2.2639	-3.9150	-3.3236	-0.7367	-1.1741	-3.9898
-5.7494	-1.4932	-2.5135	-2.9340	-2.3874	-3.1880	-1.9283	-0.2344	-1.6458	-6.2707
-5.1537	-2.3109	-0.4454	-2.1466	-2.7424	-2.1665	-3.1829	-2.2295	0.0279	-4.4858
-5.0084	-0.6081	-1.6338	-3.6705	-2.3056	-1.8838	-1.8344	-1.3566	-2.1414	-5.2218
-7.6953	-0.5518	-0.9514	-2.3700	-2.4116	-3.0829	-2.7492	-2.0378	-1.1807	-3.9682
-4.5556	-3.3001	-0.5053	-1.9203	-2.5490	-1.9670	-3.9330	-1.6357	-0.8543	-6.7949
-3.9084	-1.3465	-0.9475	-2.1328	-3.5294	-4.0814	-2.9445	-2.0832	-1.0041	-4.4878
-3.9756	-1.2739	-0.2740	-3.8807	-3.6464	-1.0506	-3.4412	-2.1766	-1.4967	-3.4683
-2.3585	-2.1706	-1.7641	-2.1223	-2.1865	-3.7923	-2.4634	-1.7544	-1.6808	-5.5131
-5.2569	-1.8323	-1.0246	-2.0834	-2.8373	-3.7039	-1.2560	0.3528	-1.6017	-6.5449
-5.0211	-1.0820	-1.4020	-2.3067	-2.3486	-1.7173	-2.0052	-2.4750	-0.6265	-4.2298
-5.5741	-0.7256	-0.8213	-2.4671	-3.4586	-2.6447	-2.5593	-1.5042	-0.7422	-5.5620
-3.9530	-1.5620	-2.3500	-1.6573	-1.5669	-2.9411	-4.6781	-2.0561	0.0168	-5.8021
-4.8409	-1.1126	0.7590	-3.2625	-4.4269	-2.6831	-2.4246	-0.9179	-1.9630	-4.6468
-5.9210	-1.2876	-2.8165	-2.9634	-2.1078	-1.7860	-3.2168	-3.0399	-0.8990	-4.4657
-6.1267	-0.7841	-0.9566	-2.4703	-2.5886	-3.7213	-2.5232	-0.6483	-1.2309	-5.1104
-5.1030	-1.4646	-0.4617	-2.1432	-3.2864	-2.2804	-1.5674	-1.4216	-2.2831	-3.8496
-4.9268	-1.7013	0.1568	-2.0963	-3.6227	-4.8959	-3.2119	-0.6680	-2.2631	-4.6030
-6.5110	-2.7147	0.6506	-0.9028	-4.6433	-4.0131	-2.2914	-1.5581	-1.9128	-6.5308
-5.3435	-0.7571	-2.8085	-3.1938	-2.3832	-1.9855	-3.0380	-0.1299	0.1450	-7.4700
-4.0817	-0.6898	0.6281	-3.8925	-2.0471	-2.7925	-2.5776	-0.9117	-0.6282	-6.7018
-4.7588	-2.7511	-0.1983	-2.4234	-2.7654	-2.9772	-2.1153	-1.1578	-1.9242	-3.9448
-5.3433	-2.2383	-0.3495	-2.0422	-2.3070	-2.6482	-1.3556	-1.2831	-2.7902	-5.7992
-3.7291	-0.3667	-0.6022	-3.5090	-4.1820	-3.6540	-1.9716	-1.5963	-1.3383	-4.6146
-8.1569	-0.7736	-0.7555	-2.5349	-2.4560	-3.5832	-1.8959	0.2300	-2.7329	-4.1033
-2.6758	-3.3999	-2.6389	-1.2558	-1.0698	-2.1264	-2.3318	-1.2244	-2.7980	-3.4993
-7.0281	-0.6396	-0.8418	-2.3522	-3.2377	-2.2683	-1.5584	-1.2118	-1.9006	-4.2721
-3.8872	-2.1901	-0.8786	-1.7336	-1.2526	-1.5804	-2.4470	-2.8874	-1.3456	-3.0398
-5.8533	-0.3156	-2.0735	-2.6079	-0.9332	-2.9948	-4.8122	-1.3290	-0.4752	-4.4903
-5.0941	-2.3344	0.0405	-1.4227	-2.6837	-2.6384	-1.9750	-1.1581	-0.4277	-4.9958
-5.0629	-0.8180	0.2012	-1.7344	-3.1705	-3.5527	-3.3110	-0.4311	-2.6627	-4.2561
-6.1462	-2.1033	-1.3244	-2.3602	-2.2995	-2.2715	-2.6310	-1.4945	-1.3128	-4.6608
-3.7605	-2.2594	-2.0006	-4.2270	-3.6209	-1.2323	-0.4921	-0.3487	-0.6880	-7.6628
-3.8405	-2.1864	-2.0440	-2.9094	-2.1492	-2.4168	-3.0205	-2.2783	-0.8152	-3.7134
-4.8287	-2.0509	-0.3885	0.2390	-1.8841	-3.1099	-2.1428	-0.3159	-1.5815	-4.0208
-3.5380	-0.2341	-1.5401	-3.3677	-2.6481	-2.1573	-2.0549	-0.0404	-1.7049	-4.9295
-7.4099	-1.0763	-0.1567	-2.4554	-3.0308	-2.6963	-3.0826	-1.5153	-0.0711	-4.1312
-4.1584	-2.1547	-0.1977	-2.1430	-1.1632	-1.3749	-2.6704	-1.0639	-1.0524	-3.3926
-5.3696	-0.8360	-1.0824	-3.5901	-1.7517	-1.7383	-2.2919	-1.8029	-1.6692	-6.6666
-5.0648	-2.0896	-1.4313	-3.4098	-2.9484	-0.6514	-3.2627	-3.8351	-1.0860	-5.1974
-4.7413	-0.2299	-2.0067	-3.4436	-1.4463	-1.7583	-2.9720	-0.6212	-1.3940	-5.4899
-5.0897	-1.8305	-1.3116	-2.1491	-2.5745	-4.0429	-2.7384	-0.8295	-0.7564	-5.3562
-3.7313	-3.6253	0.0430	-1.1093	-3.5541	-2.4387	-2.7207	-1.5874	-1.8419	-3.5524
-6.2321	0.1952	-1.0339	-2.3933	-1.0788	-3.0212	-4.6075	-1.4658	0.2320	-5.8827
-3.4316	-1.9825	-1.5948	-1.5814	-2.5510	-5.5947	-1.9501	-0.3831	-2.2618	-5.2456
-5.4051	-1.5022	-0.9230	-1.9106	-2.1650	-1.8692	-1.3973	-1.1939	-2.0823	-5.5637
-5.7980	-1.3704	-1.0139	-2.2424	-3.4541	-2.2823	-2.4604	-2.3639	-3.7659	-2.4259
-4.7508	-1.6255	-0.5706	-0.6844	-2.7462	-3.5260	-2.1068	-0.4888	-1.3259	-6.7223
-3.7263	-0.8221	-1.5355	-3.2528	-1.8059	-0.6340	-2.3428	-0.7201	0.0621	-4.9891
-4.7082	-2.2821	0.1538	-1.5890	-3.0778	-4.3735	-2.4134	-0.6070	-2.2916	-4.7657
-4.0956	-0.8528	-2.4535	-2.7409	-2.7048	-1.3591	-1.5738	-1.7409	-0.8684	-5.6944
-5.1213	-0.9773	-1.7712	-4.3627	-2.4839	-2.9426	-1.9697	-1.7314	-0.7125	-4.0582
-5.8935	0.8342	-2.0310	-5.8301	-2.0110	-1.8710	-2.6034	-0.8652	-1.4340	-5.1881
-4.4996	0.1503	-2.2100	-3.8377	-3.6571	-2.2874	-1.6384	-2.5389	-1.1720	-4.2346
-3.9961	-0.2688	-1.8383	-2.9453	-2.0011	-0.7695	-0.5208	-1.1308	-1.7742	-4.7304
-5.6752	-1.4863	-0.2878	-3.0770	-3.2309	-2.1903	-2.0292	-2.9946	-1.4286	-4.9050
-6.3376	-2.1626	-0.7653	-2.8299	-1.8297	-2.1412	-2.2725	-2.0812	-1.6829	-3.6422
-4.8266	-0.9911	-0.7446	-1.6394	-2.0165	-4.6489	-3.0351	-1.0288	-1.8394	-4.3200
-4.5857	-0.1466	-0.3622	-1.9833	-2.8865	-2.8222	-2.4859	-0.9527	-1.0046	-6.1436
-5.4765	0.4233	-1.1832	-1.9696	-2.5584	-3.2497	-1.7353	-0.3605	-1.0180	-6.9990
-3.0308	-0.6849	-2.5605	-3.0087	-1.5917	-1.9870	-1.2896	-1.7699	-1.6206	-2.8384
-5.0277	-0.6438	-2.1829	-2.0562	-1.3499	-1.3195	-3.0551	-2.7068	-1.0427	-5.3282
-6.2582	-1.7603	-0.1700	-2.6203	-2.8362	-2.0359	-1.5512	-2.3559	-1.5378	-4.7046
-5.4365	-0.7796	-0.3351	-1.3903	-3.4869	-1.9173	-2.6557	-1.7961	-1.5173	-6.0973
-4.0570	-2.0060	-0.9717	-1.4856	-2.8881	-2.7332	-3.3775	-1.7253	-0.1435	-7.4244
-4.1225	-3.4404	-1.2845	-1.2546	-2.7781	-3.2828	-4.6141	-0.8419	-1.9138	-3.8851
-6.3539	-0.8239	-1.2820	-1.8647	-2.1053	-2.4253	-4.2377	-1.8461	-0.5514	-4.7799
-3.6594	-1.5952	-0.9290	-1.3682	-3.3082	-4.1227	-2.2583	-0.3533	-2.6651	-5.9518
-3.4001	-2.5546	-2.1370	-1.4489	-1.9298	-2.3191	-1.8932	-1.3366	-0.8054	-5.2209
-2.8579	-2.1489	-4.5817	-1.3751	-1.2944	-2.0210	-5.3789	-3.7181	-1.0263	-4.2323
-3.4442	-2.2833	-2.2253	-2.2948	-4.1864	-3.1750	-0.3722	-1.6802	-4.0255	-4.6585
-6.0572	0.0197	0.1259	-3.2788	-4.9573	-2.0326	-1.2768	-1.6760	-1.2794	-4.8810
-5.9694	-1.1886	-0.9907	-1.3399	-3.8238	-2.2649	-0.8082	-1.2508	-0.9065	-5.2419
-6.6246	-0.4305	-1.0532	-1.8979	-1.9277	-1.6990	-4.0964	-1.7929	-1.2337	-7.1362
-7.4390	-1.7074	-0.5586	-3.8841	-2.8793	-2.5494	-1.8874	-1.2545	-2.2837	-3.4638
-5.5306	-0.6488	-2.2993	-3.4649	-2.4401	-2.2237	-1.6781	-0.0228	-0.5484	-5.0332
-5.5678	-0.9682	-0.5025	-2.1375	-3.7577	-5.5390	-1.9876	0.1443	-1.2492	-10.1978
-4.6532	-0.0349	-1.4522	-2.6632	-1.1364	-2.8353	-4.4665	-2.2101	0.0996	-4.9380
-6.7716	-0.4311	-1.7753	-3.8196	-1.9078	-1.0244	-1.3598	-1.9424	-1.5357	-4.1879
-2.7941	-1.7284	-2.0271	-2.6249	-2.5706	-1.6679	-1.8866	-2.0458	-1.7571	-3.3713
-4.1739	-1.4109	-2.1225	-2.4346	-4.0469	-2.7918	-0.8212	0.1819	-2.9786	-4.4956
-6.3342	-1.2418	-0.5885	-3.3520	-4.4647	-2.3741	-1.4151	-1.0922	-2.8213	-3.8677
-4.3506	-0.5311	-1.9622	-3.2927	-3.0602	-2.1910	-1.6007	-0.4306	-0.7141	-6.1273
-6.4914	-0.3292	-1.0461	-4.1064	-4.5268	-3.2525	-1.2974	-2.2435	-2.5299	-4.2538
-6.8232	-0.9906	-1.0702	-2.3800	-2.9862	-3.6053	-2.2788	-1.1890	-1.3625	-4.2563
-4.3067	-0.9701	-1.4663	-1.1119	-2.9541	-6.2083	-1.9295	0.4100	-1.2345	-6.8642
-6.7881	-0.7459	-0.4505	-1.4176	-2.3386	-1.7640	-4.3715	-3.1073	0.3218	-3.9059
-4.4999	-1.3116	-0.5914	-6.6256	-3.7380	-1.5373	-1.0744	0.1002	-3.1273	-4.6580
-5.5135	-2.5749	0.0877	-0.9844	-2.5793	-3.0298	-3.8285	-1.4231	-0.6762	-6.2793
-4.9997	-0.5800	-0.8887	-3.9844	-2.7751	-2.2113	-2.7228	-0.7963	-1.1986	-5.3144
-2.8158	-1.9414	0.3638	-1.0772	-3.7140	-3.8888	-2.2838	-1.3666	-0.5539	-6.0667
-6.2308	-1.1809	-0.9388	-2.8802	-3.3214	-3.1269	-1.6571	-0.3406	-1.2636	-5.1247
-4.9245	-2.5616	-0.9579	-2.2881	-2.3257	-2.7573	-2.8243	-1.1997	-0.9288	-5.3656
-3.1870	-0.1591	-2.5850	-1.3311	-2.2536	-5.1276	-3.3086	-0.9994	-1.0647	-4.8927
-7.6492	-1.5060	-0.5604	-1.2261	-2.2195	-2.0840	-3.4128	-1.4885	-1.2391	-8.0306
-5.6682	-1.8468	-1.5743	-2.5441	-3.9731	-3.4360	-3.5276	-0.0274	-0.5164	-5.9194
-4.8929	-1.1042	-1.9608	-2.5035	-2.4031	-1.7392	-1.3566	-0.2168	-3.7855	-4.4692
-7.5784	-0.9242	-1.5829	-4.9789	-2.2664	-1.1669	-1.6786	-1.8266	-1.4030	-5.1768
-4.9277	-1.1551	-3.2415	-2.4452	-1.6844	-2.0005	-2.9691	-1.9851	-1.9002	-3.8082
-4.2564	-1.0316	-2.4014	-3.0363	-0.0460	-2.5629	-3.9602	-0.7682	-0.5680	-5.9921
-2.9525	-1.1666	-0.0224	-1.9059	-4.7032	-4.2662	-1.2996	-0.1138	-1.7839	-6.0399
-6.0221	-1.3128	-2.0598	-2.4743	-1.5402	-2.6074	-5.4371	-2.5032	-0.9185	-6.1857
-5.3801	-1.2926	-2.6562	-0.9446	-2.9712	-4.0098	-3.1351	-0.8292	-1.2000	-3.7147
-4.7032	-0.3379	-1.3448	-3.7141	-2.0937	-2.6241	-2.3283	0.8146	-0.3096	-4.7048
-3.9910	-2.8077	-0.9685	-2.4774	-4.9433	-4.1933	-1.3022	-0.2290	-1.7075	-3.2904
-6.8526	-0.3094	-0.1771	-2.3468	-5.5368	-4.3062	-0.7987	-1.1160	-3.3284	-3.9416
-4.6521	-0.0571	-3.7272	-2.6683	-0.3509	-1.7561	-1.5114	-0.2982	-1.3765	-6.6074
-4.8614	-2.2811	-0.9714	-2.8095	-2.7173	-3.3279	-2.4799	0.5237	-0.6461	-7.0425
-4.4893	-0.5053	-1.8648	-2.8400	-2.8923	-2.1203	-3.2570	-2.0337	-0.8210	-4.9364
-4.0852	-1.2497	-0.5209	-1.9651	-2.6351	-2.7729	-1.9968	-1.3286	-2.3291	-3.8116
-4.2902	-1.6320	-1.2340	-1.3150	-2.3046	-3.7773	-2.7516	-1.0955	-0.8718	-5.2364
-5.6149	-0.2990	0.0842	-3.7846	-4.5300	-1.5281	-3.2971	-1.9984	-0.5309	-6.7994
-6.0228	-0.1919	-1.1886	-2.7513	-2.9132	-2.2357	-0.9257	-0.8096	-0.9760	-4.4730
-3.8696	-1.8150	-1.5281	-1.3006	-2.4852	-2.3782	-2.2515	-1.1970	-1.0110	-6.1012
-3.5093	0.5968	-4.2127	-5.4489	-1.3689	-0.7666	-2.0776	-1.5589	-1.3613	-5.4896
-5.7986	-2.0010	-1.7109	-1.3055	-2.0034	-3.2073	-1.6136	0.4747	-1.4296	-7.1413
-6.1525	-0.5116	-0.3599	-3.6215	-4.7711	-1.3164	0.0377	-0.7588	-3.7902	-4.6823
-4.3596	-1.4526	-3.3014	-2.0330	-2.0629	-2.4036	-2.1859	-2.5377	-1.3749	-4.5451
-4.9834	0.8382	-2.2790	-3.3636	-1.2166	-3.7230	-3.5661	-0.3074	-2.3833	-4.4913
-4.8875	-1.7568	-2.1164	-2.8898	-2.2691	-1.4978	-1.8675	-1.4497	-3.0803	-5.5536
-4.8535	-1.3211	-1.4227	-2.8236	-2.6746	-1.9051	-1.2302	-1.7471	-3.7346	-3.9575
-6.4454	-1.3122	-1.5673	-1.7225	-2.0727	-3.6231	-3.1217	-0.8000	-0.3004	-5.6021
-4.6027	-1.7813	-1.0913	-3.5790	-1.5628	-0.7327	-2.1918	-1.1478	-1.1764	-5.5626
-4.2385	-0.4450	-2.1046	-0.4372	-2.9496	-2.3970	-2.3981	-1.3184	-0.1641	-4.6858
-7.4292	-1.0785	-0.8058	-4.0796	-4.5770	-2.5798	-2.0718	-0.3917	-0.6780	-8.5404
-4.9208	-2.0707	-2.0599	-2.2905	-1.4572	-1.8954	-2.0016	0.1337	-1.2072	-7.5431
-5.5121	-0.3939	-0.7577	-2.5578	-3.8744	-2.7352	-0.5558	-0.6232	-2.9217	-4.5983
-3.9586	-0.2040	-2.4145	-4.6904	-2.1199	-2.6451	-1.5459	-0.3721	-1.0677	-4.9179
-5.7241	0.2054	-0.9857	-3.3212	-3.3121	-2.7156	-3.4173	-1.0551	-0.2634	-6.9215
-3.2105	-1.9579	-4.7978	-1.9230	-0.4823	-4.3869	-5.5396	-0.8445	-1.0989	-7.0449
-5.0348	-1.3202	-0.5339	-0.8048	-1.1502	-3.3555	-5.3897	-2.0373	-0.5382	-6.1383
-5.0613	-0.9824	-1.2212	-3.6327	-3.0881	-3.7837	-3.2313	0.2086	-1.6127	-5.2742
-6.5020	-0.7155	-1.0959	-2.9534	-3.9897	-2.9065	-2.8836	-1.5937	-1.2557	-8.8930
-5.0864	-1.0998	-0.2890	-3.7203	-5.7636	-0.9516	-1.1685	-3.5847	-1.4112	-3.0427
-4.4289	-1.8366	-0.3062	-1.4779	-2.7741	-3.4020	-1.8883	-0.6168	-1.9488	-3.4302
-6.7489	-0.6730	0.0911	-3.4154	-4.9902	-2.8351	-1.5555	-1.0665	-0.9100	-5.6720
-4.3942	-1.1090	-2.0636	-3.5279	-1.1033	-2.7387	-2.9672	-2.4850	-1.8700	-3.4696
-4.5156	-0.6140	-1.3170	-2.7378	-2.7985	-3.6117	-3.0122	-0.3145	-1.6524	-7.5831
-3.6109	-1.4264	0.0022	-2.4546	-4.9757	-2.5166	-1.9927	-1.1667	-2.6035	-4.1310
-5.8283	0.1995	-0.9456	-1.3720	-2.3353	-3.4364	-3.2673	-1.0908	-0.1001	-3.9547
-3.3073	-2.5040	-3.0957	-2.1811	-2.2536	-2.6475	-2.7088	-0.9916	-1.0958	-6.6766
-5.5703	-0.8398	-1.1925	-2.7539	-2.8880	-2.1893	-2.2970	-3.1667	-1.1586	-3.4849
-5.0004	-1.6789	0.5854	-2.7054	-3.7217	-1.2826	-2.6135	-2.7693	-1.4305	-4.9112
-4.7473	-1.3424	0.1794	-2.0963	-4.0371	-2.8212	-3.0429	-0.0975	-0.5755	-6.1312
-6.5561	-1.1067	-0.8325	-1.5101	-2.2851	-2.0909	-2.2766	-2.1490	-1.8535	-5.3893
-4.8475	-0.9831	-0.4927	-3.1264	-3.9865	-2.4931	-3.0346	-1.4985	-1.4369	-3.8956
-3.4893	-0.5742	-2.0803	-2.1879	-3.0098	-4.5320	-1.4835	-1.6282	-1.1021	-4.8569
-5.3003	-2.8678	-0.0675	-0.3205	-3.0869	-5.2847	-3.3414	-1.2263	-1.4824	-5.2023
-5.9553	-0.3177	-0.1080	-2.5793	-2.2728	-2.6476	-4.2332	-2.6834	-3.4904	-2.5739
-4.5232	-1.6788	-0.1988	-1.4037	-3.3342	-3.0328	-2.8328	-1.3533	-1.0134	-8.1954
-4.1279	-0.8760	-3.6103	-1.6258	-2.1728	-4.1012	-1.7696	-0.8133	-1.0315	-7.6088
-5.2865	-1.3750	-1.1731	-2.2494	-3.5242	-1.8469	-2.3941	-2.4093	-1.2790	-3.5801
-4.7815	0.1875	-2.9420	-4.7671	-0.8842	-1.3279	-3.2391	-1.6798	-0.6464	-5.8850
-5.2691	-1.6408	-1.0264	-2.8916	-0.8433	-1.4355	-5.4825	-2.1296	0.5526	-4.6761
-4.8645	-0.8185	-1.1399	-2.4008	-2.3774	-0.5708	-6.0235	-1.7913	0.2767	-5.3833
-3.8457	-1.5886	-1.2626	-2.1307	-0.8575	-2.0864	-3.9826	-1.2472	-2.2756	-3.5174
-4.3479	-2.5961	-0.4644	-2.5493	-2.4865	-3.0868	-4.9434	-1.7127	-0.1739	-6.5977
-5.6717	0.0002	-0.3207	-1.5730	-4.7161	-3.0263	-2.3402	-0.9442	-1.4158	-5.0152
-5.7752	-0.1465	-1.0224	-3.6129	-4.3517	-2.0462	-3.8788	-1.9232	-0.5268	-4.3832
-6.7582	-1.8098	-0.8993	-1.4557	-2.1346	-1.9781	-1.3978	-0.6112	-1.0705	-6.8090
-4.7602	-4.1794	-0.6151	-1.5000	-2.1698	-2.9728	-2.7769	-1.1625	-2.3801	-3.2289
-5.4696	-2.1545	-1.6281	-2.0794	-1.8748	-2.4765	-3.1827	-1.2091	-1.8150	-4.4829
-4.9576	-0.1029	-3.3937	-2.6962	-0.5242	-1.7096	-3.6926	-1.6168	-0.8606	-5.5588
-4.3471	-0.5310	-1.0209	-2.6294	-3.5753	-2.5908	-2.2231	-1.5344	-1.7797	-4.2030
-8.3570	-0.8860	0.1035	-4.1397	-4.6905	-2.0204	-3.7441	0.3139	-0.3201	-5.9694
-5.6416	-0.7639	-2.7727	-3.2110	-2.2245	-1.9469	-2.0995	-1.4283	-1.6645	-2.2908
-5.4420	-1.6409	-1.6661	-3.1532	-3.1245	-1.8460	-3.6707	-1.0111	-1.8576	-3.6137
-4.5417	-1.9232	-0.9890	-1.8972	-2.7972	-3.2924	-3.2470	-0.2840	-0.9066	-5.8106
-3.9372	-1.6366	-0.9639	-3.0601	-1.8642	-2.7619	-5.8279	-1.5177	-0.0791	-4.9255
-6.4880	-3.3427	-0.8656	-0.8603	-2.5806	-3.1596	-3.7731	-1.4905	-0.1025	-7.0773
-5.4979	-0.1735	-1.3690	-2.4701	-1.1506	-2.5583	-3.6725	-1.2331	-1.1371	-9.4591
-4.7399	-0.9348	-0.3511	-2.5688	-5.1808	-3.1867	-1.2843	0.2186	-1.7890	-6.2342
-5.3581	-1.5426	-0.5490	-1.9755	-1.8174	-2.3592	-1.9371	-1.1054	-1.6140	-4.3646
-8.1330	-1.4109	-1.6402	-2.0530	-1.8804	-3.0859	-3.6732	-0.1963	-0.7653	-7.9819
-4.3416	-1.7956	-1.3509	-4.3463	-1.8906	-1.5620	-2.9649	-1.7465	-1.5436	-5.0559
-7.2564	-0.7686	-0.5645	-1.6119	-2.9866	-2.4638	-5.2850	-1.0958	0.1655	-6.8801
-4.8637	-0.9789	-1.5442	-6.2066	-2.5359	-1.8300	-4.4128	-1.8256	-0.4987	-5.5164
-5.5784	-1.5404	-2.2894	-2.3787	-2.3996	-4.3528	-2.3340	0.2658	-0.5207	-7.2683
-3.3632	-2.4401	-2.0407	-1.9715	-1.2929	-1.8226	-2.1807	-1.5016	-0.8441	-4.5691
-3.6841	-0.8263	-0.7470	-2.9639	-3.2510	-1.6283	-2.6466	-1.5553	-2.7533	-2.7490
-6.4238	-1.1907	-0.8805	-2.0052	-1.6186	-1.9812	-2.4812	-0.4661	-1.0335	-7.5081
-4.4970	-1.1463	-1.2038	-2.0396	-3.0481	-4.5820	-2.1870	0.5720	-0.6570	-7.2726
-5.4440	-1.1914	-0.1402	-0.7437	-3.1474	-2.3040	-0.9384	-1.4453	-0.9543	-5.2299
-6.0402	-0.8982	-0.6231	-2.2258	-2.5866	-2.2692	-3.0711	-1.8933	-0.0266	-4.3931
-3.6288	-1.6608	-0.9290	-2.3173	-1.4108	-2.2111	-2.6821	-1.5013	-2.1159	-3.4454
-4.4440	0.1606	-3.6790	-3.1807	-2.4600	-2.8344	-1.9238	-1.2200	-3.0873	-4.2173
-4.0637	-1.2754	-0.8236	-4.2723	-3.4465	-2.7440	-1.0845	-1.4940	-3.5768	-3.1681
-5.3816	-0.7060	-1.7265	-0.5640	-0.7914	-2.9769	-3.6462	-0.4447	-0.1354	-7.9869
-5.8781	-1.9612	-1.0887	-2.2880	-3.0379	-1.3751	-3.1919	-2.6910	-1.5729	-3.8557
-2.6376	-3.5417	-0.8434	-2.1665	-4.2461	-4.1004	-3.2587	-1.7227	-1.1742	-4.7511
-6.4804	-2.5204	0.0522	-2.4944	-5.9723	-4.5288	-1.9879	0.0702	-2.0455	-5.5724
-4.1968	-0.2463	-2.4134	-3.1072	-2.8296	-2.2397	-2.3760	-1.9275	-2.0020	-4.1790
-4.9787	-0.1512	0.5273	-2.3703	-4.7107	-2.7974	-2.4218	-0.9194	-1.4186	-7.6955
-5.9339	-0.9448	-1.3232	-2.0720	-2.8105	-2.8087	-1.8882	-0.8118	-1.2264	-6.8450
-5.1846	-0.9442	-0.7073	-1.3246	-4.0844	-4.1658	-1.8531	-0.8432	-0.6419	-7.5769
-3.4163	-2.4200	-1.3633	-4.3376	-2.5278	-2.1365	-3.1990	-1.4908	-1.4738	-5.8036
-4.9968	-0.7489	-3.1048	-3.5258	-1.5347	-1.8607	-2.2882	-1.4429	-4.6084	-3.4665
-7.8946	-1.5606	-1.0726	-2.1135	-1.2799	-0.7934	-3.2124	-3.2096	-0.0359	-4.1350
-4.0013	-0.4698	-3.2709	-3.1932	-3.1969	-2.8132	-0.9730	-1.4209	-3.8278	-3.7062
-5.8842	-1.6623	-1.5655	-2.9858	-2.9673	-1.9019	-1.7557	-0.8184	-1.9543	-4.5668
-3.4395	-1.6227	-2.1530	-2.9680	-0.8538	-2.8319	-4.6644	-1.9267	0.3631	-5.7670
-5.2843	-0.7026	-1.1898	-3.8167	-4.6839	-2.8188	-1.9557	-0.7071	-2.9431	-3.4115
-4.4648	-0.9134	-2.0149	-3.6688	-4.0773	-1.7157	-2.9541	-1.5186	-0.9501	-5.1966
-4.2909	-0.3337	-4.4567	-3.9761	-1.2146	-3.7090	-3.6420	-1.4309	-0.8298	-7.0558
-7.1446	-1.5675	0.5755	-1.8236	-4.2995	-1.7719	-3.8503	-1.1031	-0.2833	-6.4474
-4.7084	-1.9682	-1.6748	-0.5260	-1.8104	-2.9549	-5.4924	-2.3413	-0.8321	-4.3312
-6.1278	-1.5599	-1.6359	-1.6981	-2.6191	-6.0333	-4.5250	-1.1232	-0.9808	-4.4680
-5.4582	-0.5848	-0.1772	-3.2796	-3.9674	-2.7703	-1.8629	-0.6493	-2.5317	-6.2677
-3.9322	-0.2038	-1.5894	-2.4246	-4.1626	-4.1666	-2.3130	-0.0583	-0.5629	-5.7110
-7.8106	0.0548	0.0086	-4.4920	-3.3134	-2.5873	-2.4689	-1.8358	-0.6238	-6.1799
-5.3665	-1.4151	-0.7801	-4.2232	-2.3304	-0.9777	-2.1503	-2.7819	-0.5633	-2.7934
-6.6348	-2.0247	-1.8951	-3.7788	-3.2882	-1.3053	-1.1209	-2.2262	-2.8500	-3.3224
-4.0329	-1.5870	-2.6557	-1.6504	-3.3037	-2.0107	-1.9671	-3.7256	-1.5954	-5.8399
-2.7502	-2.5082	-1.1729	-1.2941	-2.3465	-3.9899	-2.7076	-1.1626	-1.5486	-6.4217
-7.5291	-1.3544	-1.0671	-2.7134	-3.0433	-3.4592	-3.0681	-0.1293	-0.6399	-9.5971
-6.3774	-2.1268	-1.1179	-1.8557	-2.9943	-1.5928	-2.2146	-2.4135	-0.2174	-6.9220
-5.6700	-0.5019	-2.1953	-2.4117	-2.8027	-4.5980	-3.2428	-1.2447	-0.5667	-5.4366
-4.2790	-2.3701	0.5417	-1.7399	-3.3140	-3.4268	-2.5005	-1.4571	-2.4524	-3.5721
-4.4246	-1.8946	-2.1014	-2.8429	-3.4763	-2.2696	-2.0511	-1.8629	-0.8653	-3.3198
-3.4084	-1.9874	-2.2382	-2.0809	-3.0432	-3.1529	-2.3852	-1.0608	-2.6732	-4.8537
-4.7870	-2.7166	-1.4476	-1.6458	-1.2862	-2.9231	-2.9409	-1.6738	-0.0791	-4.9115
-2.8813	-2.2904	-0.5424	-2.6812	-4.9246	-2.8515	-1.1693	-1.1988	-1.1359	-5.1272
-7.0333	-1.3475	-1.5977	-1.5935	-1.3396	-4.0005	-6.1370	-0.9080	0.0072	-5.3486
-4.4613	-0.7499	-1.7837	-3.3206	-3.1843	-0.4860	-0.5139	-1.6706	-3.3171	-4.0108
-5.4850	-1.8351	-0.8173	-3.1846	-3.6541	-1.3443	-2.0101	-2.4076	-1.3592	-2.8306
-5.3825	-1.4342	-2.0868	-5.6287	-3.3322	-2.3276	-1.5021	-1.9988	-1.4489	-6.3997
-8.2807	-2.1164	0.6971	-0.7984	-6.1837	-6.5872	-1.7975	0.2377	-2.2691	-4.8436
-5.3407	-0.1411	-2.2511	-2.9035	-1.7378	-0.8517	-2.0471	-2.8674	-0.6690	-3.2382
-4.5908	-1.3081	0.0533	-4.1187	-3.8120	-1.0987	-1.9722	-2.5666	-0.2137	-4.5695
-4.0462	-1.9552	-1.3024	-1.2038	-3.1470	-3.6157	-1.9640	-2.1258	-1.3152	-3.6966
-5.7219	-1.4570	-0.1335	-3.0232	-4.2937	-4.5403	-2.8653	-0.4318	-0.4547	-6.8935
-4.1829	-0.5947	-2.4303	-4.3453	-0.9872	-2.8603	-3.9756	-0.1589	-1.6760	-6.4642
-4.9503	-1.1132	-1.1675	-2.3367	-2.9768	-2.7570	-3.0070	-1.4602	-1.1265	-3.7788
-4.4828	-0.7574	-0.4593	-2.0442	-2.8173	-2.2103	-1.8268	-1.6315	-2.5775	-3.8819
-5.3581	-0.0693	-1.3579	-3.1722	-1.4718	-1.6974	-4.7934	-2.6001	-0.4618	-4.4512
-5.3226	-1.6437	-1.4056	-2.5551	-0.8700	-2.5263	-4.5429	-2.5184	-0.0373	-5.3506
-4.5656	-1.3850	-1.1903	-2.7340	-2.3253	-2.3888	-3.9922	-1.7703	-0.8724	-6.2145
-4.3753	-0.7241	-0.0703	-2.1154	-2.7531	-3.1890	-1.2254	1.1402	-2.5823	-4.2046
-6.3555	-2.3018	0.6581	-0.5491	-3.9983	-5.2629	-2.9833	0.3970	0.3166	-5.4720
-5.3255	-1.1886	-0.2821	-2.5322	-4.2538	-3.9014	-0.9775	-1.1113	-0.7248	-4.9453
-6.0208	-0.3766	-0.5733	-2.7399	-4.0977	-3.9964	-2.3060	-0.9197	-1.1409	-6.2893
-4.6525	-0.6198	-2.0258	-2.1467	-2.0766	-3.3278	-2.7736	-1.7828	-0.6393	-4.8418
-6.7762	-1.5997	-0.7625	-2.2326	-2.0989	-1.9071	-3.4551	-0.5419	-1.0713	-5.8947
-3.2299	-0.0502	-3.2711	-3.8551	-0.8139	-1.4157	-6.2625	-1.6117	0.6816	-5.6932
-6.8155	-0.4253	-0.4665	-2.4745	-2.9133	-3.5077	-0.9795	-0.0713	-2.3609	-3.4224
-4.5731	-0.0847	-2.5663	-4.4808	-2.4427	-1.3504	-1.4902	-2.3744	-1.2622	-5.3309
-4.1722	-1.2409	-1.3721	-1.5758	-3.8643	-2.7765	-0.8130	-2.2461	-0.5734	-3.9369
-4.0673	-3.3370	-1.2352	-0.9554	-2.8280	-3.6692	-3.0703	-3.4560	-0.9542	-3.9582
-3.9558	-2.1532	-1.9832	-2.6083	-2.9845	-2.3853	-2.2228	-2.0840	-1.9764	-5.5969
-4.9071	-0.7300	-2.7267	-0.9966	-1.7072	-3.5410	-1.5870	-0.7094	-0.5049	-4.7427
-4.1294	-2.3812	-1.7159	-2.8384	-2.6953	-1.8066	-2.2047	-0.7895	-1.3038	-7.1670
-5.1350	0.0117	-1.3414	-2.9802	-2.5659	-2.5331	-2.6395	-0.3539	-1.8099	-5.6466
-4.5857	-2.5773	-1.3677	-1.4586	-2.3302	-3.2666	-2.8758	-0.7088	-1.3834	-6.5535
-4.1428	-2.4626	-0.1301	-1.2482	-3.3202	-2.7816	-2.3648	-0.8033	-1.2086	-5.1515
-4.0553	-1.6147	-0.0412	-1.3846	-4.5657	-4.6035	-2.1440	-0.2351	-0.2507	-5.0006
-3.5844	-2.6746	-2.6441	-1.5551	-2.0378	-2.6258	-5.6276	-2.5191	-0.2905	-4.8003
-4.5287	-0.5103	-1.9010	-4.2010	-2.2304	-4.3944	-2.3880	-0.0193	-2.0912	-5.0600
-5.5954	-2.8130	-0.1531	-2.4086	-6.2900	-4.3241	-1.9534	-1.3329	-1.3049	-4.3251
-3.6587	-1.5081	-1.7019	-2.5766	-2.7025	-1.6255	-1.8829	-2.1737	-2.5125	-4.8332
-7.8888	-0.2195	-0.9861	-3.2431	-2.4854	-2.9256	-1.7017	-1.3896	-0.8766	-3.5359
-3.2723	-0.8908	-3.5794	-2.8123	-2.7222	-3.0119	-0.2859	0.6728	-1.9444	-8.3351
-4.5166	-1.8672	-0.3967	-4.1743	-3.9064	-1.7171	-0.7935	-0.6818	-1.5272	-4.6479
-6.4025	-0.3799	-1.4356	-2.2025	-1.4732	-3.5246	-2.3902	-0.5926	-1.6118	-4.8762
-7.0409	-0.9387	-0.6680	-2.6877	-4.2019	-2.9158	-1.2659	-0.4935	-2.6930	-4.2806
-4.6563	-1.8008	-0.5438	-1.5894	-2.1334	-5.0673	-4.7013	-2.3926	-0.9895	-3.5237
-4.4947	-0.1983	-2.9398	-3.3858	-1.8464	-2.8997	-2.3173	-0.4778	-2.3167	-4.1490
-3.7552	-2.6080	-1.7963	-3.3435	-3.1634	-3.2634	-1.6631	-1.2953	-4.3333	-3.0617
-4.8542	-2.2824	-2.5886	-1.9392	-2.8527	-2.2838	-2.4964	-1.9943	-1.4719	-4.1467
-4.2949	-2.8631	0.0617	-0.3849	-3.7494	-4.8439	-3.0577	-1.1948	-0.7388	-5.6618
-4.4904	-0.5339	-0.7320	-2.8048	-2.2075	-1.5513	-3.8139	-2.3799	-0.9239	-5.6651
-3.4307	-3.0256	-1.2457	-2.0520	-4.5118	-2.9067	-0.9881	-0.5984	-1.3492	-4.5343
-6.3219	-1.4276	-0.7787	-3.0088	-3.0908	-2.2958	-2.5934	-0.7278	-3.1397	-2.5217
-3.6248	-3.4416	-0.9513	-2.2281	-3.6723	-1.1422	-1.4040	-1.2250	-1.5517	-5.8195
-3.5131	-3.0787	0.2860	-1.6793	-4.9880	-2.3357	-1.3038	-2.3859	-1.3957	-5.5995
-3.0215	-1.3009	-1.2616	-4.8864	-4.0108	-1.8257	-3.6588	-1.4992	-0.4187	-5.7140
-5.4630	-0.8886	-2.9044	-2.8852	-2.3786	-3.9579	-2.6564	-0.4762	-1.6005	-5.5781
-2.8645	-0.4179	-2.1642	-4.3161	-2.6750	-2.5751	-2.8479	-1.1277	-0.7173	-4.2749
-4.9420	-1.8055	-0.8103	-1.1982	-0.7245	-2.5595	-3.5108	-0.6041	-2.2586	-5.2863
-4.8207	-2.4515	0.0615	-0.7493	-3.9907	-4.6125	-1.4038	0.0669	-0.9183	-2.8561
-4.9034	-2.9107	0.3714	-1.4965	-4.8439	-4.7143	-3.0353	-0.7539	-0.2890	-7.7423
-5.6077	-1.4201	-1.7293	-2.7156	-2.1640	-2.0556	-2.3821	-1.6259	-3.2678	-3.5294
-5.2081	-1.2399	-1.3544	-3.2209	-2.4546	-1.2126	-2.2234	-3.2593	-1.0495	-2.9371
-7.8871	-0.1251	-0.1544	-3.0717	-4.7744	-3.4474	-1.0534	-1.2063	-1.0149	-7.0890
-5.5491	-0.9132	-0.9678	-3.0531	-4.6299	-2.5529	-1.5166	-1.3054	-1.8626	-5.0908
-5.9792	-0.4808	-1.5221	-1.4590	-2.4597	-3.9514	-5.1815	-1.7301	-0.0733	-6.1459
-5.3205	-1.5993	-1.0030	-1.8648	-3.8945	-3.9001	-2.1036	-1.3227	-3.1529	-5.0408
-3.9192	-0.7200	-1.7191	-4.9913	-2.3519	-0.8593	-3.9814	-2.0831	0.0802	-5.7492
-3.9072	-1.5710	-0.7507	-2.7008	-3.0574	-3.4965	-3.4052	-0.4923	-0.7530	-7.2471
-3.5452	-0.4579	-2.0142	-2.4976	-1.8415	-2.2035	-3.1417	-0.7379	-1.4099	-4.0745
-5.1601	-1.5032	-1.2924	-2.2664	-2.0512	-4.8397	-2.4486	-0.6231	-2.9420	-3.3456
-4.7726	-1.5031	-1.4884	-3.1223	-5.1426	-2.0319	-1.6296	-1.7140	-0.4170	-7.3724
-3.5030	-0.7498	-3.8046	-5.3074	-2.8728	-1.6100	-1.7462	-1.3774	-1.8385	-4.1302
-4.1948	-2.4683	-1.6892	-1.6737	-1.8321	-2.8825	-2.0148	-1.4903	0.3456	-4.9252
-4.7078	0.0928	-1.7175	-4.4605	-3.9677	-3.9290	-0.9257	-1.3208	-0.2698	-7.3207
-4.2141	-0.4114	0.0825	-2.5064	-3.4883	-0.8940	-1.8993	-4.5990	-1.3106	-4.0399
-4.2191	-1.9241	-0.2114	-1.2553	-3.6206	-3.0519	-2.0417	-0.6081	-1.5003	-5.1212
-6.0531	0.4020	-1.8711	-5.3720	-2.8564	-2.0984	-2.2902	-1.3262	-1.1470	-6.1860
-5.3161	-1.6600	-0.8802	-1.7175	-4.3247	-2.4059	-1.5650	-1.3876	-0.4485	-4.0934
-4.3343	-1.7074	-0.8133	-2.1317	-1.3063	-1.1735	-4.8282	-3.8367	-0.6598	-3.5909
-3.8907	-0.9324	-2.3612	-1.4975	-1.4699	-3.4941	-2.1208	-1.5862	-0.5610	-4.1531
-6.3335	-1.9101	-2.2137	-0.5702	-1.7854	-3.9888	-3.1978	-0.3764	-0.6192	-7.3422
-4.6098	-0.8391	-1.0359	-2.8489	-1.2747	-2.5469	-4.7932	-2.9690	-0.9793	-5.0572
-6.7773	-0.5082	-1.0073	-4.3954	-2.4399	-1.8597	-5.6702	-1.7607	0.5945	-4.6073
-3.6058	-3.1987	-0.5216	-0.8634	-3.4218	-4.0081	-2.1455	-1.0936	-0.5385	-5.1356
-4.3123	-1.1760	-1.7007	-2.4600	-3.4410	-3.5418	-0.4849	-0.7152	-3.5894	-4.0453
-4.5051	-1.5776	-1.3144	-2.8107	-3.5511	-4.0837	-3.9157	0.1561	-0.2401	-8.0097
-4.4219	-0.3120	-1.3186	-3.2605	-3.4477	-2.5994	-2.4312	-1.2831	-1.4925	-6.5991
-4.8883	-0.8207	-0.6504	-2.0090	-3.4454	-4.7481	-2.1469	-0.5274	-1.5970	-6.1034
-5.3258	-0.4910	-0.9032	-3.6771	-1.9304	-3.6968	-3.4921	-0.4305	-1.9220	-2.2439
-5.6960	-0.4031	-0.6359	-1.5575	-3.2050	-4.2328	-2.5705	-1.7502	-1.3924	-3.7297
-4.9159	-0.9240	-0.5449	-1.9714	-2.2849	-2.6036	-1.8653	-1.1989	-0.6919	-3.5340
-5.4485	-0.1945	-1.8456	-4.6417	-3.6238	-2.1778	-1.7011	-0.4753	-1.4143	-5.8573
-6.7292	-2.3100	-0.0452	-0.5830	-3.6427	-5.6874	-3.3772	-0.6697	-0.1569	-4.9546
-4.7438	-1.4798	-1.3441	-2.4486	-1.4732	-2.5647	-3.1174	-1.2615	-1.1846	-6.2040
-4.5766	-1.3034	-0.2957	-2.9119	-4.0589	-1.3222	-3.0445	-1.0788	-0.3940	-7.2208
-5.5481	-2.3451	-0.2477	-2.1472	-4.1545	-3.1410	-2.3374	-1.6732	-1.4053	-4.2408
-3.4900	0.2972	-1.6114	-3.1079	-2.8919	-2.3374	-1.0063	-1.5658	-2.5389	-4.0716
-6.4687	-0.6700	-0.2671	-2.4283	-2.0680	-3.0086	-1.3901	-0.1665	-2.0819	-6.7096
-6.2513	-1.6760	-1.7856	-1.7483	-1.5725	-1.9400	-2.7742	-0.9809	-1.9494	-4.5789
-5.0484	-0.9487	-0.3575	-2.1057	-1.7260	-2.8265	-3.9982	-0.5716	-2.8137	-3.1851
-8.0156	0.2204	-0.9090	-4.0388	-2.1779	-3.1910	-2.6673	-0.3913	-1.4145	-5.8968
-8.1608	-1.2572	-1.1947	-2.9309	-3.2824	-4.0903	-3.6663	-1.1897	-0.5528	-6.5883
-3.1999	-2.0447	-3.1939	-1.8957	-1.5522	-1.6500	-2.2876	-1.7071	-1.4837	-7.0878
-4.2626	-0.2483	-2.4775	-3.9735	-3.0550	-1.3419	-3.2380	-2.8601	-1.0290	-3.5302
-5.9857	-1.1731	-0.3751	-3.3030	-3.0524	-1.6537	-2.0891	-3.1030	-0.9760	-3.8354
-5.5295	-0.6501	-2.3914	-3.2428	-1.7428	-1.3419	-2.0160	-3.3539	-0.7866	-4.1578
-5.4755	-1.2770	-1.2544	-1.3130	-4.3006	-3.8274	-2.8587	-3.0145	0.0667	-4.1619
-5.9314	-0.1354	-2.3528	-4.3535	-2.3534	-2.9023	-2.6266	-0.9140	-1.1682	-6.7259
-5.8437	0.1736	-2.5152	-3.3780	-1.3197	-2.8671	-2.3573	-0.1628	-0.8936	-7.1829
-7.4187	-0.7459	0.0816	-2.4222	-6.4918	-3.6128	-1.4483	-1.1610	-2.4328	-4.5623
-5.4452	-0.3370	-1.4203	-2.0541	-2.1800	-2.5282	-5.8353	-1.9933	0.0042	-3.9774
-4.7565	-0.3574	-1.4235	-2.2496	-2.0163	-1.9953	-3.4113	-2.1615	-0.0391	-4.9315
-4.0597	-2.3392	-0.9619	-2.9608	-3.3420	-2.0792	-3.2082	-2.5029	-1.3765	-6.2139
-7.2175	0.2111	-1.9308	-4.3779	-1.0951	-3.4184	-3.9767	-0.3390	-1.4030	-4.9896
-5.6942	-1.7285	-0.5236	-1.7070	-1.8925	-3.6731	-1.9676	-0.4788	-1.1943	-4.0200
-5.0498	-0.6191	-1.0413	-2.8164	-4.4386	-2.0060	-0.3594	-0.1906	-1.9928	-5.6372
-6.2466	-1.7672	-0.9369	-1.7746	-2.7824	-2.0359	-2.5245	-3.0092	-1.3082	-4.9297
