-11.0249	-5.2345	-1.6341	-1.3104	4.0942	3.8896	-0.0470	-1.4548	-7.0266	-10.8706
-10.8685	-6.5897	-2.1440	-0.8801	4.4917	4.2773	-0.9467	-1.6206	-6.0724	-7.5419
-8.6655	-4.6202	-1.3101	-1.8658	4.0757	4.0968	-1.0834	-1.8225	-5.0530	-9.1165
-9.2780	-5.2226	-1.4792	-0.7583	4.0760	3.9508	-0.5966	-1.5366	-6.9053	-9.4700
-10.8405	-6.5438	-1.9189	-0.3827	4.3389	4.2407	-0.6930	-2.3535	-6.9705	-17.7538
-11.7432	-6.8149	-1.6401	-1.3771	4.3037	4.1040	-0.8363	-1.5894	-5.4393	-11.9512
-9.5314	-4.7787	-2.1804	-0.8768	4.3163	4.1738	-1.5167	-2.0505	-5.8030	-9.0641
-9.2586	-4.6860	-1.4181	-1.8900	4.4117	3.9671	-0.3867	-1.5122	-5.9502	-10.4279
-10.7669	-6.1816	-1.2243	-1.2391	4.0219	3.8887	-1.3163	-1.2015	-5.5435	-7.4478
-8.9269	-7.2135	-2.3935	-0.5380	4.2883	4.0838	-0.7371	-1.9921	-5.7502	-9.0378
-8.9439	-5.1337	-1.2940	-1.3106	4.1549	4.3945	-1.0850	-2.1436	-7.6093	-11.6710
-6.7050	-5.2803	-1.5681	0.1597	3.9708	3.8133	-2.1522	-1.5782	-4.9956	-7.2356
-11.4836	-6.2858	-1.6025	0.2447	4.2550	4.2335	-1.5292	-1.5435	-5.5832	-10.6062
-13.3650	-7.4725	-1.9042	-0.6375	4.3096	4.0925	-0.2030	-1.4244	-7.0176	-10.6250
-11.6826	-6.0478	-1.8537	-0.6879	4.3112	4.3858	-1.6987	-1.4255	-7.3230	-10.4606
-9.4048	-5.6313	-1.1629	-1.4367	4.0034	3.9835	-1.0912	-1.5517	-3.8919	-9.6729
-7.4572	-5.5152	-1.5316	-0.9193	4.2286	4.0060	-1.2737	-1.6964	-6.4655	-9.3642
-9.6629	-5.8111	-1.4931	-1.5526	4.3128	4.4397	-0.6568	-2.2135	-7.1130	-10.9824
-9.0046	-5.9009	-2.2342	-1.8997	4.4391	4.4829	-0.6864	-2.3241	-7.3002	-11.4387
-12.2515	-6.4126	-2.1946	-1.3888	4.0846	4.0621	0.0754	-1.1734	-6.1838	-7.9873
-10.6475	-5.5334	-1.0297	-0.6233	3.8737	3.8852	-0.3869	-1.1797	-6.9832	-8.5292
-10.0318	-6.1037	-0.4334	-0.4229	3.8513	3.8736	-1.0748	-1.1787	-6.4761	-9.0118
-8.9260	-4.7780	-1.6041	-0.3146	3.9189	4.0259	-0.5044	-1.0953	-6.8198	-11.1598
-9.6387	-5.2079	-0.6200	-1.2345	3.8722	4.2202	-0.9344	-1.7369	-5.0890	-10.6716
-7.8865	-6.4486	-0.9932	-0.6683	4.1533	3.9756	-1.3845	-1.3370	-7.0067	-8.2221
-10.3538	-4.6905	-1.5502	-1.1702	4.2373	4.1431	-1.8828	-1.3539	-5.8225	-10.4509
-9.1631	-5.9878	-0.8940	-0.7468	4.1438	4.3797	-2.0999	-1.9404	-5.9433	-7.7154
-10.0993	-5.9985	-1.7302	-1.6837	3.8484	4.1604	0.3939	-1.3005	-6.1626	-8.6975
-9.2127	-6.5677	-2.5891	-1.3167	4.3307	4.2275	-0.1898	-1.5753	-5.0831	-8.8966
-7.8145	-6.2704	-1.6754	-0.9628	3.9658	3.9148	-0.5462	-0.6968	-5.4453	-12.2291
-8.7039	-5.7731	-1.2091	-2.4420	4.1359	4.3687	-0.3405	-1.7067	-6.2320	-9.4155
-10.9958	-6.9373	-2.0516	-1.3056	4.4572	4.2828	-1.2684	-1.6849	-7.0585	-8.0737
-8.3938	-5.1739	-1.2502	-1.3406	3.9647	4.1930	-0.3342	-0.9315	-6.1839	-14.5205
-7.5634	-5.4379	-1.4719	-0.3440	4.1084	4.0501	-1.4881	-1.0878	-5.7875	-11.8259
-7.8300	-4.9652	-1.4334	-0.8303	4.2022	3.9141	-1.1709	-1.1695	-6.1710	-7.2810
-13.1084	-6.3200	-1.7123	0.7786	4.1684	4.3071	-1.8205	-2.3833	-7.5157	-12.8824
-7.4059	-4.9752	-0.9104	-1.2194	3.7256	4.1840	-2.2044	-0.8375	-4.9644	-8.2827
-10.3157	-5.6879	-1.4032	-1.0014	4.2057	4.1498	-0.4493	-1.0485	-5.7569	-10.8912
-8.0493	-5.5630	-1.5065	-1.9058	4.1702	4.3091	-0.7422	-1.4880	-6.0833	-8.5111
-9.3752	-7.4256	-2.9008	-0.5476	4.4297	4.3835	-2.0872	-2.3832	-6.0073	-9.3267
-8.7421	-6.7731	-2.1620	-1.4759	4.4490	4.1909	-0.6834	-1.6841	-6.9462	-9.4589
-8.5432	-5.8796	-0.9398	-1.2628	3.9903	3.8918	-0.5882	-1.2268	-6.7629	-9.4284
-9.8910	-5.6733	-1.0901	-1.1759	4.0079	4.2403	-1.0602	-1.5073	-5.2444	-10.9161
-10.2651	-5.9960	-2.5764	-0.9344	4.5172	4.3213	-2.7610	-2.1020	-5.8998	-6.4939
-9.9484	-6.7230	-1.1285	-0.7584	4.1192	3.9413	-0.2620	-0.5658	-7.6761	-10.0083
-7.6358	-5.8453	-2.0983	-1.7702	4.0031	3.8275	-0.6023	-1.1518	-4.3341	-7.9418
-9.8823	-4.8462	-1.0747	-0.9979	3.9605	4.2975	-1.2440	-1.4696	-6.6966	-8.9515
-8.6697	-4.5848	-1.1609	-1.9988	4.2543	4.2470	-1.5176	-1.5803	-5.7347	-7.2422
-7.9431	-5.4478	-2.0631	-0.5210	4.3442	4.0478	-2.5808	-1.8372	-6.1090	-8.7581
-10.0265	-5.6449	-1.3834	-0.2943	4.0900	3.5778	-1.1055	-0.8943	-5.7769	-8.2986
-12.8138	-5.5437	-1.3461	-0.5833	4.2121	4.1333	-1.6768	-1.5780	-6.1754	-11.6154
-12.8601	-6.3517	-1.2311	-1.3512	4.3370	4.4446	-1.6483	-2.6751	-5.5695	-10.0869
-8.2877	-3.9316	-1.4010	-1.3031	3.9438	4.1333	-1.1053	-1.6358	-6.3602	-6.9073
-7.9234	-7.3631	-1.3605	-1.1820	4.0949	4.1726	-0.6182	-2.4412	-5.2070	-8.7671
-9.8680	-4.6390	-1.1079	-1.4108	3.8195	3.7831	-0.7965	-0.8331	-4.2424	-9.5606
-9.4556	-4.0560	-1.0305	-1.2020	4.1512	3.8502	-1.4888	-0.7816	-5.8943	-9.5037
-7.9028	-6.0548	-1.8048	-0.4956	4.1431	3.9125	-0.8737	-1.4671	-6.2405	-12.3344
-11.4215	-6.8147	-1.9462	-0.2477	4.4169	4.0197	-1.2797	-1.1071	-5.8631	-12.1637
-8.7050	-5.7634	-1.7288	-1.8585	4.1682	4.4469	0.3387	-2.2839	-7.3992	-9.3076
-9.7118	-3.9705	-1.3062	-2.5903	4.1901	4.1801	-1.4094	-1.6883	-5.5229	-6.9996
-8.4545	-5.3774	-1.0430	-1.7639	4.2086	3.9220	-0.9653	-1.1846	-5.2635	-8.4816
-8.7217	-5.5024	-1.6121	-0.8444	3.9670	4.1018	-0.2739	-1.9982	-7.0100	-8.3023
-9.7487	-7.7498	-0.7852	0.0119	4.0197	3.9784	-1.7043	-1.4485	-5.5560	-7.6019
-10.1214	-5.2962	-1.1178	-1.0721	3.6934	4.0441	0.2334	-1.3197	-6.9745	-8.9943
-9.4264	-6.1521	-2.2250	-0.8753	4.3645	4.4355	-0.6501	-2.7736	-6.1566	-8.2779
-9.0041	-6.1743	-2.1396	-1.2754	4.3883	4.3190	-0.8197	-1.5632	-5.9863	-8.1994
-10.0874	-5.6961	-1.7101	-0.5941	3.9626	4.4356	-0.6979	-1.6174	-6.5897	-9.3770
-9.7106	-5.4143	-2.2826	-1.6416	4.3340	4.2186	0.0028	-1.1440	-6.9633	-9.3006
-15.4616	-7.2900	-1.3875	-1.0306	4.2323	3.9806	0.0472	-0.9372	-8.1620	-10.8320
-8.2605	-5.8436	-1.9440	-0.3370	4.2669	4.0018	-1.3872	-1.9408	-4.6035	-10.7002
-8.5356	-8.8560	-1.7537	-1.6812	4.1136	4.3046	0.6332	-1.5481	-6.0629	-8.5577
-12.1296	-5.6745	-1.1745	-1.3312	3.9867	4.0905	-0.3430	-1.3727	-5.7072	-11.8189
-9.7153	-6.3055	-2.0331	-1.3692	4.3478	4.0581	-0.6829	-1.0109	-5.6567	-9.1104
-8.7866	-6.2460	-1.8079	-0.6190	4.0840	3.9050	-0.4834	-1.1923	-6.6521	-10.4195
-8.2580	-4.7465	-1.0526	-1.4780	3.9227	3.8439	-1.3476	-1.0653	-4.7259	-9.2083
-11.9491	-6.4026	-1.9601	0.3516	4.1149	4.0783	-1.4472	-2.3101	-4.2713	-7.6018
-10.0460	-5.4528	-1.8580	-1.1362	4.2544	4.0395	-1.2431	-0.9300	-4.0695	-11.6327
-7.5930	-6.6838	-1.3060	0.0392	3.9846	3.8585	-0.2421	-1.4541	-6.0961	-8.7299
-8.9981	-4.7087	-2.2684	-1.5164	4.1498	3.5597	-0.3161	-1.1450	-4.6377	-7.2572
-8.8584	-4.9545	-1.7054	-1.3947	3.9540	4.2284	-0.7122	-2.3032	-5.0536	-7.3842
-8.1290	-5.3556	-1.5173	-0.0238	3.6836	3.9061	-0.5563	-1.3350	-4.9451	-10.8011
-7.9548	-5.9322	-1.7852	-0.3492	4.1198	4.1295	-0.7300	-1.3403	-8.3327	-10.4708
-9.3646	-5.5211	-1.1818	-0.4528	4.0947	4.2790	-2.2753	-1.4923	-4.8118	-10.1849
-10.0815	-6.4841	-1.9540	-2.4298	4.3809	4.0544	-0.4242	-0.9122	-6.3504	-12.6151
-15.7303	-5.2717	-1.4399	-1.5893	4.4288	4.3616	-1.0634	-1.4775	-5.7236	-9.6251
-9.1637	-5.9825	-1.3652	-1.8937	4.1344	4.3411	-0.6936	-0.9845	-5.8975	-10.7643
-11.1273	-5.5201	-1.4068	-0.1244	3.8078	3.6598	-0.6938	-1.3062	-4.5818	-7.9594
-10.3589	-7.0785	-1.9931	-0.5261	4.0217	4.4345	-0.2176	-2.8489	-8.5915	-15.3148
-8.3036	-5.4088	-1.3453	-1.7752	3.8512	3.8915	0.5941	-0.8106	-5.9718	-10.0356
-7.1485	-6.2671	-1.4358	-0.4048	3.7416	3.7744	0.1647	-1.0889	-5.6318	-8.1325
-10.7380	-8.1180	-1.5841	-1.2429	4.1218	4.4866	-0.2571	-2.1011	-7.5141	-10.3464
-9.9420	-4.2905	-1.5118	-1.9148	4.2213	4.3309	-0.7880	-2.3232	-5.7930	-8.0502
-10.9652	-4.6437	-0.9761	-1.9050	4.1154	4.2322	-1.4172	-1.3162	-5.0938	-9.8797
-9.2198	-6.5586	-2.2275	-1.0408	4.3815	4.3107	-1.2910	-2.2431	-5.3636	-9.7458
-9.1842	-4.4094	-1.4824	-2.7510	3.8329	3.8054	-0.2706	-0.6957	-4.5400	-10.1978
-8.0630	-5.0716	-0.8784	0.0438	3.9396	4.2593	-2.1491	-2.6994	-5.2439	-11.6660
-14.5371	-6.2542	-1.2929	-0.6152	4.2644	4.2322	-0.5433	-2.0690	-5.9680	-10.9568
-10.6486	-5.4921	-1.4440	-1.4469	4.0010	4.1796	-0.6348	-1.4617	-5.4816	-11.3737
-10.6407	-5.3178	-1.2488	-1.3936	4.0294	4.2137	-0.8557	-1.0330	-5.7074	-9.9353
-8.8947	-6.7038	-1.7429	-1.1967	3.8668	4.2752	0.3017	-1.4314	-6.2068	-13.2563
-10.4898	-3.4994	-1.4339	-1.9357	3.9599	3.8175	0.0966	-0.9356	-6.5224	-7.9717
-10.2852	-8.7602	-1.7274	0.2892	4.3755	4.2786	-1.0583	-2.0353	-7.7311	-12.9999
-7.1684	-4.9292	-2.4655	-1.4856	4.0551	4.0391	-0.8996	-1.5078	-5.1056	-8.4102
-9.3136	-7.8320	-2.1745	-1.5186	4.3030	4.2968	-0.2235	-2.1998	-7.1157	-7.8644
-9.7733	-5.5324	-1.0205	-0.8563	4.1948	4.2648	-1.8545	-2.0991	-5.5101	-7.1132
-9.3681	-6.1746	-2.0516	-1.2236	4.1712	3.9646	-1.1895	-1.4650	-4.8525	-10.3519
-7.5923	-6.8997	-2.8577	-0.7634	4.2074	4.1379	-1.0532	-1.6617	-5.3962	-13.1670
-8.5297	-6.1949	-2.1256	-0.7108	4.1419	4.0900	-0.5962	-1.4563	-4.6948	-10.0453
-8.6610	-7.7579	-1.8650	-0.0845	4.0707	3.8594	-0.9473	-1.3028	-6.4378	-6.7564
-8.6460	-5.6474	-2.1000	-1.9063	4.3619	4.1932	-0.6453	-1.7741	-7.8511	-10.5260
-9.7102	-5.4931	-1.6372	-0.8736	3.8194	4.2308	0.6419	-1.9144	-7.7172	-9.1976
-5.9100	-4.2464	-1.1834	-1.0447	3.6243	4.0804	-1.2583	-1.7800	-4.2737	-8.8294
-8.0238	-7.4933	-2.3234	0.0187	4.3533	4.2768	-1.5700	-1.8200	-6.2562	-14.7464
-9.0013	-5.4234	-0.8889	-1.1949	4.0737	4.0961	-0.7269	-1.4205	-6.2273	-13.7045
-7.6123	-5.7810	-2.9163	-1.7498	4.0809	4.0046	-0.5003	-1.2927	-6.0515	-8.2862
-7.3779	-5.5983	-1.2991	-0.8314	3.9328	3.9049	-1.1970	-1.9291	-4.5729	-8.5824
-7.1071	-5.2122	-1.5325	-1.4616	3.9777	4.1311	-0.9928	-1.6276	-5.1561	-7.8360
-9.5312	-5.7751	-1.5140	-0.8440	4.2737	4.1210	-2.3962	-1.2448	-5.7745	-8.6109
-10.1045	-5.2432	-1.7756	-1.8207	4.2592	4.2974	-0.9053	-1.6052	-7.0397	-12.9611
-6.1354	-5.5622	-2.5648	-0.9091	4.0905	4.4265	-0.9955	-2.0123	-5.5655	-11.8982
-12.4477	-7.0230	-1.6468	-0.7878	4.1374	3.9535	-0.4714	-1.3252	-4.9819	-10.7025
-7.7891	-6.0245	-0.8630	-0.2310	3.6632	3.8406	-0.7069	-1.5158	-5.4135	-8.3717
-11.6554	-6.2533	-1.0193	-0.3640	3.7089	3.8107	0.0713	-1.0817	-7.0487	-11.9835
-10.3876	-7.0417	-1.7855	0.2542	4.3981	4.1114	-1.3443	-1.8115	-8.5751	-8.5948
-8.4317	-5.5253	-1.6411	-1.7234	4.0111	4.4396	-0.6590	-1.5397	-6.2143	-12.1818
-9.3509	-4.7966	-1.3436	-1.2553	3.9157	4.1406	-1.1766	-1.3430	-5.3912	-9.8563
-10.8591	-5.1207	-0.7576	-1.3716	3.9835	4.0842	-2.0094	-0.7258	-5.1244	-12.5452
-10.2461	-6.2747	-1.7696	-0.3751	4.0357	4.1967	-1.7471	-2.0367	-4.7499	-8.9174
-8.3813	-8.2974	-2.0332	-0.7094	3.9925	3.8433	0.0062	-1.4488	-5.2180	-7.1927
-12.9780	-7.3752	-0.8602	-0.4185	3.9678	4.4823	-0.3321	-2.0224	-7.2622	-11.1656
-8.9898	-5.6861	-0.6869	-1.3791	3.6890	4.2897	-0.6693	-1.9420	-5.7739	-9.1644
-7.9217	-5.7210	-2.2157	-0.5528	4.0948	4.0108	-1.4479	-1.4253	-5.3022	-8.5497
-8.8484	-7.3737	-1.3456	-1.2567	4.1491	4.4500	-0.3076	-1.9148	-6.3789	-10.6416
-10.5667	-6.7907	-1.6515	0.0545	4.3073	4.1331	-2.0294	-1.7083	-5.8998	-11.5701
-9.3599	-5.8361	-1.5650	-0.8164	3.9707	4.2197	-0.0958	-2.4728	-7.2724	-8.0366
-6.9168	-6.1573	-1.0367	-0.4209	3.8987	4.0196	-2.6622	-0.9914	-6.1848	-9.9980
-10.5127	-5.3288	-1.2356	-0.0720	3.9145	4.0417	-1.4095	-1.5688	-7.5266	-8.3141
-8.8989	-7.2857	-1.9016	0.0747	3.9944	4.2253	-1.6359	-2.3582	-4.9442	-9.8356
-9.7573	-6.5752	-2.1424	-1.1153	4.5111	4.2861	-1.9565	-1.9901	-5.0194	-9.6607
-10.8299	-6.0204	-1.8089	-1.4717	4.1599	4.0115	0.2223	-1.8233	-5.3662	-9.1265
-12.3569	-7.6229	-1.0509	-0.7304	3.8410	4.2475	0.0444	-2.0454	-6.4316	-10.3247
-10.3668	-4.7343	-1.2162	-1.8945	4.3807	4.1481	-0.9248	-1.2080	-6.2813	-8.7521
-9.9008	-5.0244	-2.1312	-1.3359	4.2995	4.1884	-0.5539	-1.9670	-7.6019	-11.7489
-7.2837	-7.2395	-1.7314	-0.2439	3.9234	4.2545	-0.1724	-1.8236	-8.2108	-9.5476
-9.5292	-5.9293	-1.7168	-1.1115	4.1598	4.1909	-1.2678	-1.2149	-7.3393	-11.0018
-8.2798	-5.3205	-0.8068	-0.9315	4.0680	4.1978	-1.2854	-2.0637	-6.1862	-7.4962
-11.1957	-6.9787	-2.0661	0.1245	4.2858	4.3364	-0.9157	-2.1845	-7.4198	-10.5458
-9.5877	-5.4297	-1.0416	0.1242	3.8733	4.2004	-2.1574	-1.8719	-6.3410	-9.9918
-8.4090	-6.1285	-1.2201	-1.3394	3.6950	4.0799	-0.4077	-1.3852	-5.3238	-7.0590
-8.0354	-4.3994	-1.3964	-1.2215	3.9087	4.1227	-1.0237	-2.0563	-5.0417	-11.0223
-8.9219	-8.0862	-1.5465	-0.1412	4.2074	4.3525	-1.4220	-1.7938	-6.4408	-13.5426
-7.2969	-5.0198	-1.0542	-1.3102	3.7021	4.0270	-0.4857	-1.4110	-5.6426	-11.6481
-10.5434	-6.8893	-2.3451	-1.8331	4.6011	4.1393	-0.0185	-0.9094	-6.8581	-11.2978
-8.7193	-5.5255	-1.7460	-0.7867	4.1798	4.0086	-1.7932	-1.8718	-4.6967	-5.6212
-9.4461	-5.0090	-1.4928	-0.1070	4.0308	3.8941	-1.3086	-2.1693	-6.7815	-8.4575
-10.9972	-5.0466	-1.5701	-0.7346	4.1037	3.9565	0.3565	-1.2497	-6.2297	-9.6558
-14.3429	-6.0167	-1.8153	-2.1799	4.3291	4.0967	-0.2826	-1.2143	-6.5268	-8.9517
-10.1906	-4.5126	-0.8746	-0.5984	4.0724	4.0886	-2.0271	-1.4497	-5.3280	-11.3757
-9.6330	-6.4083	-2.6242	-0.0068	4.4755	4.1174	-1.6289	-1.4453	-8.1317	-8.3550
-10.6507	-4.4008	-1.3298	-1.7546	4.0454	4.1707	-0.9829	-1.0791	-5.9310	-8.5092
-9.0147	-6.5947	-0.7691	-0.0504	4.0646	4.0464	-1.7153	-1.4636	-5.4833	-9.4909
-8.6674	-5.9931	-1.2405	-0.7526	3.9128	4.1985	-0.2424	-1.4027	-7.1410	-10.3596
-7.5015	-7.6849	-1.4456	0.0046	4.2435	4.2670	-1.4330	-2.2372	-7.1627	-9.8897
-9.1222	-7.3115	-1.5986	0.3198	3.7571	4.0145	-1.1103	-1.5087	-4.7385	-10.4899
-12.2426	-7.4986	-0.4088	0.0839	3.7986	3.8813	-0.7807	-1.6361	-5.7025	-9.7750
-9.1998	-6.1388	-2.1334	-2.0519	4.4143	4.1299	-0.5011	-0.9751	-6.1688	-10.0343
-11.3564	-4.9565	-0.6921	-0.6705	3.7699	4.0866	-1.3398	-1.8318	-4.4031	-10.9999
-8.7038	-5.7017	-1.6977	-1.5441	4.1829	3.9788	-0.5057	-1.0973	-5.6543	-9.6373
-12.8131	-8.5427	-1.0883	-0.6303	3.9616	4.2119	-0.2626	-2.6119	-8.1488	-7.7958
-10.3343	-5.8594	-1.7518	-1.3766	4.3404	4.2281	-1.3796	-1.5874	-5.9740	-11.5010
-12.9064	-5.5425	-1.1477	-0.8537	4.1268	4.0830	-0.7919	-1.2359	-7.2572	-10.0377
-12.6731	-6.7048	-1.2580	-0.8746	4.2915	3.8577	-0.5392	-1.2293	-5.9499	-9.4655
-11.6901	-5.1882	-0.9125	-0.5957	4.1822	4.3724	-2.0941	-1.4958	-8.0790	-11.7475
-9.2485	-6.5753	-0.9600	-1.4915	3.9926	4.1181	-0.2418	-1.2699	-5.5350	-9.5141
-9.8325	-6.2307	-1.0361	0.0638	4.0253	3.9703	-0.9243	-1.8996	-7.1763	-11.0587
-11.1438	-5.7827	-1.4028	-1.0824	4.1415	4.3755	-1.1538	-1.7004	-6.7614	-11.7781
-9.1218	-6.2572	-0.6357	-0.5997	3.7348	3.6691	-0.7087	-1.2590	-5.2761	-8.1314
-8.0170	-6.8457	-1.2093	0.7940	3.8979	4.1519	-1.7650	-2.1431	-5.1268	-11.0066
-10.6453	-6.0614	-1.3459	-0.5397	4.1208	3.9230	-1.2356	-1.1395	-6.1348	-9.5451
-10.5736	-6.4622	-1.6173	-0.9730	4.1393	4.1890	-0.6961	-1.4864	-5.2661	-8.0950
-8.8293	-5.5344	-0.8518	-1.4725	3.7166	4.3365	-0.1431	-1.0647	-5.7364	-11.0458
-8.5442	-4.9473	-1.8670	-1.6893	4.3232	4.3128	-2.3689	-1.8029	-5.3770	-8.8230
-12.2078	-5.0745	-0.7124	-1.0284	3.8176	4.1194	0.1028	-1.7137	-7.0800	-12.9463
-8.9027	-4.4884	-0.6692	-0.5266	3.8722	3.6810	-1.4839	-1.0353	-4.7549	-9.6221
-7.7015	-4.6843	-1.6882	-0.7048	3.8120	3.7989	-1.0389	-1.3740	-4.2463	-10.1325
-11.8020	-4.6495	-1.0536	-0.5993	3.9425	3.9928	-1.6127	-1.5200	-6.3877	-8.0961
-9.8026	-3.8584	-1.2618	-1.5289	3.9614	3.9024	-0.4285	-1.0947	-5.6246	-8.9856
-8.3882	-7.4142	-2.1003	-0.7969	4.2966	4.5220	-0.9154	-2.1486	-6.5123	-12.2641
-11.4242	-7.6638	-1.5252	-0.1310	4.3807	4.0015	-0.9737	-1.2999	-5.6954	-10.4456
-11.7293	-5.7708	-1.0149	-0.8028	4.2916	4.4919	-1.3314	-2.0725	-6.4821	-12.2976
-7.8225	-7.1525	-1.2820	-0.7343	3.8546	4.3639	-0.7901	-2.1321	-5.6180	-9.3875
-8.9585	-4.6257	-1.3681	-1.3541	4.2146	4.3762	-0.9351	-1.3829	-8.6277	-11.8235
-8.8346	-6.8731	-1.2735	-0.2961	3.9514	4.2168	-0.9810	-1.8921	-6.3734	-13.9943
-11.2239	-4.9166	-1.6296	-2.6349	4.2528	4.1791	0.0078	-2.1210	-5.8375	-8.1327
-9.5477	-4.0128	-0.5610	-1.7165	3.5094	3.8923	-1.2374	-0.9051	-5.7167	-7.6534
-9.6045	-7.7890	-2.0210	-0.4250	4.5790	4.0757	-1.8527	-1.5347	-5.3075	-7.9299
-8.3992	-6.4221	-2.5681	-1.6648	4.4106	4.2914	-0.9567	-1.9042	-4.5372	-9.8940
-11.1536	-6.0840	-1.5757	-0.6283	4.1536	3.9434	-1.2012	-1.1694	-7.7639	-10.7515
-8.9141	-6.1054	-1.3573	-0.9281	3.8016	3.9456	-0.3623	-1.3359	-4.7480	-8.8229
-8.0618	-4.6714	-0.9626	-1.7719	4.0395	4.0016	-1.6199	-0.8083	-4.6647	-9.9812
-9.2133	-7.3828	-2.5116	-1.3718	4.1891	4.2870	-0.0531	-1.9118	-5.7190	-8.1534
-9.5803	-5.3351	-1.6276	-0.5700	4.1008	3.8696	-0.8033	-1.4941	-6.3467	-10.0197
-8.4510	-6.0565	-1.2350	-1.3794	4.3603	4.3975	-1.3996	-1.5184	-6.9076	-11.2669
-10.0608	-7.2084	-1.6726	-1.2903	4.1743	4.1915	-0.6119	-1.3544	-7.7652	-9.9255
-9.4540	-5.9301	-1.2545	-2.3580	3.8560	4.2539	-0.1809	-0.7808	-5.2901	-10.0256
-6.5811	-5.0248	-1.6177	-2.7799	4.0325	4.3347	-1.1996	-1.3577	-5.7336	-7.6422
-11.3855	-6.5189	-1.9248	-2.1175	4.2789	4.2604	-0.1434	-1.3549	-7.9842	-12.1917
-6.8221	-3.8749	-1.7992	-1.4426	4.0363	3.8700	-1.5788	-0.9744	-4.6208	-9.1035
-7.5155	-4.8348	-1.7058	-1.4437	3.9415	3.9116	-2.0432	-1.0582	-4.2283	-8.0426
-9.0524	-6.7295	-2.0962	-1.2287	4.1597	3.8734	-0.3360	-1.2720	-4.2875	-9.0823
-9.1040	-6.2243	-2.3103	-1.5644	4.5983	4.4199	-1.6089	-1.7303	-6.1080	-10.0416
-7.6595	-5.4499	-1.7915	-0.6335	4.0897	4.0635	-1.2615	-1.4278	-5.6756	-10.3595
-9.7670	-6.1909	-1.3919	0.1614	4.1017	4.0342	-0.5746	-1.4759	-7.0811	-11.2826
-9.9654	-4.9155	-1.3502	-0.7397	4.2323	4.0361	-1.4687	-1.0598	-7.5084	-8.9991
-10.3876	-5.6107	-1.7835	-0.8789	4.3784	3.9266	-0.9585	-1.2124	-6.5181	-7.3463
-6.2598	-4.3372	-1.6435	-1.0388	3.7151	3.9069	-0.7153	-1.8938	-5.3676	-7.4167
-7.0864	-5.9639	-1.8256	-1.1458	4.0399	4.0457	-0.1653	-1.8145	-7.3952	-7.5615
-8.1128	-5.4403	-1.6978	-1.6531	4.3873	4.2291	-0.9020	-1.4043	-5.5943	-10.5358
-9.8734	-7.3082	-1.9215	-0.3518	4.0957	4.1173	-0.8921	-1.6072	-5.5543	-8.7433
-8.2004	-6.1226	-1.6562	-0.8938	4.2471	4.1036	-0.4829	-0.8634	-6.3403	-12.0692
-11.2360	-5.8870	-1.5547	-0.2396	4.1335	4.1384	-1.1910	-2.0368	-5.8516	-9.4723
-9.3321	-6.9195	-1.1366	-0.5096	3.7386	4.0761	-0.9214	-1.5801	-5.0559	-11.1062
-11.1267	-6.1729	-2.4187	-2.2176	4.4993	4.3518	-1.0146	-1.6324	-7.1782	-10.3422
-10.0786	-7.1403	-2.2510	-1.0687	4.4826	4.1357	-0.8392	-1.2663	-5.6271	-10.7552
-13.3353	-7.2520	-2.5620	-1.0077	4.6758	4.2916	-2.3594	-1.2706	-5.3123	-9.7526
-9.9049	-7.2252	-0.8279	-1.2304	4.0592	4.3999	-0.6844	-1.6999	-7.4647	-8.5301
-6.6438	-6.0331	-2.5231	-1.2680	4.2536	4.2657	-1.7742	-1.4981	-5.4019	-8.8147
-8.0867	-5.5620	-1.0153	-0.6494	3.9045	4.1762	-1.9496	-1.7458	-5.0931	-9.6863
-10.5463	-4.6572	-1.5004	-1.0967	4.1322	4.0686	-1.3721	-1.7456	-5.2545	-8.6088
-8.9915	-6.8932	-0.6882	-0.7494	3.9928	3.9790	-0.7041	-2.0333	-5.8747	-8.4889
-10.6872	-5.9027	-1.1496	-0.9132	4.0279	3.9508	-0.3414	-0.7409	-6.1901	-10.5001
-11.0498	-5.3626	-1.4020	-1.4115	4.2758	4.3572	-0.1456	-2.0668	-8.4519	-9.9082
-9.2377	-6.2705	-1.5384	-0.7756	4.1302	4.0990	-0.8355	-1.3203	-6.0690	-8.8884
-12.3219	-7.0177	-1.2945	-2.0364	3.9525	4.1826	0.2151	-1.5942	-6.2296	-9.3825
-9.2953	-5.3930	-1.2336	-0.8504	4.2522	4.2045	-0.7257	-2.0656	-5.3459	-10.3492
-10.9779	-6.3217	-1.6868	-0.4737	4.0024	3.9635	-0.9430	-0.8559	-4.5925	-9.7286
-9.1255	-5.7896	-2.0734	-0.4839	4.2983	4.0051	-1.2408	-0.9520	-7.0226	-12.3237
-12.2776	-7.5140	-1.2365	-0.5334	3.9072	4.0486	-1.4959	-0.9991	-4.8639	-7.5385
-8.0098	-7.4482	-1.1246	-0.8555	3.8023	4.1652	-0.4864	-1.4006	-4.8479	-8.5030
-14.4633	-5.9063	-1.7718	0.1375	4.3045	3.8838	-1.6797	-1.1848	-8.2905	-10.8798
-11.4320	-6.2132	-0.8234	-0.5687	4.1047	4.0210	-0.7106	-1.3179	-7.2427	-12.4175
-9.7473	-5.8285	-1.1537	-1.9233	4.2812	4.5259	-0.8618	-2.3571	-5.6695	-8.6888
-11.9889	-8.0033	-1.4352	-0.5244	4.1250	4.1870	-1.2798	-0.9417	-5.0773	-11.4760
-7.2817	-5.3114	-2.0870	-0.6429	4.1141	3.8453	-1.0929	-0.5906	-5.7850	-11.6682
-9.7899	-8.9005	-2.0778	-0.5682	4.1906	4.0825	-1.6578	-1.4591	-4.6551	-10.1624
-10.8618	-5.5052	-1.2508	-0.3799	4.2014	4.0015	-0.9687	-0.6793	-6.0395	-9.9293
-6.4877	-6.8179	-1.7421	-0.8053	3.8531	4.2121	-1.0259	-2.3679	-5.9604	-9.8729
-9.6958	-6.8636	-1.1587	-1.8601	4.0110	4.2350	-0.0313	-0.9718	-5.8073	-10.0148
-14.5476	-7.1361	-1.8800	-0.3717	4.1412	4.2419	-0.9857	-1.3685	-5.3783	-10.9401
-8.0825	-4.5170	-1.8257	-1.0345	3.9198	4.0272	-0.8133	-1.5592	-6.9183	-9.8284
-9.2163	-5.1543	-1.2986	0.1585	4.2748	3.8237	-2.2499	-1.3506	-6.7419	-11.0815
-13.4213	-4.2962	-1.2753	-1.2722	4.1826	4.0316	-1.5647	-1.1405	-5.2315	-9.6965
-9.0219	-5.9970	-1.3040	0.1206	3.9818	3.8197	-1.3157	-1.2444	-5.8995	-8.5874
-9.4216	-4.3439	-1.4557	-0.9984	4.0851	3.7218	-1.0261	-1.1166	-6.3423	-9.5958
-13.0293	-5.6352	-1.6250	-1.7918	4.2763	4.2838	0.2790	-1.5810	-7.0317	-13.0725
-12.0388	-8.7762	-1.8947	-0.3661	4.1969	4.5583	-1.6080	-2.7069	-4.8581	-8.4633
-11.4218	-5.0250	-1.4856	-1.4818	4.2768	4.1507	-1.3676	-1.3565	-5.6038	-9.5583
-9.5378	-4.5577	-0.8714	-0.5078	3.8580	4.0287	-0.6436	-1.5709	-6.2548	-10.0915
-8.5274	-4.7310	-1.3723	-1.8333	4.0779	3.9597	-0.5713	-0.8720	-4.6561	-9.7863
-8.1987	-6.2162	-3.0474	-0.8621	4.4461	4.0859	-0.9908	-1.3934	-5.3838	-12.2665
-10.0453	-4.4856	-1.2172	-1.8890	4.0849	4.4220	-0.9841	-2.7917	-6.1557	-9.9926
-9.3693	-6.4426	-1.7784	-1.5032	4.2503	4.0493	-0.7851	-1.0531	-4.7243	-11.0715
-7.8076	-5.0224	-1.9143	-1.4847	4.3558	4.4121	-1.1091	-1.6996	-7.7952	-10.2610
-10.3762	-6.1480	-2.1903	-0.9356	4.0705	4.2133	-0.7114	-1.9397	-5.9610	-8.4572
-10.1241	-5.7506	-0.9991	-1.4115	4.1034	3.8688	-0.7637	-0.6694	-6.1834	-13.6251
-9.6890	-5.7118	-2.0721	-0.7497	4.1053	4.1529	-0.2365	-2.0499	-6.1972	-10.9865
-11.1127	-5.6207	-1.7672	-0.3128	4.3061	4.1926	-0.6845	-1.8384	-8.2125	-11.7914
-9.7828	-7.0685	-1.2924	-0.8069	3.9884	4.1200	-0.5733	-1.4352	-5.4138	-8.5220
-12.2247	-5.3721	-1.3792	-1.6801	4.2641	4.2123	-0.0016	-2.1384	-7.3981	-8.5873
-6.5692	-4.6321	-1.8479	-1.7468	3.6492	4.1094	-0.2943	-1.3734	-5.6658	-9.4339
-8.2230	-5.0742	-1.0759	-1.7110	4.0591	4.3206	-0.7728	-2.2042	-8.6845	-8.8122
-9.8665	-5.2850	-1.3432	-1.2758	4.0010	4.1698	-0.9531	-0.9758	-5.6358	-9.5158
-9.0110	-4.9956	-1.0906	-0.9151	3.9100	3.7722	-0.3248	-1.1811	-6.3577	-8.5634
-10.0152	-5.6533	-1.4180	-1.7401	4.0986	3.9033	-0.4782	-0.9610	-5.2310	-7.4767
-7.1689	-5.8121	-2.0725	-1.3775	4.1972	4.0149	-0.5588	-1.6273	-4.9442	-7.2404
-9.8138	-6.7826	-1.8699	-1.2508	4.2955	4.1795	-0.8689	-1.5057	-4.8312	-10.4252
-9.9886	-5.6371	-1.8127	-1.2772	4.2234	4.2382	0.2172	-2.1500	-6.3462	-9.5141
-9.2676	-4.5350	-1.5351	-1.6183	4.0480	3.9852	0.3234	-1.2321	-6.7597	-9.8497
-17.5903	-7.1370	-0.8481	-0.9804	4.3273	4.2585	-1.5974	-1.6787	-4.8345	-11.7318
-8.2330	-4.2524	-1.0512	-1.0205	3.8135	4.2225	-0.6017	-1.6905	-5.7126	-9.7770
-9.4877	-5.3023	-1.2226	-0.2096	4.1668	4.0399	-1.4945	-1.5777	-5.4688	-8.3410
-11.0884	-6.5903	-1.0981	-0.9088	4.0126	4.2966	-0.5152	-1.2158	-6.7548	-10.2340
-11.3654	-6.4219	-1.6156	-0.4327	4.1823	4.0942	-0.4284	-1.7375	-6.8896	-11.9776
-10.1640	-4.2629	-0.4038	-1.3254	3.6913	3.7807	-0.7511	-1.5503	-4.8981	-8.8839
-11.3095	-6.0044	-1.1121	-0.0192	4.0509	4.3193	-0.4852	-2.1734	-6.9047	-12.9723
-6.5083	-6.3210	-1.4796	-0.9143	3.9190	4.1965	-1.0064	-1.8504	-4.0613	-8.7051
-11.0469	-7.3011	-1.5458	-1.0697	4.2925	4.4741	-1.7837	-1.5375	-4.7303	-11.0433
-10.1257	-5.9395	-1.1463	-0.4294	3.9131	4.1428	-2.1658	-1.8902	-4.1699	-7.6862
-8.3121	-6.0331	-1.6164	-0.2900	3.9922	4.0851	-0.7467	-1.8935	-7.2877	-13.3326
-11.4503	-4.7858	-1.3879	-1.5008	4.3904	4.1658	-1.1790	-1.6798	-5.1908	-9.2306
-9.0995	-6.3279	-2.5826	-0.1359	4.2361	4.2144	-1.4000	-2.2519	-5.8214	-10.9308
-10.1470	-6.4599	-1.4594	-1.2058	4.0157	3.9667	-0.7504	-1.4874	-5.5871	-8.2967
-8.9630	-4.9867	-1.7592	-2.6193	4.3258	4.2536	-1.3056	-1.3025	-6.6483	-8.9863
-9.5704	-7.4165	-1.6860	-0.5830	4.1277	4.0534	-0.2695	-1.3666	-7.8348	-9.0219
-9.8190	-5.5788	-1.6857	-2.1877	4.2830	4.2523	-1.4355	-1.0629	-4.3979	-8.8561
-9.6183	-5.1966	-1.3444	-1.1717	4.0364	4.0365	-2.1025	-1.3145	-4.7963	-9.3696
-9.0096	-4.9756	-1.2002	-1.3072	3.8920	3.8492	-0.9924	-0.5656	-4.2283	-7.2818
-11.6921	-6.7454	-1.9898	-0.5753	4.0495	4.2644	-0.4226	-1.8532	-5.7557	-8.3537
-10.7292	-5.6507	-1.2164	-1.4350	3.9616	3.9942	0.0181	-1.2484	-5.5070	-11.5027
-9.0713	-5.8264	-1.6324	-0.2620	4.2897	3.9439	-2.0743	-0.9035	-5.4770	-9.8003
-9.2388	-6.7891	-1.4574	-1.0917	4.3103	4.2971	-1.4561	-1.9631	-6.6824	-9.2640
-10.8342	-5.2159	-1.7395	-1.8275	4.2739	4.3019	-1.6997	-2.0506	-6.4223	-8.4266
-9.9366	-4.9975	-1.1286	-2.3676	4.0480	3.9830	-0.6444	-0.9601	-6.1697	-7.8080
-12.0085	-4.8036	-0.7427	-0.9439	3.9325	4.0213	-0.9464	-1.0701	-5.7793	-12.0615
-12.3018	-8.3869	-1.1957	0.2045	4.1932	4.3663	-0.3911	-2.5346	-6.3126	-9.4540
-8.5694	-7.7680	-2.1399	-1.6403	4.2015	4.3213	0.2639	-1.4209	-7.8753	-12.6472
-8.5751	-5.5198	-1.1175	-1.3930	3.9106	4.4271	-1.1064	-2.0895	-6.6235	-10.4266
-6.7331	-4.3382	-0.8602	-2.2771	3.7453	4.1309	-0.7804	-0.8705	-4.6028	-8.1582
-11.0636	-5.2529	-0.4575	-0.1856	3.7353	4.1464	-0.8475	-2.5518	-4.9909	-8.4416
-11.3273	-6.8050	-2.1942	-1.2565	4.5319	4.2707	-0.9835	-1.7944	-6.5987	-11.7519
-7.3707	-7.5526	-1.4150	-1.5595	3.7670	4.0520	0.0775	-1.5534	-5.0689	-7.9435
-7.6161	-5.5605	-0.8485	-1.1449	4.0031	4.1634	-0.3325	-1.7076	-7.1021	-9.1645
-8.5637	-6.0981	-1.8307	-0.7650	4.1415	4.2925	-0.1916	-2.0760	-7.8664	-8.4507
-8.3615	-6.5568	-1.9841	-0.9243	4.1092	4.2552	-1.1007	-2.4338	-5.7846	-8.2964
-7.2090	-6.6182	-1.5235	-0.5095	4.2594	4.2864	-2.1112	-1.9222	-6.1165	-7.9266
-9.6386	-4.6701	-0.7256	-0.5392	3.7942	3.8193	-0.6193	-1.0409	-5.3713	-8.5404
-8.7441	-6.2091	-1.0912	-0.4926	4.1591	4.3811	-1.7698	-2.1128	-7.3357	-10.5198
-11.5732	-4.5301	-1.5336	-1.2540	4.2487	4.0733	-0.5833	-1.7733	-7.7016	-7.9531
-13.6704	-6.0389	-0.6785	-0.6433	4.1695	4.0310	-1.2853	-1.9733	-5.5170	-6.9745
-12.5617	-5.9032	-1.5540	-2.1917	4.3452	4.1824	-0.7077	-1.1741	-5.2698	-7.7731
-11.9233	-5.4472	-1.8447	-0.3196	4.3244	4.1362	-3.2828	-1.3350	-5.0819	-7.7113
-10.4164	-4.9193	-1.5989	-1.6234	4.3240	4.3759	-1.3120	-1.6090	-5.2759	-10.1083
-11.0064	-6.9372	-1.9437	-0.7819	4.1596	3.9944	0.1808	-2.0273	-6.2319	-10.8540
-9.8255	-5.8786	-1.4638	-1.6120	4.1072	4.1934	-0.2431	-1.8002	-7.4368	-9.1044
-10.0061	-5.2195	-1.6332	-1.6752	4.1024	4.2589	-1.1583	-1.4549	-5.2768	-8.3086
-7.0580	-4.8218	-1.1341	0.1142	3.8424	3.7679	-2.0423	-1.3356	-4.9527	-8.5089
-10.8933	-7.6683	-1.0358	-1.3417	4.1476	4.3804	-0.8046	-1.4587	-5.5610	-9.4558
-9.5181	-6.7572	-0.5190	-0.7429	3.8015	4.0824	-0.5523	-1.1386	-8.1044	-11.1186
-11.1560	-5.9436	-1.5676	-0.8958	4.1077	4.3326	-0.5317	-1.5797	-7.1123	-10.6196
-9.3368	-5.2539	-1.6393	-1.5336	4.3382	3.8075	-0.5012	-1.2882	-6.8607	-9.4486
-11.0629	-5.3563	-1.2494	0.3025	3.9961	3.7555	-0.5620	-0.8944	-6.3663	-10.1078
-7.8134	-4.8442	-1.3324	-0.9504	3.8458	4.1071	-0.2260	-1.5493	-6.1098	-9.0247
-7.0217	-5.8053	-1.1865	-0.1485	3.7529	4.1433	-1.7379	-2.1628	-5.5349	-7.8329
-12.1679	-5.2999	-1.7943	-1.9239	4.3559	4.1371	-0.4840	-1.4583	-5.2529	-9.2170
-9.8228	-5.9566	-0.9459	-1.1320	3.7808	3.7025	-0.7158	-0.4809	-4.7147	-9.1086
-10.2073	-6.0688	-1.5996	0.1598	3.9870	3.8839	-1.8023	-1.1896	-6.1373	-8.7884
-8.1616	-5.6219	-1.0208	-2.2709	4.2638	4.2568	-1.0340	-1.6348	-5.1849	-7.5373
-10.3335	-5.3960	-1.6670	-1.5609	4.4069	4.4438	-1.9617	-1.9256	-6.2658	-9.5885
-9.5969	-5.6310	-1.0201	-0.6817	4.0645	3.8488	-1.6357	-1.2757	-4.9333	-11.7988
-9.0052	-5.0239	-1.3464	-1.4589	4.3387	4.2486	-1.4918	-1.7325	-6.6851	-10.0120
-9.1585	-5.6065	-1.8756	-1.3597	3.9913	3.9589	-0.0745	-1.1049	-4.9899	-9.1587
-8.2808	-5.3462	-0.7931	-1.2758	3.8779	3.9692	-0.9624	-1.5857	-5.6838	-10.7291
-9.8217	-6.8326	-1.8414	-1.1373	4.3702	4.3519	-0.8288	-1.8106	-9.0238	-10.4595
-11.3330	-7.4300	-1.6600	-0.4858	4.3871	4.1574	-1.9567	-1.5035	-5.3188	-9.4687
-11.1749	-7.8817	-1.6608	-1.0723	4.3123	4.3912	-1.4036	-1.8336	-7.4509	-7.5326
-7.3665	-5.7834	-1.1999	-1.5554	3.7827	4.1942	-0.6764	-1.2534	-5.8691	-11.4787
-11.4740	-5.6835	-1.2744	-0.8608	4.1637	4.0716	-1.2663	-1.1015	-6.0955	-11.4236
-8.0855	-6.1048	-1.6944	-1.2379	4.2954	4.4013	-0.8864	-1.6639	-6.8770	-11.6735
-9.2825	-4.7153	-0.1784	-1.2994	3.8833	3.9235	-1.9086	-1.0703	-6.3331	-9.2193
-9.5664	-5.9968	-1.7045	-2.0808	4.3255	4.1238	-1.0243	-1.3444	-5.6056	-8.0248
-11.7135	-6.4437	-1.1400	-0.9002	4.1171	4.3952	-1.2364	-1.7475	-5.2278	-11.9066
-10.6937	-4.8861	-1.4226	-2.7618	4.1920	4.2835	-0.5145	-1.0704	-5.1248	-11.6614
-11.2029	-6.6563	-1.8863	-1.5362	4.1368	3.8759	0.4169	-0.6737	-5.8989	-8.3245
-10.5840	-6.8086	-1.1461	-0.2116	4.2743	4.0362	-1.2412	-2.1217	-6.1672	-6.5901
-8.3656	-5.8236	-1.5156	-0.5407	4.0953	3.8471	-1.5582	-0.9226	-5.4347	-9.6879
-8.1556	-5.9127	-1.1256	-1.6610	4.0917	4.2301	-1.1461	-1.8378	-5.1034	-6.7583
-7.7462	-6.7491	-1.2000	-0.8217	4.1276	4.1749	-0.8550	-1.5317	-6.7518	-8.2056
-10.5059	-4.7569	-1.3343	-0.8490	4.0271	4.0400	-1.0472	-1.2583	-6.8260	-8.6406
-8.0604	-7.5782	-0.8546	-0.2980	3.8255	3.8555	-0.3276	-0.9121	-6.2066	-11.7310
-9.9327	-5.3203	-1.8477	-2.1468	4.2672	4.1865	-0.3526	-1.7526	-7.3117	-9.8731
-14.0040	-7.2044	-1.0697	-0.6390	3.9876	4.1004	-0.9926	-1.4903	-4.7757	-12.7807
-7.5660	-8.0636	-2.6638	-0.7580	4.1336	4.0332	-0.0152	-1.3192	-7.1253	-8.1535
-10.5440	-6.4360	-1.1320	-0.9667	3.5906	3.9134	-0.1491	-0.7580	-5.1758	-8.1709
-12.0948	-5.5173	-1.3953	-1.1132	4.4917	4.2082	-0.2561	-1.6931	-7.3639	-12.7176
-12.9845	-6.1526	-1.6161	-1.5104	4.1650	4.3568	0.1129	-1.5157	-7.0419	-10.0670
-10.2666	-6.0200	-1.4539	-1.0983	4.1256	4.2228	-2.4504	-1.5178	-4.1614	-12.0236
-9.8952	-4.8089	-1.4776	-0.9119	4.3433	4.0416	-1.8243	-0.6281	-6.3757	-8.7272
-9.9356	-5.6670	-1.6724	-0.2227	4.1155	3.7685	-1.6060	-1.3988	-4.9750	-11.5130
-11.2165	-6.1817	-1.7376	-1.4115	4.4985	4.2869	-1.2375	-1.5742	-6.3202	-14.3949
-9.8938	-6.5170	-2.2046	-1.7675	4.1372	4.2873	-1.0519	-1.2912	-5.1989	-9.9890
-9.0347	-4.9973	-1.1776	-0.4438	3.9988	3.8950	-0.2881	-2.1463	-5.8611	-7.8659
-6.8856	-4.1474	-0.0877	-1.3451	3.4912	4.0771	-1.0442	-1.2954	-5.6418	-9.2641
-12.5312	-5.8589	-1.5915	-0.7696	4.2743	4.1299	-0.8924	-1.2754	-6.9218	-9.1261
-10.4365	-5.2151	-0.7228	-0.6684	3.8060	4.0099	-1.7867	-0.8964	-4.3481	-8.3801
-10.5530	-5.8761	-2.4749	-2.4503	4.2279	4.3736	-0.4090	-1.0955	-4.7407	-9.2150
-9.5973	-5.9925	-1.1398	-0.6965	4.1903	4.0955	-1.9997	-1.4289	-5.5356	-9.9818
-11.5129	-7.0298	-1.7700	-0.6232	4.1966	4.2502	-0.5320	-1.3979	-9.1360	-8.5581
-11.6936	-5.0786	-0.6732	-1.4601	3.5773	3.7631	0.3076	-1.0709	-5.7941	-9.4803
-9.6306	-5.6417	-1.6249	-0.8843	4.1146	4.5219	-0.8427	-2.3102	-7.0336	-10.6234
-8.9235	-5.6581	-1.9624	-0.6881	4.1137	4.1043	-0.7742	-1.8303	-6.8264	-9.2801
-7.1087	-5.1505	-1.7706	-1.1731	4.2295	4.1072	-1.6233	-1.0127	-5.3815	-11.8008
-9.6781	-6.6925	-1.1984	-1.5894	3.8558	4.3502	-0.5577	-1.8218	-6.6709	-9.5193
-8.1758	-5.9586	-0.9318	-0.6401	3.7162	4.0634	-0.7298	-1.8166	-5.2144	-11.3015
-10.5646	-5.4302	-0.9451	-1.3552	3.9898	4.0986	-0.7253	-1.5916	-6.0211	-7.9410
-12.6953	-5.0076	-1.1495	-1.6566	4.3056	4.2181	-0.2365	-1.7694	-7.2734	-9.3364
-12.0761	-5.5681	-0.9934	-1.4484	4.1480	4.1221	-1.4803	-0.9051	-3.9410	-10.6364
-8.6925	-8.8326	-0.9772	-0.5696	4.0038	4.2654	-1.3315	-1.8077	-4.1601	-9.7966
-8.9423	-5.7624	-1.1188	-0.5737	4.1390	4.2781	-2.3326	-1.7323	-5.7929	-10.8553
-10.1087	-6.4019	-1.7181	-1.5168	4.2903	4.5033	-1.0999	-2.4150	-6.1759	-7.6964
-8.7196	-3.2456	-1.3796	-1.9181	3.7355	3.6970	-0.0569	-1.4520	-6.1146	-7.7794
-9.9686	-6.7759	-0.9405	-0.5173	3.7055	4.3889	-0.8355	-2.0822	-6.4013	-8.9387
-11.5129	-7.5119	-1.8556	-2.0710	4.2351	4.1580	0.3438	-0.8805	-5.0342	-11.6081
-6.8605	-6.0968	-1.4611	-0.2371	4.0424	4.1718	-1.0060	-1.7288	-5.8800	-8.8258
-6.0865	-4.2781	-1.4649	-1.4763	3.8253	4.2569	-0.4775	-1.7812	-5.7805	-9.9112
-9.7241	-6.7615	-0.5516	0.2748	3.8281	4.0372	-1.3022	-1.9838	-5.6469	-13.8130
-12.8886	-6.7425	-1.2971	0.0294	4.2021	4.0170	-1.4957	-1.5326	-5.0064	-14.6472
-9.3341	-6.8641	-1.6262	-0.8280	4.2760	4.1728	-1.0377	-1.4423	-5.0230	-9.1449
-9.4665	-5.4726	-1.0217	-0.6632	3.9594	3.9640	-0.7059	-1.4545	-5.5775	-9.3907
-9.9871	-6.9598	-1.7936	-1.6650	4.2100	4.4525	-0.4926	-2.0798	-5.8635	-10.3599
-10.1063	-5.4230	-2.1231	-1.3588	4.1783	4.1570	-0.7922	-1.3274	-7.7653	-8.5932
-11.4210	-5.9489	-1.4065	-0.6789	4.1895	4.2759	-0.9661	-1.5503	-6.3793	-9.8827
-9.6690	-7.2615	-1.3123	-0.9583	4.1670	4.1716	-1.5413	-1.8731	-6.0346	-9.0245
-8.6833	-4.9423	-1.9975	-1.4131	4.3115	4.2727	-0.5542	-1.6456	-6.2717	-9.4048
-11.3314	-5.4168	-1.4528	-1.2707	4.1351	4.3988	-0.7851	-1.9445	-6.3722	-9.8324
-10.5407	-6.3540	-0.9472	-0.1960	4.0054	3.9408	-1.1723	-2.1053	-4.4725	-8.9955
-11.3721	-6.0520	-0.8136	-0.9386	3.9523	4.3431	-1.0123	-2.0708	-9.4312	-9.3005
-9.2718	-6.8408	-1.9593	-0.3609	4.3268	4.2123	-0.9605	-2.0321	-6.6534	-9.6653
-9.8719	-5.7044	-1.7246	-1.1583	4.1809	4.0224	-0.5860	-1.6705	-7.7317	-11.0292
-7.2008	-7.6234	-2.2813	-0.0240	4.1312	4.1583	-0.7164	-1.2296	-6.0107	-12.9825
-8.6157	-5.1447	-1.8447	-2.0764	4.1591	3.9961	-0.2421	-1.1044	-5.7376	-7.6480
-9.8976	-4.6201	-1.0565	-0.6648	3.9092	3.8319	-0.8856	-1.3506	-5.0896	-9.3736
-8.9792	-6.4286	-1.8419	-1.1351	4.3558	4.3126	-1.7598	-1.7609	-6.0329	-8.7983
-7.7886	-5.8851	-2.5764	-0.0231	4.4149	4.0290	-0.9236	-1.7119	-7.6642	-9.6628
-11.8908	-5.0702	-0.8231	-1.3194	3.7115	3.6621	0.2222	-0.5876	-4.7730	-8.5664
-13.2640	-6.1297	-1.5940	-0.7904	4.0789	4.1243	-0.3311	-2.0983	-6.8843	-10.8526
-8.5405	-7.0365	-1.6079	-2.2716	4.1629	4.4587	-0.3639	-1.7781	-5.9958	-9.2321
-10.1500	-5.8818	-1.6242	-0.8331	4.0197	4.0685	-1.1669	-1.5320	-3.6427	-7.1174
-9.5235	-7.9604	-2.3207	-0.1734	4.1836	4.4362	-1.1186	-2.3018	-4.8359	-10.1025
-9.6961	-5.6827	-1.1897	-0.6922	4.0830	3.7601	-1.2166	-0.9225	-5.2431	-8.7649
-10.7656	-7.1839	-1.0823	0.2851	4.1195	4.2918	-0.3091	-1.9188	-6.7395	-10.3893
-8.6293	-3.6925	-1.6818	-1.1011	3.9792	3.9575	-1.7443	-0.9799	-4.9808	-9.9685
-9.0554	-6.0793	-1.9405	-0.7109	4.1424	4.0707	-1.8287	-2.1773	-4.7591	-9.4360
-12.3634	-5.9735	-0.8483	-0.1592	3.9431	4.0271	-1.8904	-1.6194	-5.0364	-7.7008
-8.4561	-6.0770	-1.3986	-0.6746	4.2483	4.0064	-0.7502	-1.7062	-5.0581	-10.8406
-8.3951	-6.1967	-1.1388	-0.7354	4.0247	4.1581	-2.1838	-1.5197	-4.5120	-8.6217
-8.7656	-5.9198	-2.1115	0.1472	4.3111	3.9135	-2.6875	-1.1501	-4.3486	-9.5580
-10.7696	-7.5107	-1.6348	-1.4577	4.2370	4.3666	-0.2772	-1.2772	-5.4415	-10.4358
-9.4642	-4.4745	-1.6434	-0.9435	4.1078	4.3327	-1.3589	-2.1390	-5.8359	-9.5763
-7.5850	-5.2313	-0.9033	-1.0912	3.9674	3.7429	-0.3750	-0.7600	-4.8194	-8.5072
-9.6604	-6.0178	-0.9200	-0.1485	3.8420	4.2388	-2.3379	-1.8276	-4.3578	-9.3064
-10.1268	-4.3909	-0.9517	-1.7438	4.0245	3.8889	-1.4139	-0.9744	-4.6561	-7.9691
-11.4896	-5.9400	-0.6091	-1.2404	3.8690	3.8777	-0.5243	-0.6315	-4.5785	-8.7020
-8.3413	-8.7656	-0.9535	-0.6909	3.8889	4.1417	-0.5644	-1.5072	-5.7513	-9.5300
-10.3495	-6.4655	-1.0072	-0.7041	3.8060	3.8729	-0.0436	-0.6451	-4.3334	-9.4454
-11.5047	-5.6934	-2.0147	-1.4498	4.2638	3.9387	-0.7414	-0.9927	-5.4934	-9.3679
-6.7962	-6.0850	-2.3054	-0.5937	4.2462	4.0400	-0.9690	-1.6743	-6.8042	-9.3661
-10.2600	-6.3935	-1.8038	-0.6010	4.2667	4.0588	-0.9261	-1.7351	-6.9402	-12.1211
-9.5129	-5.8210	-2.1876	-0.9888	4.2743	4.4593	-0.8083	-2.1087	-6.0357	-9.6699
-8.6864	-6.1942	-2.2439	-0.7959	4.3143	4.1609	-1.6363	-1.4473	-5.9738	-11.8331
-8.7014	-4.5777	-1.4251	-1.1019	3.9900	4.2378	-1.8248	-1.4797	-5.1304	-11.7403
-10.8864	-4.8806	-2.4212	-1.3569	4.3722	4.1855	-1.2990	-1.7953	-6.4877	-8.2298
-9.0980	-5.6162	-1.5944	-0.5735	4.1531	3.9440	-1.4045	-1.7706	-6.1654	-6.3905
-6.9973	-5.5946	-1.4910	-1.6625	4.1257	4.0964	-0.4964	-0.9199	-6.0664	-10.1117
-8.8245	-5.3305	-1.5083	-1.8653	4.0888	4.1731	-0.2605	-1.4603	-5.7242	-7.2765
-11.4698	-5.4753	-1.3824	-1.1802	4.0560	3.9029	-0.3056	-0.7436	-5.4819	-10.3878
-9.4078	-5.5166	-1.7593	-1.3263	4.1905	4.0763	-0.0243	-1.7986	-5.1389	-11.8490
-10.2114	-6.5251	-0.9369	-0.8980	4.1591	3.9443	-1.2551	-0.9824	-4.7842	-8.3604
-10.1775	-5.0699	-1.2829	-1.2296	4.3862	4.2893	-1.7403	-1.1562	-6.0580	-9.9468
-9.7009	-6.3342	-1.3674	-0.7504	4.1479	4.1565	-1.5637	-1.5709	-6.1852	-10.8631
-9.9057	-6.4877	-1.7483	-0.3341	4.4907	4.1368	-1.7822	-1.3944	-6.0854	-7.9141
-10.7503	-5.7322	-1.1429	-0.0586	4.0788	4.3685	-1.6003	-1.8193	-5.9851	-10.3299
-11.5619	-4.2591	-1.6602	-1.4338	4.3512	4.4330	-1.2971	-1.7989	-5.8618	-12.6464
-8.3663	-4.3602	-2.0378	-1.5772	4.0269	3.7790	-0.5031	-1.0813	-4.4067	-7.0777
-17.3440	-6.0583	-1.2596	-1.1683	4.2379	4.2676	-0.9166	-1.6043	-6.5372	-10.1543
-6.8895	-4.9633	-1.6261	-0.5585	4.0155	4.0101	-2.0438	-1.6764	-4.4920	-9.4358
-8.2415	-5.8952	-1.5633	-1.1191	3.9603	4.2423	-0.5104	-1.4527	-5.4756	-10.3681
-8.3877	-5.3420	-1.0536	-1.5433	3.8817	4.1653	-0.8615	-1.5131	-4.9420	-8.5034
-7.6495	-7.0180	-1.7392	-1.1579	4.3195	4.2019	-2.1959	-1.5113	-5.1924	-8.8076
-10.6791	-6.2210	-1.1936	-1.1561	4.0654	4.2737	-0.2716	-1.5000	-6.8627	-10.5182
-9.9875	-6.3841	-1.6171	-0.6480	4.1956	4.0966	-0.0514	-1.7781	-8.9028	-10.9412
-9.5743	-5.5588	-1.3171	-0.9907	4.2540	4.2001	-1.1154	-2.0633	-6.0568	-7.7750
-8.7248	-5.2817	-2.1506	-1.6434	4.0655	4.0340	-1.1412	-0.8307	-4.6099	-11.6909
-9.7057	-6.0162	-2.1500	-0.0939	4.3221	4.2690	-0.9545	-2.4912	-6.7704	-11.8161
-12.5525	-7.3921	-1.5218	-1.4607	4.3228	4.4666	-0.4211	-2.1585	-5.7697	-10.2783
-6.1528	-6.0430	-2.2177	-1.8157	4.1913	4.2311	-0.5296	-1.6182	-5.7391	-8.0387
-9.2035	-5.1623	-1.0384	-1.2144	3.7396	3.8112	-0.4322	-0.9392	-5.5094	-8.3410
-9.4261	-7.8899	-2.1181	0.1302	4.2578	3.6529	-0.7811	-1.4831	-6.4391	-8.6622
-10.2415	-5.3274	-1.0938	-0.7855	4.0314	3.8337	-1.0963	-1.1539	-4.9641	-7.7295
-9.2771	-7.4015	-1.2708	-1.0812	4.2888	4.4311	-1.1597	-1.6546	-5.4206	-13.8260
-8.6630	-5.4227	-1.4274	-1.2188	4.2395	3.9914	-1.3107	-1.3660	-5.7752	-8.7605
-7.3045	-5.0833	-1.1314	-0.8698	3.7204	4.1439	-0.5866	-1.7431	-7.0900	-8.4486
-9.4809	-6.0314	-1.5906	-1.8211	3.8949	4.2523	-1.3421	-1.7079	-5.5941	-8.9777
-10.3280	-5.6667	-1.4642	-1.0200	3.7992	3.9588	-0.1636	-1.3328	-7.1842	-7.9481
-9.7118	-4.5393	-1.6621	-0.5049	4.1627	4.3126	-1.3612	-2.2581	-5.7889	-11.0586
-7.5922	-5.7643	-1.5777	-0.2792	3.9672	4.4127	-2.0291	-2.3506	-6.3975	-8.6051
-9.0166	-5.8234	-1.7494	-1.4103	3.9054	4.1952	-1.3227	-1.0840	-4.0114	-9.7071
-9.8214	-7.8504	-2.0800	0.2950	4.4067	4.1343	-1.7049	-2.4349	-6.2884	-8.6797
-10.4061	-6.0495	-1.3597	0.3950	3.9072	3.9108	-0.6330	-1.1688	-9.1622	-9.8749
-9.3886	-6.7864	-0.6565	-1.1646	3.8326	4.1673	-1.3920	-1.7714	-4.6894	-6.9677
-12.3343	-4.8754	-0.8693	-1.9808	3.9827	4.1323	-1.3914	-1.5371	-4.9748	-8.9140
-7.9171	-5.1246	-1.5004	-1.1723	3.9801	4.1557	-0.5119	-1.4810	-7.7283	-9.4310
-9.4778	-5.8605	-2.0103	-0.2615	4.0667	4.1622	-0.6231	-2.1048	-7.4725	-8.3680
-12.1021	-6.8635	-2.3564	-3.1656	4.3162	4.3589	0.5061	-2.0994	-7.4038	-9.6656
-12.3585	-5.8111	-0.8550	-1.8329	3.8519	4.0064	-0.0760	-1.6945	-6.6469	-6.8185
-12.3030	-6.1566	-1.8801	-0.9570	4.1476	4.1236	-1.0334	-1.5096	-4.1267	-9.7872
-10.8352	-5.9005	-1.4183	-0.7211	4.0057	4.0012	-0.8044	-1.8842	-6.7159	-7.5971
-10.9030	-8.5225	-2.5081	-1.0188	4.4832	4.0825	-0.0554	-1.1228	-6.6929	-12.5982
-13.5274	-4.7340	-1.2530	-1.5763	4.1245	4.2571	-0.8722	-1.9809	-6.8855	-8.2856
-8.7967	-6.5966	-0.8533	-0.2053	3.7547	4.0464	-1.0108	-1.7300	-5.9153	-8.4486
-8.6038	-4.5997	-1.6766	-1.0803	4.2981	4.1353	-1.8863	-1.4242	-4.8439	-6.2983
-9.2762	-6.9855	-1.4250	0.0844	4.2010	4.0614	-0.7687	-1.3145	-6.9241	-10.5350
-8.1762	-4.1574	-0.5879	-0.9662	3.7208	3.8233	-1.1778	-0.2732	-4.8931	-11.7679
-8.0345	-4.8715	-1.1810	-0.3176	3.6136	3.9983	-1.1125	-1.4343	-3.3858	-8.1107
-5.9589	-6.4731	-1.5037	-0.9743	4.1564	4.3248	-2.1071	-2.4523	-5.0350	-8.0210
-9.3472	-4.6273	-2.1761	-1.6462	4.3037	4.2495	-1.5063	-1.3523	-4.0663	-10.6369
-8.9251	-4.5019	-1.2030	-1.2986	4.0270	4.4269	-1.6029	-2.0574	-5.0183	-10.0720
-11.1190	-5.0947	-1.4397	-0.7733	4.2513	3.9058	-1.4510	-0.3929	-6.3262	-9.8650
-9.0114	-4.4929	-1.4339	-1.7290	4.2685	4.1091	-1.5039	-0.9707	-4.8228	-11.1957
-10.3023	-5.6626	-1.0272	-1.5737	4.1380	4.1639	-0.7993	-1.9850	-6.8158	-10.5871
-11.9942	-6.2764	-1.5070	-2.2018	4.3655	4.2220	-0.7496	-1.8633	-6.1499	-10.0093
-8.6270	-5.9290	-1.8552	-1.0559	4.1260	4.0326	-0.1277	-2.0529	-7.0083	-9.6458
-10.1391	-6.0495	-0.8670	-1.3501	3.8844	4.1068	-1.0776	-1.0877	-5.8934	-13.4790
-8.2795	-5.1983	-1.7669	-0.8503	4.2951	3.9997	-2.7394	-1.4610	-4.5597	-9.3039
-8.0356	-5.8856	-2.0267	-0.7330	4.2954	4.0874	-1.6957	-0.7922	-4.3875	-11.0551
-9.0542	-4.0050	-0.9143	-2.3591	4.0751	4.0354	-0.7178	-1.0361	-5.3104	-8.9131
-7.7071	-5.4334	-1.6056	-0.9106	4.2500	4.3903	-1.9435	-1.8768	-6.2392	-10.0839
-9.7380	-4.8329	-1.6443	-1.9277	4.2115	4.2210	-0.8458	-2.4123	-5.1136	-8.2765
-9.7467	-6.9764	-1.8414	-0.0696	4.0839	4.0129	-0.3547	-1.7682	-7.2182	-9.9859
-7.4759	-5.1126	-2.4482	-0.4394	4.3031	3.9486	-0.2782	-1.5681	-7.0953	-7.5449
-8.4520	-6.2595	-1.3965	0.1398	3.9488	4.0585	-0.7591	-1.4982	-5.6895	-13.0428
-10.6348	-5.3554	-1.5484	-1.5123	4.1987	4.2738	-0.5475	-1.9799	-5.8780	-11.2680
-9.6265	-5.3445	-1.1616	-0.4755	3.9355	3.9652	-1.3371	-1.6406	-5.8383	-8.3582
-9.5610	-7.0059	-1.4396	-0.6237	4.1862	4.0265	-0.2882	-0.6827	-9.2311	-11.2846
-13.4804	-5.3178	-0.7602	-0.3084	4.3204	4.0295	-1.9622	-0.7814	-5.3796	-10.1975
-10.0659	-4.0321	-1.0599	-0.8998	3.8936	3.7774	-1.5393	-1.0338	-4.8608	-10.5020
-7.5339	-5.1599	-1.8510	-1.0253	3.9882	3.7687	-0.8798	-1.0297	-4.8893	-8.4566
-8.3197	-6.1809	-2.0943	-2.6046	4.1063	4.5725	-0.4944	-1.5269	-5.8789	-9.9242
-9.1109	-6.8529	-1.7137	-0.9118	4.2316	3.8078	-0.3225	-1.1030	-4.7204	-10.6024
-8.9670	-5.3040	-1.1787	-1.3888	4.4777	4.0354	-1.5427	-0.9378	-6.2745	-9.0680
-10.5801	-6.7093	-0.9573	-0.9723	4.1534	4.3273	-1.2830	-1.6747	-6.1236	-8.4848
-12.0683	-5.6213	-1.1111	-0.9138	3.9761	3.7570	-0.3178	-0.7210	-6.4075	-9.8748
-8.0531	-5.3194	-0.6518	-0.4384	3.7222	3.8388	-1.6091	-0.7664	-6.0020	-8.7114
-10.0009	-5.3837	-0.8940	-1.6905	3.9514	4.6567	-0.3722	-2.6595	-6.1955	-8.3604
-9.9902	-8.2506	-1.6954	-0.9827	4.2981	4.1520	-0.5726	-1.3089	-5.3991	-9.0969
-8.6289	-5.6405	-1.2534	-1.3722	3.8622	4.3002	-0.4859	-1.3527	-6.3510	-12.9919
-9.1446	-8.0812	-1.4632	-0.4457	4.0301	4.0585	-0.0479	-1.4475	-5.3949	-9.4058
-8.1466	-7.5105	-0.3327	-1.2656	3.7855	4.1812	-0.9399	-1.3627	-6.3517	-10.2390
-8.1073	-6.6450	-1.7676	0.1152	3.9225	4.1123	-1.0513	-1.9316	-6.3007	-8.4335
-10.2103	-4.5078	-1.9299	-1.2098	4.2336	4.4227	-0.9686	-2.5462	-5.4396	-10.3543
-6.6633	-4.3241	-1.3206	-1.4939	3.7261	3.5977	0.1516	-1.3867	-5.4761	-8.1014
-9.8025	-5.3083	-1.4136	-0.6664	4.2621	3.9936	-2.1905	-1.9529	-5.9480	-10.4309
-9.5667	-5.2690	-0.9832	-0.9613	3.8562	4.0846	-0.9923	-0.8374	-5.8929	-14.8224
-9.3287	-5.5790	-1.8371	-0.0478	4.4022	3.9373	-2.2829	-1.1671	-6.9944	-10.2897
-10.8162	-7.0757	-1.9247	-0.1762	4.1770	4.1160	0.0903	-1.9188	-7.2974	-9.0163
-11.0324	-4.8463	-1.4760	-0.5590	3.7097	3.9292	-0.4909	-1.1270	-5.0393	-8.1163
-10.4177	-6.8017	-2.1846	-0.6885	4.3599	4.3741	-1.1536	-1.6854	-6.4729	-9.1881
-10.9122	-6.6450	-2.2567	-0.6297	4.2536	4.0626	-0.7701	-1.1259	-5.9518	-8.5451
-9.3689	-6.8495	-1.8816	-0.1490	4.1822	4.1892	-2.1508	-2.2313	-4.7290	-9.5112
-9.2090	-4.7361	-1.0945	-2.1848	3.7271	4.0811	-0.0972	-0.7882	-5.9932	-9.7547
-8.0795	-4.9501	-1.3308	-1.1606	4.1879	3.8863	-1.1982	-1.8363	-4.6394	-6.7747
-8.4013	-5.4460	-1.5408	-0.3239	4.0588	4.0575	-1.0430	-1.3411	-5.9058	-11.3381
-11.5220	-6.5791	-1.6638	-0.7137	4.0582	4.1845	-1.0276	-1.2733	-7.0290	-12.5370
-7.6428	-7.2205	-1.4944	-0.2517	3.9031	4.0289	0.0472	-1.9216	-5.5866	-9.0836
-11.0422	-4.8176	-1.8575	-0.8238	3.9121	3.9440	0.5492	-1.5271	-8.5203	-9.9466
-10.3647	-6.1359	-2.1201	-2.2011	4.4229	4.5802	-0.7817	-2.4117	-7.4051	-10.5792
-12.5422	-8.0867	-1.1137	-0.6720	4.2546	4.2640	-2.2541	-2.3202	-4.8907	-7.7223
-9.7094	-6.5519	-1.6796	-1.0822	4.0566	4.1161	-1.0581	-0.8410	-4.9452	-11.2736
-11.0704	-6.8873	-1.8759	-1.9129	4.4471	4.6260	-0.7698	-2.2276	-8.1760	-11.2456
-11.6622	-5.8908	-0.7755	-1.0545	3.9971	4.1213	-0.6857	-1.9844	-5.9053	-9.2649
-9.7322	-5.9284	-2.2580	-1.4201	4.2901	4.1961	-1.5192	-1.6553	-4.9141	-8.8971
-6.9470	-6.1926	-2.3430	-1.4085	4.1631	4.0454	-1.1344	-1.2944	-4.4159	-8.2432
-8.5688	-3.5922	-0.7623	-2.1450	3.6846	4.0413	-0.5727	-1.2082	-5.0161	-10.5329
-10.9889	-5.7563	-1.6252	-0.0527	3.7066	4.0770	-0.9953	-1.5463	-5.6639	-9.7065
-10.8506	-5.9815	-1.7865	-1.1384	4.3571	4.1608	-1.5673	-1.4473	-5.1588	-10.0517
-8.8472	-5.8395	-1.0933	-1.5466	4.1235	4.1517	-0.9225	-1.0220	-5.3642	-10.6355
-8.6502	-5.2138	-1.4772	-0.8346	4.0504	4.0784	-0.9018	-1.4405	-5.3218	-7.8335
-10.2254	-5.0488	-1.7250	-2.1486	4.1615	4.0717	-0.1225	-1.5049	-6.2861	-9.3475
-8.1063	-5.5442	-2.2777	-0.9409	4.2036	4.2475	-1.0275	-2.4054	-6.3389	-10.2924
-8.0966	-5.5766	-1.9704	-0.7293	4.0941	4.0908	-0.2691	-1.9214	-6.1173	-9.2384
-9.4711	-5.5965	-1.5922	-0.5801	4.1352	4.4246	-1.0568	-2.1829	-6.8802	-9.8248
-9.4924	-5.9392	-1.8122	-0.8428	4.2484	4.2326	-0.9961	-2.0594	-6.1344	-9.5787
-12.1268	-6.6175	-1.4271	-0.2787	3.9762	3.9165	-0.9587	-0.7478	-4.1169	-8.2338
-12.4221	-7.0761	-1.0663	-1.2922	4.2352	4.4375	-1.3300	-1.5473	-5.5474	-9.4100
-10.1095	-4.5703	-0.8540	-0.1173	4.0103	3.7395	-1.5909	-0.9335	-5.5834	-10.6112
-9.5566	-5.4430	-1.2101	-1.2414	4.3683	4.3732	-2.2935	-2.5245	-5.3450	-9.7924
-11.7291	-6.3276	-1.2365	-0.3875	3.9777	3.6185	-0.0709	-1.0255	-6.0410	-8.6336
-9.3017	-6.3536	-1.7729	-0.2568	4.1487	4.0316	-0.1627	-1.4742	-7.2107	-9.6731
-12.7872	-4.8007	-1.9840	-2.4141	4.0300	4.1762	-0.2635	-1.0959	-5.6853	-10.0233
-9.9378	-5.5231	-2.1282	-1.2627	4.1046	4.1416	-0.0765	-1.5899	-6.9479	-9.3570
-8.9648	-6.8783	-1.3467	-1.3651	3.9938	4.3594	-0.7571	-1.8584	-5.9302	-11.6776
-7.0547	-4.6359	-1.1906	-0.7577	3.8082	3.5234	-0.4487	-1.0044	-5.3448	-6.4060
-8.1138	-5.0716	-1.4979	-2.4919	4.0926	4.2919	-1.4415	-2.0762	-4.7092	-8.5357
-11.1640	-6.2610	-1.4196	-1.1009	4.1504	4.0316	-0.5276	-1.5045	-5.6464	-10.4130
-10.6880	-5.8986	-1.3927	-1.1780	4.1747	4.3868	0.5242	-1.6180	-8.4114	-14.1348
-9.5536	-5.1786	-1.3233	-0.0685	3.8143	4.0812	-1.1581	-1.9936	-4.8435	-8.8645
-7.3855	-5.0985	-1.3173	-1.5225	3.9763	3.7221	0.1223	-1.4265	-5.0847	-6.7265
-8.0267	-5.1729	-1.9281	-1.5767	4.2487	3.8677	-0.2047	-1.1166	-5.8942	-8.8991
-8.7755	-5.1428	-2.0775	-1.1714	4.3294	3.9907	-0.9136	-1.5625	-5.1316	-11.2049
-9.5090	-6.0599	-1.5705	-0.4065	4.2003	4.3545	-0.6800	-2.0914	-6.8459	-10.6224
-11.4058	-5.5661	-1.8538	-1.6005	4.4452	4.1358	-0.4913	-1.9225	-5.9071	-9.1707
-8.1158	-6.4651	-1.6642	-1.2261	4.2812	4.4815	-1.7317	-1.8820	-4.9327	-10.8743
-12.4230	-5.5647	-1.5496	-0.8922	3.9565	3.9212	-0.2692	-1.4519	-5.3721	-9.6270
-9.0716	-5.3512	-1.0181	-0.7935	3.7397	3.7052	-0.1040	-1.3582	-5.7717	-7.5562
-8.9725	-6.5613	-0.9253	0.3565	3.8493	4.0073	-1.1559	-1.4485	-6.2760	-9.2483
-9.2804	-7.2546	-1.4200	-0.8172	3.8701	4.0348	-0.0688	-1.2092	-5.8648	-9.3727
-9.1380	-5.2529	-1.0024	-1.7896	4.0478	4.0224	-1.3410	-0.9274	-5.4466	-7.8920
-10.4250	-4.5508	-1.2780	-0.5757	4.0717	3.7454	-0.8965	-1.2822	-7.6071	-9.2121
-9.3688	-5.4706	-1.1086	-0.2936	3.9122	4.1365	-0.9971	-1.9909	-5.1949	-8.8838
-10.6879	-7.5211	-1.1339	-0.1255	4.1385	4.4146	-1.3252	-2.4982	-6.3611	-10.4655
-8.1037	-7.1709	-1.4823	-0.0955	4.1444	4.2304	-1.1409	-1.9356	-7.8055	-10.2552
-8.4539	-5.4668	-1.2791	-2.2287	4.2264	4.1474	-1.0319	-1.2189	-5.2804	-8.3977
-10.2469	-6.6950	-1.6818	-0.7228	4.2688	4.2984	-0.0197	-2.5970	-7.7418	-8.6677
-6.9779	-4.6506	-1.7016	-0.9143	3.9023	3.9558	-0.5776	-1.0598	-6.3466	-9.1259
-8.0686	-6.1118	-1.6812	-1.2446	4.1786	4.3314	-0.9518	-1.5708	-6.5876	-9.5605
-9.4048	-6.6643	-1.8531	0.2069	4.1931	3.9531	-1.6244	-1.4932	-6.0767	-9.2847
-7.3777	-8.1834	-1.4663	0.2233	4.1817	3.8926	-2.1179	-1.0192	-5.8719	-9.8179
-8.8233	-5.7134	-1.9174	-2.3046	4.1017	3.7909	0.3651	-0.7013	-5.7811	-8.7705
-8.8330	-5.4814	-1.4135	-1.5396	3.9655	4.3040	-0.5124	-2.1628	-6.9935	-9.1122
-8.3698	-5.9013	-1.6028	-0.4768	4.2743	3.9657	-1.0013	-1.3829	-6.0277	-10.6809
-8.9183	-8.6560	-2.3199	-2.0672	4.3696	4.3056	-0.5178	-1.3863	-5.8090	-10.0034
-11.1196	-6.6560	-0.8362	-0.9519	3.9918	4.2503	-0.3446	-2.1559	-5.7830	-11.1427
-8.4210	-5.2723	-1.8096	-0.6332	4.1286	3.7496	-1.1210	-0.8618	-5.6672	-7.7642
-8.6265	-3.7751	-0.8259	-1.9866	4.0905	4.2942	-0.6866	-1.6598	-6.7795	-10.7313
-9.1833	-7.5256	-1.8206	-1.1876	4.3165	4.2944	-1.0265	-1.9046	-5.9065	-8.0306
-10.8531	-5.6074	-1.8950	-0.0784	4.1079	3.9886	-1.6189	-0.9782	-4.8258	-8.2660
-9.5234	-7.6998	-1.8571	-1.5110	4.5006	4.3757	-0.6307	-1.4697	-5.4506	-9.6920
-8.4717	-5.7775	-1.5590	-1.9315	4.0732	4.2705	-0.1715	-1.9767	-6.2375	-9.7330
-11.7018	-8.0459	-2.2653	-0.9578	4.5855	4.5416	-1.3493	-1.9999	-7.2608	-12.7786
-9.8284	-6.6613	-1.3554	-0.0378	4.1159	4.0296	-0.8999	-1.6152	-6.8047	-10.5599
-8.9223	-6.4378	-2.4472	-1.2075	4.2505	4.4491	-0.7327	-2.0237	-5.8415	-9.3078
-8.7300	-7.0216	-1.0537	-2.0347	4.1522	4.3331	0.2581	-1.4768	-7.0187	-10.7556
-8.3801	-6.2434	-0.9284	-1.2609	3.7777	3.9768	-1.6353	-0.9096	-4.2706	-7.9267
-8.4781	-4.7650	-1.3990	-1.1003	3.8072	3.5244	-0.0064	-0.0324	-5.7620	-10.2560
-10.1693	-5.1939	-1.0599	-1.3015	4.2072	4.2945	-1.4408	-2.3303	-6.4411	-9.4183
-9.4210	-4.8527	-1.1568	-0.9240	4.3212	4.0094	-1.6758	-1.2537	-5.0972	-9.6530
-10.6486	-5.3921	-0.5235	0.2771	3.7920	3.7591	-2.5037	-1.1020	-3.7423	-9.1773
-10.3129	-7.3522	-1.2013	-1.3978	4.1338	4.0507	-0.2327	-1.3082	-6.7726	-9.9749
-8.0186	-5.4300	-1.3253	-1.7393	4.0686	4.4848	-1.3873	-2.5386	-5.8654	-7.4644
-12.2780	-6.4146	-1.1635	-1.3866	4.2574	4.5116	-0.9049	-2.2504	-8.7694	-9.9678
-10.6091	-5.5333	-1.8383	-0.8897	4.4468	4.3234	-2.5009	-1.9499	-5.2702	-9.7111
-6.8677	-5.5305	-1.2815	-0.9864	4.2360	4.2212	-2.3678	-1.1221	-4.1663	-9.7364
-9.7855	-5.0574	-1.0901	-0.9989	3.9651	3.8868	-1.2847	-1.5630	-4.2521	-9.1333
-10.4841	-5.1710	-1.5208	-1.7638	4.1238	3.5850	-0.4928	-0.4617	-6.1603	-8.4615
-12.1308	-9.1292	-2.4423	0.2549	4.3452	3.9460	-0.8686	-0.9839	-5.3662	-14.5081
-9.4794	-6.0561	-1.5004	-0.6521	4.1939	4.1450	-1.1545	-1.3843	-5.5799	-11.2887
-8.8300	-7.6645	-1.9595	-0.3551	4.4188	3.9852	-1.0061	-1.6359	-6.8448	-11.4703
-13.2444	-7.6190	-1.0415	-0.6851	4.1667	4.4685	-0.8468	-1.7746	-8.6986	-12.5757
-14.7260	-7.1244	-1.5385	-1.1336	4.0687	4.2920	0.6349	-1.6339	-7.1562	-10.7713
-7.2538	-4.9436	-1.5676	-0.5122	4.1054	3.9113	-1.2380	-1.0302	-4.9368	-9.0479
-8.7474	-5.3203	-1.4474	-0.7024	4.0387	3.8160	-1.3396	-1.3704	-5.8791	-6.9158
-8.3263	-5.9441	-2.3067	-0.3490	4.2163	4.4021	-1.5030	-1.5066	-5.9247	-13.1662
-7.3546	-5.6280	-0.6288	-1.3462	3.8741	4.0854	-1.2184	-1.7812	-4.9754	-7.0474
-12.1654	-4.4136	-2.0630	-2.1226	4.4271	4.2617	-0.5028	-0.9838	-5.5695	-11.2747
-7.2325	-5.5881	-1.0103	-0.2337	3.9590	3.9337	-1.6088	-0.8344	-6.3965	-10.0873
-11.7737	-5.0086	-1.7500	-1.3006	4.3608	4.1982	-1.1839	-1.3343	-5.8199	-10.3292
-11.0899	-8.1782	-2.1250	-0.0271	4.4645	4.0809	-1.8141	-1.6859	-7.3692	-9.6848
-8.3625	-5.6266	-1.4910	-2.1292	4.0692	4.1652	-0.2705	-1.9475	-4.2549	-7.8556
-7.6302	-5.0296	-1.6586	-1.7887	4.3444	4.2120	-1.7143	-2.4805	-5.6786	-9.1310
-9.1923	-5.3695	-1.2661	-0.6761	3.9941	3.7295	-0.8636	-1.0813	-4.9642	-8.3321
-10.7275	-4.2226	-0.9285	-1.7481	4.0800	4.2427	-1.4232	-1.1719	-5.9791	-10.5828
-9.3112	-5.1513	-1.3896	-1.8407	3.9917	4.3643	-0.5287	-1.2779	-6.3884	-10.4842
-9.1902	-5.8179	-2.1326	-1.7521	4.4679	4.3055	-1.1310	-2.0798	-6.1767	-7.0991
-8.8065	-5.0948	-0.5831	-0.3748	3.5682	3.9731	-1.0728	-1.1485	-5.7110	-7.5506
-9.3302	-7.2523	-1.6494	-0.5627	4.5099	4.2021	-1.4862	-2.0345	-7.4458	-10.0461
-9.5940	-5.7396	-1.8081	-1.2749	4.1673	4.2709	0.0515	-2.0139	-6.4131	-11.2104
-10.4248	-6.0217	-1.3011	-0.9596	4.3127	4.1744	-1.2314	-1.1550	-7.6451	-11.8413
-8.2080	-5.4028	-1.2030	-1.2457	3.9097	4.1002	-0.3637	-1.7482	-6.0162	-7.5083
-11.0298	-5.1952	-1.1577	-0.7276	3.9640	3.9438	-0.9373	-1.8370	-4.6017	-11.1371
-8.7766	-6.3162	-0.9666	-0.5401	3.8777	4.1922	-0.9364	-1.7234	-6.4245	-11.6984
-9.9023	-4.8624	-1.0803	-1.4684	4.0718	4.1321	-1.5809	-1.8647	-5.6974	-8.6812
-8.3007	-7.2194	-2.6186	-1.0508	4.2798	3.9864	-0.6687	-1.0413	-6.0732	-10.1976
-10.2604	-5.1347	-1.2728	-0.6192	4.1456	4.0564	-1.1649	-2.1591	-5.0944	-8.8618
-9.5140	-7.3111	-1.8445	-0.2566	4.3430	4.1882	-0.5352	-1.8863	-6.6992	-8.8832
-6.7241	-3.8153	-1.0813	-0.5693	3.7059	3.8133	-1.2723	-1.1042	-6.0617	-8.2904
-8.0725	-6.5432	-2.3747	-0.3806	4.0954	4.2054	-0.6598	-2.3407	-7.7372	-9.9520
-9.2168	-7.3759	-1.1451	0.3484	4.0629	3.7403	-0.8480	-1.4829	-5.3753	-7.7945
-9.6568	-5.2914	-1.4748	-0.4841	3.9269	3.8770	-0.5284	-1.7145	-5.5209	-7.5848
-14.3613	-7.5372	-0.5694	-1.2213	4.2423	4.1935	-0.4330	-1.9838	-4.6840	-8.0109
-8.8362	-4.6658	-1.8904	-1.3917	4.0311	4.0604	-1.3260	-1.3639	-4.7259	-9.6738
-10.5815	-9.8023	-2.6628	-0.6739	4.7276	4.3935	-0.6675	-1.8427	-8.2232	-11.5676
-7.9984	-6.2895	-1.9441	-1.1465	4.0760	4.0700	-1.2982	-0.9901	-5.2054	-7.3514
-10.1962	-5.7499	-0.6715	-1.1741	4.0666	4.3245	-1.4291	-2.2673	-5.1112	-7.4568
-7.5648	-5.2581	-1.6962	-0.2774	4.1277	3.8254	-1.3728	-1.3276	-6.0722	-9.5478
-11.4356	-6.1397	-1.1424	-0.8850	4.1854	4.1083	-0.7149	-1.0750	-6.9185	-10.3799
-10.7485	-8.7083	-2.0371	-0.8766	4.2351	4.3014	-0.2679	-1.2367	-6.1045	-11.8242
-10.5678	-5.5354	-1.5272	-0.8949	4.2243	4.0897	-0.9249	-0.7833	-6.4726	-11.2899
-7.8327	-6.9537	-1.6129	-0.5616	4.0929	4.3243	-2.0146	-1.9271	-5.7418	-11.5712
-11.3039	-5.8066	-2.3764	-1.5874	4.3843	4.3948	-0.8701	-1.8161	-5.5280	-8.8764
-9.3184	-6.9962	-2.0457	-0.6167	4.1552	4.0508	-0.3090	-1.7179	-5.7998	-10.9456
-8.9082	-6.4182	-1.5686	-1.6313	4.0380	4.1804	-0.3565	-1.6043	-4.7043	-9.5918
-8.1973	-7.0290	-2.0026	-1.0142	4.0562	4.0596	-0.3494	-1.5837	-4.2400	-7.4726
-13.3636	-7.2858	-1.8345	-0.6164	4.3895	4.3986	-1.1234	-1.5920	-7.9883	-12.1807
-7.5322	-6.9496	-1.2912	-0.2212	4.0435	3.8914	-1.9099	-1.2267	-4.3914	-7.9522
-7.7490	-5.9939	-1.2959	-0.2683	4.2247	4.0691	-1.2738	-1.9182	-6.2506	-10.3590
-10.2512	-4.3603	-2.5906	-1.7266	4.6297	4.2220	-0.1416	-2.0047	-6.6437	-11.0190
-9.1466	-6.1953	-1.2200	0.1577	4.0428	4.1814	-2.6840	-1.6480	-4.8038	-8.8607
-13.2695	-4.9625	-1.3511	-0.7169	4.3375	4.2653	-2.1509	-1.7065	-5.9450	-11.2008
-12.0353	-5.1463	-0.9793	-0.5436	3.9230	4.0648	-1.0109	-1.5517	-5.8115	-9.1137
-8.6679	-5.4442	-1.4361	-1.0390	4.2393	4.0204	-1.4378	-1.7142	-5.4961	-9.6291
-9.8784	-6.4407	-1.3146	-0.3414	4.2183	4.4683	-2.2829	-2.5630	-6.2603	-9.7949
-9.0606	-6.0330	-1.8277	-0.6408	4.2089	4.1962	-0.9623	-1.8282	-5.2431	-10.5972
-9.0627	-7.0418	-1.4447	-1.3515	4.4372	4.3474	-1.0466	-1.9075	-5.4275	-9.8199
-15.1482	-5.9409	-1.6961	-1.2799	4.0116	3.9208	0.6054	-1.5344	-5.6311	-8.4273
-10.1595	-6.6329	-1.6639	-0.5665	4.1383	4.2599	-0.6373	-2.3888	-6.0861	-10.2668
-9.5961	-7.4866	-1.2167	-0.4444	4.1275	4.1932	-0.8039	-1.7582	-6.0502	-12.2021
-8.2337	-7.2638	-1.5065	-1.1439	4.0301	4.0861	-0.4745	-1.7509	-7.8267	-8.1993
-10.6848	-6.5345	-1.9450	-1.8639	4.2554	4.3387	-0.8569	-1.4296	-4.9809	-8.7888
-9.5709	-4.0702	-1.0436	-1.4502	3.8808	3.6866	-0.8138	-1.2037	-5.9934	-9.4144
-7.6055	-4.5139	-1.4424	-1.5589	3.8646	4.0500	0.1413	-1.0313	-6.0900	-12.3047
-14.4740	-5.6343	-1.2175	-0.2899	4.0975	3.9568	-1.3797	-1.4234	-5.5221	-9.4655
-8.5784	-5.8033	-1.2401	-1.2477	4.0635	4.0634	-0.9260	-1.6944	-5.8584	-9.1756
-10.1338	-6.4884	-1.2733	-1.3990	3.9434	4.1855	-0.2090	-1.3133	-6.0591	-9.5450
-10.7150	-5.1952	-1.4564	-0.8323	4.2139	3.9996	-2.4104	-1.4785	-3.9625	-7.1985
-10.8369	-6.2965	-1.0705	-0.7655	3.9546	4.0951	-0.9459	-1.7806	-4.6413	-7.5426
-9.5857	-7.6067	-1.8524	-0.8282	4.2972	4.4030	-0.7324	-2.5660	-6.0509	-9.5646
-9.3208	-6.6455	-1.4002	0.1806	3.8227	3.9170	-0.4823	-2.3773	-6.1759	-8.4659
-9.3421	-7.0195	-1.4415	0.0774	3.8922	3.8934	-1.0562	-1.6415	-5.4957	-10.4488
-10.8541	-5.3428	-2.1303	-2.0660	4.4496	4.4658	-0.9251	-2.1835	-7.3351	-9.9708
-8.9869	-6.4308	-1.3055	0.0144	4.2224	4.1971	-2.5991	-1.5659	-6.2899	-9.3362
-8.1887	-4.5102	-1.9236	-2.5745	4.3507	4.1614	-1.7227	-1.0417	-4.8625	-6.7624
-8.8362	-6.3187	-1.6163	-2.5745	4.2280	4.0141	0.1250	-0.9755	-5.7653	-9.4972
-13.4362	-6.0762	-1.2578	-0.5473	4.2197	4.2307	-0.6650	-1.1949	-8.5835	-13.3252
-7.1658	-4.7908	-1.2321	-1.2750	4.0864	4.2348	-1.7316	-0.9995	-5.5524	-11.7540
-10.1872	-5.9097	-1.2672	-1.8447	4.1398	4.0551	-1.2253	-1.0033	-4.9876	-8.3032
-10.0869	-4.7349	-0.2653	-0.9837	3.8342	4.0824	-1.4153	-1.9646	-6.0817	-7.8526
-9.9281	-6.8106	-1.3382	-1.5352	4.0893	3.7502	0.0116	-0.7247	-6.4270	-10.5338
-9.3424	-4.8160	-0.7584	-1.0078	4.2047	3.9936	-0.8603	-1.9362	-5.5611	-9.6028
-9.0595	-5.7599	-0.9676	-0.7765	3.9927	3.9015	-0.7962	-0.6408	-5.7852	-10.9396
-9.4494	-6.3239	-2.5422	-0.7642	4.5399	4.3313	-1.0753	-2.3316	-7.8100	-8.0516
-10.5529	-6.9965	-1.5361	-1.2276	4.2289	4.3189	-0.6064	-1.1535	-7.1357	-13.5517
-11.5724	-5.2443	-1.4692	-1.2078	4.2150	4.1465	-1.6322	-1.8139	-4.3631	-9.1823
-9.8881	-4.6146	-2.4971	-1.8768	4.3861	3.9544	-0.1934	-1.1636	-7.0220	-9.3583
-8.0844	-5.9010	-1.7961	-0.7841	4.3183	4.2108	-1.0817	-1.9672	-7.2864	-10.5511
-11.7226	-6.9338	-2.3366	-0.4870	4.4978	4.1097	-0.4495	-1.8666	-7.0400	-9.3725
-8.6651	-6.5061	-2.1876	-0.5328	4.3831	4.1139	-1.4156	-1.5187	-4.6343	-7.6996
-9.7222	-5.3734	-1.6975	-1.1266	4.0680	4.0707	-0.2314	-0.6997	-7.0845	-9.0721
-8.7072	-5.6482	-0.9699	-1.0403	3.8743	3.7676	-0.8077	-1.4987	-4.2058	-6.1149
-12.5803	-5.0694	-2.4297	-1.3228	4.4286	4.3942	-1.3221	-2.4232	-5.9346	-9.7222
-8.9150	-6.3141	-1.8360	-1.4314	4.1726	4.0797	-0.3204	-1.2225	-7.1062	-11.2800
-8.4575	-6.1234	-0.7866	-1.3870	3.7686	3.7956	-0.7565	-0.8059	-3.5733	-9.7600
-10.4023	-5.8827	-0.7138	-0.6530	4.0890	3.8723	-1.0524	-1.3709	-5.8927	-10.5564
-11.4936	-5.6940	-1.1812	-1.9005	3.9875	4.2213	0.5312	-1.6719	-5.9674	-10.8165
-12.3136	-6.3189	-1.5785	-0.7523	4.1442	3.9520	-0.6481	-1.4183	-5.9204	-9.0584
-7.8604	-3.9969	-1.4631	-2.8267	4.1083	4.1109	-0.3626	-1.7688	-5.2868	-10.2900
-11.0792	-6.5566	-1.8420	-1.0335	4.4561	4.5618	-1.7395	-3.0389	-6.8516	-9.7797
-8.6398	-6.4601	-1.8930	-0.7427	4.3881	3.9039	-1.5284	-1.1315	-6.7018	-8.7167
-10.1480	-5.0857	-0.9254	-0.7012	3.8301	4.2132	-1.1819	-1.5876	-5.5617	-10.9262
-9.4992	-6.0545	-1.2286	-0.7973	3.8451	4.1506	-1.6313	-1.6961	-4.5105	-9.1739
-10.9102	-5.6795	-1.2361	-1.7668	3.9892	3.9367	-0.4433	-0.9540	-5.0086	-9.6796
-7.6300	-3.9186	-1.6243	-0.8872	4.2473	4.0115	-2.6753	-1.4966	-4.9397	-10.2913
-9.0242	-6.2006	-1.7075	-1.9234	4.0666	4.0594	-0.4456	-1.2268	-6.7995	-8.8030
-9.2531	-5.3390	-2.4468	-0.5215	4.3772	3.8268	-0.9378	-1.2127	-5.0945	-10.7290
-9.2246	-5.4209	-1.3133	-1.1303	4.0672	4.2933	-1.7541	-1.8964	-4.3539	-8.3651
-9.3441	-5.7752	-1.0034	-1.8709	3.8444	4.2163	0.1575	-1.7877	-5.6020	-12.2371
-11.8972	-7.6373	-2.2457	-1.1061	4.2404	4.1588	-0.0701	-1.5651	-6.7555	-10.3636
-7.7987	-5.2863	-1.3344	-0.8453	4.2462	4.3409	-2.3213	-2.3918	-6.1300	-9.8568
-8.4108	-4.6984	-1.3336	-0.7760	3.9690	3.7907	-0.6830	-0.7597	-4.8072	-12.2852
-8.4070	-5.7946	-1.4036	-0.7377	3.9851	4.1214	-0.5845	-1.7452	-6.2640	-12.4196
-10.6877	-6.1088	-1.4743	-0.0415	4.0660	4.1435	-0.8795	-2.0488	-6.4518	-7.5869
-10.0440	-7.0066	-2.4034	-1.2628	4.5528	4.1411	-0.7978	-1.7052	-7.2438	-9.3428
-10.3193	-7.3422	-2.4070	-0.2995	4.3730	4.3002	-0.8742	-2.3755	-7.9833	-9.3409
-8.1040	-4.0506	-1.3884	-1.8443	4.0160	4.1376	-1.1256	-1.1274	-6.0683	-9.2671
-8.6194	-5.5751	-1.1568	-1.2142	4.1094	4.0821	-1.3805	-1.0908	-5.1359	-8.4123
-8.3920	-4.4205	-1.4102	-0.9544	4.1420	4.0468	-0.8926	-1.0319	-5.5502	-10.6655
-12.0564	-4.2463	-1.8443	-1.9126	4.3778	3.9563	-0.6245	-1.2143	-5.0499	-9.8775
-8.6389	-6.9245	-2.0929	-0.9791	4.4241	4.3750	-1.0435	-1.9595	-7.5807	-9.0548
-9.3993	-7.2484	-1.9195	-0.8035	3.9873	4.2759	-0.5450	-1.1714	-5.8434	-11.0908
-11.6319	-3.6408	-0.8024	-1.6430	3.7607	3.6440	-0.2220	-1.2495	-5.5624	-10.6097
-11.2351	-5.6317	-1.2344	-0.9386	3.9911	4.3004	-0.8335	-2.0959	-6.1307	-10.2589
-10.6590	-5.5659	-1.5389	-0.7708	4.0157	4.1094	-1.1841	-1.9919	-4.9625	-11.6785
-9.4000	-4.4596	-1.6466	-2.0192	4.0726	4.1511	-1.2087	-1.0008	-4.8370	-7.9881
-8.4714	-5.7991	-2.1575	-1.1562	4.3626	4.2788	-2.0800	-1.9900	-5.5502	-8.5465
-10.0516	-6.4192	-1.3705	-1.2444	4.1735	3.9020	-0.7800	-1.0582	-5.4055	-7.0995
-14.5524	-4.1234	-0.7917	-1.1201	3.7542	3.9450	-0.5402	-0.9482	-5.5610	-12.4172
-8.3604	-5.7537	-1.8480	-0.6280	4.0874	4.0542	-1.6095	-1.0845	-6.4166	-13.0758
-9.1791	-7.0300	-1.6240	-0.7741	4.1426	4.0426	-0.7734	-1.4250	-5.0606	-8.7894
-9.4597	-6.6398	-1.8690	-0.6064	4.0408	4.0349	-0.8327	-1.3501	-5.6508	-9.5550
-10.2622	-7.2345	-1.5081	-0.0021	4.3353	4.2890	-2.2186	-1.9175	-5.4285	-11.3008
-9.8908	-7.0516	-2.0146	-1.0595	3.9843	4.3351	-0.3185	-1.6184	-4.9550	-10.2043
-10.3818	-4.3706	-1.0205	-1.1211	4.1466	4.2065	-1.6166	-2.4812	-7.0161	-8.8112
-8.9219	-4.9691	-0.8492	-0.8765	3.9977	3.9195	-1.4291	-1.6517	-5.4384	-9.4287
-11.3445	-7.7490	-2.0379	-0.6198	4.2739	4.2849	-0.4528	-0.7752	-6.2864	-12.1031
-9.3097	-8.3961	-1.8292	-0.6885	4.2159	4.2209	-0.2564	-1.7463	-7.5452	-8.7209
-9.9491	-8.0446	-1.8540	-0.4726	4.0409	4.1108	-0.1714	-2.1447	-7.4688	-8.6963
-7.2572	-4.4645	-1.6103	0.0451	3.7399	3.5537	-1.0503	-1.4113	-5.8627	-7.2505
-10.4490	-5.2206	-1.7136	-1.0710	4.0430	4.0742	0.0156	-2.1348	-6.0821	-8.0464
-9.3639	-4.7951	-1.0651	-1.7390	3.9531	3.9907	0.2668	-1.3480	-6.0968	-10.4438
-9.7284	-7.7921	-1.7279	-1.2315	4.2612	4.5238	-1.0204	-1.7286	-7.2942	-10.6304
-10.7865	-6.6016	-1.1305	-0.5165	4.0096	3.8560	-0.9512	-1.0061	-5.5814	-9.1592
-7.9980	-5.4596	-2.6177	-0.2730	4.3331	4.1503	-1.5408	-2.0070	-4.9089	-7.5853
-10.4549	-5.7475	-1.8639	-1.7110	4.2612	4.5278	-0.4809	-1.5008	-6.1362	-8.0690
-11.2991	-6.2658	-1.2963	-1.2689	4.1996	3.9434	-0.8323	-0.9402	-6.1003	-11.8186
-13.4325	-7.9487	-1.9180	-0.1849	4.3348	4.2532	-0.6250	-1.8067	-5.7618	-11.7086
-9.1199	-6.2331	-2.6411	-0.8167	4.0185	4.2054	0.3027	-1.3730	-6.2135	-9.9997
-11.5781	-7.7209	-1.5833	-0.2092	3.9926	3.8656	-0.2222	-1.4291	-7.4811	-10.9921
-10.4305	-8.1278	-2.2634	-1.0446	4.4832	4.2192	-0.7190	-1.7504	-6.1756	-9.2602
-9.9946	-6.0151	-1.5914	-1.6247	4.3254	4.3529	-1.8917	-1.1843	-4.3020	-11.7993
-10.9484	-7.8688	-1.9102	0.1043	4.2937	4.2489	-0.3879	-2.0180	-8.0364	-10.8325
-9.7794	-5.9824	-1.2389	-0.8534	3.9954	4.2953	-0.6397	-2.0508	-6.5757	-7.6173
-9.1648	-5.2699	-0.8581	-2.0476	3.9848	4.3661	0.0578	-1.3789	-7.8837	-8.6479
-10.3495	-5.2094	-1.8411	-0.5952	4.1874	4.2395	-0.9892	-1.8345	-7.7513	-8.9601
-8.2027	-5.2597	-1.3546	-1.4282	3.9779	4.0242	-0.3406	-1.4872	-6.1682	-11.1352
-10.4743	-5.7201	-1.2434	-0.8749	4.1988	4.1719	-1.1488	-1.2756	-6.7159	-9.9166
-12.9342	-6.5336	-1.8677	-0.2404	4.3374	4.2197	-1.7874	-1.4244	-7.2776	-8.9876
-7.8689	-4.7011	-2.1574	-1.4974	4.1680	4.1329	-0.9219	-1.4414	-5.1188	-11.6987
-8.9956	-5.9955	-1.0917	-0.9757	4.0982	4.1044	-0.4864	-1.9270	-7.7776	-10.3679
-10.7994	-6.4118	-1.3671	-0.0580	4.0691	4.2297	-1.8607	-1.5081	-6.0017	-8.2554
-11.3897	-4.7452	-1.3572	-1.0587	4.3492	4.0309	-0.8434	-1.4645	-6.6079	-10.9449
-11.7381	-6.3773	-1.0742	-1.0119	3.7780	4.2827	-0.2867	-1.8038	-7.4212	-8.4094
-8.2413	-5.8458	-1.4077	-0.9100	3.8804	3.9203	-0.5011	-1.5375	-6.9881	-7.6223
-12.0018	-4.6977	-1.5665	-1.0229	4.1393	4.0375	-1.1342	-0.9965	-5.6739	-11.6291
-11.7605	-5.3915	-1.1535	-0.0509	3.9426	4.0776	-1.1329	-1.3100	-6.4954	-10.4319
-10.2758	-5.5895	-0.8485	0.1797	3.6744	3.8395	-0.7360	-1.5595	-5.5678	-9.0206
-8.0848	-6.1827	-2.1027	-1.2226	4.4035	4.2688	-1.1546	-1.5087	-6.3533	-8.9421
-9.1469	-5.0111	-2.3883	-2.0719	4.4323	4.4701	-0.8036	-2.3475	-6.4777	-10.4585
-10.3567	-6.5364	-1.5155	-1.4741	4.0218	4.1899	-0.1590	-1.3403	-5.3205	-12.4822
-11.1322	-5.1138	-1.4062	0.1409	3.9463	3.9034	-2.4537	-1.1389	-3.7061	-11.1212
-11.6425	-3.8997	-1.2485	-2.4494	4.0670	4.0763	-0.9419	-0.9571	-5.7253	-8.4412
-9.2506	-5.4812	-0.9720	-0.2726	4.0822	3.7977	-1.3826	-0.4515	-6.3153	-10.1894
-9.2248	-5.0179	-1.9256	-1.1352	4.1359	4.1564	-0.6481	-1.9523	-5.2877	-10.9309
-11.8378	-7.2989	-1.6759	-0.1126	3.9858	4.1676	-0.8733	-1.2961	-6.0967	-12.1547
-6.8515	-5.2801	-2.3550	-1.0342	4.3444	4.2028	-1.2364	-2.6003	-5.8634	-8.4076
-17.5258	-6.7742	-1.6800	-1.0945	4.4900	4.3057	-0.4527	-2.5749	-6.1008	-9.1570
-7.6069	-7.3077	-2.2788	-0.5410	4.2992	3.9847	0.5043	-1.2129	-7.2078	-10.2270
-8.6304	-5.8135	-1.9080	-0.6045	4.2411	4.0460	-1.6668	-1.4141	-6.4959	-10.3544
-10.7477	-5.4603	-1.0010	-0.1629	4.0817	4.0740	-2.1488	-1.2251	-5.9482	-8.7915
-11.8330	-6.4298	-1.1568	-1.0060	4.1492	4.2949	-0.2893	-2.1563	-6.3415	-7.4946
-9.2930	-4.9054	-1.8315	-0.8881	4.0734	3.8225	0.1306	-0.9322	-7.3895	-8.4331
-8.4733	-4.4164	-1.7636	-0.5195	3.8810	4.2753	-0.2341	-1.3870	-5.0856	-14.0611
-11.8399	-3.8326	-1.3483	-0.5563	3.8380	3.6288	0.0370	-0.8421	-8.0625	-10.3193
-10.3084	-5.1111	-0.7622	-0.5097	3.8074	3.6665	-1.4376	-0.6184	-4.1482	-9.2117
-7.5312	-6.0654	-2.1237	-0.8732	4.3284	3.8455	-0.8187	-2.1100	-5.6106	-6.1991
-9.4043	-7.0060	-1.3741	-0.6658	3.7288	3.8183	-0.2772	-0.9991	-4.3938	-9.9071
-11.1943	-5.2287	-2.0500	-1.9450	4.3422	4.5060	-1.5626	-1.9923	-5.6823	-10.6226
-8.7392	-8.1764	-2.0036	-1.7343	4.3297	4.4130	-0.4394	-2.1424	-5.9720	-13.1570
-8.5263	-5.6417	-1.3002	-1.0425	3.8348	4.3125	-1.2536	-0.9699	-6.1960	-12.7778
-8.7350	-7.0258	-1.1463	-0.2200	3.7501	4.0166	-0.2271	-1.6665	-6.7747	-8.5765
-9.3357	-4.7229	-1.5552	-2.0799	4.1031	3.9731	-1.6053	-0.6458	-4.5531	-11.9260
-12.4048	-5.9961	-0.9514	-0.4940	4.0636	3.9594	-3.1522	-0.7480	-4.4606	-7.8980
-9.2266	-4.1043	-1.6531	-0.2933	4.0995	3.7232	-1.1348	-1.1510	-5.7301	-9.2319
-8.9529	-6.5279	-1.5183	-0.5389	4.0616	4.3289	-0.9860	-1.1873	-6.4287	-11.6023
-13.0628	-5.9238	-0.7573	-0.5180	4.0671	4.0648	-1.6743	-2.2053	-4.2907	-9.6332
-8.7570	-5.3861	-2.1016	-0.3275	4.4170	4.1530	-2.8296	-1.5798	-4.3250	-10.5129
-8.4981	-5.3650	-1.0962	-0.9252	4.0684	3.9446	-1.9173	-0.9639	-4.5348	-7.7978
-13.2376	-6.3709	-0.9593	-1.0938	4.2250	3.9609	-1.5049	-1.2058	-5.2910	-8.2649
-11.2036	-8.2369	-2.2549	-0.0043	4.2113	4.1894	-1.4075	-1.4212	-5.4990	-7.4995
-12.5855	-6.4641	-0.7857	-1.4162	3.9792	4.3453	-0.4244	-1.6877	-6.9983	-8.7010
-8.9332	-5.4693	-1.1867	-0.8204	4.0437	3.9700	-0.4034	-1.3579	-6.3826	-10.1505
-10.4926	-5.4287	-1.3139	-1.9577	4.1912	4.0545	0.0393	-1.3553	-5.3143	-8.0430
-8.0131	-5.0844	-1.7668	-1.6408	4.2867	4.1146	-1.8894	-1.5512	-4.9222	-10.1507
-9.5109	-5.4259	-1.3712	-1.0027	4.0597	3.9063	-0.5356	-1.3658	-6.3198	-6.9857
-11.2208	-5.4839	-1.3816	-1.5403	4.4077	4.4599	-1.9078	-1.9117	-5.8467	-9.4665
-13.2431	-6.2178	-1.3096	-0.7816	4.0959	4.3430	-0.8427	-1.9912	-5.7692	-9.6331
-8.9827	-5.5011	-1.6855	-0.4843	4.3639	4.2675	-1.4060	-1.7993	-5.4227	-11.1000
-8.7561	-5.2760	-1.9141	-2.0557	4.2236	4.2343	-0.4843	-1.1353	-6.6530	-9.5968
-9.2781	-4.4675	-0.9295	-1.4676	3.6901	3.9128	-0.5014	-1.3901	-4.7070	-8.2924
-9.2985	-4.4039	-1.1981	-1.5580	4.0803	4.0244	-1.0201	-0.9435	-5.1272	-8.5577
-10.0916	-5.5806	-1.8508	-0.8095	3.9362	4.1750	-0.7738	-2.3903	-5.5919	-9.1365
-9.1918	-4.5059	-1.8618	-1.1248	4.1344	4.0052	-1.0687	-1.4352	-5.4718	-10.7115
-9.6032	-4.7509	-0.5918	-2.5593	3.5449	4.1796	0.1836	-1.1509	-5.6135	-11.0679
-9.3993	-5.0646	-1.9888	-1.2892	4.0933	3.8306	-0.3727	-1.4171	-5.0671	-9.8223
-8.3795	-6.1983	-1.9635	-1.2076	4.2143	4.0951	-0.4672	-0.9777	-6.1528	-10.7551
-9.1127	-6.1201	-1.0329	-1.9831	3.9756	4.1872	-0.3362	-1.4771	-6.5255	-8.0770
-10.0657	-6.0284	-0.6820	-0.2789	3.8513	4.1323	-1.8416	-1.4792	-6.0129	-10.5174
-10.0309	-5.2535	-1.9531	-0.3504	4.1759	3.8341	-1.3654	-1.2209	-4.3304	-10.5882
-12.4408	-8.4068	-1.0372	-0.2992	4.0713	4.2501	-1.6094	-2.0015	-6.4597	-8.9689
-12.9982	-7.4083	-1.7777	-0.5173	4.5338	4.3076	-1.2615	-1.6032	-5.6365	-7.9853
-10.0697	-8.1492	-1.2690	-0.4518	4.4028	4.1959	-1.5409	-1.7402	-5.5418	-8.8931
-10.8722	-5.4090	-0.4937	-0.2926	3.8912	3.8910	-0.8894	-1.8322	-5.3918	-8.3145
-9.5920	-6.0981	-1.4442	-0.4295	3.7963	4.0240	-1.0257	-1.5315	-5.8076	-11.3652
-8.8135	-6.3364	-1.1440	-0.5280	3.9052	4.1902	-1.2002	-1.7293	-4.9355	-9.8545
-11.9665	-6.3249	-2.2292	-1.2493	4.1844	4.2393	0.3064	-1.3506	-5.7568	-9.9139
-8.1219	-5.8090	-1.5064	-0.0922	4.3242	3.9159	-2.2187	-2.0191	-4.9142	-7.9870
-6.6878	-6.6858	-1.0474	-0.9996	4.2175	4.2718	-1.4111	-2.1491	-4.5840	-9.4319
-8.6763	-6.3532	-2.1827	-0.6476	4.0941	4.1922	-0.5220	-2.1838	-8.2732	-11.9174
-8.1809	-5.1057	-1.0251	-0.9683	4.0367	4.2839	-0.8742	-1.3529	-5.7896	-12.1886
-9.6893	-6.6513	-1.8396	-1.8337	4.1521	4.0370	-0.6178	-1.0119	-4.5897	-8.3762
-11.3255	-4.6227	-1.5940	-1.8612	4.2717	4.3502	-1.2737	-1.8137	-6.4047	-9.1141
-9.8046	-4.3896	-1.2663	-0.9358	3.8848	3.8951	-0.7049	-1.3627	-5.8715	-9.7820
-11.1806	-4.2816	-0.8632	-0.4443	3.9214	4.2580	-1.4569	-2.2228	-5.6535	-11.3449
-12.0196	-7.0552	-1.1162	-0.8404	4.0982	4.3209	-2.3530	-1.2954	-4.9246	-11.5652
-8.5710	-4.9173	-1.2038	-1.8413	3.8720	3.9471	-0.2764	-1.7469	-5.6323	-8.1816
-6.4334	-6.2783	-1.6189	-2.6141	4.1460	4.3189	-0.7393	-1.5750	-4.9312	-9.0974
-9.9649	-6.6782	-2.7784	-1.7868	4.4223	4.2557	0.5701	-2.1403	-7.2186	-9.8562
-8.8206	-6.6357	-2.0739	-1.2687	4.5118	4.0157	-0.9796	-1.7475	-7.4305	-11.3210
-11.7555	-4.3793	-1.1603	-1.5360	3.9002	4.1784	-0.6523	-1.5090	-6.9935	-8.1444
-7.5794	-7.2624	-1.6579	0.5752	4.0839	4.2451	-2.2526	-2.0004	-5.7884	-11.0526
-12.4646	-7.1279	-1.5687	-0.3432	4.3295	4.0347	-0.9053	-1.5056	-5.5310	-11.3409
-7.9965	-7.1823	-2.3017	-1.2125	4.1833	4.2423	0.1882	-2.1680	-5.5784	-8.8542
-10.3911	-5.0768	-1.0288	-0.9982	3.8981	4.0714	-1.0484	-1.4370	-5.4032	-8.6708
-9.4007	-5.3715	-2.3236	-2.2108	4.2391	4.1657	-0.4957	-0.8342	-5.6982	-9.3101
-9.0703	-7.7232	-1.4307	-0.8285	4.2007	4.2017	-2.0914	-0.8877	-4.6715	-9.7918
-8.5013	-7.3111	-1.0445	-0.4121	3.9830	3.9511	-0.5827	-1.3241	-5.1369	-10.5502
-9.6678	-6.8337	-1.2641	-0.9565	3.9665	4.1447	-1.9041	-1.9812	-4.2178	-8.7238
-10.7743	-7.8191	-1.9916	-0.9261	4.2426	4.1318	-0.9712	-1.7207	-4.5203	-10.7516
-9.2005	-6.5575	-1.9304	-1.1789	4.2098	4.2845	-1.1749	-1.3495	-5.2056	-12.2588
-7.5954	-6.6400	-1.7994	-0.6583	3.6718	3.9538	0.4789	-1.2329	-5.3472	-8.9718
-9.4002	-5.6357	-0.8494	-0.9994	3.6387	3.7358	-0.1677	-0.8371	-5.6289	-9.7292
-9.4428	-6.8636	-2.3401	-0.1367	4.4144	4.0197	-0.9406	-1.9283	-7.5090	-8.4455
-8.1877	-4.9229	-2.0552	-1.2753	4.0547	4.1639	-0.9222	-1.7982	-6.4054	-7.9039
-9.7722	-5.9166	-2.2382	-0.6293	4.3277	4.0213	-1.0032	-1.5011	-6.3660	-10.0238
-12.0501	-6.0082	-1.5844	-0.5727	4.4244	4.1965	-1.8392	-1.6809	-6.4736	-10.5663
-9.4231	-4.3695	-1.4343	-0.5922	4.1544	4.0297	-0.7191	-1.8727	-6.3056	-8.0015
-8.4192	-6.9481	-0.7443	0.4258	3.7229	3.8461	-1.1450	-1.3206	-5.7540	-8.1249
-7.6862	-4.9619	-1.9582	-0.7439	4.3459	4.2316	-2.2695	-1.7505	-5.0049	-10.4633
-9.3049	-6.5954	-2.0361	-2.1170	4.2971	3.9191	-0.1379	-0.4419	-5.7041	-9.5225
-11.2726	-6.3648	-1.5944	-1.3427	4.2169	4.1448	-0.6964	-1.0240	-6.8982	-7.6194
-8.2663	-5.4733	-1.4632	-1.4649	4.0712	4.0335	-0.3693	-1.5471	-9.1277	-11.3398
-9.4563	-4.1712	-0.7407	-1.2798	3.9346	3.7905	-0.2801	-1.2795	-6.5621	-8.1425
-9.3601	-5.2754	-1.1213	-0.6083	4.0891	4.1441	-1.2931	-2.0780	-5.2437	-9.6645
-10.7561	-5.7243	-1.5246	-0.6086	4.0836	3.9542	-0.8562	-1.5320	-6.5714	-8.5784
-11.4518	-7.2373	-1.9979	-1.2042	4.3269	4.1381	-0.2920	-2.2843	-5.4032	-8.7924
-10.6315	-4.6274	-0.6929	-1.7281	4.0198	4.1839	-0.2983	-1.3243	-5.8576	-10.3197
-7.8830	-6.9168	-2.2670	-0.2487	4.1206	4.3039	-0.5754	-2.2937	-7.1216	-13.3749
-9.4234	-6.2569	-1.1094	-0.1586	3.9854	4.0930	-1.2275	-2.4961	-6.4905	-8.5964
-8.5189	-6.4599	-0.7989	-0.1429	3.9750	4.1674	-1.4635	-2.0008	-4.8122	-9.2650
-9.3687	-5.4151	-1.7288	-0.5085	4.0784	4.1067	-0.5970	-1.0430	-6.7228	-12.2544
-8.1386	-6.1533	-2.6121	-1.8120	4.3684	3.8410	0.0609	-0.4141	-6.2209	-10.7748
-6.8044	-5.3873	-1.7351	-1.2747	4.0189	4.1531	-0.8651	-1.3273	-6.9289	-9.5462
-8.4316	-5.1467	-1.8801	-0.8823	4.0474	4.0636	-0.9638	-1.3083	-4.6768	-9.2123
-9.8910	-5.5394	-1.0551	-0.5789	3.7129	4.0336	-1.3290	-1.4502	-5.2636	-8.4638
-8.3264	-4.9007	-0.9148	-1.2462	4.1044	4.2453	-0.9949	-2.0759	-7.5413	-11.5270
-9.1571	-5.6783	-1.2218	-1.4477	4.1573	3.7513	-1.3999	-0.5622	-4.4755	-9.9163
-9.9116	-5.7639	-1.7925	-1.2448	3.9200	4.0087	-0.2910	-1.9743	-6.0026	-8.4389
-11.3677	-5.5158	-1.8021	-0.7495	4.2767	4.2930	-0.2939	-1.4294	-7.9020	-10.6268
-8.4881	-4.6455	-0.6234	-1.1882	3.8740	3.9992	-1.5088	-0.9821	-6.5609	-8.5793
-9.1257	-6.0092	-1.6676	-1.1551	4.0252	3.8861	-0.7326	-0.7523	-4.2438	-8.0334
-6.0985	-3.8973	-0.8747	-1.1221	3.8436	4.1415	-2.0014	-1.6674	-5.1557	-10.5280
-11.2447	-5.1268	-1.8768	-0.7741	3.9810	4.1334	-0.8323	-0.9738	-5.5549	-9.7584
-10.0620	-6.2768	-1.1764	-1.0190	4.2197	4.4091	-1.2342	-1.0277	-6.9322	-10.1976
-13.0606	-6.4456	-0.9050	-0.5769	4.2259	4.2547	-1.3208	-1.9941	-8.5991	-9.4940
-9.3499	-6.4170	-1.0796	0.3058	3.9737	3.8517	-2.6707	-0.8348	-6.3608	-9.5665
-7.9914	-6.4419	-1.8225	-1.2817	4.1698	4.1877	-0.5103	-2.1539	-5.4795	-8.0827
-14.1575	-6.0345	-1.2413	-1.0778	3.8146	4.1557	-0.1211	-1.3188	-5.1778	-8.8324
-12.1874	-6.8356	-2.0761	-0.4903	4.1899	3.9606	-0.1045	-1.6054	-6.9704	-10.9853
-7.2065	-4.8222	-0.9570	-0.3308	3.6514	3.7319	-0.2007	-0.9606	-6.0045	-8.1177
-8.8570	-6.9955	-1.3514	-0.6048	3.9353	3.8080	-0.6519	-0.7893	-5.8279	-10.0825
-8.0926	-6.5150	-1.7085	-0.5089	3.7731	3.9318	-0.6073	-1.3341	-6.0381	-7.5441
-11.6783	-6.2749	-1.6556	-1.7764	4.3196	4.2921	0.0501	-1.9455	-5.7433	-10.1155
-6.7956	-5.4494	-1.2988	-0.3677	3.8153	4.1171	-0.7964	-1.8798	-6.1817	-8.5687
-8.0633	-6.8188	-1.6199	0.2448	4.1816	4.1772	-1.8177	-2.1993	-5.1283	-9.2500
-10.1416	-5.0879	-1.7323	-1.6664	4.5266	4.3964	-1.8930	-1.6919	-5.6268	-9.6589
-6.1377	-4.7441	-2.1631	-1.2156	3.9656	4.2941	-0.9466	-2.1212	-6.6569	-6.6196
-8.9731	-5.5376	-1.4195	-0.7507	4.1690	4.1169	-1.5479	-1.7341	-6.1949	-9.8182
-8.1167	-4.9401	-2.3002	-2.1684	4.3093	4.5794	-1.5230	-1.7464	-6.6666	-11.1290
-10.0678	-5.0163	-0.9930	-1.7691	3.8664	3.8311	0.3597	-1.2524	-6.7630	-8.2670
-11.1209	-6.5896	-1.1470	-1.5566	4.1027	4.1248	-0.3234	-2.1299	-5.8634	-8.7747
-8.8507	-5.4206	-0.9458	-1.5202	3.8975	3.9590	-1.8479	-1.0876	-3.6496	-7.3704
-8.7355	-6.3289	-1.4604	-0.0066	4.0397	4.0934	-2.2114	-1.4539	-5.6989	-9.3248
-8.5281	-6.6612	-2.2859	-0.2692	4.3117	4.0413	-1.5467	-1.6899	-5.5446	-8.1096
-8.2070	-5.1653	-2.0304	-0.0759	4.1631	3.9133	-0.9678	-1.5766	-5.6991	-7.5797
-10.1274	-6.8955	-1.8002	-0.7804	4.4833	4.2701	-2.3141	-1.5563	-5.2866	-7.4165
-8.5193	-3.8679	-1.4063	-1.8807	3.9664	3.8998	-1.4114	-1.3419	-5.9684	-7.9379
-8.5798	-4.6823	-1.5835	-1.8678	3.9835	4.2398	-0.3927	-2.5513	-5.1729	-11.3897
-11.5201	-7.1520	-2.0409	-0.9144	4.5005	4.4049	-2.1867	-1.4967	-5.9767	-10.9188
-11.0998	-6.5944	-1.3510	-0.2702	4.1382	4.3849	-1.4576	-2.2371	-7.5160	-8.3981
-8.9253	-6.6557	-1.8324	0.1706	4.2483	4.1548	-1.8975	-2.1699	-5.6199	-8.5364
-9.0035	-4.6983	-1.7208	-1.1798	4.3603	3.9938	-2.3332	-1.3895	-4.6626	-6.8171
-7.9945	-4.7542	-1.6881	-1.8010	4.2033	4.1844	-0.7196	-1.6435	-4.7461	-9.3200
-11.0032	-7.7874	-1.4267	-1.0333	4.3010	4.2228	-1.0100	-1.5923	-6.3205	-8.7385
-9.5482	-7.3118	-1.9185	-0.8540	4.2939	4.2554	-1.0474	-1.5667	-5.5931	-9.9067
-9.6339	-8.7217	-1.5380	-0.7423	4.1897	4.3099	-0.3740	-1.5544	-6.6692	-11.2411
-11.9366	-6.5470	-1.9479	-1.2020	4.2610	4.2341	-1.3887	-1.1847	-4.9925	-10.1030
-9.2538	-5.5584	-1.8406	-0.1362	4.3528	4.2493	-1.8376	-2.0130	-7.1863	-10.8378
-9.4983	-6.3647	-1.6692	-0.8375	4.0381	4.0772	-0.4090	-0.8608	-6.2927	-10.7919
-8.2177	-4.2096	-0.9452	-1.2460	3.8981	3.7424	-1.6548	-1.2452	-3.2648	-9.1250
-8.9522	-7.9743	-1.1936	-0.2020	3.9255	3.9389	-0.2200	-1.8316	-6.5009	-10.2800
-13.4067	-5.9603	-1.5896	0.0285	4.2531	4.0075	-1.3265	-0.9916	-6.0193	-13.4114
-8.1991	-7.3038	-0.9580	-0.7978	3.8498	4.2718	-0.7755	-1.8553	-5.7329	-11.8080
-11.4411	-7.8468	-1.9502	-1.1798	4.3645	4.1796	-0.4733	-1.3141	-5.5222	-10.3403
-10.9908	-7.0251	-2.1860	-1.5956	4.2530	4.5416	-0.2433	-2.2484	-7.3769	-9.6942
-9.8144	-6.0665	-0.8547	-1.4356	4.0146	3.9638	-0.9439	-1.3931	-5.6193	-6.8360
-10.3450	-5.4158	-1.2981	-1.1629	4.0554	3.9639	-1.0143	-0.5360	-5.7483	-10.3585
-9.1078	-6.1846	-1.5772	-1.1831	4.3288	4.3163	-1.8835	-1.2178	-6.2572	-11.2002
-9.2094	-5.8549	-1.6092	-0.5212	4.0942	4.0091	-1.7748	-0.7223	-5.6530	-8.7260
-11.1939	-5.3830	-1.6298	-2.1397	4.1795	4.2842	-0.0475	-1.7982	-5.5042	-8.4749
-11.0414	-4.7194	-1.1427	-1.4975	4.0225	4.2149	-0.8247	-2.1409	-5.7516	-7.9491
-12.8351	-5.7383	-1.5298	-0.6230	4.3534	4.0084	-2.0086	-0.5789	-5.2666	-9.9641
-14.7126	-6.1637	-1.4140	-0.5208	4.3636	4.2761	-1.6680	-1.8592	-5.9365	-12.5266
-9.6383	-5.7939	-1.3319	-0.9470	4.1191	3.7314	-0.9049	-1.7664	-5.0293	-7.5583
-14.4829	-6.3423	-1.4397	0.0985	4.3929	4.0677	-1.0635	-1.4335	-5.2911	-10.7136
-9.3671	-4.7597	-0.6670	-0.5442	3.7785	3.8173	-1.1162	-1.3182	-5.8396	-7.3755
-12.6957	-9.3188	-1.8918	-1.2482	4.2890	4.2769	-0.0861	-1.5719	-6.0837	-11.3079
-10.5459	-4.5010	-0.8680	-1.2571	4.1343	4.2084	-1.1277	-1.4027	-6.8499	-10.5521
-8.2765	-5.7013	-1.3320	-1.0702	4.0721	4.4079	-1.0831	-2.1678	-6.2940	-10.5766
-12.6066	-6.4841	-1.7556	-1.4801	4.4652	4.5402	-1.8052	-1.6173	-6.2408	-13.0150
-12.4802	-6.7438	-1.6314	-0.8510	4.1008	4.0106	0.3899	-1.8118	-7.8530	-10.2258
-12.6930	-4.8157	-0.9432	-1.3051	4.2548	4.0506	-1.5114	-0.8172	-5.2914	-9.8654
-9.5068	-4.3266	-1.2681	-0.2212	4.0441	4.1599	-1.9347	-1.3424	-5.6099	-9.0240
-10.4823	-5.0033	-1.7271	-2.1977	4.0628	3.9473	0.1556	-1.3568	-5.4943	-9.1524
-7.9145	-7.1194	-1.8510	-1.0420	4.2634	4.0182	-0.5364	-1.3247	-5.4292	-6.2575
-9.1500	-5.7102	-2.0244	-1.0013	4.1668	3.8828	-0.9457	-1.4744	-4.5848	-6.3050
-8.2960	-5.7753	-2.1331	-0.5631	4.2748	3.8600	-1.0332	-0.7752	-5.5182	-8.4283
-7.0513	-7.3943	-1.9919	-0.8793	4.2018	4.0259	-1.1056	-1.3240	-5.7712	-7.4071
-11.7840	-7.2481	-1.6816	-0.1323	4.1245	4.0460	-0.8418	-1.6236	-6.3296	-7.8875
-7.3032	-4.9058	-1.4058	-1.8506	4.2524	4.3553	-1.1143	-2.4682	-6.2949	-9.0044
-10.0742	-4.5081	-1.0149	-2.0108	4.1337	4.1101	-0.1568	-1.2526	-7.8450	-9.3905
-11.2339	-6.3992	-1.9756	-2.1782	4.3570	4.4867	-0.0808	-2.6846	-6.4231	-9.0285
-9.5926	-6.1607	-1.4956	-0.6527	4.1515	3.9224	-1.6610	-1.6380	-4.6355	-8.8447
-10.0505	-4.4699	-1.5405	-1.9446	4.3846	4.2851	-0.5635	-1.8962	-4.9152	-10.7069
-10.7569	-6.2468	-1.3030	-1.0505	4.0464	3.7655	-0.4033	-1.0838	-8.2636	-7.8195
-7.6617	-5.2579	-1.2156	-0.9768	3.7907	4.1273	-0.3977	-1.2194	-6.0584	-9.2060
-8.2384	-6.6546	-1.4292	-1.2824	3.8369	4.5587	-1.2604	-1.6929	-4.6721	-9.8902
-10.2188	-5.7866	-1.7862	-1.5387	4.0933	4.0985	0.0824	-1.2978	-5.8767	-7.1395
-9.2565	-5.5825	-1.6427	-1.2767	4.2420	4.2200	-1.2981	-1.4693	-5.3130	-9.1812
-8.4322	-5.3700	-1.7874	-1.1342	4.1823	4.1098	-1.0418	-1.2213	-5.6866	-11.4809
-10.1461	-6.4670	-2.0182	-0.9683	4.4090	4.2664	-0.2832	-1.9235	-7.1926	-11.2525
-9.3395	-5.6174	-1.3139	-0.5402	4.1108	3.8739	-0.5161	-0.9680	-6.3365	-10.4539
-11.2030	-6.6862	-1.3303	-1.0054	4.2183	4.4486	-1.4552	-1.3781	-5.3125	-10.9516
-8.0774	-3.2908	-1.3618	-1.3366	3.9086	4.1441	-0.9302	-2.3146	-5.1209	-7.7627
-8.5843	-6.0044	-1.8281	-0.5106	4.1119	4.3525	-2.2466	-1.3906	-5.0293	-8.5921
-8.8105	-4.0222	-1.6755	-1.8355	3.9484	4.2075	-0.2464	-2.0903	-6.6793	-8.4750
-7.9823	-3.5760	-1.0351	-1.8124	3.8199	3.9199	-1.1729	-0.3301	-4.9723	-10.4449
-9.6326	-6.2137	-1.1521	-0.6319	3.9465	4.2611	-1.2680	-1.6038	-4.8963	-12.1011
-10.4763	-5.9003	-0.6189	-0.7021	3.9523	4.3581	-0.8800	-1.9689	-5.2852	-9.6948
-9.5759	-6.6714	-1.0158	-0.4655	4.2862	4.1160	-1.6099	-0.9413	-5.7947	-9.4007
-9.2353	-6.2237	-2.5238	-0.7097	4.3682	4.0137	-1.1744	-2.1020	-6.7716	-7.0436
-10.4376	-4.3202	-1.7369	-1.5363	4.0593	3.9257	-0.6329	-1.0257	-4.8001	-10.0333
-10.6550	-5.5242	-2.0368	-1.8568	4.5477	4.2124	-0.5839	-1.4694	-6.6324	-10.6021
-10.6286	-5.3637	-2.0792	-0.9659	4.2754	4.0554	-1.1176	-2.4601	-5.6128	-7.8394
