-11.6865	-10.4644	-4.9971	-5.1591	0.2016	0.0781	-5.8642	-6.8597	-13.7311	-14.5882
-15.1045	-10.4183	-5.6106	-5.3397	0.4315	-0.1406	-4.4434	-5.3054	-11.6191	-13.8193
-18.6109	-10.4645	-4.9883	-4.7774	0.7401	-0.3592	-5.6728	-6.1491	-10.4389	-12.1184
-15.9139	-11.8987	-6.1342	-4.8151	-0.0044	0.7013	-4.3890	-4.9007	-10.6779	-13.2370
-10.2954	-10.7380	-5.8901	-5.4859	-0.0294	-0.0032	-6.1929	-4.8966	-7.6193	-12.0084
-12.5683	-9.3723	-4.6761	-5.7149	0.3932	0.4433	-6.0901	-5.9306	-9.4344	-11.5144
-13.6958	-9.4273	-4.8227	-4.6320	1.2964	-0.1173	-5.2253	-6.7889	-12.0977	-13.7506
-10.9950	-9.5606	-5.9423	-4.8446	-0.0644	-0.3719	-5.3626	-5.0673	-9.7463	-12.3616
-9.6047	-9.0431	-4.4618	-5.5802	1.2941	1.5562	-3.7612	-5.2881	-7.0972	-11.6431
-14.0574	-11.4941	-4.6300	-5.0844	-0.2824	0.0569	-5.0710	-5.7427	-10.5813	-20.9767
-12.2462	-10.1244	-5.6494	-7.0118	-0.3637	-0.3715	-5.7515	-6.5952	-10.7789	-15.0582
-16.5221	-11.5249	-5.1145	-3.2917	1.9517	2.2029	-4.0138	-4.6807	-8.1308	-11.5302
-13.2682	-10.9580	-4.4206	-5.1641	0.7342	0.6669	-5.0742	-5.7434	-11.2322	-14.5156
-13.7906	-9.9545	-6.2216	-5.2529	0.5082	-0.3272	-5.2817	-6.1257	-8.8580	-11.5070
-12.4996	-11.0123	-5.9680	-3.7888	0.2751	0.0499	-4.4512	-4.6640	-10.5207	-10.5237
-13.8748	-9.3370	-4.9003	-4.8077	0.9475	0.0646	-5.7297	-3.3496	-9.5039	-11.1166
-13.8187	-9.3365	-4.7168	-4.0122	0.5788	1.2340	-4.9567	-5.0826	-10.9526	-12.6194
-17.4422	-10.9484	-5.1261	-4.9928	0.1500	1.1042	-6.5125	-6.3778	-9.9434	-14.2353
-10.7368	-10.4053	-8.1344	-6.6666	0.1354	0.3821	-3.6031	-4.9904	-8.7305	-12.2999
-10.5483	-7.9716	-4.0101	-4.8478	0.9961	0.4900	-3.9072	-5.3336	-10.1614	-10.5306
-12.5092	-10.4857	-6.1787	-3.0663	0.1255	0.9167	-4.2145	-3.9096	-10.6949	-15.1142
-11.1595	-9.3160	-5.9851	-5.6539	0.4715	1.2251	-5.5189	-4.4449	-8.3578	-10.9135
-19.3956	-12.2674	-5.7701	-3.6539	0.6581	-0.1890	-4.3186	-5.4808	-9.4536	-14.9052
-14.7403	-9.8426	-5.7453	-5.5132	1.1721	0.8671	-4.5160	-5.5919	-12.5229	-12.2052
-14.8987	-10.9261	-6.5912	-4.6593	0.9814	0.2146	-5.6048	-6.1248	-8.7825	-12.1688
-12.4275	-8.5219	-5.7418	-6.2318	0.1766	-0.0113	-5.3839	-5.1769	-10.7196	-15.3090
-14.1076	-10.6086	-6.2480	-4.5228	0.2403	-0.2698	-4.5898	-7.0371	-13.3827	-14.2113
-11.0409	-9.2471	-6.6440	-4.2554	0.7309	0.7003	-4.1578	-5.5656	-11.6864	-15.4620
-11.3555	-11.9259	-4.5217	-3.7893	0.6738	0.5617	-5.3999	-5.1622	-10.6024	-17.1927
-12.1464	-9.4765	-5.3388	-4.6426	0.6903	0.1819	-5.1388	-4.8462	-7.5595	-11.5288
-12.4669	-11.1998	-5.8281	-4.8290	-0.0613	0.8366	-3.9728	-6.2278	-10.3209	-13.0970
-14.4749	-11.2560	-6.2306	-5.4592	-0.3763	-0.7401	-5.2418	-4.2589	-10.4258	-17.1933
-16.3579	-10.9705	-6.4912	-6.1856	-0.6918	0.1213	-4.9759	-5.4799	-8.8434	-14.1921
-15.3776	-10.7234	-4.4035	-4.9536	0.9382	1.1611	-5.9576	-4.6276	-7.9766	-12.9901
-14.2401	-12.4375	-6.1640	-5.2854	0.3359	0.5299	-4.6710	-5.6262	-10.6103	-14.5322
-12.0902	-8.4788	-4.2823	-5.6590	0.1101	0.9152	-5.1415	-5.6163	-12.2826	-20.3944
-13.8933	-8.7805	-4.4652	-6.0147	-0.7208	-0.1418	-6.0920	-5.9221	-9.7810	-13.0763
-11.0121	-7.4889	-4.2855	-5.0735	0.5559	0.6753	-4.5326	-5.0073	-9.9471	-12.3128
-16.7290	-10.1691	-5.7721	-5.9073	-0.2144	-0.0963	-6.0280	-4.9097	-8.2757	-14.8529
-13.6989	-9.4242	-4.9922	-5.7476	1.1258	1.0122	-4.4746	-5.2815	-7.6364	-13.0532
-14.1638	-11.9489	-5.7359	-5.5146	1.1949	0.3023	-5.9958	-4.9952	-10.4374	-12.7901
-14.0971	-12.1138	-5.3150	-4.5169	-0.4543	0.0064	-5.2886	-5.6734	-10.4396	-12.5247
-15.1830	-9.1467	-6.2931	-5.9996	-0.0225	-0.0062	-6.7926	-4.1618	-9.4876	-12.3489
-12.9042	-8.9947	-4.9939	-5.7841	0.2824	-0.0231	-4.3816	-4.2893	-12.2926	-15.1907
-14.5517	-7.1479	-3.1204	-5.3010	0.5984	1.0441	-5.3363	-5.2462	-10.4364	-12.0714
-15.1857	-10.9086	-5.4458	-3.6852	1.3963	1.1137	-5.3988	-3.5360	-7.1504	-10.9282
-11.5000	-9.0046	-4.7963	-4.8353	1.3338	0.6374	-5.0186	-5.3250	-11.1917	-13.0800
-10.9919	-8.7386	-4.7850	-5.1030	0.3722	-0.0202	-5.9281	-5.4990	-8.4929	-15.7586
-10.3342	-7.2197	-5.1378	-5.4840	0.3650	1.0987	-6.4478	-4.9316	-7.9445	-10.5108
-18.6711	-9.5894	-5.5424	-3.9985	0.5415	0.2398	-4.8818	-5.7096	-8.3907	-12.9908
-13.7048	-9.2468	-5.6471	-7.0966	-0.2175	0.2445	-4.4602	-5.3951	-10.9568	-12.0249
-16.3259	-11.4345	-5.2688	-6.1779	-0.1600	0.3818	-4.4470	-5.9518	-12.2498	-13.4638
-9.4086	-9.1170	-5.1370	-4.2060	-0.0965	-0.1406	-5.8977	-5.0529	-11.5218	-14.7043
-14.5443	-8.4841	-5.1015	-6.0202	0.1857	0.7413	-5.2371	-6.2183	-9.0412	-14.0494
-15.8290	-8.8632	-5.2356	-5.9156	-0.1469	0.0869	-3.5878	-6.3352	-10.4353	-12.1965
-17.2410	-8.4802	-5.4915	-6.4249	-0.2070	-0.1943	-4.3671	-4.6753	-10.0705	-14.3427
-13.1894	-10.1898	-4.5194	-3.7588	0.7766	0.2727	-5.2200	-5.2625	-12.5552	-18.5574
-17.6164	-11.1442	-5.2073	-4.3599	0.6647	0.5979	-5.8614	-5.7629	-8.8071	-13.4386
-14.3408	-10.8696	-5.2202	-6.6237	0.2836	0.5703	-5.1919	-5.4970	-11.4717	-19.4365
-11.1761	-9.8877	-4.5890	-5.0123	0.7550	0.3668	-4.4548	-4.8502	-8.6544	-13.0021
-11.8780	-8.7276	-6.1004	-5.2594	-0.4966	-0.0585	-6.4720	-7.3923	-10.2455	-15.1287
-13.8485	-11.9537	-6.0108	-6.9383	-0.3057	0.6043	-4.9271	-6.7772	-10.8107	-11.0847
-11.2272	-8.3660	-4.1269	-4.0517	0.1228	1.0284	-4.8463	-4.5271	-9.0459	-11.3720
-11.0502	-8.9488	-5.7310	-5.2001	0.4669	0.1873	-4.2646	-7.1260	-15.2095	-15.4094
-12.9963	-10.2770	-4.9637	-5.1859	-0.4545	0.6678	-4.6491	-6.4657	-12.2247	-13.8677
-17.6339	-12.3831	-7.5138	-7.3156	-0.2527	-0.3348	-6.1690	-5.1547	-11.8494	-17.2573
-13.5877	-9.3641	-4.8298	-5.1523	0.6935	1.3030	-3.8694	-6.4598	-9.6335	-10.0547
-8.6532	-7.4150	-4.5112	-4.4104	0.5079	1.0979	-5.0176	-5.7503	-8.1688	-12.1942
-10.9391	-9.4087	-5.2908	-5.5794	0.7832	0.7259	-6.3191	-4.6511	-8.7554	-12.4202
-15.8735	-12.5718	-4.7716	-4.9133	0.3979	0.3955	-5.5097	-4.8197	-7.5684	-16.9002
-13.5311	-8.5261	-4.7409	-5.5285	0.9859	0.6984	-4.3361	-4.5011	-8.7738	-14.6725
-13.3076	-10.9529	-5.3302	-6.0249	-1.1756	0.3302	-4.0212	-5.5881	-9.4598	-12.7534
-11.9891	-10.8187	-4.7490	-4.5809	0.3933	0.8700	-6.1914	-5.3977	-9.0716	-12.9468
-13.1593	-10.3687	-5.3902	-4.1200	-0.4234	-1.1832	-7.4229	-6.9127	-8.8281	-13.9212
-11.2988	-9.4541	-5.7329	-5.2538	-0.2537	0.2472	-5.5846	-4.6490	-9.4003	-17.0060
-14.9793	-9.7463	-4.0260	-4.7137	1.6169	0.4262	-5.3924	-6.2823	-11.6410	-13.0925
-15.9294	-12.4916	-6.5205	-4.1664	-0.5392	-0.2296	-5.5557	-5.2701	-9.8422	-17.1791
-10.2288	-10.1864	-6.0286	-5.5074	-0.0267	0.0508	-5.0352	-5.4523	-11.3434	-15.0021
-16.4332	-11.0113	-5.7073	-5.2720	-0.5662	-0.3694	-4.7250	-5.3882	-7.7398	-12.9366
-9.6601	-9.0416	-5.4078	-5.4495	0.3138	0.6821	-4.7748	-6.3764	-11.3039	-12.5222
-10.8002	-7.5050	-5.0562	-5.1018	0.2774	-0.4484	-5.5592	-5.1093	-8.6626	-20.4512
-15.5335	-7.5749	-4.2745	-5.2817	0.4641	0.7458	-4.4635	-6.2588	-10.1675	-12.3998
-11.4248	-9.5191	-6.7678	-4.9831	0.2672	-0.0712	-5.8928	-4.7375	-9.6928	-14.3139
-14.2291	-10.7969	-6.0246	-7.2607	0.9689	-0.3600	-4.1533	-5.7510	-8.8888	-11.6618
-12.3726	-7.2086	-5.1399	-6.2768	-0.0925	-0.1150	-5.9108	-5.4815	-9.7799	-13.3749
-11.8555	-9.7876	-7.0813	-5.3981	0.7488	0.2043	-5.9664	-4.2794	-8.2033	-13.7516
-22.4302	-11.1949	-3.7204	-4.1461	0.9004	1.0559	-4.6074	-3.9206	-7.9945	-19.0094
-14.4752	-9.8664	-5.8466	-6.0602	0.2771	-0.0776	-5.5625	-3.8800	-7.6728	-11.4116
-18.9562	-9.8092	-5.3348	-4.9912	0.7404	0.4956	-5.0982	-7.0768	-11.3655	-13.9419
-15.9596	-10.6956	-4.9914	-3.8559	0.1060	0.2961	-5.4805	-4.6099	-8.7022	-10.8935
-12.6150	-10.2277	-5.6372	-5.2974	0.5085	-0.4036	-7.8800	-5.0820	-8.5093	-14.3533
-11.9875	-8.7826	-5.0090	-6.9855	-0.3097	-0.3603	-6.2782	-6.6937	-9.5480	-13.3907
-14.6738	-11.0004	-4.9622	-5.6204	-0.3252	0.2343	-4.9144	-4.9211	-10.3750	-11.3937
-15.4575	-9.3409	-5.3469	-5.5681	-0.2453	-0.6379	-4.8455	-7.0078	-9.1884	-11.9951
-13.2234	-10.8147	-5.6432	-5.3350	0.2401	0.5131	-4.3728	-3.8471	-9.8428	-14.9748
-11.4706	-11.5391	-5.0357	-5.3191	0.7317	-0.1619	-5.6394	-4.6199	-8.2781	-14.5111
-14.7718	-9.0850	-6.4969	-6.5085	-0.7514	0.2712	-6.1793	-5.5683	-8.8851	-13.5014
-12.1256	-11.5428	-6.7463	-3.5747	1.0219	1.1188	-3.1307	-4.6950	-10.1792	-19.5833
-22.5713	-9.1522	-4.8504	-5.1400	0.4930	0.5362	-4.6391	-5.3334	-10.3242	-12.9125
-11.1572	-9.7270	-4.9268	-4.6072	-0.1479	-0.3028	-5.2894	-5.5556	-10.5054	-14.0534
-13.6891	-11.8800	-5.1452	-5.3289	0.2539	0.3017	-4.3965	-6.6148	-14.0062	-15.3404
-14.4760	-9.2601	-5.0569	-4.1321	0.7770	0.6578	-4.4388	-5.0873	-9.0632	-14.2136
-11.6913	-11.9513	-5.8523	-5.1755	0.5530	0.8576	-4.4748	-4.4795	-12.8524	-13.5376
-13.0897	-10.1207	-5.6612	-4.1549	0.2844	0.0973	-5.7187	-5.7630	-7.3474	-11.9986
-12.9412	-10.7625	-5.4982	-7.2035	-0.2337	0.4530	-6.6542	-5.5345	-8.6964	-14.3003
-10.6376	-9.1682	-4.7710	-4.5356	1.2067	0.9749	-3.9195	-3.8387	-7.3579	-11.8184
-14.9164	-10.9959	-7.3147	-5.5583	0.4131	0.3708	-4.4247	-4.9385	-9.2901	-11.8491
-15.0860	-9.7938	-5.9944	-5.6151	0.5062	-0.0475	-5.1076	-5.7705	-11.1337	-13.4992
-16.2767	-10.2293	-4.5031	-6.0216	0.8632	0.7637	-6.5449	-4.0091	-7.4300	-10.2060
-11.4124	-8.2618	-5.1781	-3.6331	0.5303	0.7316	-5.4090	-5.1641	-8.4897	-14.3686
-13.5453	-9.5047	-4.0564	-4.7386	0.1983	-0.5169	-6.4936	-6.3418	-9.2815	-11.1776
-13.1910	-8.6118	-5.9563	-5.8122	-0.7014	-0.7216	-4.8716	-6.3778	-8.2615	-13.9811
-10.2316	-8.8419	-5.2310	-5.1618	0.8256	0.4349	-4.0092	-4.5130	-9.9435	-10.1208
-11.0797	-7.3822	-3.2855	-4.5647	0.3150	0.7730	-4.5726	-4.9051	-8.8903	-16.5767
-11.5078	-10.2765	-5.0168	-5.0634	0.6950	0.1662	-6.5496	-5.2533	-7.7656	-8.1988
-13.6092	-11.1648	-6.2043	-4.7328	-0.2418	0.2019	-5.5221	-4.7994	-8.0478	-11.2013
-15.2865	-8.9946	-4.5462	-3.8627	1.6509	0.6216	-4.1272	-3.7495	-8.2721	-19.1720
-17.1199	-10.5731	-3.6934	-4.8163	0.5149	0.3047	-5.8801	-6.1129	-11.7470	-13.2790
-14.4624	-9.9080	-6.1705	-5.4930	0.5406	0.2531	-5.6734	-7.3906	-8.7932	-10.7212
-15.9859	-7.9050	-4.5066	-4.5255	0.2633	0.4102	-3.0312	-4.6285	-9.2353	-16.1245
-14.5258	-9.6986	-4.3847	-4.3004	1.1639	0.8166	-4.8630	-5.6337	-9.2085	-13.8462
-14.9737	-9.5151	-4.5478	-5.0725	0.6069	0.1170	-4.5592	-5.7182	-8.9549	-12.2836
-9.9131	-8.8452	-4.9748	-6.4533	-0.4412	0.6129	-4.8932	-6.0049	-9.6924	-16.2238
-9.4303	-5.9349	-4.6171	-3.5331	0.5864	0.2473	-4.4356	-5.5997	-8.0184	-9.3870
-15.6084	-9.0926	-5.6582	-6.9614	0.2426	1.0309	-2.8681	-3.5110	-7.8243	-12.6867
-11.2966	-11.1981	-5.9515	-4.5526	0.3772	1.6361	-3.7441	-5.0741	-10.3845	-13.5698
-11.3541	-10.7292	-6.3923	-4.8891	0.2257	0.7895	-5.5092	-5.8182	-10.6338	-12.1711
-13.0664	-8.9533	-4.5414	-7.0603	0.2635	0.2161	-5.9007	-5.7322	-11.6602	-14.9505
-17.7544	-10.0033	-5.3697	-5.6197	0.0576	0.8259	-5.0848	-6.2006	-9.6285	-11.7038
-14.7508	-9.5444	-5.4946	-3.8458	0.5781	0.6539	-5.0371	-4.1983	-8.4237	-13.9084
-15.5523	-14.9368	-6.4098	-2.9211	1.0331	1.1240	-5.0612	-4.8607	-9.1796	-16.1519
-9.5310	-7.7103	-5.4139	-5.1791	0.2629	0.0005	-4.7647	-6.4579	-9.8386	-12.0219
-10.4739	-8.6073	-4.6969	-5.1054	0.2806	0.1544	-5.8272	-6.0098	-8.1925	-11.8103
-11.2811	-11.5487	-5.8552	-4.6411	0.4503	0.3909	-6.1064	-4.9971	-7.1721	-16.5964
-12.9953	-9.2807	-5.3587	-4.7588	0.4119	0.1550	-3.8079	-5.3413	-9.0901	-14.2816
-11.6905	-10.8414	-4.0010	-4.0734	0.4899	0.6463	-5.9397	-5.9512	-9.5535	-12.7488
-16.6936	-8.8691	-5.0347	-4.8134	0.9486	0.3058	-6.5032	-5.5855	-8.0733	-9.4042
-10.9995	-11.9364	-5.5480	-3.4637	0.9086	1.1214	-4.1845	-5.5915	-8.5705	-14.0753
-11.7898	-8.8557	-4.2146	-3.8078	0.0828	-0.0364	-4.7974	-4.4397	-8.3452	-14.4731
-12.5465	-11.9937	-4.8177	-4.7940	-0.0984	0.1514	-6.1479	-5.4534	-8.3786	-9.4946
-11.4015	-7.2619	-5.3673	-6.7779	0.1149	0.5709	-5.8343	-5.1069	-8.0722	-12.9867
-14.6334	-11.4561	-6.5595	-4.2342	0.2021	0.1201	-6.5048	-5.0193	-8.3567	-10.3894
-12.5535	-8.4301	-5.0116	-5.6180	0.7427	0.6270	-4.3688	-6.6741	-10.0564	-13.7815
-12.1541	-9.4816	-5.4380	-5.4818	-0.4293	-0.2971	-5.6793	-4.4947	-7.6681	-9.9649
-12.2026	-8.0675	-4.9901	-4.6804	0.5316	0.7847	-5.1698	-5.3058	-7.3179	-9.9910
-12.3280	-7.7276	-5.5985	-6.0988	-0.1486	0.8245	-4.6624	-5.4844	-10.2108	-18.7143
-9.6544	-8.0301	-4.0101	-4.5623	0.3199	0.0177	-4.6849	-5.9209	-9.9463	-10.1883
-14.4124	-9.2603	-5.1662	-5.4715	0.2173	0.8226	-5.8389	-5.6028	-9.5079	-16.6366
-17.4888	-10.3612	-4.9230	-5.2408	-0.2030	0.4939	-4.9995	-7.0333	-11.0188	-15.3081
-11.1551	-8.2877	-6.1643	-5.7170	0.7868	0.5457	-4.6874	-5.8143	-11.8243	-17.2232
-11.3922	-11.6030	-4.4569	-3.9705	0.4683	0.5183	-5.0470	-6.0533	-7.9870	-12.0523
-11.6283	-9.7728	-3.4523	-4.7004	0.5273	0.8870	-4.9774	-4.2667	-8.0511	-12.1351
-14.5567	-12.0372	-4.5430	-3.0207	0.4720	0.8734	-2.7709	-5.0821	-10.8875	-15.3054
-12.4265	-8.1108	-5.4377	-5.3731	0.5370	0.0838	-6.8105	-3.9376	-7.1188	-11.5846
-13.1946	-10.0644	-4.6172	-4.5452	0.7339	0.0331	-6.0462	-4.1119	-8.5530	-18.3746
-13.6647	-13.0349	-6.1860	-5.0768	0.4910	-0.6623	-5.5171	-5.9842	-9.4448	-11.6664
-12.9654	-8.9661	-4.1923	-5.0848	1.0439	0.6973	-4.0023	-5.1678	-10.6343	-15.2183
-15.7137	-9.5249	-5.7869	-5.2744	0.6648	0.6600	-4.7781	-6.2084	-9.5797	-9.8501
-16.4157	-8.4003	-4.0676	-5.2099	0.4749	0.0204	-5.6694	-5.9057	-9.6338	-10.3163
-11.4852	-9.1832	-4.0316	-5.5332	0.5348	0.0333	-6.1086	-5.0542	-8.9940	-11.1868
-11.0537	-8.6260	-5.9321	-4.1729	0.0067	-0.5788	-4.8037	-6.0343	-11.4225	-12.9268
-11.8317	-7.3269	-5.3672	-5.7621	0.3940	-0.4365	-5.2680	-6.7294	-9.2517	-11.6848
-12.2906	-9.2442	-4.6414	-5.2338	-0.1526	0.3288	-4.9496	-4.6028	-7.3878	-13.4123
-15.3038	-10.8515	-6.0316	-6.9061	0.4095	1.0889	-5.4174	-5.6845	-9.2864	-14.5436
-12.5249	-10.4422	-5.6385	-4.0544	0.1478	0.8615	-5.4876	-4.8971	-7.7432	-12.5477
-14.4614	-9.6385	-3.7544	-4.0038	-0.0732	-0.0742	-4.7383	-4.2177	-8.8652	-15.9599
-13.2350	-9.0567	-4.4593	-5.5722	0.7508	0.9185	-6.4154	-6.0761	-8.7913	-12.9536
-12.5427	-9.6521	-4.9874	-4.0623	0.1302	0.1355	-4.2994	-5.1462	-9.8331	-12.2938
-11.5852	-10.7044	-5.6455	-4.1241	-1.2573	-0.5643	-5.6151	-5.7637	-9.5702	-13.4327
-12.4552	-9.1159	-6.8480	-4.7375	-0.6365	-0.2464	-5.5452	-6.1784	-9.6694	-13.3635
-13.4108	-9.2463	-5.9222	-5.8558	0.6484	0.6515	-5.5509	-6.0281	-9.3011	-17.6644
-11.1368	-8.3120	-4.6818	-4.5589	1.4842	0.1842	-6.5549	-5.9918	-7.8040	-9.6864
-12.1164	-10.2198	-5.5491	-5.7769	-0.1411	0.0611	-6.3876	-4.7550	-7.4882	-9.4263
-12.3404	-8.9560	-4.3273	-4.6340	0.0781	0.1794	-4.3461	-4.5601	-10.2277	-13.1144
-13.2306	-12.7491	-6.8644	-5.9097	0.1782	0.9330	-3.8422	-4.0996	-8.9579	-12.9401
-11.8541	-9.1103	-5.4214	-6.4537	-0.1261	0.6864	-6.5872	-5.5818	-10.0212	-12.9457
-12.7453	-9.5442	-5.5847	-5.0689	0.0062	-0.0545	-4.5004	-3.9644	-9.1954	-11.7196
-13.5535	-8.3212	-4.0563	-4.4440	0.5626	0.8586	-5.0079	-4.8369	-7.1038	-12.4681
-10.8701	-8.3060	-5.2641	-4.5654	0.6761	0.6946	-5.2206	-6.0088	-9.5625	-14.5363
-13.5734	-8.6598	-4.4024	-4.9447	0.8794	0.4518	-6.2212	-5.1247	-8.0485	-11.8641
-10.7853	-9.9563	-7.8080	-5.2770	0.4049	0.5754	-4.8975	-5.8161	-9.7755	-12.5291
-15.8031	-12.1238	-5.3853	-7.5246	0.2224	0.5970	-5.0220	-5.7920	-9.6198	-11.9144
-11.7891	-9.9368	-5.7026	-6.0180	0.4996	0.8596	-5.8589	-4.8589	-8.9308	-15.7062
-12.0136	-9.5166	-5.8851	-5.8044	-0.9817	-0.0505	-5.0265	-5.5638	-8.5774	-12.4313
-9.9560	-8.1908	-4.6249	-4.1905	0.6566	0.5283	-5.6339	-4.5291	-9.8914	-12.9381
-11.4443	-9.2366	-5.0105	-4.5888	0.8363	1.0875	-4.9610	-5.5212	-10.9116	-12.1720
-14.4791	-9.7604	-4.9042	-5.8472	0.6122	0.3190	-4.3284	-5.6103	-7.1641	-12.8884
-13.0860	-8.5123	-6.2763	-6.1409	0.2712	0.5327	-4.6712	-6.6150	-10.9495	-12.6604
-17.3450	-12.3853	-5.8112	-3.2248	0.2255	0.8956	-5.3145	-4.3003	-8.5065	-10.1937
-13.3186	-10.9860	-4.4994	-3.5752	0.1296	1.3777	-2.3203	-4.9444	-10.4047	-15.7391
-19.3785	-10.7529	-5.1513	-3.8939	0.5619	1.3760	-5.7135	-5.5909	-8.7874	-12.0724
-12.6849	-10.5603	-6.3376	-4.5290	0.7033	0.9871	-5.2080	-5.6380	-12.3289	-12.4968
-13.1804	-10.4012	-4.7999	-6.6301	-0.5574	0.3204	-4.7090	-5.7141	-10.3522	-14.3229
-15.3514	-9.4589	-5.6361	-6.8559	-0.0273	0.2991	-5.4657	-5.7106	-8.4827	-12.5178
-13.1795	-9.0451	-4.7086	-5.1700	0.7879	-0.0602	-5.5813	-6.4709	-9.4982	-14.1275
-15.4025	-9.3244	-6.0187	-6.2180	-0.3609	0.1242	-3.3911	-4.6990	-11.4925	-17.5647
-11.4053	-9.8120	-6.0822	-4.6412	0.2735	1.0590	-3.6644	-5.4319	-11.1837	-13.7422
-11.3691	-9.6933	-4.6548	-5.9222	-0.2264	-0.1174	-5.2990	-6.3878	-11.6233	-14.1544
-15.6218	-11.1056	-6.8205	-4.5072	0.2736	-0.2565	-6.4119	-6.6612	-10.6373	-12.7589
-15.1234	-11.9224	-5.7276	-4.8053	1.2353	1.4212	-3.0748	-5.2905	-9.7912	-15.4218
-11.0227	-11.3800	-6.8708	-5.5562	-0.1322	-0.0242	-4.4085	-4.9755	-9.4167	-12.6337
-9.2125	-7.3885	-5.6902	-6.3118	1.2318	1.5498	-4.5986	-4.0168	-8.5473	-14.3678
-13.4589	-10.9498	-4.8425	-4.9675	0.8444	0.7490	-5.4659	-6.0317	-9.8471	-18.2733
-13.8013	-13.5120	-7.6061	-4.0418	0.5379	-0.1227	-3.9527	-4.8798	-12.4069	-15.6258
-14.7469	-7.9389	-3.2599	-3.9726	0.8002	0.6663	-4.7833	-5.7834	-10.4162	-12.0459
-15.5433	-9.3179	-4.9816	-5.1372	-0.7390	-0.4617	-5.7713	-7.1491	-11.8997	-14.5134
-14.3099	-7.5498	-4.6874	-4.9184	0.7102	0.0619	-5.6997	-4.6917	-8.5170	-14.3242
-13.7860	-12.1064	-4.7298	-4.0658	1.2501	0.5200	-5.7682	-4.6803	-9.5786	-19.9945
-15.7342	-10.6729	-4.3788	-4.9692	0.7891	1.0656	-4.4972	-5.4482	-10.7971	-13.8263
-9.4151	-9.6997	-5.6744	-4.8631	0.8988	1.0136	-4.5732	-4.4110	-8.8698	-10.7943
-13.5252	-8.4616	-4.1857	-4.3891	0.4216	0.5692	-4.1564	-6.0838	-11.8753	-13.5689
-14.2319	-9.5560	-6.3215	-5.4447	0.5569	-0.0178	-6.6537	-5.1559	-9.6802	-10.6250
-10.5988	-9.2278	-4.9813	-5.2425	0.4051	1.0496	-4.3939	-4.3848	-9.5272	-17.0163
-14.0310	-10.6901	-4.5473	-4.3102	0.1132	-0.1884	-6.1910	-6.3210	-9.1880	-15.0219
-12.0501	-11.4179	-6.8825	-4.2901	0.9429	0.5817	-5.2293	-6.4140	-8.1479	-9.4710
-13.0715	-12.0998	-5.3260	-6.1924	-0.0156	0.3281	-5.9866	-4.2750	-8.5076	-12.4984
-11.6401	-7.3444	-4.2406	-5.4814	-0.5684	0.4811	-5.1854	-5.8451	-9.5372	-12.7308
-15.1943	-9.0121	-5.3455	-4.6428	1.3616	0.1456	-6.0496	-6.4837	-9.3135	-18.4989
-12.1018	-10.6336	-5.4418	-4.1248	-0.2822	-0.5064	-6.6967	-4.1395	-7.6476	-11.6969
-15.9119	-10.8370	-6.8062	-6.6333	0.6627	0.2457	-5.4780	-5.0386	-10.5303	-12.0745
-13.4427	-9.9248	-7.0260	-6.5744	-0.2428	0.0901	-4.7595	-5.6270	-9.1007	-15.1124
-9.6462	-9.9570	-5.3439	-6.3030	-0.0788	0.5166	-4.3955	-4.5605	-8.4845	-18.1523
-12.7486	-10.1364	-6.8816	-4.9683	0.2874	0.8846	-4.3854	-5.0940	-7.5941	-13.6453
-11.7538	-11.5463	-6.2284	-4.6784	-0.3839	-0.3912	-6.3271	-5.6257	-7.6933	-12.3887
-17.5577	-10.7802	-5.5191	-4.6323	0.4857	1.0745	-5.0532	-3.2468	-7.9891	-14.0012
-11.8427	-9.7364	-5.2523	-4.7903	0.7841	0.4199	-5.6738	-5.5746	-9.0387	-11.3260
-16.2897	-12.6280	-6.3388	-6.0021	-0.7118	0.4626	-4.4974	-4.7232	-9.6565	-16.4369
-11.8921	-8.0016	-4.0830	-3.9460	1.2487	0.7114	-4.7759	-6.8192	-14.1544	-23.9504
-11.7693	-10.3127	-6.2018	-4.8874	0.8109	1.1140	-4.2423	-4.6825	-8.8113	-10.1134
-15.6795	-9.3403	-4.8752	-4.4708	0.9716	0.2563	-3.7559	-5.6029	-9.3539	-10.2055
-10.5314	-9.8241	-6.5250	-5.5958	-0.1424	0.0395	-4.7170	-4.3377	-8.8987	-15.4204
-13.1041	-10.1815	-5.6008	-5.4432	0.9350	0.9098	-6.8143	-6.1140	-9.4390	-14.1677
-14.8077	-11.5881	-6.0950	-5.8305	1.2339	0.6918	-4.6664	-5.8072	-9.3595	-13.2873
-12.0201	-9.7882	-5.2627	-7.2740	0.1868	0.6509	-3.7935	-5.4438	-10.5724	-11.8451
-11.3786	-11.8579	-5.0810	-4.8079	1.1111	0.0804	-5.1173	-5.6889	-9.2800	-11.7044
-11.4877	-8.0116	-4.6711	-4.1471	0.3485	-0.0288	-4.9215	-3.9503	-9.6832	-13.6192
-15.8637	-8.1018	-4.0123	-5.4446	-0.1430	-0.4749	-5.2185	-6.5777	-12.0679	-13.2986
-11.4996	-9.7625	-5.5025	-6.4282	-1.0151	0.5693	-4.2587	-4.2330	-6.6869	-12.5878
-14.5441	-9.7264	-5.2622	-4.6144	0.8125	0.0977	-6.0949	-5.6533	-9.2869	-12.8297
-16.9446	-9.0476	-6.2447	-4.9847	2.2290	2.3195	-4.4025	-4.3543	-9.5114	-16.8044
-17.2223	-11.4149	-5.9750	-5.2786	0.3166	-0.3468	-6.7983	-6.2718	-11.7759	-13.1721
-12.3573	-9.8346	-6.6132	-5.6346	1.1908	0.5940	-5.6387	-6.2709	-10.6632	-10.0576
-12.2611	-9.5740	-5.6667	-5.0325	0.0213	0.2352	-5.2586	-3.9550	-8.5986	-10.4954
-11.4509	-13.8670	-6.2227	-5.3529	0.4325	-0.5760	-5.0909	-5.7421	-10.1884	-11.6127
-11.6337	-10.0359	-5.2632	-4.6600	-0.0713	0.2285	-5.0356	-4.8779	-7.7245	-13.9178
-13.2609	-8.5268	-3.6797	-5.4041	0.8084	-0.2731	-6.1149	-5.8464	-10.0932	-17.6724
-13.4492	-11.5606	-5.3938	-4.3021	0.9884	0.7190	-3.5919	-6.1312	-11.3141	-15.1403
-13.6307	-8.6684	-4.5306	-5.0323	-0.0378	0.1625	-5.7222	-4.8309	-7.5670	-15.4608
-11.4022	-8.9821	-3.9201	-4.6017	1.5013	1.3409	-4.9590	-7.6407	-11.1685	-19.2201
-13.9180	-9.6551	-5.7812	-4.9190	1.2108	-0.1486	-6.9261	-4.6073	-11.0031	-13.3584
-20.0494	-10.1191	-4.2543	-4.7445	0.9565	0.8657	-4.2779	-5.4839	-10.7099	-14.0332
-12.0125	-8.3707	-4.4600	-4.9247	1.3965	0.2056	-4.3712	-5.2730	-11.9058	-11.6308
-10.1890	-10.5279	-5.0815	-5.2977	0.3134	0.8340	-5.3793	-5.4111	-7.8693	-11.5951
-12.9655	-9.2100	-4.7966	-5.2525	0.9386	1.0906	-3.7419	-5.4266	-10.4532	-15.0226
-9.6716	-9.5729	-5.8268	-5.3180	0.2934	1.1138	-4.3928	-4.7913	-8.2658	-11.1677
-13.7357	-9.7931	-5.1576	-4.9063	0.6399	1.1995	-4.7050	-5.0518	-11.6979	-12.8315
-11.7882	-10.9844	-5.5653	-3.8913	-0.0222	-0.4137	-4.2450	-3.2658	-7.2513	-12.3328
-14.6521	-11.2214	-6.4996	-5.5805	0.2616	-0.3796	-4.4722	-4.8273	-10.1651	-13.3956
-13.4817	-8.3257	-3.3675	-6.1513	0.0975	0.0176	-4.9514	-4.9315	-9.0062	-16.7870
-14.9111	-7.3266	-4.2468	-5.1462	0.4437	-0.0369	-6.1199	-6.5117	-9.4590	-15.6777
-11.1654	-10.1051	-6.4248	-4.3617	1.0310	0.6766	-4.7508	-5.0970	-9.4019	-11.3189
-13.0870	-8.9285	-4.6944	-5.7307	-0.0019	-0.2500	-7.1803	-5.8652	-9.3359	-17.6296
-12.4383	-9.3288	-4.8453	-6.2380	0.2814	0.5183	-5.0454	-5.3639	-11.3875	-16.6649
-13.3375	-9.6316	-5.7549	-6.3903	0.5010	0.9228	-2.9502	-3.8212	-10.9070	-16.3810
-11.5847	-9.8816	-6.5206	-6.0589	-0.2979	0.2250	-6.9496	-6.0584	-8.4682	-11.1218
-13.6798	-8.3227	-4.3489	-4.1460	0.7034	0.6371	-4.3374	-6.2756	-9.0916	-12.0637
-16.0485	-9.4117	-4.4683	-5.8531	0.0293	0.7695	-5.0738	-4.4085	-8.0723	-9.6452
-12.7133	-11.9489	-5.5057	-6.3303	-0.0977	-0.1565	-6.1048	-5.1022	-9.3801	-11.2309
-15.9553	-9.0827	-5.8870	-6.0170	-0.2365	-0.4285	-5.2747	-5.8850	-11.7058	-18.1531
-13.6450	-10.5013	-6.5631	-6.4700	0.4540	0.2932	-4.8580	-4.9112	-10.5129	-15.1435
-12.2794	-9.2563	-5.2459	-4.6519	0.7214	1.5734	-3.7720	-6.1311	-11.2640	-11.7431
-15.2333	-8.9785	-6.2219	-6.4213	-0.0054	0.1907	-5.0745	-4.1786	-10.1706	-13.1579
-13.7695	-11.7442	-4.4667	-5.1485	0.6836	1.3080	-7.3290	-5.5842	-8.2010	-12.0310
-13.7315	-10.3148	-5.0649	-4.8847	0.7314	0.1415	-4.7793	-5.0515	-9.8383	-12.2709
-9.8162	-8.0555	-4.0882	-4.3138	0.8746	0.7994	-4.0596	-4.7621	-9.0093	-15.6802
-12.3448	-10.6722	-6.5725	-5.9861	-0.0598	0.6188	-4.6103	-5.5408	-9.1484	-11.4024
-12.6470	-8.7450	-5.6897	-5.1211	1.6385	0.7692	-3.9003	-4.9582	-10.1333	-13.2031
-14.6245	-11.5430	-4.3395	-4.1714	0.3187	0.4976	-5.0782	-4.0519	-7.4079	-12.2574
-10.9305	-8.7529	-6.6102	-4.6382	1.2267	1.3981	-4.6562	-4.4638	-10.6273	-14.2153
-14.6939	-10.5639	-4.9553	-6.2707	-0.4043	-0.4095	-4.4713	-3.7399	-8.4793	-11.7307
-12.8205	-8.4389	-6.2285	-5.2239	1.3089	0.6419	-6.1789	-4.5134	-8.2521	-13.9102
-12.4667	-8.8122	-4.8189	-5.2053	-0.4529	-0.3409	-5.5788	-6.0995	-9.3623	-13.6766
-16.2819	-8.5992	-4.1420	-5.2807	-1.1248	-1.0115	-6.3004	-4.4821	-7.5485	-16.0117
-16.6949	-11.7453	-5.9682	-5.7737	0.3175	0.2511	-5.9992	-5.2072	-10.3891	-13.8531
-21.5180	-9.5255	-4.3478	-4.7005	0.2566	0.7459	-4.2718	-4.5107	-8.6772	-13.0122
-11.7175	-8.5845	-4.0954	-2.7558	0.5231	0.5356	-3.2089	-5.8468	-12.3749	-19.1229
-9.1195	-7.7690	-5.4695	-4.0575	0.5202	-0.0085	-6.4415	-5.7225	-8.8113	-9.5115
-11.3485	-9.6679	-4.0228	-3.9452	2.0295	1.1881	-5.0365	-5.5513	-9.3876	-12.8999
-15.3598	-8.9988	-4.5922	-4.3290	1.0489	1.0520	-6.4713	-4.8245	-9.4313	-9.6401
-11.4958	-9.7863	-5.3646	-5.2170	0.4839	0.7466	-6.0236	-4.3260	-8.0869	-7.8735
-12.3824	-9.4358	-5.0571	-5.3935	0.7729	0.6377	-4.6004	-5.2296	-10.3151	-14.4283
-10.8230	-9.1765	-6.0755	-6.4826	-0.0820	0.3809	-4.3438	-5.0687	-9.3791	-14.0280
-13.6704	-10.1930	-5.0418	-4.0151	1.4206	1.4681	-3.9645	-3.6111	-9.6763	-13.4181
-13.6344	-9.8255	-5.8430	-6.1118	-0.2871	0.2367	-5.0090	-4.6498	-9.3950	-14.9629
-14.6003	-10.9182	-5.6689	-6.3467	-0.9613	-0.2528	-5.0454	-6.8161	-11.4013	-9.8981
-14.5848	-13.5930	-7.5501	-4.9144	-0.0366	-0.2926	-5.3210	-6.5777	-10.8019	-15.6363
-11.1460	-9.2562	-3.5147	-3.7055	0.9684	0.8787	-4.9249	-6.3306	-10.5660	-12.1903
-13.9529	-10.2315	-5.9012	-4.1563	1.4137	1.1516	-4.8818	-4.5798	-9.4836	-16.8131
-12.9853	-10.0891	-5.5295	-3.9681	0.6952	0.4388	-4.3785	-4.9593	-11.2053	-11.5641
-14.4513	-10.1934	-5.1010	-4.2749	0.0830	0.3283	-3.4135	-5.4771	-10.3526	-14.8066
-14.2365	-10.5229	-6.1170	-5.2774	-0.3657	-0.8432	-6.9866	-6.9396	-11.3716	-13.3124
-14.5226	-9.6362	-4.7106	-4.5274	1.2669	0.6907	-5.7095	-5.3003	-8.4557	-8.3478
-11.8435	-10.6239	-5.2886	-5.2746	-0.0561	0.3415	-3.9993	-4.7030	-10.2280	-14.7717
-18.0531	-8.0914	-5.4938	-6.2971	0.2021	0.4407	-5.0671	-4.3053	-10.6589	-12.7953
-9.8249	-8.3983	-5.2611	-5.4754	0.2194	-0.3844	-6.1091	-6.0400	-10.6369	-12.6155
-11.0309	-9.6062	-5.2862	-4.1069	0.6268	1.2855	-3.3707	-4.6458	-10.1390	-11.8666
-17.7528	-12.4145	-6.3903	-5.5771	-0.0208	0.4513	-4.8782	-4.4058	-10.6699	-12.9481
-13.5932	-9.5944	-6.3237	-5.1115	0.0962	0.5683	-6.0772	-7.0626	-9.5822	-12.5545
-11.7603	-8.8385	-5.5958	-4.7140	0.6448	-0.1380	-6.2050	-4.8541	-7.7260	-13.0153
-12.6011	-10.5691	-5.4234	-4.5364	0.8336	1.0297	-5.1710	-4.8396	-7.5875	-14.7224
-10.3411	-7.7537	-4.9588	-4.0924	1.0438	0.9093	-4.8635	-6.4672	-10.2946	-15.9254
-10.3829	-7.8021	-4.9924	-5.1133	0.9353	0.0142	-5.0650	-5.0188	-10.5271	-11.8406
-13.9875	-11.7178	-5.3548	-4.6187	0.5029	0.8954	-4.3343	-5.3406	-10.1063	-15.2900
-14.2607	-9.4959	-5.4929	-4.4906	0.1681	1.3681	-3.7280	-4.0808	-8.1307	-13.7186
-15.0204	-11.8769	-7.6943	-5.2467	0.8078	0.4384	-6.1012	-5.4121	-8.9499	-14.4875
-11.7389	-9.7612	-4.8825	-4.7583	-0.0592	0.1301	-4.9753	-6.4060	-12.5958	-18.0153
-11.1096	-9.4666	-5.2087	-5.6134	0.0848	0.6636	-3.5857	-3.6843	-10.4804	-15.2944
-15.7200	-9.2352	-4.9172	-6.0897	-0.0322	0.2226	-4.9615	-6.2893	-12.4518	-14.9714
-14.5671	-9.7719	-5.7982	-4.5774	-0.0917	0.3000	-4.7926	-5.7431	-10.8216	-13.4164
-14.1582	-10.0501	-5.6910	-6.1324	0.6554	0.5612	-5.2676	-5.0251	-11.7293	-11.6116
-16.7322	-11.4760	-6.7645	-3.7636	1.0068	0.3826	-5.3568	-5.9117	-11.0136	-16.4112
-15.6687	-10.3890	-6.1066	-6.4589	0.3138	0.0681	-4.7541	-4.4967	-12.8419	-16.6181
-14.3969	-10.8292	-5.4103	-6.1673	-0.3278	-0.0077	-5.2926	-4.8387	-9.6577	-15.9936
-11.6239	-10.0711	-4.9413	-6.1585	0.2564	0.8075	-3.9616	-6.6427	-11.0831	-14.6155
-15.9557	-9.9491	-4.2223	-3.7758	0.6117	0.9534	-5.7111	-4.6444	-8.1908	-12.2752
-12.0304	-8.4690	-4.2094	-6.5989	-0.0879	-0.1160	-5.4452	-4.8756	-10.7269	-11.0471
-12.8501	-10.5875	-6.4164	-6.0238	-0.2597	0.0667	-6.2399	-5.1788	-10.4053	-14.6523
-12.5001	-9.9251	-7.4335	-5.2944	0.4159	0.2241	-6.2781	-7.2481	-11.5185	-17.6534
-15.9809	-11.3109	-6.1798	-5.2588	-0.1693	-0.2102	-6.0489	-6.7498	-10.3159	-12.6843
-14.5873	-10.0444	-4.4650	-3.5317	-0.1568	0.6329	-4.6147	-4.5657	-9.8091	-18.7328
-11.4689	-11.5563	-4.6170	-4.8397	-0.5393	0.6193	-5.2111	-6.0455	-9.5942	-11.7402
-17.0683	-9.6523	-4.6624	-5.3405	0.5016	-0.6099	-5.3840	-4.5106	-8.9410	-19.4965
-12.7363	-12.0200	-4.6993	-5.0427	-0.4268	0.3405	-4.6567	-5.1564	-9.4515	-12.7616
-16.5517	-8.0274	-4.9188	-6.3352	-0.0617	-0.0648	-4.0107	-5.4012	-11.1684	-14.8595
-14.1375	-11.6620	-5.5310	-4.5631	0.7199	0.7905	-5.0445	-4.1563	-11.1208	-11.5585
-9.3488	-9.0329	-4.9791	-6.2433	-0.0073	0.8686	-4.7308	-6.7029	-12.5953	-12.0336
-11.7034	-7.9460	-5.0455	-4.5152	1.1281	0.7929	-4.0262	-7.4284	-11.8248	-11.3217
-16.5880	-7.7873	-5.4910	-4.1959	1.2271	0.1341	-4.8609	-4.2496	-9.4685	-13.8203
-11.6148	-9.3341	-7.0204	-5.1459	-0.3144	-0.4572	-4.9187	-5.8810	-10.7740	-12.1591
-12.6511	-8.2910	-5.6107	-6.2854	-0.8137	-1.0604	-4.6671	-4.5666	-9.4572	-13.4682
-16.4790	-8.4421	-4.4031	-6.2731	0.0197	0.9523	-5.2274	-4.9202	-9.3000	-12.6319
-12.9216	-9.9744	-4.9874	-4.8935	0.3453	0.7911	-5.0556	-4.9254	-10.9813	-11.9510
-12.8362	-7.6496	-3.7890	-7.0757	-0.0527	0.1980	-5.9495	-4.8780	-11.3207	-12.3948
-13.7194	-10.1338	-5.0977	-4.2356	-0.3171	0.3275	-5.2153	-6.3847	-10.2573	-13.5229
-12.6508	-9.2002	-4.7657	-3.7617	0.4715	0.9377	-5.8096	-4.8482	-9.5630	-14.9892
-12.8960	-9.3637	-5.1207	-5.1586	-0.0098	0.6019	-4.7226	-5.1979	-9.3518	-13.2817
-15.3926	-11.7249	-4.8895	-5.3376	0.0250	0.3625	-5.3746	-6.6533	-11.9564	-16.7904
-10.2620	-9.1385	-5.6274	-4.0912	0.1488	-0.0772	-5.0361	-5.5573	-9.7427	-21.2905
-15.4613	-11.5365	-5.6480	-5.9998	-0.1952	0.4590	-5.0518	-4.7905	-8.7195	-14.7989
-16.5289	-9.8306	-3.2541	-4.6257	0.3721	1.0035	-4.3060	-4.8517	-7.9075	-12.7347
-12.8855	-11.6856	-4.1635	-3.3061	0.2972	1.0298	-5.4311	-6.0719	-8.2853	-11.3002
-13.3612	-10.6800	-5.3819	-5.2328	0.4084	0.6345	-5.4537	-6.1829	-8.7735	-12.7637
-10.9861	-6.5596	-5.1206	-6.6632	-0.0443	0.2496	-5.7737	-3.1431	-7.0398	-12.1993
-14.3723	-10.1063	-4.4808	-4.7928	-0.7309	0.5296	-3.5531	-5.5188	-9.5060	-13.9567
-12.3259	-9.7308	-5.9815	-5.5727	0.6421	0.5056	-3.7022	-4.9013	-8.5963	-11.8520
-14.7381	-10.0610	-6.0633	-4.8475	-0.0097	0.1724	-5.8717	-8.0959	-13.0974	-13.7376
-14.3562	-9.1639	-6.9575	-7.1623	0.8164	0.1906	-5.2409	-6.8677	-11.0173	-12.4182
-13.1996	-8.8537	-5.2211	-4.4236	0.1796	0.3585	-5.3987	-5.1845	-10.3520	-10.9260
-10.3414	-11.1833	-5.2383	-4.4027	0.6081	0.4459	-3.9529	-5.8892	-10.0446	-16.0884
-14.0602	-10.8422	-5.6085	-5.3151	0.4016	0.0921	-4.4376	-4.3763	-9.8935	-12.8717
-13.6649	-9.2234	-5.2318	-5.7018	0.3822	1.0294	-4.6951	-4.4399	-7.8422	-14.3225
-13.1043	-9.7407	-6.1515	-4.8040	0.3712	0.5645	-4.2944	-4.9718	-10.5318	-16.7077
-17.8497	-10.1534	-5.8931	-6.3001	-0.2407	0.4430	-3.8572	-5.3247	-9.1583	-12.1337
-15.2385	-14.1617	-5.8514	-5.1499	-0.2296	-0.1146	-5.6649	-5.3732	-11.2271	-11.2159
-9.4810	-9.8127	-5.5100	-4.3125	1.2408	0.2514	-4.6024	-5.6520	-11.0803	-13.9632
-14.6308	-9.7287	-5.6917	-4.9243	0.5843	1.7020	-4.9342	-4.6751	-10.1830	-18.3472
-16.7384	-12.1501	-6.4250	-5.3554	-0.4281	0.5517	-4.7706	-4.3983	-6.6481	-9.6199
-11.7676	-8.3819	-4.8725	-7.3594	0.3509	1.0099	-4.9901	-5.7777	-10.9767	-13.1830
-10.7843	-9.6403	-6.1712	-4.3381	0.7950	0.7037	-4.5723	-5.7998	-10.2221	-15.0787
-15.0391	-11.4156	-7.4963	-4.3190	0.7002	0.7024	-4.7994	-4.0808	-9.6800	-9.6375
-11.4832	-8.1228	-4.4218	-4.7605	1.0673	0.4741	-5.3442	-4.1309	-9.0530	-16.8233
-13.0503	-8.4714	-3.9096	-4.1339	0.9397	1.2300	-4.9706	-4.8712	-8.9666	-13.5334
-13.5480	-12.0318	-3.4096	-3.8084	1.1657	0.1654	-5.7514	-5.9881	-14.2927	-14.0650
-8.7637	-8.9325	-5.0848	-5.5863	0.2672	0.2122	-6.2157	-5.4238	-8.4743	-12.5343
-10.4311	-10.8336	-4.5178	-2.8353	1.5040	1.3019	-4.8424	-5.4700	-11.3974	-14.7232
-11.6394	-10.8818	-5.4819	-3.5027	0.7237	0.4129	-6.1329	-5.5677	-10.0189	-15.5269
-13.6524	-8.0792	-3.7758	-4.3691	0.8711	0.8415	-5.9154	-5.9430	-8.9729	-13.2615
-15.5619	-9.7385	-3.9868	-4.7495	-0.4128	-0.5671	-6.5666	-5.4442	-9.7952	-15.5805
-10.1533	-9.1096	-5.4926	-4.5859	0.2232	0.2613	-5.2179	-5.7304	-13.0168	-13.7623
-13.3148	-7.8758	-4.6725	-4.3486	0.3254	0.1118	-5.0573	-4.2779	-7.9886	-16.1893
-12.9582	-9.7750	-6.4037	-4.8700	0.6728	0.1389	-4.4620	-5.0126	-9.8896	-14.3541
-13.1214	-7.8149	-4.3380	-5.9444	-0.2589	0.8177	-4.6140	-6.1298	-10.6181	-13.0928
-15.5235	-10.8582	-5.5993	-3.9431	1.6247	1.1959	-6.1191	-5.8880	-10.2992	-14.3854
-11.6014	-10.7023	-6.0824	-6.1402	-0.0404	-0.0220	-5.2736	-5.8919	-8.4063	-15.6855
-12.5317	-10.5512	-6.0708	-3.7937	0.8998	1.1544	-4.2806	-5.9058	-10.7699	-17.0750
-15.8829	-10.3212	-5.0072	-5.2259	0.5728	0.0630	-7.2862	-5.0871	-8.4648	-13.8937
-15.4795	-10.2571	-4.9456	-5.0544	-0.1155	0.4832	-4.1606	-5.6288	-10.3688	-10.3434
-16.9189	-10.0648	-4.6920	-5.0489	0.5948	-0.3070	-6.1271	-4.5535	-7.6326	-11.8097
-10.4527	-7.8043	-5.1506	-3.7314	1.1680	1.3308	-4.9376	-6.3208	-10.0007	-10.9852
-16.9064	-9.7441	-5.0001	-4.0116	0.6634	0.7745	-5.8775	-5.5819	-11.5643	-11.6633
-9.3388	-8.3006	-4.0396	-5.6004	0.2770	-0.3555	-6.2170	-6.3594	-12.2047	-16.7993
-13.5021	-10.6732	-5.4114	-4.9022	0.6363	-0.1204	-5.6448	-5.8312	-8.8244	-16.4638
-14.9328	-10.7079	-5.0503	-6.0683	-0.7819	0.7823	-4.2879	-3.9324	-8.1056	-13.0932
-12.8142	-9.7101	-5.8093	-4.4067	0.9300	0.5613	-5.1362	-5.8894	-11.8025	-12.2850
-14.9642	-8.8991	-5.8437	-5.6706	0.0021	-0.5073	-4.2475	-5.2643	-8.8700	-13.2769
-12.3154	-10.5400	-6.7288	-6.0863	0.6189	0.0882	-5.1231	-5.9117	-10.0664	-14.9967
-18.4449	-13.9904	-6.6742	-4.1308	0.3952	0.6089	-4.2554	-6.3108	-11.9740	-13.0930
-13.4213	-12.8610	-5.7627	-4.7345	-0.4568	-0.7577	-5.1288	-5.1280	-11.5775	-12.5217
-13.7369	-7.2510	-4.7710	-5.3743	0.3242	1.1427	-6.3141	-4.1191	-7.3766	-13.4865
-14.3958	-8.8764	-3.8473	-4.4306	0.1358	-0.0011	-5.2817	-4.4154	-9.4714	-9.1411
-16.7406	-9.0572	-5.0535	-4.6710	0.4527	-0.3897	-5.1607	-4.6476	-10.9988	-16.7434
-12.8271	-12.3366	-5.7857	-5.1165	0.2594	0.2495	-4.8621	-5.9795	-10.1236	-15.4889
-12.5674	-10.8160	-7.3653	-4.7802	0.6430	0.3132	-4.0109	-5.7048	-10.7576	-12.4798
-14.6971	-9.5056	-5.7103	-5.4088	1.3501	0.6639	-6.2968	-5.4737	-11.5816	-16.2505
-14.2361	-8.9567	-4.9726	-7.0782	0.2979	0.8539	-5.1770	-4.3719	-8.2841	-14.6293
-21.9002	-10.4923	-4.5290	-5.0411	-0.0668	0.4257	-5.3105	-5.4377	-10.0519	-14.9446
-11.2066	-8.9425	-6.7186	-6.4852	1.0127	0.2228	-6.0505	-5.5299	-9.1867	-14.4286
-15.3382	-9.2959	-6.3416	-4.4733	1.0665	0.8470	-5.1791	-4.0259	-8.3197	-14.2088
-12.0678	-11.2090	-5.8408	-4.9209	0.9342	-0.2063	-6.2394	-4.3827	-8.4616	-9.2390
-13.6542	-10.1025	-6.6396	-5.8827	0.1558	0.3319	-5.9921	-5.3047	-10.9614	-12.7137
-11.9312	-10.4203	-4.9564	-3.1795	1.0689	0.2932	-5.6661	-6.0359	-9.6316	-12.5721
-11.6121	-10.4092	-5.7840	-4.5585	0.0559	0.5982	-6.5129	-5.1180	-11.4395	-15.2506
-13.0839	-8.7181	-5.1652	-5.5989	-0.6188	0.0652	-5.4972	-5.4380	-8.9670	-12.2032
-13.8562	-10.8870	-5.5767	-4.4886	0.6217	0.5410	-4.5373	-4.4147	-8.8541	-11.4828
-16.4657	-11.6864	-6.6302	-4.3625	0.5974	0.5608	-6.3052	-5.6321	-8.3369	-9.6770
-13.5745	-9.3637	-5.6518	-5.5310	1.0767	0.7674	-5.0949	-5.5738	-9.5459	-10.9000
-13.8300	-10.4802	-5.2497	-4.4390	-0.0479	0.0681	-5.4336	-5.2298	-12.3055	-16.5722
-10.6327	-8.9236	-4.9783	-5.6778	-0.6463	-0.3053	-6.6658	-4.4459	-8.7078	-16.5127
-13.4340	-9.6906	-5.8559	-5.9977	0.0633	-0.8451	-4.8387	-6.7851	-11.9594	-11.9830
-12.3855	-9.4913	-5.9509	-5.4434	0.8619	0.0820	-5.4128	-4.9776	-8.3114	-14.6215
-12.5769	-8.4988	-5.9454	-4.9056	0.5414	0.1581	-6.6810	-6.9446	-11.2248	-14.9257
-13.2441	-10.4200	-6.3141	-3.1773	1.2002	1.5823	-5.6893	-4.8613	-10.0158	-15.0386
-10.9061	-7.3376	-3.9443	-5.3012	1.1773	0.2669	-4.9426	-5.9642	-10.7176	-14.9769
-10.9014	-9.1534	-5.1599	-5.9286	0.4947	0.7775	-4.5132	-5.0034	-9.8531	-13.7361
-12.0558	-9.7112	-5.4954	-5.2377	-0.3068	-0.0898	-3.5104	-4.8372	-8.4389	-12.2717
-13.5431	-9.9553	-5.5265	-5.5937	0.7350	0.8123	-4.2553	-5.7721	-10.8374	-14.9817
-15.5510	-8.6391	-4.8525	-3.8519	0.0775	0.2895	-4.7131	-6.1016	-9.6076	-16.6564
-15.9240	-9.8404	-5.5129	-4.2461	0.0819	0.3234	-3.5102	-4.4481	-9.0682	-11.1949
-14.1726	-10.8506	-5.5711	-3.4618	0.5197	0.6343	-4.8395	-5.8960	-9.3202	-14.6263
-12.1623	-8.7526	-4.5597	-6.5422	-0.5011	0.2574	-7.5135	-4.7830	-7.4222	-11.8734
-11.2181	-8.1040	-5.8763	-5.6759	0.6397	0.7033	-6.7825	-6.4679	-8.7691	-11.6555
-11.9185	-11.5575	-5.4685	-4.4807	-0.2321	0.0648	-5.1317	-4.5050	-9.8775	-15.1485
-14.8303	-11.0427	-6.1841	-5.8167	0.0786	-0.8905	-6.8509	-4.9991	-9.0870	-10.8444
-13.0131	-7.4850	-3.9304	-4.6035	0.6196	0.1676	-3.7265	-3.7066	-10.6496	-10.0091
-14.3225	-8.4189	-4.9867	-6.4333	-0.0508	-0.2299	-6.4529	-5.6924	-10.2589	-13.4839
-13.3431	-9.9565	-5.5035	-3.6759	0.3225	-0.2836	-4.7429	-4.2409	-8.8993	-10.2808
-10.0257	-8.5964	-4.5924	-5.1731	-0.1848	0.3645	-5.2497	-5.4786	-9.6360	-11.3985
-17.6593	-9.3966	-4.5666	-5.7678	0.2820	-0.4032	-6.5643	-5.5179	-10.4133	-12.6803
-15.7173	-11.8817	-6.0949	-4.8172	0.0411	1.0020	-4.6302	-4.0460	-9.5136	-12.7941
-13.7698	-9.5167	-4.9458	-4.5432	0.5676	0.4092	-6.5727	-6.1656	-10.0396	-13.1224
-15.0396	-12.0020	-7.0623	-7.5334	0.0903	-0.0750	-4.7416	-5.1822	-8.9516	-10.8989
-12.2129	-9.4721	-5.2056	-4.2863	1.1700	1.1855	-5.8304	-5.6187	-11.9639	-13.0241
-12.1023	-9.6158	-5.9385	-6.2041	0.7302	0.8374	-4.8592	-5.6562	-8.5667	-15.1433
-15.4326	-8.7311	-4.4651	-3.7279	0.8549	0.4541	-4.9066	-5.3304	-10.9694	-17.2684
-10.3587	-6.3526	-4.1767	-5.3084	-0.1263	-0.0375	-4.9160	-7.5149	-12.0487	-14.3462
-15.4813	-11.9834	-5.2425	-5.7717	0.2776	1.4241	-3.6990	-5.2771	-9.2477	-10.5174
-13.3988	-8.0276	-4.8363	-6.0395	0.5220	0.5309	-5.4231	-4.2016	-7.1659	-13.3117
-14.6626	-7.6233	-6.0576	-6.0555	-0.1207	-0.3843	-4.8856	-4.7026	-8.6390	-16.1188
-11.6990	-7.2578	-4.7441	-6.0764	0.4517	0.3925	-3.6707	-5.0878	-10.2800	-12.3303
-11.0017	-6.7937	-4.3651	-4.6196	-0.1689	-0.6159	-6.6968	-6.4738	-11.6899	-20.8075
-14.3346	-8.7934	-4.8686	-6.4166	0.7771	0.8707	-4.4470	-5.4201	-11.3870	-15.6648
-11.8902	-9.7965	-5.7019	-4.7037	0.5338	0.6698	-5.5830	-4.9248	-9.8719	-14.7999
-12.3161	-9.9165	-5.0556	-5.7113	0.0961	-0.0047	-5.9268	-7.0142	-8.7049	-11.5924
-13.2170	-8.9640	-5.3041	-6.3985	0.3717	1.1307	-4.4979	-4.5204	-9.1111	-11.3894
-10.9232	-9.1936	-5.1705	-5.8498	-0.1006	0.2012	-4.4054	-5.1058	-9.4613	-13.1489
-15.6952	-9.6506	-5.4472	-4.5376	0.7033	0.5684	-5.1558	-6.6634	-10.2392	-10.6961
-13.7257	-11.7945	-7.2816	-3.9657	-0.3185	0.6366	-4.1153	-5.2735	-10.5033	-14.8766
-11.3654	-10.4127	-4.9623	-5.0999	0.5000	0.2071	-4.8492	-5.0600	-9.4826	-11.9645
-12.5827	-11.2541	-6.4230	-6.7744	-0.2439	-0.0573	-5.1413	-5.9996	-9.8741	-18.1932
-12.2680	-9.2276	-6.4660	-7.1521	-0.2227	0.2150	-6.6955	-5.6378	-11.0939	-14.5445
-12.5643	-9.2837	-6.5698	-5.8992	0.5605	0.2877	-5.9497	-3.7689	-10.1686	-14.1026
-14.6566	-8.2087	-5.5931	-5.5151	-0.2808	-0.3342	-5.1168	-5.1039	-10.6708	-18.4494
-13.4299	-8.2740	-4.5135	-4.8918	-0.2231	0.6570	-3.6596	-4.4375	-11.1973	-15.5222
-11.8833	-8.2747	-5.2226	-6.0672	-0.5657	0.0715	-4.3182	-4.0792	-7.4404	-12.3427
-15.4149	-7.7964	-3.4412	-5.3085	0.3524	1.2723	-6.2814	-6.0112	-8.8638	-12.0817
-13.3355	-10.6149	-5.1000	-4.6550	1.0990	0.8618	-5.4267	-4.9257	-8.6571	-13.0571
-11.0169	-9.1882	-7.0899	-8.3009	-0.0283	0.1193	-5.4965	-5.2018	-8.4230	-16.0127
-14.8351	-8.7654	-4.6346	-3.7735	1.0717	0.0463	-6.5132	-5.3763	-7.5776	-10.3186
-12.9697	-9.5979	-6.2037	-5.7220	0.8726	0.3830	-4.4092	-5.8362	-12.1313	-11.2563
-14.0584	-9.0746	-6.3157	-5.1411	0.5907	0.4143	-4.9356	-6.0053	-9.8048	-12.8738
-14.8422	-10.5029	-6.1606	-5.4146	-0.0349	-0.0686	-4.9892	-5.9905	-9.8146	-16.8993
-12.2096	-11.1371	-4.9052	-5.8058	0.6305	-0.0802	-4.8150	-4.9588	-8.9497	-12.8052
-14.5734	-9.6431	-6.5856	-7.0872	0.0976	0.9727	-6.4234	-6.3351	-11.0777	-13.6492
-15.5034	-11.4380	-6.3105	-4.2113	0.3763	0.0466	-4.3817	-5.1398	-9.8072	-14.2964
-15.0055	-12.3929	-4.7423	-4.0461	-0.2462	0.9620	-3.9172	-4.2070	-8.3961	-19.9307
-12.6449	-8.8149	-5.3994	-6.5871	0.0099	-0.3993	-6.2752	-5.7910	-12.1560	-13.6724
-18.3851	-8.3553	-6.1857	-6.7068	-0.0343	0.3625	-4.7652	-4.6948	-7.4436	-13.7974
-15.0978	-10.2295	-7.7640	-5.0962	0.6882	0.3445	-4.8938	-5.5418	-11.4597	-13.2867
-11.3529	-9.2957	-7.2755	-5.0486	0.7335	0.9116	-4.4020	-4.8803	-9.8481	-14.9831
-12.6456	-11.8446	-6.3275	-6.1130	-0.0578	-0.2218	-4.7649	-4.7540	-10.5784	-15.6896
-11.7624	-10.0076	-6.6816	-7.6743	0.0551	0.4680	-3.9066	-3.9157	-9.6919	-14.9428
-14.9237	-10.5442	-6.6104	-5.9047	0.1515	0.6661	-3.4531	-4.8706	-9.1706	-10.4258
-11.6997	-10.6691	-6.4348	-5.9032	-0.0089	-0.0619	-5.7965	-4.2506	-7.7819	-13.6853
-9.6653	-9.5427	-5.3164	-3.4511	0.9427	1.2406	-5.3758	-5.0424	-8.6066	-14.4785
-15.6531	-11.0100	-7.2387	-6.4333	0.4701	-0.1290	-5.9014	-4.0515	-8.4332	-12.8851
-14.2989	-9.5428	-4.8599	-7.9334	-0.4276	-0.3630	-5.1919	-5.0405	-11.3885	-13.4272
-11.6333	-10.0876	-5.8702	-4.5948	0.1622	0.0911	-4.6884	-5.6479	-10.5740	-12.5703
-13.9986	-8.8760	-5.0879	-4.8348	0.7023	-0.3672	-5.1597	-4.1917	-7.6506	-10.8178
-12.1431	-13.8898	-4.7009	-3.3919	0.5422	0.3226	-5.1317	-5.4299	-10.6798	-9.8942
-14.8377	-12.1765	-6.8753	-5.7369	1.0986	1.5549	-4.1297	-5.8340	-9.4708	-14.1386
-13.8483	-9.5229	-4.8189	-5.6422	-0.0535	0.0819	-4.6470	-6.4325	-9.9284	-13.9773
-12.4936	-9.9980	-5.8819	-7.7483	-0.7875	-0.4995	-6.9716	-7.8042	-10.0427	-10.4177
-12.0893	-14.0628	-6.0132	-4.9225	0.5427	0.2010	-7.0766	-6.0826	-9.5420	-11.0026
-14.3865	-9.8255	-6.0634	-7.2823	0.2718	0.6363	-5.1906	-6.8015	-11.6333	-12.1290
-10.5089	-9.5478	-6.6362	-5.0177	1.0985	0.9226	-5.2942	-5.2263	-9.2290	-10.4413
-10.3794	-9.1415	-5.2980	-5.2903	-0.0295	-0.0185	-5.8441	-6.4940	-10.2044	-15.9940
-14.3789	-8.6662	-6.0299	-6.3298	0.1527	0.3749	-5.2919	-4.5099	-7.8057	-12.4678
-12.0258	-7.9546	-5.3488	-5.9466	0.2008	0.0473	-6.1340	-5.8989	-9.4113	-12.5965
-12.4770	-9.7149	-6.8971	-5.6166	0.3694	0.4297	-5.8437	-5.7126	-6.9347	-13.3724
-13.2252	-9.2116	-6.0481	-5.8500	0.2007	0.3793	-3.6129	-3.5567	-8.5282	-12.0455
-14.2362	-8.3914	-4.7834	-4.6570	0.9846	1.0790	-4.2060	-5.0305	-10.0800	-10.8724
-13.9991	-7.9123	-4.2025	-5.0902	1.2325	0.5717	-5.2423	-5.0029	-9.3449	-14.5413
-13.7693	-8.1958	-4.9784	-6.2386	0.4912	1.1366	-2.7562	-4.6441	-7.9324	-15.1484
-12.3378	-9.4339	-5.3223	-4.4905	0.5351	-0.2343	-7.0044	-5.8370	-8.7236	-15.1769
-10.6139	-9.1646	-7.0516	-3.9847	0.6334	0.6697	-5.5486	-5.5748	-8.8931	-11.3392
-16.0941	-12.9349	-6.2515	-5.6754	-0.4299	0.1141	-6.7113	-6.1631	-9.5325	-13.4296
-16.5560	-9.6328	-4.3816	-5.2545	0.3921	0.8361	-6.0909	-4.5118	-9.7254	-15.8214
-12.0317	-9.1016	-4.2223	-2.4599	1.8590	0.3990	-5.5006	-6.0272	-10.2280	-14.0375
-14.8686	-10.4976	-5.9774	-6.6238	0.0306	0.7635	-6.1841	-6.1710	-8.9501	-19.6555
-13.7296	-11.3421	-6.2708	-3.9521	0.4196	-0.1731	-5.6380	-4.9276	-10.3717	-15.3341
-14.5390	-12.8010	-6.7933	-4.8096	-0.7667	0.0761	-4.4173	-5.7431	-8.1740	-11.5405
-12.0828	-11.4363	-4.7587	-6.6950	0.0524	0.2216	-6.1997	-5.4263	-9.1029	-12.2232
-11.1569	-8.3881	-6.0734	-5.3502	1.0610	1.0035	-5.0243	-5.3627	-8.4160	-11.6476
-13.5775	-9.4672	-4.8038	-5.8931	-0.0679	0.3098	-4.2976	-4.8453	-10.0338	-17.7333
-11.3372	-9.5929	-6.1534	-6.0499	-0.5709	-0.1061	-6.4594	-5.7452	-7.8704	-11.7151
-11.6112	-10.3628	-7.0642	-4.4637	-0.2912	0.0649	-4.2129	-5.2804	-8.7393	-14.4756
-16.2348	-8.9326	-4.6953	-5.0730	0.8988	0.8863	-4.2493	-4.1105	-11.9021	-12.2940
-12.0311	-10.9963	-6.4613	-7.7434	-0.4044	-0.0510	-7.6916	-7.3693	-9.9828	-11.3578
-12.6641	-10.6692	-5.1014	-4.2096	0.4486	0.7618	-5.8448	-6.5861	-10.7842	-14.3662
-13.6877	-9.8748	-6.8965	-7.1390	0.1046	0.4339	-5.1609	-4.8951	-10.1706	-11.3005
-13.7362	-10.0361	-4.8880	-4.1296	1.2222	0.8257	-4.9096	-5.8017	-9.0715	-17.3025
-11.5252	-9.7283	-4.6416	-5.3654	-0.5234	0.2346	-4.9236	-5.1235	-11.5626	-14.4151
-13.4495	-11.0602	-5.1541	-5.1264	-0.4418	0.1335	-6.1909	-6.6052	-11.3033	-17.0679
-11.5962	-13.0689	-5.8939	-4.0634	1.3129	0.8941	-4.4887	-4.5942	-13.4434	-10.9952
-16.7182	-9.9482	-5.7524	-4.8474	0.8262	-0.5267	-5.2841	-4.4659	-11.0504	-14.9190
-13.8451	-9.6667	-5.3732	-5.4364	-0.2369	0.4472	-5.7698	-4.2712	-8.1697	-10.6422
-15.7668	-9.0172	-3.8618	-3.7355	1.3231	2.1277	-6.0224	-5.0293	-8.7468	-11.9832
-14.0816	-10.0926	-6.1660	-4.9352	0.8554	0.5653	-4.3616	-5.0677	-9.7941	-13.3637
-14.6346	-10.5457	-5.2358	-4.5498	0.9349	-0.0291	-5.0174	-3.9804	-8.6989	-10.1839
-17.8908	-10.4366	-5.2233	-4.6835	1.6424	0.5504	-5.3869	-4.7855	-8.3909	-12.0499
-13.2860	-10.7635	-6.8774	-4.2600	1.0583	0.9553	-4.8772	-3.8670	-7.8692	-11.2419
-12.1123	-9.3621	-6.6992	-5.4718	0.3589	0.3136	-5.0151	-5.7802	-9.8523	-12.8708
-10.4759	-9.8223	-5.9668	-4.0523	0.9616	0.4983	-4.1810	-3.5305	-9.9471	-13.9788
-14.1947	-9.5640	-5.4821	-5.5726	0.7581	0.9791	-3.6519	-5.5167	-10.6137	-16.4326
-17.0079	-11.0776	-5.8513	-4.3153	0.1798	0.6960	-5.9048	-5.3615	-8.8175	-14.4680
-11.7291	-9.9705	-6.3892	-5.5505	0.1474	0.1060	-4.8785	-6.2611	-10.1145	-13.1813
-10.8291	-7.0956	-4.7480	-6.8189	0.2311	-0.1105	-6.4870	-5.8964	-7.6847	-12.2726
-15.6309	-8.8731	-5.3517	-5.2559	0.9981	0.8411	-6.5775	-6.0750	-11.9644	-12.2548
-14.5416	-9.8356	-5.6957	-4.9451	0.0787	0.9728	-3.8596	-5.5602	-10.0846	-15.2088
-11.3960	-9.8032	-4.7599	-5.0343	-1.0367	-0.6653	-5.1408	-7.1262	-11.8507	-15.4523
-15.8260	-11.4181	-5.6634	-5.9711	0.0614	0.2167	-4.6302	-5.3994	-9.3046	-10.3399
-16.3461	-9.0124	-5.8463	-4.7784	0.6373	0.7500	-5.4113	-5.1870	-8.1000	-13.5560
-13.0135	-8.9673	-7.4241	-6.7275	0.7367	0.2712	-6.0256	-4.8819	-7.7547	-13.4780
-9.2513	-9.1283	-4.4422	-2.7978	1.3337	0.0729	-3.5761	-3.9933	-8.6002	-8.3614
-12.2321	-9.3261	-5.5506	-5.1341	0.3629	0.4461	-4.3852	-5.2847	-9.9048	-9.9646
-11.2506	-9.2531	-5.3012	-5.6167	0.8922	0.8442	-5.8124	-6.3458	-11.2490	-12.0766
-25.9983	-10.4142	-5.5586	-5.3812	0.3700	-0.1209	-5.2713	-6.1923	-9.8478	-10.9342
-10.2944	-9.2389	-4.6445	-4.4038	0.2541	-0.1582	-6.3543	-4.9777	-7.8527	-14.1064
-12.7078	-8.1277	-5.6724	-4.9474	0.7256	0.4264	-4.8316	-4.2383	-8.7679	-14.0075
-12.2584	-12.5205	-5.6998	-6.5318	-0.3893	-0.2719	-6.3318	-7.1100	-11.5318	-14.8286
-13.1441	-13.5672	-6.2805	-4.7429	1.0118	-0.1650	-7.3261	-5.9272	-9.6162	-13.6452
-10.0543	-10.7611	-7.1249	-4.6812	0.9495	0.4996	-5.6107	-4.5312	-8.0757	-11.1969
-15.1978	-10.1793	-6.0481	-4.6516	0.9017	0.6859	-5.8464	-4.3302	-7.6644	-10.7980
-13.7049	-11.5864	-5.9503	-4.5009	0.7171	0.7677	-4.5977	-4.3075	-9.1329	-12.7445
-12.9348	-8.7101	-5.6254	-5.8921	0.3861	-0.3672	-6.7710	-5.3074	-9.7936	-14.7690
-15.1466	-10.2468	-4.6820	-5.2017	0.2049	0.0610	-5.8503	-5.8314	-11.3460	-14.0521
-14.4853	-12.1566	-6.9341	-5.0400	-0.3902	0.0380	-5.8418	-5.2213	-8.9776	-12.6583
-15.7495	-9.5701	-5.9708	-6.4697	-0.2527	0.0006	-4.3654	-6.3227	-10.3745	-13.6612
-17.8630	-10.5328	-5.3833	-4.3738	0.7700	0.9476	-2.6181	-4.0137	-11.1497	-13.4338
-13.4653	-9.9594	-4.4036	-4.2167	1.4252	1.2881	-4.6546	-5.4788	-8.8139	-13.1898
-11.8691	-8.0591	-5.5358	-4.2930	0.6209	0.7734	-3.1739	-6.1448	-10.9544	-11.7766
-17.5908	-10.2173	-5.2237	-5.9935	-1.1824	-1.4796	-5.7922	-6.8432	-12.7066	-20.6558
-10.6727	-7.7975	-5.3709	-6.4853	-0.6228	0.5656	-4.0628	-6.4942	-10.6580	-15.7984
-13.6164	-9.1173	-5.1707	-5.1433	1.0695	0.0139	-6.3542	-5.0992	-8.0824	-11.0005
-11.8378	-8.4685	-4.7865	-4.0876	1.2080	0.9326	-6.3179	-4.9645	-9.7377	-13.2183
-12.5940	-10.0745	-6.1334	-5.3330	0.5140	0.7213	-5.5989	-5.7238	-7.8953	-12.6747
-12.9931	-9.3219	-7.0579	-7.0318	0.1308	0.7355	-7.4504	-4.3813	-9.6489	-12.6843
-20.8790	-9.0801	-4.8627	-5.5092	0.0286	0.5772	-5.9120	-5.8190	-10.7372	-11.0349
-13.9218	-11.4150	-5.5123	-4.9053	1.1863	1.6664	-4.0262	-4.3177	-9.3266	-11.7458
-11.6382	-9.2499	-4.6131	-5.2443	0.0552	1.0388	-5.4159	-6.7023	-11.1013	-14.8502
-14.3337	-10.1178	-4.5422	-3.3294	0.8236	1.2126	-2.9475	-4.0417	-7.8934	-10.9640
-15.7811	-9.6424	-6.6890	-5.8355	1.0013	0.7226	-4.3430	-4.2964	-9.4528	-18.6718
-10.2902	-12.4987	-8.0599	-3.7494	1.4320	1.7726	-4.7071	-4.7132	-7.8510	-11.0079
-12.8532	-10.2247	-5.5798	-4.0600	0.6889	0.0391	-3.8845	-6.2778	-9.7307	-13.0476
-11.2610	-9.1009	-4.8031	-6.2753	0.4204	1.7357	-5.2232	-5.1418	-8.9915	-13.8949
-14.0307	-8.2845	-6.2485	-5.9250	0.0667	0.2503	-5.5591	-5.7697	-9.0749	-13.8168
-10.2105	-10.7123	-6.2523	-4.7537	0.1134	0.1918	-6.5051	-6.1004	-10.1614	-11.2728
-11.1887	-8.8754	-4.5393	-3.7096	1.3456	0.5216	-4.6579	-4.9974	-10.1518	-12.2748
-11.8596	-9.8100	-5.8564	-5.9036	-0.1889	-0.1994	-6.3315	-5.7510	-7.6708	-12.3168
-12.1208	-11.1308	-4.5431	-4.2147	0.5056	-0.0262	-6.3330	-5.9184	-10.4465	-17.0456
-13.4517	-10.8397	-7.0496	-6.7719	-0.6001	0.8006	-4.3464	-5.5063	-10.7473	-12.9589
-16.1386	-9.5646	-6.0805	-5.0751	0.2537	0.1632	-5.1136	-6.0831	-10.7005	-23.4365
-11.8819	-10.9799	-4.8698	-3.9000	-0.6945	0.1422	-5.4715	-6.6484	-9.1727	-10.9859
-12.2867	-8.0125	-5.8351	-4.7736	0.3480	0.6843	-3.9599	-5.3311	-10.6447	-14.4084
-16.0387	-9.7247	-6.5244	-4.4871	0.5268	0.1919	-5.4783	-5.0958	-10.3193	-17.1528
-16.7552	-11.3504	-4.9929	-2.9218	1.2257	0.4290	-3.9047	-3.4780	-9.6716	-12.3749
-11.0286	-11.3585	-5.8809	-6.2412	0.2458	0.6881	-5.2828	-5.6356	-8.2283	-14.8652
-12.7041	-8.8527	-4.5436	-3.9176	0.5255	-0.1015	-6.5003	-4.2360	-8.9093	-15.3503
-10.5489	-8.4570	-5.1726	-6.3697	-0.6755	-0.7391	-6.9492	-6.9803	-10.4530	-13.7435
-12.6111	-8.3830	-4.6467	-3.9943	0.2170	-0.5137	-5.0817	-4.5636	-10.0642	-12.1327
-15.2330	-10.1783	-6.1401	-4.6253	-0.4633	0.4692	-4.9608	-4.4840	-9.0693	-11.8286
-13.6932	-12.0052	-5.9669	-5.9281	0.0096	1.1015	-3.6158	-5.7833	-12.7074	-12.5953
-12.9137	-8.7199	-5.7584	-6.1997	-0.4923	-0.3050	-6.2557	-6.6353	-10.0806	-10.5641
-14.1619	-10.0186	-5.1692	-3.5304	0.2641	-0.0142	-4.9136	-5.6364	-8.9787	-12.3461
-14.6365	-8.7468	-5.1438	-5.7483	1.1073	1.0694	-5.1189	-5.0490	-8.6593	-20.2883
-10.9888	-10.4405	-6.4939	-5.0290	-0.2368	0.4585	-5.3122	-3.6827	-9.1289	-12.3448
-10.2507	-11.0947	-6.2532	-5.2084	0.7928	-0.2324	-5.8898	-4.9315	-11.1666	-15.0965
-13.1190	-10.1042	-5.2105	-5.1028	1.3962	1.3129	-3.8132	-6.2992	-8.8138	-10.6919
-16.6473	-11.4698	-5.8384	-4.2848	0.8190	0.3151	-3.2689	-5.4957	-8.8209	-13.6450
-12.9034	-11.0885	-7.7244	-6.2014	0.1735	-0.0011	-6.1147	-7.0901	-9.5546	-10.8985
-15.0089	-9.5462	-6.6423	-4.2510	0.6853	0.5698	-4.8816	-6.2648	-9.7832	-10.4058
-13.7876	-12.0876	-4.6136	-4.2450	0.3695	0.3418	-7.4970	-6.1202	-8.6867	-12.5761
-9.2395	-7.3464	-4.8966	-3.9762	0.2290	0.3966	-5.8524	-5.9218	-9.8090	-13.5079
-11.8961	-7.4947	-4.3312	-5.4953	1.0192	0.2665	-5.5710	-4.9228	-9.5534	-11.7487
-15.2922	-9.8945	-6.0872	-4.5278	0.6189	1.3638	-3.8462	-4.3382	-8.6907	-12.4562
-14.0604	-9.1413	-5.0478	-4.4172	1.6051	1.0188	-3.5278	-4.5259	-8.7467	-13.7638
-9.8345	-6.9720	-5.4547	-5.3083	0.2670	0.3833	-4.2699	-5.4668	-10.7287	-15.2738
-10.7782	-8.8828	-3.9213	-5.1515	-1.0316	-0.0072	-3.7709	-5.1891	-10.1591	-15.9830
-13.3304	-9.4568	-3.6176	-5.1898	0.1654	0.2597	-5.1200	-7.5268	-10.2828	-13.4449
-13.7578	-7.2984	-3.4708	-5.4983	1.4711	0.9203	-6.3747	-6.6796	-9.9674	-15.2836
-11.4101	-8.7104	-5.2858	-4.5537	0.4621	0.9282	-5.1617	-4.9459	-7.9749	-9.9285
-11.6699	-9.7094	-4.7400	-4.2467	0.5631	-0.0163	-5.6163	-4.2888	-8.9691	-13.0862
-14.6044	-8.6762	-5.6046	-4.5603	1.3843	1.1748	-4.3563	-6.4492	-9.0493	-12.3109
-11.5288	-10.1536	-5.5888	-5.6914	-0.0540	0.4472	-6.1030	-5.2815	-10.0778	-11.8784
-14.7825	-9.9397	-3.9381	-4.7372	0.9185	0.6153	-6.2148	-5.6028	-9.4084	-13.5470
-10.0835	-10.2770	-5.1464	-4.0582	0.7287	0.2041	-4.9743	-3.9252	-7.2427	-9.0899
-10.3120	-9.5548	-5.7896	-5.3104	0.1778	-0.4479	-7.0185	-6.6204	-11.5987	-15.7788
-11.6060	-8.4048	-4.3876	-4.4579	1.2233	0.5188	-5.1449	-4.5135	-9.3952	-11.4384
-18.0324	-9.5355	-5.7708	-4.9323	1.3184	0.3573	-4.6256	-4.2233	-8.9761	-13.0958
-14.3418	-8.8937	-4.9734	-5.8744	0.3831	0.7096	-2.9997	-4.2016	-8.6538	-13.2487
-15.7455	-7.8397	-5.3515	-6.7527	-0.6174	0.0689	-4.8830	-5.5707	-11.6967	-26.3193
-12.8706	-8.5148	-5.9255	-4.9923	0.5566	-0.1468	-5.4983	-5.3236	-10.5323	-15.0084
-15.0505	-8.1740	-3.8636	-4.0949	1.6313	0.6385	-4.8586	-6.3202	-10.9389	-20.0041
-17.0179	-11.2012	-4.9022	-4.4603	0.4499	-1.0850	-6.2910	-6.0778	-10.7122	-13.4057
-13.1999	-11.5755	-4.2637	-4.1835	0.9153	1.1128	-3.7465	-5.0947	-10.6542	-11.0951
-15.8444	-7.8663	-4.6259	-4.7542	1.1107	1.7082	-7.6894	-5.2638	-8.2686	-14.1954
-15.3710	-10.5449	-5.8458	-4.7420	0.5387	0.1111	-5.6274	-7.0286	-11.4255	-11.4992
-10.9397	-8.1544	-5.2626	-5.7613	0.2578	-0.1223	-5.8121	-5.3220	-8.1509	-9.7877
-13.7791	-12.0946	-5.1723	-5.2433	0.3287	-0.1800	-5.4457	-3.8011	-8.8603	-12.6482
-13.7419	-9.7197	-5.9220	-6.9325	0.2055	-0.0066	-5.2896	-5.3974	-6.6180	-12.2349
-15.4671	-13.5119	-6.0247	-6.1205	-0.4875	0.4084	-5.0795	-6.3938	-9.7202	-13.5761
-14.3541	-9.0182	-4.4722	-3.9264	1.3828	0.9331	-4.6230	-6.0997	-13.2847	-13.6141
-18.9756	-11.6971	-5.3036	-6.5901	-0.0641	-0.0424	-5.7150	-5.5402	-9.4376	-17.9325
-16.8378	-12.4823	-7.0295	-5.3478	-0.1258	0.3828	-3.7052	-5.7185	-10.8362	-13.8584
-15.6567	-12.0838	-6.1963	-4.9802	-0.7869	0.4036	-4.8278	-6.4876	-9.7802	-14.7959
-16.0667	-12.0041	-5.3153	-4.6244	0.6828	0.6317	-4.2289	-5.8981	-12.1236	-14.2695
-12.0221	-10.6000	-4.5907	-4.6655	0.5236	0.7667	-3.5547	-3.5831	-7.8420	-14.2062
-15.0886	-11.8901	-4.5692	-4.7744	-0.2110	0.2767	-4.5963	-5.3644	-9.1782	-14.7828
-15.0474	-9.9539	-5.4421	-4.9777	-0.5153	0.0309	-4.1556	-6.5259	-11.9990	-13.0888
-11.5450	-10.3942	-5.1457	-5.2947	0.8262	0.2883	-4.4236	-4.8900	-8.9918	-10.7912
-18.5362	-11.6796	-5.2988	-4.1919	0.9398	0.2276	-4.8700	-7.6900	-12.9408	-14.0507
-14.1155	-8.4319	-4.2530	-2.9570	0.8191	0.8330	-5.8475	-5.7041	-10.0511	-13.6939
-15.8752	-9.5749	-5.8867	-5.6596	0.6619	0.7846	-4.5182	-6.2224	-10.6163	-15.4845
-14.1300	-9.4523	-4.0021	-4.3771	0.0461	0.4544	-3.4263	-4.7301	-9.0867	-13.6186
-12.5641	-10.3581	-4.4899	-4.3024	-0.1535	0.0954	-6.0963	-5.5422	-8.7157	-12.2225
-17.6772	-10.2948	-5.7038	-3.4618	0.0351	0.5398	-5.5708	-4.8766	-9.0534	-12.3517
-11.7646	-10.1861	-4.6760	-4.0379	0.8477	0.2546	-5.7417	-4.7195	-8.5948	-10.9406
-13.6363	-10.6820	-5.5913	-4.5955	0.3434	1.0030	-4.0087	-3.7973	-9.4017	-16.0405
-12.5310	-7.9968	-6.2116	-5.0910	0.8525	0.3109	-7.9757	-4.5614	-8.0358	-12.6752
-11.4910	-10.6706	-5.4410	-6.0946	-0.3154	0.7845	-3.5622	-4.6056	-9.2972	-10.5955
-13.7732	-9.6543	-6.6886	-4.1152	0.9048	-0.0312	-6.2785	-3.1452	-7.9023	-17.0484
-13.8292	-9.6465	-4.2469	-4.2846	0.4343	-0.2639	-5.7168	-5.0411	-9.1249	-14.7627
-14.9533	-11.3423	-5.4113	-4.8564	0.7457	0.7155	-4.5903	-3.3722	-8.0788	-12.5224
-15.7844	-8.2971	-6.8429	-6.7715	0.2354	-0.1251	-4.7399	-4.9162	-11.2063	-13.3158
-12.1397	-8.3402	-5.4434	-6.4888	-0.1764	-0.0897	-5.3855	-4.5739	-7.8093	-9.5622
-13.0050	-12.1948	-6.4641	-5.2464	0.5080	0.2510	-5.5658	-5.2198	-8.8260	-10.7420
-20.9938	-11.8744	-7.0001	-4.6954	0.5322	-0.0183	-6.3669	-5.2178	-10.0276	-15.1246
-10.6528	-7.5387	-3.3680	-4.8432	0.6209	-0.0484	-5.2435	-5.5370	-10.1723	-15.2950
-19.1168	-11.2272	-5.8285	-4.1414	0.1640	-0.3922	-5.9184	-4.8668	-10.8766	-13.7343
-12.6825	-11.8691	-5.3798	-5.1929	0.5483	-0.0549	-6.2755	-7.3050	-10.9637	-15.2921
-12.6558	-10.1170	-6.0680	-4.5464	0.7285	1.1464	-4.4602	-5.9061	-9.6546	-11.9196
-13.9298	-10.3074	-5.8606	-6.5765	-0.5738	0.2297	-5.3421	-4.3893	-9.8010	-13.1058
-14.5414	-12.7203	-6.3138	-7.7211	0.1752	0.4782	-5.5190	-5.0502	-10.2810	-12.4470
-11.5507	-11.8778	-5.8723	-4.7974	-0.0706	-0.3959	-5.9107	-5.5458	-10.3875	-13.3830
-11.6434	-12.5915	-6.9639	-4.9883	-0.6975	-0.4236	-4.3017	-4.2539	-10.2506	-9.5019
-16.2901	-8.8777	-3.6400	-4.0397	0.4299	0.6927	-5.6910	-5.5863	-8.1532	-13.1545
-8.8016	-8.0396	-5.2706	-5.0221	1.3767	1.1111	-4.4431	-3.3350	-9.2701	-12.8974
-9.9146	-8.4821	-5.7478	-5.4981	0.6034	0.2385	-4.6436	-4.5245	-7.5393	-19.0182
-10.8103	-8.2919	-6.4899	-5.5639	0.5163	0.2010	-4.2207	-5.3609	-13.3222	-17.9390
-13.1568	-11.8083	-6.4949	-4.5938	0.8743	0.8129	-4.2933	-4.0794	-8.1344	-9.9677
-13.5662	-9.9628	-6.4189	-6.0949	0.3832	0.6779	-6.3993	-4.7522	-7.1735	-10.0330
-16.5301	-12.7380	-5.8076	-4.1703	1.1959	0.5341	-6.2028	-5.4502	-11.2531	-15.1848
-13.5284	-9.0178	-5.8199	-6.1090	1.0680	0.1918	-5.4132	-4.6654	-9.6604	-15.1542
-13.1677	-10.0916	-5.4389	-4.9571	1.0865	0.7782	-6.3685	-6.3143	-10.7036	-14.6341
-11.2742	-8.7944	-6.1015	-4.8477	0.8623	1.1188	-4.1608	-5.6585	-10.3341	-15.1848
-12.3806	-9.2457	-5.9159	-4.0895	0.5819	0.7226	-3.8189	-4.2036	-9.2891	-10.9691
-11.9194	-9.6415	-6.7717	-7.3826	-0.3600	0.8514	-4.3485	-5.5621	-7.5492	-13.8550
-18.2548	-8.3569	-4.8638	-4.7804	0.4430	0.2739	-2.7907	-2.6378	-9.6742	-11.3898
-15.9599	-11.3030	-5.6388	-3.5947	0.9916	1.1053	-4.2096	-4.6539	-9.9408	-14.3630
-10.7714	-9.8937	-5.0713	-5.0684	0.6996	0.8796	-3.6166	-4.1865	-10.8536	-11.4508
-15.6195	-11.9826	-4.9838	-3.6514	-0.1065	0.0163	-3.5252	-5.0796	-12.2688	-12.9863
-14.4335	-9.7500	-4.5640	-4.0714	0.5205	1.2390	-4.4031	-4.0270	-9.1400	-15.6112
-10.1036	-8.7635	-5.6434	-4.8820	1.1266	0.5781	-4.5872	-5.6985	-10.3474	-13.2961
-14.5310	-7.8900	-4.6236	-4.7951	1.0900	0.2609	-5.1817	-4.8458	-10.3766	-16.3590
-13.4762	-8.8065	-3.9499	-4.4081	1.5457	0.7773	-4.6433	-4.8885	-10.0573	-20.9529
-9.3044	-8.0020	-4.6349	-4.5159	0.2984	0.6283	-4.7820	-5.4223	-9.2682	-12.3453
-12.1218	-9.2794	-4.6690	-5.0207	1.5066	1.3587	-5.5664	-5.5832	-8.3329	-12.8717
-12.2127	-9.0336	-4.3273	-4.5390	1.5919	0.7170	-3.7833	-5.0602	-9.8720	-11.8378
-11.2540	-10.4665	-5.6043	-4.3372	0.7536	0.6779	-5.2783	-5.1851	-8.7986	-12.5159
-17.0233	-11.7786	-5.0448	-4.9755	0.5687	0.1322	-4.3436	-4.3074	-9.9921	-16.4470
-12.3125	-11.0317	-5.3387	-4.9576	0.4622	0.5739	-3.5538	-6.1629	-14.0719	-16.4758
-13.5360	-9.0437	-4.0996	-2.7413	1.2275	0.5016	-3.9099	-4.6170	-9.3086	-11.3698
-10.9754	-7.8204	-4.2519	-3.4947	1.1217	0.4589	-4.0615	-4.9751	-8.1657	-10.6983
-13.9202	-9.9737	-4.8917	-6.2799	0.5117	0.0924	-7.1993	-5.6864	-8.3111	-9.5307
-12.3351	-7.5924	-3.3339	-3.7382	1.7535	0.6608	-5.1477	-5.3586	-14.1362	-16.9008
-11.7567	-9.7935	-6.0033	-4.7000	-0.8554	-0.3927	-5.8436	-5.9855	-8.8279	-10.4395
-12.2348	-9.5982	-5.3206	-4.2239	0.5381	-0.7248	-5.4261	-6.1026	-10.3274	-14.7290
-11.7576	-12.0275	-7.0688	-4.6123	0.5468	0.0129	-5.1329	-4.6142	-8.3509	-13.3000
-11.9776	-9.5444	-4.9375	-5.0458	0.6820	0.6308	-3.9794	-6.2700	-14.0995	-23.4375
-9.8708	-8.8418	-5.9931	-5.7186	0.0507	0.5967	-4.8491	-6.7857	-13.0565	-12.3631
-14.5995	-10.7793	-5.3984	-5.1970	0.3793	0.4234	-5.8517	-3.9324	-10.4708	-17.5881
-10.8274	-8.5773	-3.5997	-4.9473	0.1576	0.5885	-3.8000	-5.8293	-9.5885	-12.5712
-12.6138	-8.9099	-5.0123	-3.7168	0.4678	0.2135	-4.5659	-5.7064	-10.3979	-12.0369
-11.3003	-9.3204	-5.6047	-5.5788	-0.2360	-0.3329	-4.6353	-6.9958	-9.3511	-12.7014
-12.1017	-8.4592	-4.3518	-4.6738	1.1489	1.2323	-4.2957	-6.0172	-9.7501	-11.8922
-12.6799	-11.2562	-5.3847	-5.7417	-0.0468	0.0157	-6.2003	-5.4714	-9.5809	-14.5918
-18.9536	-9.0601	-5.5312	-6.3359	0.2989	0.3313	-4.3782	-4.6214	-10.2010	-15.9976
-14.8848	-10.6022	-4.6880	-5.7595	-0.7047	-0.5060	-5.1958	-5.9578	-12.6959	-15.3343
-14.3917	-9.9578	-5.3977	-6.9360	0.1906	-0.0167	-5.9942	-5.3986	-10.8794	-14.4765
-11.0379	-9.1130	-5.5863	-4.3454	0.6910	0.9615	-5.0445	-5.2147	-9.8919	-12.8813
-12.6965	-10.0342	-5.9933	-5.5555	0.3120	-0.2501	-4.8681	-6.3804	-11.9399	-12.6269
-13.7019	-10.0524	-4.0107	-5.6393	0.0527	0.6348	-4.6143	-5.6346	-11.8344	-21.9134
-12.1066	-11.8420	-5.5390	-5.0560	-0.3664	0.4773	-6.5033	-5.1571	-9.3808	-13.4679
-13.2431	-9.8070	-7.7225	-5.5972	0.3034	-0.0091	-5.9050	-5.7925	-10.9794	-12.5142
-15.1656	-6.7725	-4.9321	-4.7050	1.2754	0.7425	-5.7057	-4.1075	-9.2307	-12.4213
-9.6193	-8.5575	-4.8512	-5.6251	0.0820	-0.6031	-6.1315	-5.7044	-8.6136	-11.5606
-12.0081	-9.6650	-5.5638	-4.3329	0.0397	0.2427	-6.5408	-7.4971	-12.5664	-14.6842
-11.1519	-10.2606	-4.7811	-4.8658	0.7632	1.3604	-3.7499	-6.0286	-11.1998	-11.6594
-10.1111	-10.4706	-4.9803	-4.1371	0.5865	1.4592	-3.5750	-5.6411	-8.7287	-15.4202
-17.6402	-9.4704	-5.2580	-4.9379	-0.1625	-0.0201	-4.6077	-4.8329	-12.9700	-13.1548
-18.1129	-9.1166	-4.4057	-4.7924	0.3244	0.4659	-6.4027	-4.9715	-8.1070	-15.1112
-11.8711	-8.1015	-4.1836	-6.0766	0.1066	-0.0527	-6.5239	-6.4122	-11.2549	-15.3520
-15.1000	-12.9121	-5.9482	-4.4827	1.1848	1.4442	-5.5054	-6.2357	-8.8569	-11.8927
-10.6294	-8.5065	-5.6439	-6.3505	0.9322	0.6273	-3.9574	-5.5118	-9.6959	-11.1027
-17.3069	-13.4039	-7.0353	-5.8191	-0.1587	0.6439	-4.6264	-5.0239	-11.3312	-14.1977
-12.9336	-8.6633	-5.4727	-5.4999	0.1086	-0.1111	-4.5226	-5.2485	-11.5944	-14.9130
-16.4137	-10.3990	-6.5952	-4.0738	0.6781	0.6956	-4.0475	-3.6331	-11.3909	-16.1861
-9.2108	-10.2845	-5.8680	-4.6964	0.2845	0.5357	-5.1606	-4.6771	-8.4565	-8.9834
-13.0664	-9.7849	-4.5975	-5.0964	0.0762	0.7821	-5.7759	-6.5316	-9.0932	-12.6947
-11.1169	-10.3959	-6.4669	-6.0290	0.0191	-0.0015	-5.7370	-4.6044	-8.5851	-14.4690
-10.4947	-9.7929	-4.6276	-5.2646	0.6241	0.5011	-4.2781	-5.8483	-9.6457	-13.5418
-14.9875	-9.8761	-5.0550	-5.6957	-0.1144	-0.7781	-6.2600	-5.7822	-9.7352	-12.1008
-14.3448	-8.6413	-3.4268	-4.0877	0.5926	0.1255	-6.3577	-4.4691	-9.2207	-15.0151
-13.5552	-11.3329	-4.6830	-3.7304	0.2783	0.1385	-4.3462	-3.8922	-6.1206	-13.0550
-15.6763	-9.7943	-6.6291	-5.0354	-0.0968	0.8937	-4.2111	-3.8120	-8.0452	-14.7473
-12.9700	-9.8376	-3.9130	-4.2212	0.5932	0.1408	-4.9873	-4.6427	-8.9004	-15.5882
-15.7759	-7.1870	-3.9735	-4.7320	0.9255	0.4328	-6.3113	-6.2891	-8.2292	-12.0592
-15.1488	-10.6960	-5.4281	-5.5369	-0.6688	-0.3117	-5.0204	-5.5962	-10.5544	-15.4633
-12.1236	-9.5673	-5.2804	-4.3921	-0.1040	-0.1256	-4.9367	-5.4023	-8.8662	-14.6858
-14.0278	-7.3678	-5.0434	-6.2785	-0.2339	0.7654	-5.2807	-5.5410	-9.8913	-13.7125
-12.9223	-7.4947	-4.0347	-5.7168	0.6235	0.6372	-6.5957	-5.7612	-9.8643	-10.7294
-12.6721	-9.9628	-4.9809	-6.1600	-0.0171	0.0905	-5.8008	-4.7258	-8.3914	-18.0502
-13.3429	-11.6446	-4.9915	-3.9302	0.7464	0.0897	-5.0439	-6.0082	-8.4775	-12.5838
-14.3228	-9.0108	-5.4796	-4.7518	0.7258	0.5581	-5.4704	-4.9289	-11.5295	-14.9616
-14.1321	-8.7869	-4.5787	-4.9108	0.9695	-0.1923	-7.9402	-5.4098	-8.0465	-12.2877
-13.6477	-8.8571	-5.9634	-5.3917	1.0161	0.2082	-5.6134	-4.2248	-9.9552	-12.7772
-13.0330	-10.5705	-5.6233	-3.5827	0.6656	0.6863	-4.7546	-6.1922	-12.7922	-21.0425
-8.5690	-10.0958	-5.6977	-5.5405	0.0978	0.8018	-7.3055	-4.6850	-9.2017	-14.7334
-12.5007	-9.5658	-4.0002	-4.7638	1.3684	0.5345	-6.0047	-5.5389	-10.0723	-14.1846
-13.8234	-10.1169	-6.3825	-5.8980	-0.4089	0.2109	-5.7572	-6.8667	-11.3047	-17.1638
-13.3456	-9.5501	-4.4357	-5.9756	0.0947	1.1949	-4.1587	-3.7665	-8.8846	-19.3268
-15.3895	-11.4811	-5.4011	-5.3536	0.8955	0.3474	-4.9524	-4.2065	-9.9330	-14.4772
-13.7738	-11.2113	-6.1503	-5.9478	0.6034	0.2090	-6.1588	-5.4500	-7.7773	-11.3625
-15.1158	-11.1250	-5.6641	-5.4746	-0.5054	-0.1919	-5.2505	-6.4982	-10.8937	-14.0903
-13.3779	-12.6943	-4.7458	-4.6741	0.8436	1.0416	-4.6090	-5.8320	-8.3833	-13.4469
-14.2915	-10.5029	-4.2398	-3.9634	0.5059	0.6115	-5.5916	-6.0747	-11.2181	-15.8760
-10.7247	-9.6392	-5.3779	-6.0654	0.3674	0.1352	-7.5951	-4.7484	-9.1059	-10.2387
-16.9431	-12.3972	-6.3257	-4.9561	0.3081	0.0092	-4.2951	-5.0571	-9.7541	-11.7058
-12.7455	-7.4195	-4.5696	-4.7620	0.5214	0.6770	-4.3599	-5.9377	-9.8991	-11.6095
-8.3499	-8.7722	-5.3029	-4.2639	1.2015	0.7799	-5.4164	-6.2032	-9.1831	-12.5006
-16.8353	-12.1128	-5.4605	-4.3442	-0.2302	-0.2137	-3.0861	-4.7533	-8.5582	-12.0865
-12.9569	-10.4956	-4.4488	-1.7958	1.0526	0.8926	-3.8300	-4.2083	-8.7653	-12.4931
-16.0489	-8.0316	-5.0091	-4.1748	0.7259	0.3161	-5.0992	-5.2167	-8.0491	-17.5013
-12.1846	-7.9172	-5.0148	-5.2299	-0.5470	-0.1032	-4.0951	-4.8484	-11.4120	-14.2612
-11.7813	-10.1853	-3.4365	-3.5964	2.0235	1.1055	-4.7406	-4.5158	-9.5945	-10.0115
-9.8345	-10.5992	-5.6577	-4.1315	-0.1749	0.1504	-5.0782	-3.9988	-7.1462	-13.5702
-14.8369	-11.2972	-5.8265	-4.8042	0.5097	-0.4548	-6.7961	-5.4734	-9.2754	-11.6543
-15.7317	-8.6107	-6.0527	-6.2201	-0.5504	-0.1195	-4.0722	-5.4517	-10.9261	-13.4392
-14.9221	-10.0856	-4.1158	-5.2441	0.2299	0.8051	-3.9939	-4.5957	-9.1938	-13.5550
-14.8050	-9.7883	-4.9402	-3.8574	0.3858	0.4514	-5.1973	-4.8051	-8.1603	-19.4039
-15.2958	-7.6648	-5.6017	-6.8802	-0.0284	-0.6338	-5.0488	-6.6504	-11.6792	-20.1344
-13.7162	-10.4088	-7.2783	-5.6425	0.2246	-0.7089	-5.6777	-5.2285	-8.8283	-16.5992
-11.4883	-9.4020	-5.3260	-4.8334	0.1993	-0.0433	-4.5991	-5.4336	-11.6510	-11.0738
-13.2463	-11.6441	-6.2295	-4.5594	0.9081	0.7525	-5.6443	-6.3853	-8.4114	-9.4735
-11.6857	-10.5041	-6.5449	-5.7475	1.3722	0.9010	-6.2893	-4.3388	-12.9063	-14.0460
-11.3270	-9.3189	-5.7776	-4.8179	0.5173	1.2354	-4.1185	-5.1099	-12.5238	-17.8635
-15.8576	-11.5745	-6.7956	-6.3065	-0.0234	0.7597	-5.4994	-5.4796	-11.1069	-14.1241
-10.1728	-10.9938	-6.2958	-4.5611	-1.1033	-0.0554	-5.3079	-5.0439	-8.4951	-9.8739
-11.2515	-9.1528	-5.6435	-4.9539	0.2998	0.0634	-5.4727	-5.1789	-7.4312	-13.0514
-14.3267	-8.8307	-5.8281	-5.5801	0.4207	0.1096	-4.6551	-5.3688	-11.6507	-14.4013
-12.0114	-10.9108	-6.0025	-3.9628	1.2423	0.9815	-3.9656	-5.9875	-8.9226	-12.9456
-10.8063	-10.0933	-5.3834	-4.5058	0.5902	-0.7425	-5.8358	-5.6791	-11.8244	-14.4404
-13.1399	-10.3201	-6.3018	-7.3390	-0.5395	0.5778	-4.8672	-6.9907	-10.7833	-13.4543
-13.4747	-10.7426	-4.3713	-3.8654	1.3266	1.3625	-3.8867	-5.1267	-10.3600	-14.5527
-11.7924	-10.6092	-5.8724	-6.5427	0.7366	1.7041	-4.5143	-4.5017	-9.2468	-12.3862
-12.0076	-9.3761	-5.0869	-4.5986	0.5103	0.1082	-4.6035	-6.6758	-12.0054	-17.2936
-10.3699	-9.7216	-3.5189	-3.3351	-0.1189	-0.1908	-6.1060	-4.9374	-8.7085	-11.5916
-10.4847	-9.5389	-5.1097	-4.3890	-0.1274	-0.0726	-5.5804	-5.5064	-9.8820	-12.6905
-17.0728	-11.2839	-6.9913	-5.4642	0.4449	-0.0078	-5.4770	-5.4731	-9.3949	-11.6637
-13.8894	-10.0238	-4.8514	-5.0502	-0.0748	-0.6552	-6.0109	-6.6442	-8.7392	-11.9573
-12.3612	-9.5700	-3.5037	-4.3946	-0.2488	0.3993	-5.1729	-5.3537	-11.7332	-15.3193
-10.4766	-9.2095	-4.7502	-4.0811	-0.1703	0.7233	-4.7766	-5.7741	-10.4659	-18.2815
-13.0168	-13.5477	-7.1673	-5.8971	-0.4233	0.0205	-7.0057	-6.9501	-10.1257	-11.4360
-14.2958	-9.5987	-6.5817	-5.0939	0.8317	0.2856	-6.3313	-5.6262	-8.5119	-14.6841
-13.8201	-7.9854	-6.2351	-4.3920	0.3656	1.6411	-3.3329	-2.6616	-6.4241	-11.2161
-10.0305	-10.0049	-6.2611	-5.0374	0.2406	0.0356	-5.1069	-7.0981	-11.4668	-14.4116
-15.0668	-9.8093	-4.5903	-6.7924	-1.1436	0.4174	-4.7118	-6.3981	-10.4602	-16.6250
-12.2876	-7.6110	-5.1124	-5.5241	1.1159	0.9185	-3.8079	-3.1916	-8.6127	-11.6173
-13.5497	-11.0033	-7.2366	-5.7391	0.0259	0.1253	-5.6713	-4.9613	-7.9608	-12.8621
-18.1474	-10.2018	-5.6930	-4.9677	-0.0467	0.6321	-3.4228	-4.9583	-8.8241	-13.3130
-11.8302	-8.0297	-4.5884	-5.0138	0.8757	0.2115	-6.4457	-5.5725	-9.3546	-11.5190
-13.8816	-11.7305	-6.0940	-3.3648	0.2334	0.1391	-4.5082	-5.0783	-9.3279	-12.3579
-13.4318	-7.9247	-5.2247	-6.3922	0.6757	1.2736	-4.7849	-4.9484	-8.6207	-17.4200
-11.7247	-9.3810	-6.2401	-6.7049	-0.1488	0.9010	-4.7605	-4.9826	-7.7637	-10.6119
-13.5082	-9.2979	-4.6285	-6.2379	0.2035	0.8690	-5.6446	-5.3178	-10.4800	-16.1463
-12.9958	-11.1285	-4.8613	-6.3689	-0.9023	0.0741	-5.5392	-5.9141	-8.4818	-11.2897
-13.8694	-8.1569	-4.6427	-4.3486	1.5229	0.8648	-3.7467	-4.8962	-11.5777	-14.5096
-11.5734	-10.4160	-5.1856	-4.0367	0.2343	0.6144	-4.3957	-4.6353	-7.8279	-14.3570
-16.1356	-11.2504	-5.3158	-4.2232	-0.2429	0.4376	-3.7454	-4.1916	-9.6227	-12.6479
-12.5221	-8.4124	-5.0732	-6.6136	0.2880	0.3903	-3.9202	-5.9113	-10.3734	-11.0788
-17.7721	-11.0603	-5.1366	-4.9277	0.0885	-0.2631	-4.6479	-6.1009	-12.1292	-18.4680
-10.5191	-10.1328	-6.2880	-5.3550	0.5585	0.1343	-5.4499	-4.3699	-9.8110	-14.5392
-17.5961	-9.4394	-6.1225	-4.7560	0.2867	-0.4411	-4.5438	-4.4517	-11.3585	-11.6381
-16.6382	-11.3997	-6.3258	-4.2527	-0.8193	0.2832	-5.7541	-4.7733	-9.1492	-12.8455
-11.5364	-8.5789	-4.7234	-4.0864	1.0459	1.3815	-4.1622	-3.5867	-8.5095	-13.7297
-13.9943	-10.4690	-6.9497	-5.3696	0.3689	0.3264	-3.9513	-5.5133	-8.2844	-10.2558
-15.6376	-8.8655	-4.9912	-4.6536	1.2509	0.1215	-5.2403	-4.5966	-10.7189	-15.1401
-14.5781	-9.1038	-4.9008	-5.0941	0.2640	0.1809	-4.6816	-4.8132	-10.0793	-12.5067
-9.9694	-9.6243	-5.4620	-5.3705	-0.1514	0.3769	-5.9425	-5.0373	-8.6915	-15.5271
-12.7586	-10.4561	-4.0902	-5.2538	-0.1624	0.3700	-5.1305	-4.4710	-10.7603	-11.0537
-11.7261	-8.9204	-5.2483	-5.2208	0.7636	0.0963	-7.2708	-5.8338	-8.3922	-13.6615
-14.8532	-9.2041	-4.6845	-7.0843	-0.4862	-0.4359	-6.1509	-6.6879	-9.8232	-12.7167
-15.9566	-10.3696	-4.6509	-3.8203	0.2492	-0.1897	-7.7853	-5.4049	-10.4181	-17.3597
-14.0554	-9.1273	-4.4543	-6.8709	0.5066	0.5141	-5.6798	-4.5019	-9.2052	-11.9670
-18.5081	-8.0731	-4.5280	-5.0421	-0.0117	0.5227	-5.6404	-5.0157	-7.7389	-14.9867
-11.9806	-9.1048	-6.3820	-5.2848	0.9542	0.6772	-3.1440	-4.5330	-10.7682	-13.2693
-13.4769	-9.2509	-4.2784	-4.8402	-0.0319	-0.0368	-5.5952	-5.9115	-10.6325	-14.8244
-15.3664	-9.7550	-5.3682	-4.9541	0.7067	0.9251	-4.3252	-4.0840	-10.2856	-13.0084
-13.4379	-9.2849	-4.9052	-5.3961	0.1570	0.1007	-4.1759	-2.9789	-8.3715	-12.7617
-15.0685	-8.6517	-4.4374	-5.2022	1.4067	1.0367	-3.9116	-4.8225	-8.3449	-10.3050
-9.2628	-8.3557	-5.5622	-4.7068	1.0108	0.1725	-5.2411	-5.1067	-9.5445	-10.8036
-11.9135	-8.4660	-5.7896	-4.3701	0.5377	0.4559	-5.5574	-7.0160	-7.9153	-11.4471
-8.6852	-9.8547	-4.1158	-3.3919	1.1364	0.3838	-5.5624	-5.1755	-9.6498	-16.3108
-13.4301	-8.5290	-4.7323	-4.2302	1.0281	0.1311	-5.7006	-3.3140	-6.1651	-12.9566
-12.6470	-8.6285	-5.6425	-4.2028	0.3425	0.3794	-5.9680	-5.0309	-8.5073	-13.8237
-10.2493	-8.9224	-5.2355	-6.0916	-0.6197	0.5603	-6.1702	-4.5418	-9.2648	-16.7910
-12.3377	-9.4012	-5.7286	-6.3459	-0.0530	-0.1782	-5.4162	-6.1323	-9.6476	-12.3832
-14.3895	-9.0592	-3.6961	-5.6585	0.0619	0.7358	-6.3220	-5.9731	-8.4412	-12.5942
-15.1619	-9.6836	-5.2065	-4.9299	0.3203	0.3730	-6.6940	-5.0275	-8.5390	-14.6001
-12.9438	-9.4294	-5.1994	-7.0560	-0.6013	0.5182	-5.2318	-5.3963	-9.1147	-14.3952
-17.1860	-9.4056	-4.9208	-4.8463	-0.0043	0.1911	-4.3219	-5.8798	-10.0943	-16.5232
-9.9103	-8.2400	-4.5134	-5.6730	0.1205	0.4591	-6.3180	-5.3611	-8.6856	-11.3283
-16.3052	-12.3041	-5.0762	-4.1511	0.5714	0.5120	-4.0156	-6.4213	-9.2007	-11.9540
-15.1301	-9.4061	-5.5677	-5.0459	0.1934	0.4644	-3.8927	-2.9650	-8.8109	-13.9894
-13.0637	-9.9583	-4.7210	-6.3390	-0.0311	0.1243	-5.4357	-4.3578	-8.6888	-15.7673
-17.6398	-10.7968	-7.5601	-5.6636	-0.3570	-0.5235	-5.5053	-6.3887	-10.7531	-15.1604
-11.8626	-7.9208	-6.1629	-6.7901	0.8916	0.8991	-5.2580	-5.5185	-11.5742	-12.6622
-14.1159	-11.3900	-5.0725	-3.7644	1.2548	1.0712	-3.5884	-4.8116	-10.0162	-14.8048
-13.1403	-10.1837	-5.2060	-4.5814	0.6156	0.4229	-5.0665	-4.3600	-9.0235	-14.0042
-13.2467	-11.6318	-5.8898	-4.0974	0.2600	-1.0118	-6.1904	-4.6625	-10.2825	-18.6843
-18.1876	-8.4424	-4.6537	-5.2243	0.3684	0.2664	-4.6299	-3.4457	-7.5949	-15.4088
-16.1894	-8.4746	-4.8502	-4.9623	-0.2585	0.3113	-5.2897	-5.5936	-8.9016	-13.4624
-10.4415	-10.1282	-5.7954	-4.1880	1.6763	2.0479	-4.0945	-3.8918	-8.9512	-12.2916
-13.2594	-12.5450	-5.8964	-2.9980	1.7090	0.6807	-4.7005	-4.8208	-10.8846	-16.8078
-13.4805	-10.9939	-6.2228	-6.5578	-0.3602	0.1034	-6.2940	-5.6175	-10.1520	-14.5290
-14.2995	-8.3634	-4.5879	-6.5238	-0.0624	-0.2853	-5.4199	-3.7415	-6.9070	-10.4103
-13.1106	-9.5392	-5.5877	-4.9814	0.9619	0.6949	-5.3492	-5.4635	-10.0881	-11.3715
-9.2540	-9.8615	-5.0832	-5.8429	0.4677	0.9202	-3.3645	-5.0839	-11.5522	-10.6007
-11.5499	-10.3744	-4.3500	-4.6881	0.3507	0.0235	-4.6773	-5.0588	-9.0981	-11.5178
-12.3205	-7.5497	-3.6664	-5.5278	0.1761	0.8607	-4.9623	-6.7887	-10.4251	-12.0207
-12.4434	-10.9895	-3.8083	-5.5659	0.6294	1.0858	-2.9117	-3.8343	-8.9252	-13.1261
-14.4554	-10.2822	-6.8571	-3.9432	1.6030	1.2921	-4.7375	-4.0404	-9.6523	-13.6498
-15.1723	-9.5699	-6.0207	-7.4521	-0.7062	-0.2426	-5.8062	-5.9764	-9.6570	-10.8920
-16.2420	-10.5630	-5.1522	-4.3723	-0.2044	-0.1335	-4.2791	-6.4570	-9.9611	-9.6576
-15.7974	-11.2523	-6.0666	-4.1937	0.3490	0.7038	-5.8121	-6.2184	-9.6776	-12.9309
-11.9913	-9.5766	-5.7561	-4.7723	0.5030	-0.0071	-5.8019	-5.5427	-8.1785	-13.3939
-21.5363	-10.5343	-5.2192	-5.0941	0.3041	0.9289	-5.0101	-5.3929	-8.4751	-11.5077
-14.3238	-9.6423	-4.2180	-3.5815	-0.1260	0.5220	-3.9394	-6.0932	-11.7061	-13.9246
-11.9210	-10.0723	-5.9656	-4.7658	0.8872	0.8762	-3.8870	-4.3455	-10.9376	-14.2212
-13.2722	-9.0998	-4.6023	-5.2512	0.4354	0.1031	-5.6738	-5.0334	-7.9479	-8.8638
-16.6664	-9.4271	-4.5192	-3.8288	1.0070	-0.4434	-5.9916	-5.4078	-11.3486	-15.4347
-20.1245	-11.2222	-6.4871	-5.5997	-0.8162	0.2627	-5.5389	-6.2655	-10.5609	-13.9453
-14.5257	-8.9826	-5.7078	-6.7025	-0.6727	-0.3781	-6.5807	-5.3623	-9.4276	-11.8304
-12.5224	-8.2283	-6.1762	-6.1932	0.1071	-0.1121	-5.1355	-6.1194	-9.9073	-11.9077
-12.4915	-8.9387	-4.3228	-4.4794	0.6739	0.3642	-5.2976	-6.8469	-13.7493	-12.5336
-14.3580	-9.0119	-5.8363	-5.5709	-0.1345	0.4873	-5.1423	-3.8803	-6.8923	-10.5304
-12.9656	-9.0801	-4.6034	-4.5540	0.8561	0.6839	-6.0636	-5.4821	-8.3388	-12.8805
-11.9840	-8.1490	-4.7857	-4.3706	0.9098	1.4546	-5.7590	-6.2012	-10.7401	-15.3316
-15.0093	-9.6602	-5.2666	-5.3488	0.8262	1.2242	-3.9484	-6.7965	-10.7285	-10.6310
-11.2576	-10.8839	-6.2532	-4.1602	-0.2611	-1.1547	-5.8555	-6.2486	-9.0662	-11.8201
-11.0882	-10.3394	-5.6250	-6.1991	0.4214	0.3882	-3.4570	-5.7350	-11.9690	-17.0155
-14.1528	-9.3078	-6.2378	-5.2711	-0.2352	0.0816	-4.1711	-4.4980	-9.0696	-12.2075
-12.5826	-9.8037	-5.9538	-6.6844	0.0255	0.3833	-5.5159	-5.8122	-11.3823	-15.1499
-11.6646	-10.3053	-6.0916	-5.8670	-0.2206	0.1224	-5.1759	-7.2022	-12.2711	-14.4687
-14.8154	-9.5552	-5.1802	-6.6734	0.1574	-0.4455	-6.2013	-6.7552	-10.9574	-10.7880
-9.8163	-8.7240	-4.9735	-5.8167	-0.0038	0.6417	-5.6250	-5.3223	-8.0167	-15.5512
-16.9567	-11.8678	-5.1506	-5.1520	0.4613	1.0490	-6.0854	-5.4970	-8.8732	-11.4246
-14.2973	-10.4140	-5.3617	-4.4967	0.2702	0.4415	-3.4278	-4.0598	-10.2517	-16.1513
-12.9340	-8.6587	-5.0737	-5.2209	0.5638	0.7222	-6.6844	-4.6754	-9.6079	-14.0904
-13.6519	-7.6054	-5.2859	-4.6822	0.8023	0.4005	-6.5091	-6.5097	-10.4747	-11.6156
-10.5831	-9.0635	-5.5858	-4.3212	0.6045	0.4851	-6.2354	-5.0748	-7.8138	-11.1792
-14.5039	-9.8658	-4.6071	-5.3182	-0.1889	0.7003	-5.2042	-6.0403	-10.0118	-14.3689
-10.2093	-9.4993	-5.2753	-5.0332	0.5930	1.2117	-5.3234	-4.1857	-6.7213	-12.1751
-10.9793	-9.7483	-4.5544	-4.9975	0.8205	1.0036	-6.3477	-5.1784	-9.4924	-18.0568
-11.8804	-8.7449	-4.2297	-5.1327	0.2180	0.3130	-4.9053	-3.4480	-7.9723	-10.1652
-13.4429	-8.8782	-4.4829	-4.3367	0.0389	0.0323	-4.6008	-6.0012	-15.4298	-15.3978
-15.7442	-9.2756	-4.2487	-5.3970	0.6065	0.4072	-5.4799	-5.4874	-10.4953	-10.1957
-15.8117	-10.8334	-5.7277	-5.9521	-0.0607	-0.3077	-6.5189	-5.3775	-9.4134	-12.9863
-11.9725	-9.2078	-5.0028	-5.4156	0.4076	0.7556	-6.6360	-5.1111	-10.2150	-14.3967
-14.0064	-10.1394	-6.4936	-5.8828	-0.6164	0.4879	-3.7390	-3.6508	-7.5261	-9.8431
-9.6705	-8.4524	-5.7494	-5.1043	0.0432	1.5301	-4.9414	-6.8521	-10.4968	-12.2868
-12.7546	-11.9986	-5.0884	-4.6114	-0.2599	-0.7953	-4.9623	-5.5132	-11.6932	-14.8690
-13.0263	-9.9601	-5.1538	-5.6304	0.5291	0.9314	-4.1576	-4.3131	-11.1797	-11.4400
-11.3921	-10.7529	-5.9994	-7.6204	0.0880	-0.0013	-5.2719	-5.2667	-10.1149	-14.3641
-15.5200	-9.2932	-6.6267	-6.3059	0.1634	0.3492	-7.0929	-6.0635	-9.8696	-10.6625
-12.0909	-10.1429	-3.9565	-6.2121	1.3861	1.8128	-3.2442	-2.7114	-8.3581	-13.9504
-9.8185	-9.3694	-5.9627	-6.5217	-0.0789	-0.0529	-5.5051	-5.3747	-9.7403	-13.6636
-8.5303	-8.3776	-5.8873	-3.8153	1.0167	0.5023	-4.6687	-5.0993	-10.4420	-15.7296
-12.8331	-9.7078	-4.7670	-4.5118	0.0799	0.8334	-4.0398	-5.0080	-9.2257	-11.4052
-14.7187	-8.3315	-5.4938	-4.0198	1.2355	0.2612	-4.8119	-5.1663	-12.5001	-13.2065
-15.9954	-7.8265	-4.9961	-4.8721	1.1198	-0.4207	-6.2584	-5.0280	-10.2740	-14.0656
-12.7599	-9.6152	-6.6696	-5.5293	-0.4361	0.0291	-5.4658	-6.9686	-12.8909	-12.3079
-11.1383	-7.6767	-4.8239	-4.2004	0.9576	0.1654	-6.0622	-5.3850	-9.3199	-13.7959
-9.4870	-9.4942	-3.5661	-3.8213	1.8336	1.4406	-4.5195	-4.2687	-8.5889	-12.4545
-12.5832	-8.2940	-3.6959	-5.2456	0.3397	0.4713	-4.9329	-4.6265	-8.1477	-11.6300
-14.2605	-8.0988	-5.5111	-5.5413	0.4077	0.9790	-4.1019	-5.2002	-10.8845	-16.4112
-9.2720	-7.6741	-5.4146	-4.3755	1.3940	-0.1473	-4.7421	-6.0049	-9.9872	-10.0614
-14.4038	-8.6798	-5.5091	-5.3146	0.0225	-0.5666	-6.0280	-4.2652	-10.3337	-14.1920
-13.9638	-11.7497	-5.5859	-4.2867	0.4385	0.2010	-6.5321	-5.5849	-10.9896	-18.6642
-13.4904	-8.8939	-4.1418	-5.7522	-0.1572	-0.1505	-5.4651	-6.4630	-9.5161	-12.0394
-16.1080	-11.5823	-5.9454	-5.6671	0.2637	0.3566	-5.6658	-6.1955	-10.1794	-13.4719
-12.5426	-9.1169	-5.6228	-6.0247	0.6160	0.7951	-5.4442	-5.3303	-7.9291	-11.8065
-13.0966	-9.5835	-5.1028	-5.8972	0.0742	0.1180	-4.4193	-7.1860	-10.4896	-14.4023
-14.0242	-11.2750	-5.6483	-4.0023	0.3302	-0.0674	-4.6202	-5.8769	-10.2301	-10.6500
-11.7478	-8.9804	-3.5697	-3.7946	1.1891	0.7504	-3.8992	-4.7864	-9.4379	-15.3885
-14.4428	-8.8972	-5.8868	-4.9000	0.7393	0.4677	-4.6566	-5.2849	-10.5590	-13.4475
-14.5030	-12.1350	-6.4454	-4.9698	-0.1408	-0.0516	-5.4797	-6.1233	-9.7170	-11.9924
-13.4059	-10.4589	-5.4042	-3.5430	0.7593	0.8202	-3.7133	-5.6262	-8.8883	-10.6523
-15.1626	-10.7675	-4.9049	-5.6472	0.1434	-0.3677	-4.7213	-5.8281	-8.7809	-13.2425
-14.1641	-9.6723	-5.2958	-5.4342	-0.1026	0.6738	-4.2249	-6.2396	-12.9737	-14.8616
-10.8461	-11.7548	-5.1261	-3.9296	1.5028	0.7360	-4.2895	-3.3858	-8.8654	-11.9845
-14.7180	-10.0285	-5.9059	-5.1211	0.8589	0.1672	-4.8557	-5.2736	-10.7476	-16.9977
-12.9117	-9.6135	-4.2678	-3.5667	1.1361	0.4643	-4.3355	-4.4922	-10.2751	-14.5828
-13.4528	-10.2300	-7.1935	-7.3982	-0.5577	-0.1284	-5.6456	-4.8351	-9.7737	-10.8073
-10.7383	-7.3929	-3.8413	-6.4610	0.1761	-0.2849	-4.5870	-5.7041	-12.9424	-16.4716
-9.0641	-8.8213	-5.2521	-5.6544	-0.1113	-0.0227	-4.8297	-4.7494	-11.9655	-11.5856
-14.2218	-8.7830	-3.9714	-5.0719	0.1388	1.1929	-4.3480	-4.5822	-9.7538	-17.8056
-15.9680	-9.9874	-5.3831	-5.3670	-0.3528	1.0171	-3.5601	-3.4193	-8.3176	-11.6774
-11.2567	-11.6792	-4.4697	-4.9006	0.4220	0.2277	-5.9677	-5.6411	-10.3429	-13.1955
-15.8064	-9.1225	-6.4492	-4.5523	0.4608	-0.0984	-4.1261	-3.4404	-8.0594	-10.7401
-14.8139	-12.4299	-5.3718	-4.9493	0.2081	-0.0517	-4.3560	-5.8404	-10.9951	-16.1583
-12.2389	-11.4121	-5.9812	-5.2412	0.6371	0.8872	-5.3281	-4.3291	-8.8164	-17.9634
-12.2212	-11.3077	-4.7263	-5.4228	-0.0992	0.5334	-5.5170	-5.4754	-9.0072	-14.1926
-12.3032	-9.7684	-6.4700	-6.1794	0.5651	1.1638	-4.8933	-4.1667	-9.6407	-11.8869
-13.9904	-9.2969	-5.4483	-7.1371	-0.5503	-0.2948	-5.2718	-4.5302	-9.4204	-15.2600
-15.6105	-9.2856	-5.1123	-7.4040	-0.6697	-0.5401	-5.3504	-4.5332	-11.1363	-14.6905
-12.5025	-8.2231	-5.2617	-4.7233	1.6314	1.4281	-4.2737	-6.2972	-10.0806	-15.0862
-11.4451	-7.3186	-4.6028	-4.6751	0.9371	0.0061	-4.7143	-5.5846	-10.8566	-16.1397
-14.4382	-9.9515	-7.3915	-4.1134	0.4251	1.1588	-3.0457	-5.5388	-11.1716	-14.0551
-13.5224	-8.5401	-5.2636	-5.3293	-0.2911	0.2980	-5.0701	-4.9537	-9.6629	-10.2940
-10.4763	-8.3181	-4.4457	-4.9332	1.0035	1.1643	-4.1477	-5.0984	-8.6109	-12.0953
-12.4952	-10.0565	-4.2725	-3.3346	1.1381	1.6317	-3.8643	-4.0217	-9.6528	-13.0268
-11.4565	-7.5420	-4.8774	-6.1478	0.0325	0.6770	-3.8481	-5.3473	-8.7340	-12.2946
-12.1188	-7.9243	-5.3197	-6.1074	0.0851	0.0647	-4.5393	-4.7762	-8.6849	-11.5694
-13.1429	-7.6764	-5.0129	-3.8051	1.8940	0.7889	-4.9891	-6.3567	-9.2063	-15.2895
-12.1480	-10.1430	-5.1340	-4.2296	0.5880	0.5326	-4.1650	-4.3846	-7.6293	-14.8258
-10.4289	-9.1583	-4.8394	-6.0058	0.2454	0.2991	-5.3874	-3.9296	-8.2135	-14.6220
-15.5925	-12.6790	-6.4352	-5.8027	-0.0472	-0.5884	-6.7544	-7.0524	-11.4870	-14.8658
-13.6061	-8.5998	-4.8436	-3.9571	0.8903	1.3564	-4.2995	-5.9212	-10.2266	-16.8344
-14.4944	-10.4603	-4.8437	-4.6106	0.2693	-0.0586	-7.8641	-5.8526	-10.2052	-18.0843
-16.4643	-11.6635	-5.7468	-5.6558	-0.1577	-0.5993	-5.1043	-5.0474	-8.9787	-14.3286
-11.9171	-8.6911	-5.0643	-4.4452	0.7642	0.1798	-5.7438	-4.3469	-7.9434	-9.7290
-11.1283	-8.6256	-6.2872	-7.1616	0.3354	0.2065	-5.7170	-5.2786	-9.5541	-13.0202
-12.7844	-8.1410	-3.9631	-3.5945	1.3180	0.8200	-3.6731	-5.3043	-9.3976	-8.7254
-16.2354	-8.5042	-6.0455	-4.4537	0.2394	0.6449	-3.2765	-4.5258	-11.1938	-17.3129
-12.5726	-9.8941	-5.5140	-4.5745	0.3539	0.1518	-4.7522	-6.1343	-13.5987	-20.5787
-15.9040	-8.8353	-4.2857	-4.8656	-0.2679	0.6726	-4.2174	-3.0831	-7.9647	-14.9788
-10.0183	-9.2248	-4.6615	-5.3398	0.1564	0.4352	-3.6349	-3.4965	-10.6948	-13.7311
-12.3845	-8.4104	-4.7280	-5.0280	0.7986	0.3154	-6.4560	-6.4177	-9.2148	-13.1464
-12.1251	-8.3998	-6.4886	-7.1357	-0.1190	0.9035	-3.5700	-5.3580	-9.6201	-11.5664
-12.7602	-9.9750	-7.7363	-5.4898	0.5655	1.5170	-4.5113	-5.0569	-10.0401	-13.6897
-11.9087	-9.0999	-4.9287	-4.2262	-0.5493	0.7248	-5.0980	-5.9133	-9.1705	-12.4887
-14.1861	-8.4796	-5.5382	-5.0298	0.9390	0.5769	-6.4703	-5.1934	-7.2008	-14.6724
-12.5916	-10.4891	-3.8105	-4.4549	0.1428	-0.3843	-6.2223	-5.3197	-9.7148	-14.8489
-13.2667	-8.4066	-5.0436	-6.1242	-1.1806	-1.2088	-5.7281	-4.7518	-9.0791	-13.9795
-12.4315	-9.2068	-6.1661	-4.7069	0.7980	0.5302	-3.8852	-5.3423	-12.1820	-14.5091
-10.5070	-9.1773	-5.2855	-6.9148	-0.1207	-0.0040	-6.6267	-4.8103	-6.6292	-11.9675
-17.2564	-7.4527	-5.9911	-4.6633	0.8537	0.8694	-3.2963	-6.4736	-12.6078	-13.4520
-13.0634	-12.6149	-6.1087	-5.5009	-0.2528	0.6711	-5.0879	-5.1927	-8.8062	-9.3158
-14.4076	-9.2488	-4.5237	-6.5009	0.3704	0.9113	-4.7690	-4.8558	-11.4677	-13.6425
-12.4759	-10.7773	-7.0811	-4.8033	-0.1044	0.2114	-3.9369	-5.7382	-9.5512	-15.2088
-14.3773	-9.1366	-5.5487	-8.1851	-0.9816	-0.0775	-3.8441	-5.1624	-8.6413	-15.5115
-15.5549	-9.2930	-4.5211	-3.5636	0.1444	0.0838	-5.4086	-6.5752	-10.4504	-17.2609
-15.3253	-10.5310	-5.1640	-6.3284	-0.0485	0.4337	-5.7165	-5.1301	-9.5881	-17.1463
-14.0367	-11.8392	-4.2931	-3.6712	1.0880	0.9082	-4.0538	-7.3283	-12.1212	-14.0936
-15.5276	-11.2838	-7.9447	-5.8530	0.1899	0.4572	-5.0738	-5.2847	-9.8712	-12.6118
-11.0704	-10.6466	-4.8232	-4.1092	0.0071	-0.1818	-5.5557	-4.3090	-9.9765	-12.6212
-13.4657	-11.1843	-5.9926	-5.1795	1.2226	0.7068	-6.1886	-5.9052	-6.5807	-7.6983
-11.8141	-10.4224	-5.3438	-3.6100	0.9418	0.0331	-4.0794	-3.9569	-10.5087	-15.2951
-11.5000	-9.0036	-5.6504	-5.3640	-0.2190	-0.4630	-7.3172	-6.6450	-9.8868	-12.9240
-18.7685	-12.9938	-5.8486	-5.4720	1.1398	1.2583	-3.7643	-4.1114	-7.8340	-11.0808
-9.3556	-8.6847	-6.8395	-6.3050	-0.0810	0.2329	-5.9643	-6.2697	-11.0388	-11.8599
-13.0425	-11.4700	-5.3742	-4.9831	-0.1420	-0.5394	-6.1253	-4.5012	-8.3833	-17.9449
-13.2409	-8.8742	-6.0205	-5.8725	-0.3310	0.3935	-3.7668	-3.8828	-10.3829	-17.1695
-17.1061	-12.0380	-5.7730	-5.3762	0.4510	0.6098	-4.9520	-5.9158	-8.8282	-14.0742
-14.0850	-14.2209	-5.7475	-4.9393	-0.5131	0.4725	-4.7543	-6.2102	-12.1682	-16.4586
-14.8112	-9.8862	-4.4720	-4.2459	0.7337	0.3245	-6.9075	-4.8763	-9.2890	-17.6069
-12.1846	-7.7647	-6.0743	-5.9472	-0.0407	0.3847	-6.1289	-5.7818	-10.1200	-14.5831
-10.6840	-9.2854	-5.2788	-5.6107	1.0694	0.7209	-3.9430	-5.6806	-9.2819	-13.5801
-11.9247	-10.4885	-4.9238	-3.4175	1.4677	1.4068	-3.9143	-4.3682	-7.9439	-12.1095
