-4.7491	-1.1217	-2.6821	-3.7726	-3.3288	-2.5724	-0.5137	-1.0121	-2.6054	-4.5773
-2.8057	-1.2333	-3.4932	-2.4600	-2.0700	-3.4721	-3.0706	-0.9919	-1.5454	-3.9222
-3.2199	-0.6680	-1.1445	-2.0697	-4.3112	-4.0493	-2.2307	-2.0865	-1.4513	-2.3549
-3.7406	-0.1070	-1.4023	-3.5283	-2.3296	-2.5140	-2.7255	-0.8291	-1.8075	-3.5790
-5.3867	-0.1923	-1.1930	-1.7227	-2.5077	-2.3495	-3.5291	-2.8113	-0.8481	-4.6054
-4.8690	-0.4868	-2.5163	-2.3248	-3.2968	-3.3144	-3.1070	-2.0587	-1.6684	-3.3069
-2.4386	-0.0358	-3.3472	-2.0071	-2.5840	-4.2162	-3.5008	-0.7333	0.0713	-5.6339
-4.0976	-2.0261	-1.1479	-3.0155	-3.0001	-1.4543	-1.3330	-2.1363	-0.0875	-4.6665
-3.0995	-3.7921	-1.4190	-2.0856	-3.2294	-2.2374	-2.5265	-1.5481	-0.5201	-4.8218
-4.1535	-2.1700	-1.0639	-1.8224	-2.6768	-2.9756	-3.3909	-1.6216	-1.5748	-4.1673
-5.1036	-0.6108	-0.4809	-2.2969	-3.3979	-4.1717	-3.5168	-1.1413	-0.3685	-4.0693
-3.5187	-1.0088	-1.6334	-2.0069	-2.4436	-1.8197	-4.6007	-2.0642	-0.4780	-3.4244
-2.7803	-1.6585	-1.6346	-2.1535	-1.9423	-1.8674	-2.2765	-3.0148	-2.2383	-2.6102
-4.6850	0.1021	-1.6260	-2.7028	-2.3054	-2.9332	-1.7472	-1.3713	-0.8447	-4.5190
-3.0747	-0.2692	-2.5567	-3.1856	-1.6327	-1.2955	-6.3122	-2.9997	0.2294	-4.5113
-3.4102	-3.1359	-0.4322	-2.9139	-2.8281	-2.0019	-3.0653	-2.0789	-1.8999	-4.1862
-4.0633	0.0376	-0.9433	-2.1910	-3.8330	-4.5094	-2.5105	-0.7468	-0.9584	-6.4522
-4.6388	-1.2578	-1.9962	-2.0338	-3.0339	-2.5162	-2.9527	-2.1197	-0.2231	-3.0334
-3.9609	-1.4619	-2.1673	-1.8921	-2.6235	-1.0164	-1.3384	-2.9496	-0.2992	-3.7171
-4.0351	-0.8382	-2.0015	-2.2696	-3.6200	-2.2587	-2.0590	-2.0334	-1.3894	-3.9659
-2.7380	-1.9357	-2.2200	-2.4082	-2.9906	-3.3883	-3.0598	-1.0113	-1.6030	-3.9061
-4.6529	-0.6297	-1.8190	-2.9656	-2.4820	-2.0839	-4.0816	-3.2231	-0.5237	-5.3125
-2.9716	-1.4604	-3.0531	-2.2213	-2.0619	-2.4489	-1.7520	-3.3877	-0.2031	-2.6043
-2.5584	-1.0709	-2.3145	-4.1243	-2.3824	-2.1070	-2.3259	-0.7724	0.2623	-4.4186
-4.6691	-1.4011	-2.5462	-2.8452	-1.9304	-2.1499	-5.5267	-2.4528	-0.4194	-4.3942
-5.6438	-0.5005	-1.5368	-4.8465	-2.1782	-0.8817	-2.0156	-1.6607	-1.0943	-3.0591
-4.0504	-1.4625	-2.0887	-2.5083	-2.1442	-2.0070	-4.2425	-3.0781	-0.8778	-2.9099
-3.4829	-1.1910	-1.4771	-2.5443	-3.6976	-2.9752	-2.8584	-1.0715	-1.6760	-3.9578
-2.8927	-1.2371	-2.6116	-1.7080	-1.7747	-1.5398	-2.2068	-3.4276	-0.9955	-3.3544
-4.0829	-0.3775	-2.5931	-3.1729	-3.2282	-2.7849	-2.6996	-1.5442	-1.2458	-4.7901
-3.5995	-0.9114	-1.4666	-3.6133	-3.2248	-1.3612	-2.3871	-2.4222	-0.9177	-4.4329
-6.5613	-0.9525	-1.8353	-3.1997	-2.0207	-2.0080	-2.2815	-1.7083	-0.5642	-3.0754
-4.3433	-1.8575	-1.8147	-1.7836	-3.9274	-2.7417	-1.9453	-2.5316	-1.2362	-3.1143
-4.2928	-0.2780	-0.7882	-1.7387	-2.9125	-2.4643	-2.5284	-1.1517	-0.8202	-5.4933
-4.2591	-1.8129	-0.7757	-2.5218	-3.0323	-2.6797	-2.8597	-2.6184	-0.9832	-5.3356
-4.8050	-0.6981	-1.8375	-1.4594	-2.1562	-1.5871	-2.5250	-2.7370	-0.3066	-4.1404
-3.4304	-1.7734	-2.2382	-0.8617	-1.9481	-3.0310	-1.8401	-1.9722	-1.7289	-3.4014
-2.8949	-0.8541	-2.4788	-0.9103	-2.1925	-3.4249	-1.9498	-2.7791	-1.2036	-2.8604
-4.2661	-1.2361	-2.2219	-2.2199	-3.7165	-2.4932	-2.5763	-3.9290	-1.9855	-3.7613
-3.6784	-0.4795	-3.2615	-3.1357	-1.7890	-1.8960	-0.5233	-1.3885	-2.9347	-3.6460
-3.6863	-0.7979	-0.8823	-3.0921	-3.0746	-1.7280	-1.2044	-1.5612	-3.4078	-3.1291
-5.3483	-1.8246	-3.1433	-1.8388	-2.4951	-4.3789	-3.8745	-1.5734	-0.3097	-4.4582
-3.6218	-0.1919	-3.3482	-3.0948	-1.9448	-2.9277	-2.5399	-2.0949	-1.3817	-4.1364
-4.3054	-1.8744	-0.3272	-1.7481	-2.8974	-3.3939	-3.3636	-2.8733	-0.7644	-5.1145
-4.1034	-0.6960	-1.9772	-2.0609	-2.4203	-3.6104	-1.7272	-1.3635	-1.8750	-3.0554
-4.5982	-1.1544	-0.5664	-3.0344	-1.4378	-1.2259	-4.2102	-1.1958	-0.4825	-4.5894
-4.2708	-0.6947	-1.8610	-1.6904	-2.7600	-2.8614	-2.0802	-0.5639	-0.8709	-5.5558
-2.6112	-1.1551	-3.1991	-1.2230	-1.0493	-2.5882	-3.8700	-1.8837	-1.6570	-2.9246
-2.3172	-2.5877	-0.1998	-1.8815	-4.4840	-3.9183	-0.3132	0.1549	-1.7407	-5.0155
-4.4848	-1.4184	-4.2291	-2.0184	-0.1472	-2.1855	-5.8444	-1.5062	-1.2864	-3.4420
-3.7633	-0.8639	-1.1288	-3.2368	-1.4213	-1.3246	-3.0290	-1.8985	-1.2358	-3.4939
-5.1892	-0.9647	-2.1724	-2.5740	-2.1481	-2.6808	-1.9713	-1.2084	-0.2589	-3.6937
-5.0188	-0.6689	-1.6146	-3.2377	-4.4299	-1.6099	-0.2656	-0.2240	-3.7528	-3.3388
-4.3368	-0.3988	-1.6142	-2.5212	-2.2678	-1.7410	-1.9132	-2.4488	-2.4117	-2.7939
-4.3887	-0.7451	-0.6497	-2.4649	-3.0975	-3.6816	-1.9537	-1.9353	-1.1021	-3.6264
-4.2568	-1.1351	-2.3481	-2.4480	-3.0412	-2.1192	-1.7079	-1.3782	-1.8916	-3.6688
-3.8014	-1.2531	-1.4904	-2.7006	-3.2447	-2.3783	-1.2499	-1.6942	-2.0081	-3.0013
-2.4453	-0.5532	-3.0624	-3.3398	-1.9607	-3.3746	-2.3612	-1.7392	-1.2764	-4.4880
-3.7493	-0.7648	-3.5849	-1.5826	-1.0388	-3.1799	-2.1162	-1.2142	-1.6333	-3.6309
-3.0810	-1.3165	-1.7313	-1.3629	-2.9474	-4.4226	-1.4603	-0.8819	-0.6754	-5.5813
-3.4482	-2.0899	-1.5367	-3.8883	-1.8885	-1.1648	-5.0711	-2.6098	-0.6671	-4.7715
-5.4578	-0.3170	0.0826	-3.5244	-4.0085	-3.8437	-2.1668	-1.2442	-1.7557	-4.1657
-4.6585	-0.3208	-1.1560	-2.0719	-3.4755	-2.6980	-1.0303	-1.1338	-3.8069	-2.4676
-4.7073	-0.3874	-2.8483	-3.7242	-2.2143	-2.0895	-2.2567	-1.6156	-3.0528	-3.1145
-4.6191	-1.2528	-1.4748	-2.6598	-1.7802	-1.4144	-4.7467	-2.3417	-0.0310	-5.0651
-2.8463	-3.0868	-0.7325	-1.3437	-4.2262	-5.3159	-2.1518	-0.7347	-2.2409	-4.9123
-3.3096	-0.6129	-2.2754	-1.9532	-2.5419	-3.4241	-2.5246	-0.5885	-1.6455	-3.1803
-3.9125	-0.5312	-3.4288	-2.2942	-1.7573	-3.6362	-3.7195	-1.6338	-1.3736	-4.3790
-3.4697	0.0746	-1.4765	-5.3321	-2.4212	-1.3651	-2.0742	-0.4423	-0.0168	-4.2181
-3.6687	-1.2387	-1.3729	-3.0407	-1.1353	-1.3457	-3.7572	-1.5368	-0.7006	-5.0308
-4.6059	-0.8411	-1.6394	-2.8099	-3.1745	-2.1226	-1.6441	-2.6272	-1.1790	-3.9557
-4.6494	-1.6658	-0.6494	-1.5072	-4.2253	-4.8781	-2.5741	-1.0133	-0.6981	-3.9812
-3.7256	-0.1597	-1.6046	-2.7266	-2.9357	-3.7475	-1.7728	-1.1683	-0.5752	-4.1293
-6.0246	-1.1502	-1.4112	-3.6547	-4.4944	-3.5600	-1.2896	-0.7814	-0.7782	-4.0115
-2.7345	-2.8404	-1.0307	-1.3069	-3.7346	-2.1728	-2.8337	-4.2556	-0.8099	-3.7484
-3.0702	-1.5306	-2.6544	-3.5115	-3.0401	-2.7222	-2.7046	-2.0952	-1.0312	-3.8708
-4.7443	-1.6721	-1.2249	-2.8334	-3.1867	-2.7092	-2.6014	-1.2833	-2.1541	-2.7881
-2.8557	-3.2311	-0.7365	-1.8725	-2.3237	-2.5043	-2.5380	-2.0055	-1.3350	-3.5106
-3.6283	-1.5636	-2.0384	-3.0361	-0.9449	-2.0040	-3.9017	-3.5413	-1.7087	-2.5484
-2.8717	-2.0137	-2.2238	-1.9519	-2.3050	-2.9516	-3.3348	-2.2140	-0.6890	-3.6220
-4.8459	-1.4898	-1.3659	-2.9679	-2.9982	-3.1795	-2.7320	-3.3550	-0.9558	-2.7586
-3.5274	-1.3046	-3.2497	-2.4452	-2.5735	-3.6934	-2.3804	-0.8108	-1.5955	-3.6813
-3.2534	-2.3138	-1.0142	-2.4298	-2.0635	-2.9830	-2.5151	-1.2592	-2.2099	-4.2454
-4.4315	-1.0631	-1.2511	-1.5099	-1.6878	-3.1018	-3.6306	-0.8594	0.1089	-5.8783
-3.9230	-0.7421	-2.1743	-1.8501	-1.9404	-2.8010	-2.0680	-2.6134	-1.6485	-3.7705
-4.7578	-2.1868	-2.3948	-2.1647	-1.6563	-2.6031	-2.4907	-2.4168	-1.0255	-3.9135
-4.9221	-1.1420	-1.4540	-2.6260	-3.5025	-2.8755	-1.8478	-1.6690	-1.1088	-3.3312
-3.7938	-1.9433	-2.3518	-1.1192	-1.8356	-2.5645	-2.6648	-1.1841	-1.7923	-3.9299
-4.5209	-1.0165	-2.2530	-3.6278	-2.3450	-2.1032	-2.2765	-2.5938	-1.0012	-4.3315
-5.2114	-0.0703	-1.0483	-2.5064	-3.1791	-3.3240	-1.8686	-1.0675	-1.6822	-3.9852
-3.4610	-2.7361	-1.3059	-2.0010	-3.0791	-2.1450	-3.0006	-3.5183	-1.0113	-3.8938
-4.7697	-1.1163	-1.6296	-3.6884	-2.3984	-2.4586	-2.6794	-1.5758	-1.3986	-4.0289
-4.8298	0.0781	-2.9967	-3.4346	-0.8965	-3.4952	-3.3874	-0.8930	-1.1240	-4.3498
-3.7267	-0.9188	-2.9496	-2.6196	-4.7987	-2.9182	-2.0420	-2.9356	-0.6032	-3.5158
-3.4526	-2.3090	-2.5359	-2.2422	-1.4314	-3.1398	-3.9601	-2.2679	-1.1951	-4.6719
-6.0151	-0.5604	-1.1583	-1.9067	-2.0914	-2.8885	-2.7109	-2.4971	-0.4619	-3.4893
-5.4108	-0.9283	-1.7660	-3.8776	-4.0228	-3.0291	-2.5161	-1.6344	-0.6186	-3.9805
-4.6717	-0.0089	-2.8466	-5.1952	-2.2855	-1.8266	-1.8583	-1.0695	-1.8376	-3.5514
-2.9964	-0.7495	-1.1411	-3.5667	-1.9477	-1.2739	-3.2761	-2.5591	-1.2970	-4.4586
-5.2162	-1.1869	-2.0892	-2.6634	-1.7237	-2.2762	-4.2839	-3.0581	-0.8680	-5.4586
-3.6829	-0.9109	-2.5763	-3.4831	-1.5168	-2.1509	-3.2161	-0.4571	-0.3295	-5.2892
-4.6683	-1.2236	0.0616	-2.0345	-4.1748	-2.3291	-1.7199	-0.7803	-1.6671	-3.7386
-3.9161	-1.4352	-0.9094	-0.4305	-1.6229	-3.1088	-2.8939	-1.5582	-1.1824	-5.0423
-3.4361	-0.7114	-3.7114	-3.4365	-1.7909	-3.0211	-4.4312	-1.5654	-1.5352	-3.7721
-4.3084	-2.1633	-1.4990	-0.7383	-0.7620	-5.4341	-3.9995	-0.1797	-1.7529	-4.0657
-5.4602	-1.6780	-0.4920	-2.5906	-2.8335	-1.9408	-2.9845	-2.1582	-1.2134	-5.2021
-4.0379	-0.4422	-2.5540	-1.6976	-2.3179	-2.9163	-2.4523	-3.7959	-1.1816	-4.0461
-5.7225	-0.9397	-0.8060	-1.1704	-2.2503	-4.1395	-3.0051	-1.8156	-1.7424	-3.8679
-4.2377	-1.1596	-2.1215	-3.7972	-2.8354	0.0316	-1.5762	-2.9802	-1.2761	-4.8070
-4.5408	-1.1530	-2.7381	-3.3754	-1.3775	-1.8795	-3.1419	-2.4536	-1.5409	-3.7340
-4.1758	-1.0984	-1.5664	-1.7874	-3.2070	-4.7035	-2.6030	-1.6515	-1.0110	-4.2406
-4.3475	0.1689	-1.1226	-3.1531	-2.1898	-1.4647	-3.2394	-3.9763	-0.7339	-3.1371
-3.6404	0.0845	-2.6382	-3.1766	-2.1407	-2.4311	-2.6070	-0.9165	-2.3440	-3.2169
-3.8986	-0.7945	-0.6951	-2.2013	-1.4432	-2.5811	-4.4940	-4.4860	-1.4868	-2.7647
-3.0362	-2.2737	-1.6391	-3.0141	-1.7288	-1.3014	-2.8676	-2.2817	-0.5718	-3.8776
-3.1141	-2.6454	-1.9014	-1.8367	-3.7158	-1.9367	-3.0531	-2.3152	-0.4082	-4.8187
-4.9250	-2.8328	-1.3183	-2.1827	-5.3558	-2.8140	-1.7021	-2.0633	-1.9072	-3.3812
-2.1482	-1.6588	-2.2707	-2.3285	-2.6921	-4.4888	-2.8169	-0.1959	-1.7089	-4.3956
-4.0037	-1.3044	-1.2171	-2.1582	-1.3888	-1.8708	-1.8361	-1.5126	-1.0421	-4.0806
-2.7401	-1.2408	-2.5893	-2.4219	-1.5817	-1.8887	-3.9774	-2.1210	-1.2450	-5.0559
-4.3915	-0.4161	-2.6375	-4.3217	-1.9789	-2.0292	-3.4916	-1.7357	-0.6183	-5.1802
-4.1150	-1.4858	-1.3905	-4.4187	-4.1382	-1.2192	-1.6258	-2.9529	-0.4773	-3.3617
-4.3525	-2.1293	-1.3478	-1.3160	-4.8515	-2.8509	-0.7481	-0.7115	-2.1033	-4.0770
-3.4381	-2.3168	-0.6573	-2.2522	-5.2820	-4.0214	-2.4281	-0.8185	-1.8218	-4.2318
-3.2470	-2.1286	-1.1540	-2.5486	-3.0121	-1.6449	-2.1548	-1.0461	0.0659	-3.8872
-2.6114	-1.4833	-1.9294	-1.0506	-2.6776	-3.1199	-1.4919	-0.0710	-0.6236	-3.3951
-3.9470	0.1427	-2.9210	-3.2542	-1.6047	-2.0133	-2.9091	-2.6177	-1.4442	-1.8026
-4.6235	-0.3741	-0.8714	-1.6627	-2.3417	-3.2057	-2.3627	-0.3813	-0.1477	-4.9774
-5.0827	-0.7341	-1.6438	-2.8588	-2.3023	-3.2817	-2.7155	-0.0969	-1.0032	-5.2002
-5.3269	-0.7306	-0.8406	-3.6027	-2.5602	-2.7402	-2.1869	-1.5053	-0.8317	-6.1467
-3.7632	-1.2910	-1.1480	-4.3956	-2.7477	-2.0192	-2.6898	-1.6487	-1.5192	-4.5128
-3.6703	-1.6400	-0.8999	-2.2493	-1.8368	-1.7563	-3.5563	-2.1255	-0.7828	-3.6801
-4.7726	-1.4882	-0.6737	-2.8428	-3.6347	-3.0394	-2.6189	-0.3715	-0.9919	-4.8417
-2.3152	-1.4643	-2.4920	-2.3520	-2.1580	-2.4279	-2.3869	-2.0194	-1.1844	-3.9259
-3.2034	-1.2934	-2.7815	-1.2236	-2.1612	-2.9913	-1.3780	-2.1883	-1.1222	-3.7632
-2.0443	-1.0496	-2.5059	-1.8255	-2.1098	-3.0677	-1.8341	-1.1957	-1.9282	-3.5526
-4.0522	-2.5592	-2.0984	-2.1849	-2.5963	-2.4423	-3.6280	-1.3773	-0.7592	-4.7652
-3.1542	-0.6768	-1.8284	-1.6863	-0.8947	-4.3828	-3.8850	-0.5508	-1.6281	-3.9335
-3.6818	-1.5814	-1.5367	-1.9393	-2.4795	-1.7102	-1.4612	-1.8966	-0.7681	-5.4299
-4.2981	-1.3787	-0.5147	-3.0743	-3.8726	-2.7468	-1.5084	-0.5881	-1.9997	-4.2688
-5.9724	-1.1217	-1.6813	-2.8369	-2.7599	-2.6465	-2.5144	-2.4415	-0.6187	-4.5207
-2.6625	-1.0472	-2.3682	-2.3703	-2.5804	-2.0078	-3.3345	-1.6289	-0.1115	-3.8104
-5.7802	-1.1183	-1.2822	-2.4291	-2.5792	-2.4164	-2.6726	-2.1944	-1.0566	-3.8753
-4.8459	-0.5866	-2.3808	-2.6293	-2.5738	-2.8028	-3.4392	-1.6976	-0.2341	-5.0004
-3.4839	-0.9520	-1.6253	-3.3942	-2.4664	-2.5838	-2.5564	-1.7722	-0.1825	-2.1734
-3.2749	-1.0459	-2.0858	-2.8014	-2.8021	-2.3708	-2.7784	-1.0548	-1.4051	-4.6060
-3.0419	-0.9921	-2.7922	-1.0433	-2.2473	-2.0093	-2.4766	-3.1726	-0.8763	-2.7739
-4.6251	-0.5801	-1.8701	-4.3019	-3.5978	-3.3316	-2.7023	-1.4902	-0.9112	-4.2696
-5.1623	-1.0003	-1.5571	-2.7257	-2.5718	-2.8330	-3.1382	-2.1533	0.0741	-4.0024
-3.7604	-1.0645	-1.0364	-1.7542	-2.6654	-3.0880	-2.4685	-1.7718	-0.6296	-3.0548
-3.8776	-1.3895	-0.6824	-3.0190	-2.3996	-2.8378	-2.3922	-1.1916	-1.4568	-4.2943
-3.3081	-0.7991	-2.1686	-0.9864	-1.7147	-3.1862	-2.3273	-1.1146	0.4201	-5.0571
-5.1902	-1.3747	-1.8359	-1.9790	-1.8716	-2.8278	-2.1797	-1.4142	-0.4466	-4.2386
-3.8731	-1.2215	-1.5419	-1.2304	-0.6820	-4.3045	-2.8572	-0.1260	-1.7976	-5.5303
-4.1787	-0.4657	-1.7074	-2.2717	-3.4608	-3.1462	-2.0354	-2.6257	-1.3402	-3.5101
-4.1948	-0.6840	-1.1222	-2.9246	-2.4925	-3.7567	-3.7559	-1.3827	-1.2442	-3.5580
-3.3675	-1.6637	-0.5700	-4.4290	-3.9226	-0.6996	-3.0930	-3.6264	-1.3071	-3.3887
-3.3255	-1.0123	-1.4229	-2.8305	-3.0211	-2.6573	-2.6995	-0.7612	-0.2132	-7.0862
-4.4319	-1.5608	-1.3758	-3.8709	-2.4838	-2.0174	-4.0969	-2.9476	-0.6420	-3.5132
-4.7842	0.3380	-1.3950	-4.9112	-2.3881	-2.1563	-2.4895	-2.1077	-1.2378	-4.1150
-4.0497	-1.3408	-3.1454	-2.5062	-2.3404	-2.6019	-2.5838	-1.4786	-0.9300	-5.6406
-3.5461	-1.2734	-0.1617	-2.2333	-2.6451	-1.9617	-2.9472	-2.1292	-1.7333	-4.2424
-2.3602	-1.1221	-0.2066	-1.0383	-2.7044	-3.1263	-1.3929	-1.4321	-1.5344	-2.8378
-1.6847	-1.4312	-1.9610	-3.8480	-2.4497	-2.6626	-3.1519	-1.6872	-0.2887	-5.3164
-6.1790	0.0956	-1.5121	-5.5888	-4.1956	-2.6634	-1.9355	-2.2487	-1.3887	-3.5942
-3.7684	-0.9344	-1.4292	-3.0571	-3.2163	-3.8196	-2.3437	-0.8305	-1.6426	-3.4691
-2.7857	-1.4977	-1.9798	-2.8196	-1.7881	-1.3142	-2.8466	-2.7992	-1.2260	-5.7030
-3.9132	-0.3856	-1.4318	-2.7818	-2.2476	-1.5528	-2.4612	-3.7222	-1.5200	-3.4778
-4.6757	-0.6084	-1.0702	-3.8211	-3.2792	-1.9728	-2.0350	-0.9885	-1.3459	-4.1844
-3.0541	-1.7600	-2.5220	-3.3957	-3.3795	-3.1720	-2.2728	-0.6540	-0.4297	-4.8778
-4.3115	-0.9262	-3.0619	-3.1096	-2.5301	-1.4152	-3.1250	-2.4199	-0.4377	-3.5590
-3.9316	-1.6033	-1.8647	-2.4094	-1.9680	-1.5062	-4.4411	-3.0830	-0.0457	-4.2441
-2.4266	-4.5248	-1.8379	-1.6165	-2.5793	-2.6854	-2.1949	-0.1508	-0.0599	-3.4196
-4.2120	-1.3004	-1.6351	-2.8981	-3.4078	-3.0178	-3.3565	-0.5258	0.8995	-5.6390
-4.2743	-1.1726	-2.1876	-1.8078	-2.3338	-2.7201	-4.9501	-2.2131	0.1763	-4.8390
-4.7170	0.0104	-1.4323	-2.6923	-3.8355	-2.4832	-2.1862	-2.7673	-1.4467	-3.8638
-4.6349	-1.0096	-2.1498	-4.0069	-3.2729	-2.4057	-3.1141	-2.0296	-0.7784	-6.0288
-3.5512	-0.8071	-2.6326	-2.9174	-3.0735	-3.9647	-2.6072	-2.5294	-0.9235	-4.0427
-3.7265	-0.8591	-2.0229	-2.1355	-1.8848	-3.3678	-3.5749	-1.4671	-0.2668	-4.4680
-3.6565	-1.3912	-2.4549	-1.9235	-2.6510	-3.1507	-2.9807	-1.4899	-0.6787	-4.0284
-2.6416	-2.1618	-1.7671	-2.9600	-3.5072	-1.6725	-2.1487	-4.3531	-1.0924	-2.6294
-3.3485	-1.3658	-0.5249	-3.5741	-2.3149	-0.9792	-2.4469	-2.8734	-1.3789	-2.5181
-3.2224	-1.8201	-1.4456	-2.9999	-3.2254	-1.6806	-1.3093	-1.8686	-0.6263	-5.1986
-2.7584	-2.0500	-2.8071	-1.9575	-2.6744	-2.5164	-2.2818	-1.5558	-0.5595	-5.7068
-5.6274	-1.4113	-1.8069	-2.4415	-4.1558	-2.4104	-1.6063	-4.1605	-1.5668	-2.1453
-5.3800	-0.4678	-1.6129	-2.6051	-2.4369	-4.1380	-3.1089	-2.0081	-0.3507	-3.9679
-4.0378	-1.3106	-2.2357	-1.6652	-2.5407	-3.5250	-2.6863	-0.3210	-1.3576	-4.3344
-3.6238	-2.9565	-1.1146	-0.5937	-3.5237	-3.7680	-2.3515	-1.3875	-1.0853	-4.3804
-4.1273	-1.5878	-2.9732	-1.3251	-4.4698	-4.1090	-1.8080	-1.6114	-1.4972	-3.6305
-3.7074	-1.0850	-2.3200	-3.0278	-3.2486	-2.3377	-2.4962	-2.1830	-1.7382	-2.1875
-3.7955	-0.9240	-1.8951	-2.0951	-2.8331	-2.3818	-1.7181	-1.6281	-0.5615	-5.3630
-2.3268	-3.2235	-0.9218	-2.4995	-2.0505	-2.1840	-2.6740	-1.1327	-1.1807	-5.2967
-3.8251	-1.4989	-1.9047	-2.0568	-3.3171	-2.5258	-2.6491	-2.7543	-1.5794	-2.6432
-3.9721	-0.7221	-2.8904	-1.4310	-1.4442	-2.6008	-3.9462	-3.1032	-1.1696	-4.0410
-6.7285	-1.2855	-1.5192	-4.4449	-3.9825	-1.1009	-3.0644	-2.2855	-0.6671	-3.2889
-3.2974	-0.4456	-2.3914	-3.1030	-2.4548	-2.8145	-1.0551	-0.6329	-1.9805	-3.9014
-5.2610	-1.1834	-2.4773	-3.0034	-4.2460	-3.7711	-1.0594	0.3122	-1.2370	-4.8505
-4.6688	-1.2654	-0.2834	-2.3427	-2.9464	-2.0481	-3.6322	-2.6075	-0.5760	-5.6829
-2.5267	-0.6541	-1.8936	-1.3402	-4.1633	-3.4858	-1.0411	-0.6436	-0.9089	-3.7735
-3.3265	-0.2457	-2.0702	-1.5289	-2.3503	-1.8217	-1.7599	-2.1112	-0.2343	-3.9587
-3.1342	-2.5342	-2.2625	-1.6790	-3.0596	-2.5703	-1.7928	-2.4494	-1.0405	-3.7644
-3.0451	-2.7933	-3.2484	-1.9851	-2.6060	-2.8110	-2.9628	-1.5732	-0.6727	-4.1001
-3.7048	-0.0935	-2.1167	-3.7557	-2.9977	-1.9479	-1.8315	-1.4218	-2.6898	-4.4166
-3.8629	-1.1801	-3.0421	-1.6796	-1.2075	-3.1423	-2.3976	-1.1469	-1.1787	-3.6356
-3.2124	-1.6139	-1.0179	-1.7598	-2.2031	-3.0707	-3.3087	-2.1154	-1.6041	-5.0120
-3.2782	-1.3074	-1.5651	-1.5012	-2.2199	-2.0565	-3.1928	-2.0427	-1.0202	-3.3984
-3.4521	-0.8237	-1.7725	-3.4685	-1.5105	-3.1336	-5.4092	-2.6472	-1.0213	-4.1904
-2.8516	-1.3357	-2.4432	-1.4336	-1.3142	-3.1301	-3.2341	-1.4987	-1.4021	-3.1829
-3.4950	-1.5654	-2.3785	-1.4113	-0.7207	-1.8225	-3.1723	-2.4113	-0.7615	-2.9017
-2.8706	-0.3419	-2.7175	-3.5720	-1.2760	-1.2039	-3.4281	-2.6161	-1.8293	-4.3753
-3.5425	-0.9369	-1.7595	-2.7287	-3.0293	-1.7207	-2.0082	-2.6169	-0.9237	-2.9543
-2.7748	-1.2048	-3.1374	-2.5248	-2.2130	-2.4188	-2.2810	-2.8962	-1.7264	-3.9252
-4.1225	-2.2276	-1.3170	-1.4478	-2.1519	-6.3928	-1.2720	-0.2075	-0.9444	-4.8986
-4.3292	-0.9007	-0.9400	-2.2074	-3.4522	-2.2063	-1.8309	-1.6000	0.8585	-3.9851
-2.7392	-0.7450	-2.3525	-1.9751	-3.5441	-2.2885	-1.5536	-2.5418	-0.7897	-3.2603
-4.1779	-0.3392	-1.8616	-4.9555	-2.2274	-0.4080	-2.6049	-2.2965	0.0686	-3.8777
-2.4263	-1.7049	-2.5867	-1.6808	-1.5193	-2.2581	-2.9437	-2.0170	-0.9382	-3.4648
-6.0828	-1.1154	-0.8893	-2.8645	-4.8354	-2.5786	-3.2838	-2.5187	-0.5865	-3.6542
-1.7462	-1.0324	-0.6620	-1.9156	-2.2778	-2.9378	-2.8911	-0.5165	-0.6419	-2.9950
-4.4028	-0.2091	-3.1454	-3.4726	-0.5340	-2.1054	-4.6279	-2.7574	-1.6634	-3.1019
-3.7477	-1.9654	-2.1352	-2.1531	-1.6435	-3.0603	-3.1852	-1.3540	-1.3638	-5.1615
-3.8618	-1.6830	-1.4741	-2.0563	-2.7452	-3.1694	-2.2677	-1.0795	-2.0962	-3.0226
-2.8101	-1.6150	-2.1968	-0.4799	-1.0664	-3.8747	-4.4040	-1.7860	-0.6026	-3.7921
-3.7039	-1.3929	-1.6033	-2.0772	-1.8343	-1.7412	-2.1536	-2.3478	-1.5761	-4.0858
-3.1083	-2.4363	-0.0880	-1.3140	-4.0269	-3.1033	-2.5515	-2.4078	-1.9072	-2.9212
-4.8531	-0.4582	-1.7629	-2.7077	-2.9506	-1.1605	-2.8554	-3.4735	-0.6031	-3.7054
-3.7417	0.0850	-2.5243	-2.4950	-0.7248	-2.6305	-4.0516	-1.0508	-0.8587	-3.7879
-4.0682	-0.1684	-2.4378	-3.5693	-2.4867	-3.0796	-3.2801	-1.5579	-1.4732	-5.7049
-6.2378	-0.8407	-2.2095	-3.1839	-2.5117	-5.3816	-3.2352	-0.6036	-1.9919	-3.2896
-3.2955	-3.4902	-1.5776	-1.5078	-1.0307	-2.7859	-3.3173	-2.0120	-0.3245	-2.9870
-3.6131	-2.2346	-2.1462	-2.4073	-2.5779	-2.8507	-1.5762	-1.3548	-3.0176	-3.9304
-5.4382	-1.4121	-0.8808	-1.8345	-2.2047	-2.9912	-4.2074	-2.2369	-1.6238	-3.5661
-3.2082	-1.1148	-1.8618	-1.7463	-3.9862	-3.3312	-2.2413	-0.9950	-1.3295	-2.6212
-4.1826	-1.5418	-0.7516	-2.4115	-3.3356	-3.8176	-1.9669	-0.0342	-0.9054	-2.7315
-1.7613	-0.2464	-2.6833	-3.4342	-2.7739	-3.4164	-2.9803	-1.1636	-1.6069	-3.7321
-3.9752	-0.8258	-1.7218	-1.2573	-1.5805	-3.8262	-4.7310	-1.6973	-0.2935	-6.4829
-3.6436	0.2302	-1.6676	-2.3800	-4.4458	-2.4623	-1.7300	-2.4669	-0.3827	-3.6017
-4.0593	-1.5347	-1.5665	-2.3822	-2.9131	-2.4584	-2.0759	-1.6680	-2.6219	-3.4390
-5.5865	-1.1783	-0.6381	-2.4925	-3.1482	-2.8754	-3.5308	-0.6128	-0.8086	-2.7823
-6.1914	-1.0609	-1.5998	-4.5705	-3.2013	-2.6488	-1.8916	-0.7022	-0.9781	-4.6707
-4.7092	0.4953	-1.5551	-3.7968	-2.3915	-4.5828	-4.9766	-1.1626	-1.0961	-3.1829
-5.0176	0.1842	-2.3119	-2.8496	-1.8467	-3.7736	-2.1395	-0.5399	-0.2214	-5.6565
-3.7004	-0.9745	-1.0895	-1.7160	-3.5161	-2.5024	-1.4254	-1.4493	-0.4748	-3.5083
-4.2961	-1.3502	-0.4604	-2.7580	-4.1373	-2.5467	-2.5421	-2.0883	-0.3397	-4.3968
-2.9090	-2.3220	-0.9954	-1.7121	-3.4860	-2.5004	-2.5404	-2.6100	-0.9035	-4.5488
-3.3565	-0.4274	-1.4688	-2.5401	-2.5179	-3.1766	-2.7870	-1.2599	-0.4070	-3.7091
-3.4197	-2.5769	-0.9529	-1.8851	-3.0818	-3.5606	-2.8681	-2.4874	-2.0992	-3.0999
-5.1867	-1.1070	-1.6161	-2.6915	-3.4688	-2.8879	-1.1874	-1.9913	-2.2235	-2.8574
-3.4372	-1.1206	-4.0457	-3.3388	-2.7356	-1.5534	-1.6418	-0.8578	-1.4541	-5.2003
-4.1942	-1.8024	-1.9398	-2.2273	-3.2552	-2.5173	-1.9984	-2.6935	-1.0431	-3.7827
-4.8706	-0.6795	-2.8570	-2.6369	-1.6867	-1.8569	-2.2684	-2.2136	-1.9560	-3.6613
-3.0893	-1.8893	-2.0530	-2.3779	-2.8345	-3.0521	-3.2686	-2.2434	-1.0348	-4.2798
-4.9515	-0.3732	-1.1366	-1.7556	-2.6089	-3.8654	-3.3243	-1.3436	-0.6556	-4.0114
-3.4281	-1.7882	-0.3926	-1.5078	-1.9945	-2.4630	-3.4150	-2.5690	-0.4944	-4.0018
-3.8959	-0.7891	-3.2167	-3.5108	-1.5764	-3.0217	-5.0322	-1.9621	-0.6092	-3.5552
-4.5917	-0.9517	-1.7002	-3.2225	-3.3615	-2.2518	-2.1291	-3.1053	-1.1084	-3.8264
-3.7907	-1.4744	-1.2949	-2.5643	-2.2381	-1.4117	-2.4496	-2.6636	-1.5733	-2.4794
-3.5612	-0.2734	-1.6126	-2.4655	-2.6340	-1.6644	-3.3939	-2.5006	-0.3701	-4.2761
-4.0506	-2.0024	-2.1457	-2.5707	-0.3287	-1.6565	-3.0715	-1.9488	-1.2498	-3.0486
-4.5953	-1.5006	-1.6365	-3.2503	-1.7813	-2.6608	-1.8981	-1.5006	-2.1642	-2.9830
-3.8955	-1.4985	-2.6434	-3.9157	-1.7630	-2.2445	-3.3913	-1.5059	-1.0621	-2.5117
-5.2041	-1.2703	-1.5654	-1.6885	-1.7204	-2.5279	-3.4454	-1.9816	-0.1737	-4.5148
-2.7048	-2.0056	-2.4402	-1.5505	-2.2938	-4.0552	-4.0737	-0.7502	0.3746	-5.1584
-3.0268	-1.0729	-2.6078	-3.0826	-3.7678	-3.0442	-3.2737	-0.8057	-1.0336	-4.0932
-2.9826	-2.1436	-1.8266	-1.7838	-2.3247	-2.3157	-4.0545	-1.7726	0.0289	-4.4760
-2.7668	0.0392	-1.3944	-2.1805	-1.6895	-1.2829	-1.9646	-0.9957	-0.4814	-5.6464
-3.3828	-0.6179	-2.3808	-2.1541	-1.8443	-2.7115	-2.7752	-2.7848	-1.1130	-3.3631
-3.3653	-0.8615	-3.1899	-3.0884	-1.0193	-1.7231	-3.4218	-2.1134	-1.0209	-3.4422
-4.0883	-1.5719	-2.2837	-2.4678	-2.8889	-3.1894	-3.6275	-1.0257	-1.2987	-4.5529
-4.3458	-0.7569	-0.4345	-2.8053	-2.8754	-2.6723	-5.7885	-3.2106	-0.4833	-4.3127
-3.6965	-1.4668	-1.5519	-3.0929	-1.4861	-2.3740	-2.9759	-0.3319	-0.7316	-3.1750
-3.5797	-2.2354	-1.2847	-2.0029	-2.9895	-2.2071	-2.9654	-2.7412	0.0602	-3.5438
-5.1723	-1.3265	-1.3674	-3.4429	-2.9310	-3.6196	-2.2021	-0.4283	-2.1634	-4.9120
-4.0267	-0.2901	-1.6363	-3.0346	-3.0560	-2.4802	-1.4547	-1.3531	-0.6575	-2.6660
-3.4824	-0.9437	-3.4079	-3.6480	-2.5411	-1.9902	-3.6198	-2.6263	-0.0754	-3.7159
-4.1350	-1.6752	-2.1768	-2.0512	-1.6806	-2.3928	-4.2268	-1.9665	0.4104	-4.1833
-5.2716	-0.6068	-1.3473	-1.9935	-3.1883	-1.4648	-1.7737	-2.0832	-0.8605	-4.5453
-4.1754	-0.3222	-1.5957	-3.0206	-2.8863	-2.8721	-1.3741	-0.7420	-1.1043	-5.4438
-4.2371	-0.4517	-1.4944	-2.8591	-2.2955	-1.8440	-2.1259	-1.6940	-0.9756	-4.4777
-4.2682	-0.4841	-1.4952	-1.9268	-2.5284	-1.7284	-2.5659	-1.2806	-0.8299	-3.2806
-3.1832	-1.4651	-3.6662	-4.0138	-3.4225	-2.1725	-2.9810	-2.1976	-1.5208	-6.1377
-2.9878	-0.3862	-3.2283	-4.3270	-1.7207	-0.8194	-1.7424	-2.6885	-1.1871	-3.5786
-3.1338	-1.4723	-0.7341	-1.9473	-3.1014	-2.9815	-3.0634	-2.0549	-1.0949	-4.4454
-3.5897	-0.7658	-1.8614	-1.9648	-1.6577	-1.8679	-1.6623	-1.1935	-2.4420	-3.4457
-4.3832	-2.3579	-0.3765	-1.5404	-2.9967	-2.0530	-2.7586	-1.5809	-0.6379	-2.9036
-4.3162	-0.9045	-2.1596	-0.9523	-1.8081	-1.8837	-3.4948	-2.2842	-0.6021	-3.9585
-4.9372	-1.0790	-1.5240	-2.4245	-2.3574	-3.2642	-2.8794	-1.2576	-0.9658	-3.3273
-3.0847	-0.7522	-1.7243	-3.1191	-2.1878	-0.8651	-2.6880	-2.5517	-1.0637	-4.2694
-3.7680	-2.2982	-1.3652	-2.3671	-3.5691	-3.0344	-0.5496	-0.9180	-0.9188	-3.6028
-2.4313	-1.7441	-1.4313	-1.6662	-2.9434	-3.4057	-2.0781	-0.4575	-2.4297	-3.1820
-4.1926	-0.7973	-2.4006	-3.6677	-2.3655	-2.3099	-2.7160	-2.6663	-0.8918	-3.5692
-5.5499	-1.2414	-1.1778	-3.7135	-3.8873	-2.1729	-1.9687	-3.5376	-1.4913	-3.4367
-2.7056	-1.4117	-3.3414	-2.6741	-1.6910	-0.9084	-2.0746	-1.2385	-0.6785	-4.7000
-4.2435	0.0538	-3.4006	-2.8354	-1.0467	-2.9857	-3.5054	-0.3462	-1.3598	-3.3887
-2.3345	-0.9817	-2.6714	-2.1762	-2.0973	-3.7701	-4.0123	-1.4464	-0.9090	-4.6197
-4.6296	-1.7336	-0.8040	-2.5336	-2.7826	-2.4576	-2.1565	-1.4424	-0.3705	-5.5834
-2.9556	-0.1893	-3.8312	-2.9950	-1.4919	-1.8381	-3.0205	-3.0602	-1.8157	-3.2360
-4.6588	-1.2007	-1.3434	-2.0011	-3.8493	-2.8192	-2.2412	-3.2746	-1.9847	-3.9164
-3.9003	-1.8676	-1.0908	-2.1726	-1.6359	-1.3964	-4.8666	-3.7132	0.1590	-3.7016
-4.0879	-1.3463	-1.0910	-2.2469	-2.7838	-3.6333	-2.9312	-0.7650	-1.7005	-3.0389
-2.6749	-1.8447	-1.6962	-1.8292	-2.3824	-2.8558	-3.9181	-1.2285	-0.0421	-3.9751
-4.6832	-1.2882	-0.7679	-3.0089	-3.5756	-3.0090	-2.5577	-1.8406	-3.2584	-3.1392
-3.9603	-1.4118	-2.0835	-2.4463	-3.3690	-2.5641	-2.0679	-2.3022	-0.5020	-4.2335
-4.5396	-1.1728	-1.2994	-2.1430	-2.7786	-2.9327	-1.5322	-1.5656	-1.3885	-3.4227
-3.5395	-1.0088	-2.2751	-2.9191	-3.6013	-1.7423	-1.3708	-1.7326	-0.8454	-2.7598
-3.7490	-0.2525	-3.0886	-3.2486	-0.8595	-3.0419	-5.4643	-3.8108	-0.5813	-3.0609
-4.9651	-2.6298	-2.0822	-2.4267	-3.6056	-3.9351	-2.7013	-2.2887	-2.3512	-4.2203
-4.3809	-2.3652	-1.3010	-1.9057	-2.2519	-2.3380	-2.6022	-1.4688	-1.5847	-3.6242
-4.2580	-0.6582	-1.9582	-4.8037	-2.7393	-1.2411	-1.8971	-2.0222	-3.2811	-2.5837
-3.0554	-1.8485	-1.0449	-2.2497	-3.2019	-2.6926	-2.4629	-1.6951	-1.0836	-3.9544
-3.2497	-0.5701	-2.8794	-3.8040	-1.7850	-1.8523	-3.6318	-1.5383	-0.2645	-4.3089
-4.4743	-1.5864	-1.9498	-2.3626	-5.0934	-3.7039	-1.0786	-1.1053	-2.1380	-4.2119
-2.9588	-1.5226	-1.9961	-1.8363	-2.9891	-3.2407	-1.9091	-1.3506	-0.9112	-4.3316
-4.0440	-1.2673	-1.6668	-2.7102	-2.0385	-1.4021	-2.5215	-3.3756	-0.7272	-4.3847
-3.5040	-1.9683	-2.6544	-2.4535	-2.8795	-3.2587	-1.0814	-0.6157	-4.2411	-3.5500
-4.0662	-1.9770	-2.5395	-0.9460	-2.6356	-1.8372	-1.5758	-1.3816	-0.2509	-4.7192
-3.6513	-1.1824	-1.1000	-2.2487	-2.5907	-2.0362	-3.8706	-2.4462	-0.3968	-4.9197
-3.3742	-0.7777	-4.6304	-4.1067	-1.5858	-2.1766	-2.2970	-1.3110	-0.4123	-5.0800
-4.9443	-1.1820	-1.8698	-3.2138	-2.6129	-0.8618	-2.4987	-2.7876	-0.4236	-3.8471
-3.0736	-1.6378	-0.7892	-3.0350	-3.5988	-2.5719	-2.6174	-1.8343	-0.9012	-2.6740
-5.1498	-2.0534	-1.2645	-2.5976	-1.8819	-1.9512	-3.4945	-2.4425	-0.4064	-3.9975
-2.2376	-3.0272	-0.8109	-2.4031	-3.7642	-2.8287	-1.7875	-2.4751	-2.5459	-3.5891
-3.6866	-3.2390	-1.9174	-1.0007	-1.9211	-2.8021	-2.5081	-2.0915	-0.9052	-5.0982
-3.2746	-0.9322	-1.7009	-2.1943	-2.8063	-2.3736	-3.1489	-2.1656	-0.4532	-4.4557
-2.3978	-0.8717	-1.9792	-1.8056	-1.5299	-3.0402	-4.9794	-1.0240	0.2642	-4.4514
-4.2174	-1.9266	-1.1849	-3.2827	-3.4291	-2.7949	-2.3243	-2.1355	-0.8558	-3.7972
-4.4928	-0.1505	-3.5835	-4.6710	-1.9434	-2.4223	-2.7411	-1.2784	-0.4539	-4.2291
-2.7711	-1.3943	-3.1546	-3.2854	-2.0995	-2.3350	-4.5867	-1.6851	-0.9712	-3.6405
-5.3596	-0.6492	-1.4169	-3.6650	-3.6857	-2.3220	-3.0656	-1.8805	-0.9307	-3.2692
-4.2319	-0.8242	-2.0611	-4.7081	-2.8314	-1.2468	-1.6834	-2.3307	-1.5306	-4.2448
-3.9635	-1.0715	-4.3008	-3.3400	-2.0461	-2.3953	-2.1400	-3.6195	-0.8689	-2.9803
-3.2284	-2.1142	-2.7651	-2.1247	-2.3508	-4.0407	-3.5621	-1.2462	-0.6540	-3.1594
-4.9587	-0.6687	-1.2049	-2.4214	-3.7743	-3.5716	-1.5679	-1.2407	-1.6085	-3.6903
-2.8383	-1.7595	-1.7410	-0.6117	-2.3356	-3.7267	-2.2993	-1.2521	-2.9291	-1.6410
-3.6612	-1.3579	-1.8709	-2.8520	-3.1572	-3.8867	-2.0992	-1.2358	-1.4390	-5.8865
-4.5919	-1.9469	-3.7866	-4.7964	-2.9527	-2.0315	-2.2046	-2.2943	-1.0602	-4.5382
-4.1486	-2.2269	-1.5271	-1.4986	-3.2169	-4.1270	-1.8452	-1.4637	-2.9481	-2.4712
-5.4884	-0.6853	-1.4454	-3.2596	-3.3822	-2.8183	-1.7341	-0.8690	-1.0290	-4.2132
-3.1617	-1.1039	-1.6141	-2.4673	-1.6451	-1.1067	-3.0405	-3.8969	-1.3557	-2.4641
-2.8241	-2.7633	-0.7903	0.0298	-1.7976	-2.5224	-2.4113	-1.0375	-0.9810	-5.6157
-3.7164	-0.8296	-0.8475	-2.3400	-3.5119	-2.3194	-2.4516	-1.9857	-0.6170	-4.1270
-3.0412	-0.6869	-3.0848	-2.3327	-1.2419	-2.4575	-1.6131	-1.2455	-1.9312	-4.2100
-5.4581	-1.3360	0.4418	-1.6306	-5.1903	-3.0549	-1.8142	-1.2953	-2.4795	-4.0428
-3.2840	-0.9901	-2.1512	-1.3134	-2.8424	-4.3501	-1.3878	-1.2403	-2.3584	-3.7254
-3.2442	-0.6553	-3.7816	-2.6388	-0.7912	-2.6269	-2.8125	-1.5534	-1.8836	-3.6710
-3.2563	-1.7520	-1.4199	-1.7727	-2.1290	-2.7455	-2.8679	-1.4047	-1.2661	-3.7089
-4.1702	-0.7938	-2.5527	-3.1165	-2.7601	-1.7127	-2.4112	-2.4293	-1.8273	-4.7362
-2.3604	-0.6973	-3.4522	-4.4937	-3.4696	-1.6006	-1.7356	-1.6475	-2.3550	-3.5371
-4.7443	-0.1596	-0.7187	-2.3050	-3.8578	-4.0635	-1.7560	-0.7264	-1.8977	-2.6045
-4.2257	-1.2355	-2.4328	-3.1531	-2.0635	-2.0462	-2.5136	-0.8992	-0.5655	-4.8865
-4.3492	-1.4357	-0.1743	-2.8989	-3.3676	-2.2608	-2.3851	-0.9876	-1.2865	-5.0869
-3.2546	-1.0640	-1.5634	-3.1171	-2.5146	-1.7763	-2.0880	-1.5292	-1.0543	-4.4369
-5.7224	-1.1887	-1.8170	-4.1196	-4.7544	-1.6910	-2.2321	-2.5984	-0.4434	-5.1194
-5.3694	-0.9080	-1.6391	-3.0452	-3.1542	-3.2542	-3.3263	-2.1311	-1.8899	-4.0129
-3.7074	-0.6332	-1.8946	-2.2136	-1.7067	-3.5865	-2.6179	-1.2296	-2.2275	-5.5059
-4.5175	-0.4821	-2.7033	-3.7513	-1.9373	-1.9103	-3.3908	-1.5692	-0.2489	-3.2010
-4.8160	-1.9584	-1.4322	-1.9508	-3.9455	-1.9572	-1.7522	-2.8945	-0.5128	-3.0940
-2.5849	-2.1356	-2.3707	-1.7263	-1.2212	-2.7316	-2.6234	-1.0555	-0.6415	-4.2597
-3.8516	-0.5589	-2.1774	-1.3041	-2.6995	-2.3601	-1.3099	-2.9543	-1.3598	-3.3522
-4.5224	-1.4605	-2.9660	-2.8331	-2.2646	-3.1582	-2.1525	-1.0753	-1.1340	-3.2588
-5.4002	-0.8512	-2.2309	-2.8355	-1.3968	-2.5276	-3.4344	-2.3248	-1.0343	-4.2153
-2.3161	-1.4663	-3.5601	-2.0678	-1.5329	-1.6320	-2.5214	-2.4365	-0.5320	-4.8339
-4.3866	-1.8971	-1.1419	-1.7857	-2.5762	-1.7559	-2.2994	-1.6223	-0.8868	-4.5373
-4.2920	-1.0877	-0.6856	-0.9831	-1.8099	-4.0430	-3.5493	-1.0850	-0.4044	-4.4084
-4.2452	-0.3268	-1.7267	-3.7635	-2.5860	-1.4534	-2.3616	-1.6716	-0.9232	-4.9720
-3.4817	-1.1854	-2.1558	-2.6759	-1.8339	-2.0903	-1.2571	-0.0622	-1.1310	-5.5236
-2.9023	-2.5618	-2.0970	-2.5728	-2.4054	-1.4922	-2.8625	-3.2987	-1.1800	-3.7036
-5.0295	-0.0949	-1.9454	-2.2139	-2.3187	-3.2518	-2.8498	-2.2011	-1.5531	-3.5547
-4.2479	-0.5535	-1.5474	-2.4439	-2.4187	-2.1385	-1.8129	-1.1819	-0.2727	-4.3690
-4.4516	-1.3510	-0.3026	-1.6232	-2.4662	-2.1807	-2.4608	-2.5044	-0.5067	-3.9681
-6.1662	-0.7425	-1.6546	-2.2423	-1.1867	-1.5679	-1.3148	-1.9363	-1.8567	-3.2738
-3.8153	-0.9473	-2.0132	-2.6607	-1.6829	-2.2534	-3.1165	-1.4656	-1.3714	-3.6831
-5.6989	-0.5501	-0.7274	-1.9454	-3.0624	-2.6836	-1.6326	-1.0387	-1.2661	-4.2955
-3.0373	-2.5642	-1.4307	-1.7256	-1.6928	-1.7648	-3.2583	-0.9077	-1.4212	-3.9307
-2.3169	-1.1388	-2.1275	-0.7606	-1.3889	-2.6411	-2.0899	-2.0165	-1.3653	-3.8329
-2.7038	0.0155	-2.4867	-2.8878	-2.4638	-2.7869	-2.0397	-0.7404	-0.1990	-3.5161
-2.6752	-2.7031	-1.8024	-2.5587	-1.9862	-3.0230	-2.6967	-1.6892	-2.8176	-4.1930
-4.0098	-1.3879	-0.8144	-3.0907	-3.2983	-2.4870	-1.3834	-0.6823	-0.7653	-3.9884
-3.7943	-1.4991	-2.2006	-0.7238	-2.2084	-3.2724	-2.8105	-3.6294	-1.1287	-2.7251
-2.4435	-0.5627	-3.6258	-2.5023	-3.0454	-1.6565	-2.5812	-4.0275	-0.7769	-3.2495
-5.7936	-0.1272	-1.3883	-3.3765	-2.2043	-3.6258	-3.6513	-0.8473	-1.6825	-4.3096
-4.7468	-0.5016	-1.1621	-1.5521	-3.3409	-3.6330	-4.1603	-1.3124	0.8134	-4.6584
-3.6129	-1.1063	-1.3275	-2.0593	-1.4024	-2.6902	-2.9049	-1.5001	-1.3073	-3.6824
-4.4438	0.0579	-1.7102	-4.2175	-1.6192	-1.1922	-3.4077	-2.3558	-0.4524	-4.3689
-3.5627	-1.6705	-2.1074	-1.7710	-2.4558	-6.0367	-2.9332	-0.1655	-0.9662	-3.7958
-4.2256	-0.9512	-1.4129	-2.5310	-1.8986	-1.3783	-3.7956	-4.0611	-0.6074	-5.8444
-3.7120	-2.9291	-1.3292	-1.5924	-2.8285	-3.2274	-4.0809	-2.3102	-0.8363	-2.7216
-4.0997	0.0151	-2.2027	-2.6254	-2.4409	-1.7291	-3.2990	-2.3554	0.0258	-3.8514
-3.8436	-1.8856	-3.6201	-2.2497	-1.9851	-3.0814	-2.3033	-0.7840	-0.9397	-4.3209
-3.6239	-0.0657	-3.8858	-3.4685	-1.7141	-2.4317	-2.3732	-2.2372	-2.3509	-3.4540
-3.6515	-0.8678	-1.5441	-3.1922	-2.1553	-2.9923	-3.1604	-0.4436	-1.9673	-3.5625
-6.7046	-0.9200	-0.7554	-2.2245	-3.9715	-3.2858	-2.3786	-2.0562	-1.1667	-5.9703
-4.0820	-1.0833	-0.8892	-1.4491	-3.7242	-3.9668	-2.0222	-1.0003	-1.9259	-2.4591
-3.1275	-2.2659	-2.6126	-2.8369	-2.6831	-4.2807	-2.5177	-2.5980	-1.5084	-4.3310
-4.5295	-1.4538	-1.3056	-1.7679	-2.6277	-2.5047	-2.5427	-2.1522	-0.1867	-3.8302
-3.3079	-1.1661	-2.1108	-2.8870	-2.6324	-1.6381	-2.3550	-2.1524	-1.4027	-3.1633
-3.3431	-0.5280	-3.3034	-2.5231	-2.1983	-2.5056	-2.4293	-0.7640	-1.3420	-3.2426
-3.3107	-1.3586	-1.6349	-3.2538	-4.5767	-2.9265	-2.3897	-1.9333	-0.5658	-3.9421
-5.2533	-0.7016	-3.1618	-2.2812	-1.3944	-1.9308	-2.8483	-1.9851	-1.7411	-3.7954
-4.6533	-0.6413	-2.3249	-4.6281	-1.6736	-1.5663	-4.0143	-1.6247	-0.8880	-4.9696
-4.2314	-0.3066	-2.6754	-4.2993	-2.1370	-0.4493	-2.0527	-2.5177	-1.1221	-3.0693
-3.7324	-1.5053	-3.0317	-1.7296	-0.6997	-2.1956	-3.6940	-2.2139	-1.5166	-3.4830
-3.6807	0.4080	-2.6087	-4.7151	-1.8380	-1.8107	-4.2688	-2.3738	-0.1698	-4.0967
-3.1760	-0.6460	-2.1830	-3.3916	-2.6202	-1.9785	-2.8020	-2.2857	-1.7501	-3.0550
-2.8630	-1.4084	-2.2790	-2.3747	-2.5779	-2.1551	-3.2568	-2.4345	0.0685	-5.1431
-2.5728	-1.2099	-1.9540	-3.1156	-1.9020	-2.2194	-2.4432	-2.0118	-1.1164	-4.2724
-5.2978	-0.2679	-1.2381	-1.8858	-1.1414	-1.9161	-4.0510	-3.1729	-0.3110	-3.6954
-3.2785	-1.2370	-3.5279	-3.6526	-2.1607	-2.0837	-2.8825	-1.8412	-0.8747	-6.0665
-3.4292	-0.4973	-3.0737	-4.1491	-2.3013	-1.9773	-3.1314	-1.8638	-0.6090	-3.1558
-5.5076	-0.8095	-0.5305	-2.2119	-4.4364	-2.5154	-1.5624	-1.9804	-0.8792	-5.0865
-3.8085	-1.4095	-1.3385	-2.5820	-3.5702	-2.3025	-1.2469	-1.6498	-1.3925	-2.8440
-2.8353	-2.3118	-1.5588	-1.0186	-1.8675	-2.6209	-2.0947	-1.1223	-0.3351	-5.3597
-4.6740	-1.7370	-1.2136	-2.0739	-2.9598	-2.9437	-2.2277	-0.7659	-1.1037	-2.9487
-4.4544	-1.0993	-2.8307	-3.1705	-1.3971	-3.7513	-4.2106	-1.6797	-1.0829	-5.0665
-3.8399	-0.1714	-1.7424	-1.9531	-2.5210	-3.4136	-2.9695	-1.4427	-1.2340	-4.0400
-3.4073	-1.6406	-2.1278	-1.3875	-2.6678	-3.0186	-3.1474	-1.5554	-0.5003	-6.1989
-4.4554	-1.9727	-0.4210	-2.0626	-3.6679	-1.7574	-3.8960	-1.4753	-0.7486	-3.0686
-4.8413	-1.5919	-1.0976	-2.6017	-2.0275	-2.5059	-3.5286	-1.6486	-1.7157	-4.1144
-4.2192	-0.8895	-1.7532	-3.1287	-4.1215	-3.6297	-1.2151	-1.9463	-0.9773	-3.8085
-3.3708	-0.2286	-1.7005	-3.6875	-3.1145	-1.7778	-1.5310	-2.5725	-2.1388	-4.4654
-3.2151	-0.8713	-3.6479	-3.6712	-2.5764	-2.9708	-1.4207	-2.2137	-3.4407	-3.8414
-3.0179	-0.8109	-2.1185	-2.8857	-2.7376	-2.3776	-1.8342	-2.1371	-1.9863	-2.9159
-6.0741	-0.3855	0.1341	-2.0265	-3.3255	-2.8193	-2.3954	-1.9008	-1.6068	-4.6573
-4.7711	-2.4702	-0.7616	-1.1947	-3.6441	-3.4894	-2.3590	-1.0615	-0.6917	-4.1645
-3.6992	0.0924	-1.4577	-3.9009	-2.0999	-1.3951	-2.0265	-1.0624	-0.0854	-3.6414
-4.6852	-0.6797	-2.3632	-3.7278	-2.5321	-2.0243	-2.3708	-1.3929	-0.4441	-4.1748
-4.3884	-2.0470	-0.9768	-2.6204	-3.7100	-2.2474	-1.8956	-1.5408	-2.4806	-2.7090
-4.6427	-1.2599	-2.2294	-1.4147	-1.5798	-4.0260	-3.6918	-0.5047	-0.3458	-5.1804
-4.6056	-0.1928	-2.1963	-2.6966	-1.2292	-2.0904	-1.6790	-1.2211	-1.6271	-3.7677
-2.8260	-1.5398	-1.8491	-1.7397	-2.6221	-2.6712	-2.6295	-1.2732	-1.5543	-2.5770
-5.6549	-0.2412	-1.5124	-5.7728	-3.0251	-2.0810	-3.7528	-1.9633	-0.6690	-4.6720
-3.2847	-0.7998	-3.0952	-2.1805	-2.2557	-3.5966	-2.2269	-0.6456	-2.0958	-4.1637
-3.6960	-2.7175	-1.9229	-0.0131	-3.0774	-4.3145	-0.9031	-1.9969	-1.9359	-3.9697
-3.7656	-1.0350	-2.7350	-4.1514	-2.0701	-2.6676	-2.3563	-1.1712	-0.4018	-4.2238
-3.9808	-1.0450	-1.9545	-3.9409	-4.4908	-1.8416	-1.8182	-1.2871	-1.6519	-4.3247
-3.5603	-1.4262	-2.3071	-3.8254	-3.4926	-5.1554	-2.7921	-0.2200	-1.4212	-4.9245
-3.1710	-1.5083	-2.6533	-3.6042	-2.0057	-2.1284	-2.9038	-0.4769	0.1683	-4.4621
-3.3678	-1.4465	-2.1087	-1.4558	-1.5846	-2.8858	-2.3419	-1.5541	-0.9562	-4.7741
-5.6074	-0.9349	-1.1419	-3.2915	-3.2662	-2.0380	-3.5563	-1.8262	-1.9956	-2.9459
-4.4454	-1.4345	-1.3274	-1.9792	-3.5758	-4.1167	-2.8090	-0.7721	-2.2552	-4.1789
-5.7150	-1.0204	-1.9576	-2.8078	-3.3388	-2.5879	-2.1613	-4.2246	-1.4844	-2.9339
-4.4221	-3.2248	-0.8962	-2.1679	-2.6728	-2.7501	-3.9636	-1.7442	-1.5250	-4.1599
-4.7073	-0.9461	-0.9400	-1.0708	-1.4871	-3.4395	-4.8231	-1.6542	-1.6952	-1.9280
-3.5824	-1.9325	-2.8778	-3.2116	-2.2131	-2.0441	-2.1688	-0.8231	-0.8283	-4.2788
-4.5152	-1.0237	-0.6365	-2.8867	-4.8582	-3.1115	-0.5964	-1.3514	-3.3339	-1.6832
-4.5807	-1.0622	-2.1334	-3.1242	-2.8904	-2.1538	-2.9065	-2.5863	-0.7605	-5.0361
-6.8455	-1.1033	-0.1312	-2.6206	-2.9418	-3.6176	-3.6545	-0.6584	-0.4064	-5.7358
-4.0122	-1.1912	-2.0027	-3.8706	-3.2311	-2.3969	-1.7393	-1.3148	-2.6843	-4.3739
-4.0028	-2.3343	-2.8244	-1.9854	-4.0845	-3.8455	-1.9467	-1.3657	-0.1317	-4.4772
-3.4874	-0.4504	-1.2267	-2.8173	-1.7864	-2.0135	-2.2734	-1.7310	-0.8037	-3.7786
-4.0992	-1.3848	-1.5085	-1.8153	-1.6231	-2.3598	-2.8296	-1.2435	-0.2845	-4.6539
-4.3522	-1.2214	-0.9924	-2.6651	-2.0943	-2.3710	-3.2079	-2.6157	-0.5763	-3.0929
-3.4209	-1.5776	-1.0422	-4.4020	-2.7293	-1.8032	-2.8141	-1.9977	-2.0085	-2.8313
-4.1092	-1.0297	-2.0548	-3.7337	-1.1131	-1.7483	-4.8356	-1.3997	-0.2605	-4.9063
-2.9576	-1.8584	-0.2775	-1.8390	-2.1523	-2.8368	-4.6136	-1.6649	-0.5611	-4.8999
-5.0338	-0.4563	-2.1081	-2.6847	-1.5977	-2.5520	-2.5299	-1.2363	-2.0602	-4.6071
-2.3991	-0.1057	-3.0714	-2.6709	-0.8660	-2.0828	-2.7983	-2.5629	-0.2169	-3.3717
-3.8354	-1.2624	-1.4197	-3.1389	-1.9262	-3.8031	-3.3879	-2.4750	-1.5605	-3.5976
-3.4136	-0.8817	-0.8724	-1.5375	-2.6094	-1.6987	-2.1660	-3.2478	-1.4837	-3.3104
-5.4408	-0.9792	-1.3383	-1.2269	-2.2509	-2.8089	-2.3945	-1.5963	-4.4219	-3.0084
-5.2989	-0.3681	-0.8398	-3.6126	-2.2294	-1.4386	-3.5275	-2.9032	-0.9714	-3.5777
-3.7399	-2.4954	-1.3380	-1.7472	-3.0789	-3.9555	-2.8380	-1.2588	-1.3088	-4.9613
-4.7249	-1.5132	-1.7478	-2.1432	-1.6531	-3.1601	-1.8899	-1.7256	-2.8167	-3.2261
-4.6013	-1.1281	-1.1228	-2.5468	-4.2959	-2.7385	-0.6783	-0.2806	-2.3019	-4.2304
-5.5633	-1.2520	-0.7809	-1.3557	-2.3920	-2.2706	-2.3093	-2.5208	-0.2834	-3.1167
-3.4291	0.0307	-1.1266	-3.7881	-2.1286	-1.2199	-2.0587	-1.2330	-1.2757	-3.3945
-3.8817	-1.1795	-1.2621	-2.8456	-2.0498	-3.2603	-4.5906	-1.3565	-0.9838	-2.3241
-5.2999	-0.3877	-0.9626	-2.8706	-2.4631	-2.4435	-2.2408	-1.4547	-0.3517	-3.2819
-3.6904	-1.8386	-2.9832	-2.8183	-0.8831	-1.0945	-2.6136	-1.7843	-1.1683	-3.3440
-4.0037	-1.5754	-2.5997	-3.1127	-0.9255	-2.6128	-3.6982	-1.0078	-1.0742	-3.9501
-3.6836	-1.3805	-2.5366	-2.6862	-1.4343	-3.5066	-2.1909	0.4069	-1.5176	-4.4970
-4.0848	-1.4738	-3.0990	-2.9039	-3.2678	-2.4047	-2.6381	-1.9448	-2.0567	-3.0468
-5.0079	-0.1009	-0.5597	-3.4788	-3.2123	-1.6378	-1.2059	-1.1742	-1.9233	-4.0477
-4.1966	0.1187	-2.1063	-4.2262	-2.1023	-1.0198	-2.4627	-2.0506	-0.4188	-4.2363
-5.3749	-1.5691	-0.7228	-2.8408	-3.0082	-1.9895	-1.9309	-1.7331	-0.8986	-3.5032
-4.2409	-0.1238	-1.3129	-4.6167	-3.0760	-2.5188	-3.9049	-1.8062	-0.1254	-3.6255
-3.2048	-0.8507	-2.0271	-2.4364	-2.1896	-2.8339	-1.5195	-2.2224	-2.5104	-3.1998
-4.1344	-1.5732	-3.3667	-3.4099	-1.9825	-2.1901	-3.1338	-1.7688	-1.3695	-2.4668
-4.0669	-0.9732	-0.7920	-2.4097	-2.2233	-2.7182	-2.8672	-1.9515	-1.5697	-3.6312
-4.6824	-1.4424	-1.9343	-2.0856	-2.6978	-2.2720	-2.9758	-5.1866	-1.0200	-3.3321
-3.4215	-1.6880	-2.7724	-3.0983	-1.7862	-1.3641	-2.0681	-1.9724	-1.7910	-4.0839
-2.4420	-1.7313	-1.5806	-3.2598	-2.0674	-1.5019	-1.0461	-0.9596	-1.1443	-5.4855
-4.5552	-0.8636	-1.3270	-2.0602	-2.7322	-3.7910	-1.6601	-1.0120	-1.7003	-4.4975
-2.8649	-2.4681	-1.3638	-1.9700	-3.4468	-3.5487	-1.5785	-0.2049	-0.9010	-4.5509
-4.4326	-0.2075	-1.7399	-2.4186	-3.0759	-3.9654	-2.9269	-0.8646	-0.4327	-4.2786
-3.6911	-1.6682	-2.4636	-2.8538	-2.2927	-2.3865	-2.5551	-1.2964	-1.0970	-5.7278
-2.8809	-0.2644	-2.5425	-3.5288	-3.1850	-1.4372	-2.0024	-3.2144	-2.1932	-3.4789
-4.0620	-1.0820	-0.7509	-2.3737	-3.8056	-1.6937	-2.3490	-2.4208	-0.6432	-3.7654
-2.2081	-0.5412	-2.8815	-2.7849	-1.9421	-1.9285	-3.0372	-1.3634	-1.3439	-4.1984
-4.4094	0.2726	-1.9937	-4.4397	-2.4083	-3.0842	-1.7955	-1.7132	-1.3901	-5.1659
-3.6051	-1.3291	-1.7628	-1.6529	-2.0480	-2.3636	-1.7060	-2.1872	-1.5735	-2.5680
-4.0980	-0.8069	-1.4124	-1.6914	-2.1516	-2.8827	-3.9945	-1.6723	-0.0021	-4.6611
-3.5144	-1.3402	-1.4120	-3.4261	-2.9923	-0.5589	-2.7677	-2.9976	-1.1825	-3.7232
-3.9601	-1.1776	-3.4073	-0.9201	-1.7624	-2.7177	-2.6912	-2.8466	-1.0961	-4.4263
-4.4192	-1.3885	-2.9748	-2.1617	-2.6206	-4.3032	-1.8786	-1.6657	-0.8936	-2.9811
-3.4737	-0.9291	-0.5814	-2.0007	-3.2792	-3.8474	-2.5060	-0.8371	-1.5013	-3.9543
-4.1289	-1.7334	-2.0243	-1.9286	-1.8943	-3.1760	-3.7496	-2.3887	-1.4311	-3.7393
-2.4145	-2.3419	-2.3176	-2.0111	-4.2298	-2.2709	-0.4319	-2.0312	-1.8550	-3.9863
-4.9708	-1.7595	-0.7285	-1.8581	-1.4323	-2.1118	-3.1996	-2.1732	-0.8020	-2.8915
-5.4479	-1.1275	-1.2834	-2.2247	-3.1032	-3.6589	-1.9986	-1.0785	-0.9033	-4.5571
-4.0987	0.1933	-2.3784	-2.9453	-1.8977	-4.0868	-4.0109	-1.2150	-0.3677	-4.7257
-3.4341	-2.2287	-1.5746	-0.7840	-2.8579	-3.9140	-2.1880	-1.5182	-0.8982	-3.3999
-2.8877	-0.4582	-1.0578	-2.6271	-4.3418	-1.9812	-1.9525	-2.8453	-2.7815	-2.7161
-3.1392	-2.1374	-1.0647	-2.4308	-2.6615	-2.2563	-3.5778	-2.0283	-0.6408	-4.3606
-2.5531	-0.9341	-5.3248	-2.6852	-1.3938	-1.0609	-2.0383	-2.9248	-1.6950	-2.1533
-4.0376	-0.8966	-1.6744	-1.6304	-1.9508	-3.2045	-2.5251	-0.8809	-1.2467	-5.8366
-2.3322	-2.3485	-2.1153	-3.0792	-3.6455	-2.3880	-1.8018	-1.8958	-0.5348	-4.2272
-4.9778	-1.6114	-2.0965	-3.0837	-1.5673	-1.9433	-3.2127	-2.2028	-0.0641	-2.7886
-3.8602	-0.4791	-3.6801	-4.5670	-1.5734	-0.5675	-2.2819	-2.0055	-0.1212	-4.4040
-4.0990	-2.0747	-1.0300	-1.7196	-3.3113	-1.8688	-2.9724	-2.1616	-1.4348	-3.1180
-3.5259	0.4219	-1.3351	-2.9988	-2.1182	-3.5484	-3.1801	-1.2873	-1.5298	-5.1396
-4.4822	-1.6806	-2.3409	-1.3733	-1.8136	-4.8091	-3.9826	-0.9475	-0.9001	-5.6849
-5.6910	-1.2113	-1.8569	-3.0143	-2.2496	-2.7977	-2.8717	-1.0491	-0.4648	-4.6697
-5.0736	0.2035	-1.7898	-5.6656	-1.9037	-1.7441	-1.4098	-0.3197	-1.2166	-4.2459
-4.8096	-0.6101	-1.5917	-3.3151	-2.6271	-1.8048	-1.8341	-2.4792	-0.7559	-4.5222
-4.2422	-0.3127	-1.9524	-2.9841	-3.2033	-4.1374	-3.2225	-1.5096	-1.1101	-4.1711
-3.1595	-1.4543	-1.8259	-1.8329	-1.2487	-3.5050	-4.0002	-1.1367	-1.0535	-5.5762
-4.7552	-0.8180	-2.9215	-2.4060	-2.2154	-1.6159	-3.0819	-2.8800	-0.9831	-3.8985
-5.2567	-2.1275	-1.3368	-2.1983	-3.1033	-3.0665	-1.9764	-0.8031	-1.4806	-3.8458
-4.1079	-1.1447	-2.4164	-2.2591	-2.2077	-2.7242	-3.6436	-1.6381	-1.9987	-2.4557
-3.9362	-0.6690	-1.5396	-3.0407	-2.5915	-2.5117	-2.2749	-1.9993	-0.7596	-4.3909
-3.2239	-2.1245	-2.2235	-3.3679	-2.8657	-2.4272	-1.9364	-0.3532	-1.9230	-5.6620
-5.3159	-1.4297	-2.2005	-2.7641	-2.3242	-2.0424	-2.3560	-3.3378	-0.5965	-3.9299
-3.6896	-0.9581	-1.2481	-4.0573	-2.1379	-2.0929	-4.3020	-3.1057	-1.0700	-2.8642
-4.5256	-0.8643	-2.0008	-2.9859	-4.1602	-2.9313	-1.9477	-0.9197	-1.7896	-3.6359
-4.4786	-0.2164	-3.6477	-3.8317	-1.5362	-3.4189	-4.6128	-0.8636	-0.6056	-6.0941
-3.7679	-0.5013	-4.2357	-3.6920	-1.2331	-1.6446	-3.0747	-3.1776	-1.8845	-4.6127
-4.0700	-2.1101	-1.4609	-2.8414	-3.2007	-1.8475	-2.6524	-3.4103	-1.9426	-3.5534
-2.8577	-0.7196	-2.6609	-4.1644	-1.3695	-2.6299	-3.7565	-1.6943	-1.3793	-5.3796
-4.3384	-0.6363	-1.6304	-4.9055	-2.5413	-2.2195	-5.5491	-2.2347	-0.1507	-5.8085
-3.4133	-1.0002	-0.3159	-2.0538	-1.8029	-3.4595	-3.2103	-0.6324	-1.6003	-2.7159
-3.4274	-1.8363	-1.9386	-1.3652	-1.6009	-3.9819	-3.3070	-2.5330	-1.3902	-3.6955
-2.2901	-1.5859	-3.3139	-0.8399	-2.5282	-2.5346	-2.9701	-1.9424	-1.3169	-4.6214
-4.1194	-1.1516	-0.6608	-2.1188	-4.2716	-3.5456	-2.1361	-2.0110	-2.1301	-3.5335
-3.5590	-0.9720	-1.9335	-1.8885	-3.2726	-2.7834	-2.2436	-1.8498	-1.4069	-3.5964
-5.4392	-1.2625	-1.9074	-1.8986	-2.1522	-2.4948	-2.0493	-1.6527	-0.4295	-2.5681
-6.6588	-0.6119	-1.1417	-3.0284	-2.1495	-3.5265	-3.7009	-3.3176	-1.1365	-3.7049
-3.8401	-1.0512	-1.8930	-2.3161	-3.7087	-5.8221	-3.5587	-0.7864	-0.2412	-4.2597
-2.7804	-2.8323	-1.3809	-1.9281	-2.9474	-3.1403	-3.0074	-2.0667	-1.2860	-3.2988
-5.1274	-0.9403	-1.8404	-2.6512	-2.1950	-3.2925	-2.3795	-1.1846	-1.0368	-4.3848
-5.1124	-0.9821	-0.9247	-1.5328	-3.4831	-3.2194	-1.6735	-0.8511	-1.5268	-4.9088
-2.9291	-1.7443	-1.8032	-1.5508	-2.6124	-4.0603	-2.9474	-1.4564	-0.8218	-4.3419
-4.6889	-1.1711	-2.0229	-1.4546	-1.4140	-1.4519	-2.8466	-2.3231	-0.4973	-3.1368
-3.9865	-0.9001	-2.2756	-1.8992	-2.2989	-1.9708	-0.8330	-0.8688	-2.1020	-3.6883
-2.9181	-3.0779	-0.7532	-1.7615	-3.2731	-3.3137	-2.3224	-0.8737	-1.8303	-3.7923
-6.8136	-0.4098	-0.9274	-4.9730	-2.5059	-1.5334	-4.1169	-2.7087	-0.4362	-4.1012
-4.8691	-0.9909	0.2906	-1.8610	-3.8682	-3.6181	-2.3014	-1.1642	-0.5832	-4.7182
-3.5470	-1.3660	-2.0927	-2.9397	-1.7254	-2.2548	-2.6796	-1.1184	-0.4474	-4.3582
-3.9962	-0.5447	-2.4254	-2.3803	-2.3018	-3.8982	-3.1548	-2.2988	-1.4422	-2.5106
-4.0035	-1.6533	-2.5855	-3.4049	-1.9858	-2.0737	-3.5684	-2.7160	-0.7432	-4.6139
-3.3753	-1.6271	-1.1494	-2.0227	-4.3283	-3.9586	-2.1018	-1.2069	-1.2404	-5.0797
-5.9897	0.3401	-0.6203	-4.3383	-2.6987	-1.7326	-3.2395	-3.2717	-1.5525	-3.6462
-3.6729	-1.3614	-2.1352	-1.9064	-2.0044	-4.1225	-2.8118	-1.4972	-1.4218	-4.0950
-3.2671	-0.2158	-1.9899	-3.4144	-3.0195	-2.2527	-4.0971	-3.2916	-0.3229	-3.3549
-3.0865	-1.0037	-0.9228	-1.7874	-2.5397	-2.3358	-2.9224	-2.2543	-0.5297	-5.0838
-2.2186	-2.3726	-0.3791	-2.0565	-4.4112	-4.7915	-3.2287	-0.2078	-0.4795	-3.8071
-5.1285	-0.9525	-2.7914	-2.6209	-2.9470	-3.1112	-2.7761	-1.3990	-0.6274	-3.8808
-3.6420	-1.6541	-2.6215	-3.1582	-1.7877	-1.1433	-3.1747	-4.4125	-1.1287	-3.0165
-2.7930	-0.9309	-2.5885	-4.1720	-1.7546	-2.8032	-3.7025	-2.2863	-0.0586	-4.5248
-4.1929	-0.9434	-2.2086	-3.8373	-1.3573	-2.0738	-3.9471	-1.3710	-0.6450	-5.8566
-4.4563	-1.0767	-2.1806	-2.5031	-2.8380	-2.3965	-2.7042	-2.8157	-1.7693	-2.7135
-5.7912	-1.6824	-1.8024	-2.2280	-1.7374	-2.6905	-3.9111	-1.6982	-1.4052	-4.3406
-3.9474	-0.3756	-2.1248	-4.6991	-2.0869	-1.9287	-4.2390	-2.8101	-1.4066	-4.4704
-3.3549	-1.7677	-2.5741	-2.1541	-3.4073	-3.2465	-3.4055	-1.5323	-0.2559	-4.8912
-2.4244	-2.4515	-0.8714	-4.1832	-4.5488	-2.0104	-1.7529	-1.7974	-0.3384	-5.3163
-4.7583	-0.4544	-1.2410	-1.9983	-2.8234	-2.3960	-1.6626	-1.3926	-0.8448	-4.4918
-4.0118	-0.6211	-1.0422	-4.1408	-4.0397	-3.6129	-2.0085	-0.8682	-1.6414	-4.6278
-6.0214	-1.3631	-1.6330	-2.2408	-2.0062	-2.8048	-2.2175	-1.9318	-2.2475	-2.5177
-3.4819	-0.9134	-3.0807	-3.9573	-1.3378	-1.7151	-3.5418	-1.3066	-1.4776	-3.4747
-3.7347	-0.6243	-2.5822	-3.0074	-1.5988	-2.5460	-3.2162	-2.0785	-1.1735	-4.7117
-4.4379	-1.2404	-3.1073	-2.6620	-1.5516	-2.5507	-2.3533	-0.4523	-0.4390	-4.5729
-4.5435	-1.8443	-1.6432	-1.6385	-2.4337	-4.4576	-3.2562	-1.6670	-1.6109	-4.3511
-3.4256	-1.1702	-2.1259	-3.3150	-3.2131	-2.3603	-1.3617	-2.8667	-2.8587	-2.6152
-3.9536	-1.1506	-3.7485	-3.0066	-0.9386	-2.3552	-3.2313	-1.1259	-0.8103	-4.9604
-3.6800	-0.9719	-0.7161	-2.2841	-3.8249	-2.1412	-1.6325	-1.4758	-1.2099	-3.9675
-4.9613	-0.5573	-0.1557	-4.3995	-2.1223	-1.9337	-2.6626	-0.9039	-0.7108	-3.3809
-4.2710	-0.6636	-1.3622	-4.0849	-4.0288	-2.5369	-1.8993	-2.4312	-2.1916	-2.0932
-5.0226	-0.5111	-1.8329	-3.8961	-2.6672	-1.3931	-2.5008	-3.2616	-1.7802	-2.1738
-2.6285	-0.5923	-1.6707	-2.7726	-1.6079	-2.3627	-2.8948	-1.8062	-1.1152	-3.4506
-3.3048	-1.4991	-1.8515	-2.7828	-4.0325	-1.9726	-2.1214	-2.3473	-1.8716	-4.0934
-2.6730	-1.6755	-1.3953	-1.4428	-0.7668	-2.7656	-3.1075	-2.0583	-1.2254	-3.7941
-3.5794	-2.8621	-0.2631	-1.9419	-3.2202	-2.2676	-2.6671	-2.5729	-0.3169	-2.9383
-4.0908	-0.9770	-0.8198	-2.4729	-2.5430	-1.5785	-2.5851	-2.4329	-1.1793	-3.4079
-4.7975	-1.2549	-1.5105	-1.9413	-2.2459	-2.6490	-3.2495	-1.8887	-0.8379	-4.1536
-5.3966	-0.9273	-1.5795	-4.1080	-3.1284	-3.0179	-2.5746	-0.6899	-0.0831	-5.2078
-4.4079	-0.2683	-1.4042	-4.3849	-2.5712	-2.4247	-2.8761	-0.9108	-1.5308	-4.3490
-4.0853	-1.3585	-2.8681	-3.3910	-2.3580	-1.4050	-1.6493	-2.0144	-1.0869	-1.9397
-4.4614	-0.2471	-1.4040	-3.2406	-4.1169	-2.4009	-2.8434	-2.2813	-0.8847	-4.1148
-2.8206	-1.3714	-3.2259	-1.2734	-0.9197	-2.1097	-2.6759	-3.5223	-1.0450	-3.7986
-3.3790	-2.1278	-1.0823	-1.4536	-2.7863	-4.0151	-3.9155	-1.9461	-1.5872	-3.7463
-1.6795	-0.9953	-3.3600	-2.0252	-1.0638	-2.5659	-2.2579	-2.8409	-1.6743	-3.4362
-4.1326	-0.0185	-1.7268	-2.8779	-1.8733	-2.6506	-2.6108	-2.6986	-0.7530	-4.4707
-4.1878	-1.1173	-1.9349	-3.2487	-3.0972	-2.6117	-2.1789	-1.1459	-1.4727	-4.2731
-4.6171	-0.5829	-1.1127	-1.2351	-2.5714	-2.5945	-2.9409	-2.6428	-1.1838	-3.8935
-6.0924	-0.5342	-0.3517	-2.4822	-4.2298	-3.8019	-2.7563	-0.9020	-1.4049	-3.6896
-3.4957	-0.9216	-1.6566	-2.2326	-0.5705	-2.2164	-3.3500	-2.3049	-1.0294	-4.0230
-4.5875	-1.6493	-3.3970	-3.4003	-2.3629	-2.1064	-3.2745	-2.2712	-1.3195	-3.4699
-3.8681	-0.8326	-2.3205	-2.5505	-1.5582	-2.4657	-4.7146	-3.1698	-0.9041	-4.6634
-5.2248	-1.8074	-1.4455	-2.0791	-1.0797	-2.6252	-3.1812	-2.1625	-2.4596	-3.1780
-4.2518	-0.4559	-0.6509	-2.3504	-3.1598	-2.7061	-2.6652	-2.6737	-1.7835	-3.6236
-3.0770	-1.0744	-2.5502	-3.6096	-1.0859	-1.0816	-2.5827	-1.5608	-0.8476	-4.7891
-4.7069	-0.7245	-1.4787	-2.1444	-1.8800	-2.4513	-1.8080	-1.5751	-2.5798	-2.7805
-4.3444	-1.3961	-1.1617	-2.0164	-3.0482	-2.7657	-2.3871	-0.9186	-1.0851	-3.5649
-4.1927	-0.8733	-1.4981	-2.1409	-3.6383	-2.0370	-2.2738	-2.0506	-0.6438	-4.1983
-3.0715	-1.1280	-1.9830	-2.1656	-1.5179	-1.2493	-3.5038	-2.4804	-0.1228	-4.5738
-3.1330	-2.0316	-3.4579	-1.0174	-1.7528	-3.7624	-3.5808	-1.3631	-1.5945	-2.3026
-3.3922	-1.8744	-1.5483	-3.2210	-3.1293	-1.9140	-2.1716	-2.0044	-0.9761	-6.7813
-4.2512	-2.1669	-1.3502	-3.1010	-2.8287	-3.2037	-1.5537	-1.4814	-1.5384	-5.0406
-2.9355	-1.1870	-1.7580	-2.4449	-2.4834	-2.3341	-2.3912	-0.8768	-1.2780	-5.4425
-3.2171	-2.5709	-0.7617	-0.7032	-2.3047	-3.6517	-1.7813	-1.5631	-1.3495	-4.3383
-4.1767	-0.1536	-2.2521	-3.6064	-1.7748	-1.5895	-3.1153	-1.3971	-0.5100	-4.2446
-5.6292	0.0666	-1.3962	-3.6583	-4.1312	-2.6243	-2.1294	-3.3568	-1.0862	-3.6074
-3.8322	-1.5310	-3.0542	-2.3529	-1.5013	-3.9041	-3.0392	-0.8713	-1.3083	-5.9829
-2.4034	-0.9098	-3.0959	-2.7103	-0.6689	-2.7715	-4.7324	-2.6440	-1.6795	-2.2145
-3.6242	-0.3221	-2.8093	-3.3844	-1.7169	-1.8620	-1.7625	-1.3642	-1.8588	-3.9578
-3.4188	-2.8611	-3.5155	-0.7745	-1.5618	-4.3926	-2.5436	-0.7952	-0.3894	-4.0710
-3.8758	-1.1938	-3.3387	-3.6317	-1.7981	-2.9862	-3.0592	-2.2161	-1.4432	-3.5062
-2.9657	-1.1512	-1.7183	-1.9819	-2.2209	-3.5927	-2.9033	-0.7591	-1.4930	-4.8582
-4.0969	0.3187	-1.7071	-4.2712	-2.6989	-3.3449	-3.4385	-1.9295	-0.7720	-5.1832
-4.0344	-1.3563	-2.2942	-4.2907	-1.8285	-1.6650	-4.3213	-2.5090	-0.2946	-3.1407
-5.7873	-1.0061	-0.5350	-1.7789	-3.3755	-2.4407	-2.9381	-1.2286	-1.7396	-2.6787
-3.0693	-1.6163	-1.6058	-3.1504	-5.2647	-3.1705	-0.8117	-0.0327	-1.6266	-4.5880
-2.9007	-0.7901	-2.5158	-3.5072	-3.1982	-2.3957	-2.5024	-2.0826	-1.4358	-4.4542
-3.8588	-0.8905	-2.4929	-2.6839	-1.1757	-1.7041	-3.2903	-2.2932	-0.1094	-4.3303
-3.3400	-2.3246	-2.0943	-2.3869	-3.1604	-0.9535	-2.3910	-3.7586	-0.4967	-3.8258
-3.6049	-1.3838	-1.5625	-2.0566	-3.9616	-3.6620	-2.3994	-1.8300	-2.2486	-4.6959
-3.4090	-0.7062	-2.6261	-3.3835	-1.9831	-3.2789	-2.6057	-0.7302	-2.0671	-3.7173
-3.2250	-0.3667	-3.4443	-3.3628	-1.6934	-1.3047	-4.8838	-3.3831	-1.1274	-4.9024
-4.7738	-0.3689	-1.3633	-1.8656	-3.7614	-2.2815	0.0223	0.0117	-0.7348	-3.6763
-2.6709	-1.2105	-3.4049	-2.8921	-2.5980	-1.5589	-1.4561	-1.3303	-3.1234	-2.7960
-3.6738	-1.0736	-1.5746	-2.3403	-3.8227	-3.6330	-2.2976	-2.4830	-1.2506	-4.7070
-5.0550	-1.7132	-1.7193	-1.5783	-2.0784	-2.4671	-1.9158	-1.8423	-1.0871	-4.1570
-3.3420	-1.2517	-2.0707	-2.3850	-2.2534	-2.6046	-2.3688	-1.9271	-1.7402	-4.1480
-3.9307	-1.8880	-2.1112	-2.4755	-1.8931	-2.0836	-3.0215	-1.6685	-1.3128	-4.4320
-4.7406	-0.5448	-1.2717	-2.9358	-3.0091	-2.7104	-1.7444	-1.6431	-2.2401	-3.9629
-3.4057	-1.9413	-1.4251	-1.3075	-2.1653	-1.8816	-2.0747	-1.4343	-1.2811	-2.8983
-4.0667	-1.6038	-2.2072	-2.0415	-2.7759	-4.3317	-2.1495	-1.5256	-1.5178	-3.5513
-4.3403	-1.9720	-1.9990	-2.4255	-1.3659	-1.4987	-3.2228	-1.8861	-0.8738	-2.9214
-5.1935	-0.4209	-0.9200	-2.3984	-1.6524	-2.3089	-3.2214	-1.6361	-0.5208	-4.3036
-4.0678	-0.8636	-2.5803	-2.7905	-2.0065	-3.9923	-3.5496	-1.1557	-0.5497	-5.4218
-5.5727	-1.2411	-0.8888	-2.0038	-1.6170	-1.4259	-2.7502	-1.6953	-1.4362	-2.8179
-3.3255	-1.6197	-1.0153	-0.9583	-2.6818	-3.4644	-1.4372	-0.8991	-0.6391	-4.6607
-3.1743	-1.9166	-0.1462	-2.3728	-2.9010	-2.0822	-2.9086	-0.8373	-0.3799	-3.5534
-2.4577	-1.4653	-1.6084	-2.7422	-2.5178	-2.2118	-2.9815	-2.0646	-0.7650	-4.2665
-3.7963	-2.1688	-1.8696	-0.9987	-3.0808	-2.1637	-2.5474	-2.4715	-1.9148	-4.0673
-2.5875	-2.0630	-0.8027	-1.6730	-2.5907	-3.7276	-2.6580	-1.1758	-1.7751	-3.6526
-3.7489	-1.2998	-1.3296	-3.0535	-0.8270	-3.3062	-2.9180	-0.4622	-0.6479	-3.8181
-4.5607	-0.8222	-0.7300	-3.3491	-4.2440	-2.1983	-1.5294	-1.7145	-0.6364	-5.7893
-4.1800	-0.0783	-0.7525	-2.3233	-0.9301	-1.5362	-2.7956	-1.8712	-1.5368	-3.1948
-3.7889	-1.6357	-1.1483	-3.0184	-1.8632	-1.7511	-3.7262	-2.4720	-1.3630	-3.3686
-4.2479	-0.5368	-0.9895	-3.9589	-2.9093	-1.3708	-2.8933	-2.0496	-2.3650	-3.4665
-3.5860	-1.4000	-1.4973	-0.3651	-2.7451	-4.8193	-3.4403	-0.4289	-0.7771	-5.7780
-3.5942	-0.5765	-0.9363	-2.0579	-3.2954	-3.1174	-2.7216	-1.0472	-0.6701	-5.6461
-1.8334	-2.2386	-2.2728	-1.4278	-2.5117	-2.4234	-3.0038	-2.1318	-0.1147	-5.6084
-3.4629	-0.8861	-2.2878	-2.7607	-1.6743	-1.3001	-2.8630	-0.6818	-1.1117	-4.4361
-3.6131	-2.1359	-1.1574	-1.2516	-3.4413	-3.0936	-0.9321	-1.1410	-1.4722	-4.5879
-4.0149	-0.5343	-2.6258	-3.2180	-1.8943	-3.1576	-3.5105	-2.1833	-1.0061	-3.8569
-3.4564	-1.8143	-1.0900	-1.4361	-4.4373	-3.2179	-1.6035	-1.7061	-0.7702	-4.1938
-2.9678	-0.9401	-3.3995	-2.5823	-1.6438	-1.8230	-4.0559	-2.3023	-1.5747	-3.5290
-2.7419	-2.2589	-2.3683	-3.9138	-3.4716	-1.8100	-0.7856	-2.5473	-1.2436	-2.3326
-3.4073	-0.5933	-3.0750	-3.7473	-2.3872	-1.3136	-2.8309	-3.4424	-1.0145	-4.1428
-4.6731	-0.2046	-2.0833	-3.0598	-2.4393	-3.0186	-3.7061	-1.8555	-0.5675	-6.0574
-2.8485	-1.7008	-2.1700	-1.7719	-1.7470	-2.3871	-3.0654	-2.6175	-1.4856	-4.1364
-4.8549	-1.3772	-2.0230	-1.9020	-2.9727	-2.8680	-2.3003	-1.5436	-1.1198	-3.8957
-3.4873	-0.9886	-1.3590	-4.7780	-1.9333	-1.8370	-5.2636	-2.6870	-0.8343	-3.9146
-2.8265	-3.0420	-1.8427	-0.5265	-1.9543	-4.5035	-3.6883	-2.5611	-0.6861	-3.6054
-3.9397	-0.4053	-2.3535	-2.6942	-3.2187	-2.6091	-2.0947	-2.0129	-2.2558	-2.2874
-4.5168	0.0059	-2.9999	-3.9009	-1.6229	-2.5845	-3.2851	-4.4836	-0.7336	-3.2334
-4.7323	-1.1499	-2.9970	-3.0828	-1.9463	-2.3998	-4.2168	-2.5070	-0.9891	-5.5811
-3.6079	-2.5774	-0.9597	-2.3464	-3.3690	-5.8640	-2.5054	0.0140	-3.6384	-1.7224
-4.7593	-1.4273	-1.0258	-1.8087	-1.6010	-2.3760	-1.4104	-1.4419	-3.8931	-4.1717
-3.8427	0.0528	-2.3143	-3.2106	-2.3466	-2.0066	-3.5403	-4.2734	-0.4336	-2.3635
-3.6522	-1.3502	-2.5605	-3.6843	-2.9783	-1.9053	-2.0250	-2.5987	-1.0510	-3.6725
-3.0411	-0.9154	-2.9122	-3.2870	-1.5075	-3.0004	-4.4859	-0.8044	-0.2338	-4.5621
-5.3949	-0.4912	-1.0647	-2.4579	-4.0457	-2.7174	-3.2911	-2.3791	-0.7710	-4.0187
-3.7106	-0.9297	-1.3663	-2.1287	-2.3447	-2.7366	-2.8022	-1.5834	-1.9522	-4.0116
-4.0254	-0.1768	-2.5370	-5.5704	-1.8802	-1.3430	-1.2404	-1.7502	-1.6236	-4.2001
-5.2788	-0.6658	-0.2082	-1.0891	-1.8670	-1.8484	-2.3604	-1.7045	-1.4716	-2.7321
-4.0964	-0.4202	-1.7831	-2.6466	-2.7663	-2.1708	-2.6402	-1.0911	-1.0250	-3.0900
-4.6332	-1.8133	-0.1519	-1.4946	-4.8224	-3.7790	-2.9734	-1.9756	-0.6115	-4.1056
-4.3687	-1.4224	-0.8141	-1.5750	-2.3726	-1.9998	-3.6163	-1.7387	-0.8165	-4.2118
-3.3206	-1.1203	-1.6917	-4.2776	-3.8026	-1.9108	-2.3908	-2.0109	-0.7238	-4.8543
-4.8700	-0.5392	-1.2698	-3.0849	-2.1176	-0.9697	-2.0673	-1.7988	-0.3344	-3.1556
-3.6407	-0.6543	-2.3565	-5.0044	-2.5677	-1.7138	-1.2915	-2.6761	-1.8977	-3.8620
-5.0937	-1.7865	-1.2984	-1.8573	-3.2545	-3.8285	-2.1529	-1.7648	-2.4083	-3.8969
-3.5189	-1.9647	-2.0644	-1.1722	-3.0140	-3.2873	-1.3363	-1.4439	-1.9284	-2.1296
-5.5067	-0.2731	-2.6245	-3.9807	-2.5051	-2.2485	-3.4964	-3.1198	-1.0974	-4.0946
-4.4028	-1.1183	-1.5527	-1.5795	-2.8569	-4.7937	-2.6680	-1.2484	-1.8694	-4.8884
-4.1863	-1.8068	-1.2605	-1.7742	-3.5551	-3.3918	-3.3648	-1.6270	-0.5737	-3.2618
-3.3714	-0.8141	-2.0987	-3.7277	-3.4296	-2.8653	-3.0235	-1.5380	-0.3039	-5.8951
-4.1856	-0.8458	-1.9742	-2.0126	-2.0967	-3.2799	-3.9689	-2.4489	-0.6731	-3.8133
-4.1274	-2.0485	-0.8764	-2.2394	-2.3085	-4.8230	-3.3928	-0.3698	0.3048	-5.2983
-3.4506	-0.6876	-1.2588	-1.7115	-2.7002	-1.3819	-1.9289	-2.2306	-0.3683	-4.8259
-3.7670	-0.8865	-2.2412	-3.1121	-2.3564	-2.5195	-5.2963	-1.9682	-0.8669	-4.5881
-2.5448	-2.1936	-0.6515	-1.4908	-2.9086	-3.1720	-1.9296	-1.0239	-2.5198	-3.4932
-2.5253	-1.5250	-2.7294	-1.9390	-2.5148	-4.1246	-2.0647	-0.9429	-1.1320	-4.5218
-3.0255	-0.2314	-2.6384	-3.6406	-0.8826	-2.2014	-2.8066	-2.0485	-1.6608	-4.4890
-4.9846	-1.1328	-1.4680	-3.4071	-1.5373	-1.8383	-3.3790	-2.3760	-1.0922	-5.2329
-2.6424	-3.0158	-1.6755	-2.2800	-3.5504	-3.1273	-1.9312	-1.6399	-1.4056	-4.7292
-3.9571	-0.7150	-1.9272	-1.5146	-3.2505	-4.4642	-1.8004	-1.3531	-1.9155	-3.6097
-3.2650	-0.3450	-4.6379	-3.7567	-3.1524	-1.3051	-1.0542	-1.3617	-1.9329	-3.6573
-2.9349	-0.9173	-2.0677	-3.0674	-2.5053	-2.2207	-2.7805	-3.7942	-0.6083	-2.8953
-4.4523	-0.3511	-1.5837	-2.5016	-2.6707	-1.4346	-1.6637	-3.1720	-2.0177	-3.3588
-5.4087	-0.3363	-2.2664	-2.6449	-2.1939	-2.9878	-2.8146	-2.0794	-0.5898	-4.2830
-2.6164	0.4045	-0.7554	-4.4033	-1.5832	-2.5100	-2.8037	-0.5798	-1.1646	-2.9866
-4.7125	-1.2812	-1.0698	-1.3533	-2.3973	-3.2424	-1.3784	-1.3729	-2.4852	-3.2359
-3.6906	-1.3489	-1.2900	-1.6572	-1.8059	-2.7870	-4.5278	-2.9856	0.1727	-3.6205
-5.6161	-1.0311	-1.4664	-3.2004	-2.4626	-1.8399	-2.3860	-1.6742	-2.0043	-2.1968
-3.9227	-0.5818	-1.7768	-3.0774	-3.3860	-2.3296	-2.9450	-1.9463	-1.7427	-3.3573
-2.8764	-2.3922	-2.6394	-3.0068	-2.0061	-0.5794	-1.4271	-3.1938	-1.7509	-3.5362
-4.2182	-0.5249	-3.2359	-3.9910	-1.8947	-2.7588	-3.0076	-0.7498	-0.6286	-4.3729
-4.4136	-2.9677	-0.1354	-1.3646	-3.5474	-3.5584	-2.4059	-0.4424	-0.9657	-5.7787
-3.7331	-1.5351	-1.6512	-3.4597	-3.0258	-1.5043	-1.0388	-0.9149	-0.5978	-5.3270
-2.7778	-1.6930	-3.3354	-1.7340	-1.3097	-2.9083	-4.6527	-2.3844	-0.5559	-4.2876
-4.4180	-0.5436	-1.4674	-3.6394	-2.8753	-0.5682	-1.9898	-2.3080	-1.1636	-1.7120
-3.1878	-1.7299	-2.8374	-1.8131	-2.1810	-3.7340	-3.4913	-3.0243	-1.0929	-3.3196
-3.9888	-0.7918	-1.0941	-2.0141	-1.6628	-0.9813	-4.3274	-2.7577	0.6987	-3.5153
-3.3803	-1.0764	-1.8726	-2.4593	-2.9856	-2.5178	-2.3171	-3.6425	-1.9353	-2.8522
-3.8525	-0.6937	-0.6919	-0.9551	-2.3192	-2.7763	-3.0552	-1.8301	-0.6710	-3.9285
-3.3625	-1.1218	-3.3058	-3.4853	-1.8152	-2.1382	-1.7114	-1.9145	-1.6310	-4.4917
-3.8888	-1.1191	-2.1256	-2.4970	-3.0765	-4.7255	-3.2840	-0.5059	-1.2190	-6.8441
-3.4991	-1.9199	-2.2767	-2.9524	-1.5535	-2.4131	-2.2150	-1.6340	-2.0109	-3.2390
-4.2358	-1.8045	-0.9805	-2.8257	-2.0733	-2.5779	-4.2945	-1.6896	-0.7019	-4.5698
-4.5597	-1.1413	-2.0886	-1.9780	-2.1637	-3.4596	-4.5863	-2.0302	-1.7184	-3.1002
-5.8432	-0.9467	-1.3709	-2.4939	-3.3411	-4.0860	-1.5373	-1.6100	-0.3581	-3.3063
-3.8368	-0.0838	-2.5185	-3.0039	-2.1065	-3.2910	-3.0143	-1.7230	-1.4437	-3.9550
-4.3793	-1.7758	-1.2938	-2.1269	-3.9459	-3.9119	-2.3380	-0.7665	-1.6294	-5.2820
-2.6430	-1.2002	-2.5743	-1.3308	-1.8388	-1.8637	-1.7589	-2.0995	-1.6417	-4.1751
-4.5655	-1.1118	-2.1150	-3.5604	-1.3184	-1.5754	-3.2563	-2.3745	-1.1281	-5.0000
-3.8951	-1.4368	-1.5540	-1.9941	-2.2444	-3.0405	-2.9482	-0.9496	-1.4448	-4.1177
-4.2114	-0.8611	-2.3960	-3.7046	-2.3083	-3.1184	-1.9454	-1.0432	-1.5341	-3.8159
-4.2201	-1.0041	-0.9953	-2.8395	-4.6428	-3.8234	-2.1727	-1.4639	-1.6573	-4.3521
-3.0081	-1.5054	-0.4487	-1.4536	-3.1188	-3.2900	-1.8761	-1.3090	-1.1447	-3.1921
-6.0752	-0.6623	-1.0035	-3.0165	-3.9717	-2.3585	-3.1489	-1.3979	-1.6404	-5.4648
-3.7129	-1.5944	-1.2989	-3.9742	-3.0355	-0.6464	-1.9950	-1.6805	-1.8738	-4.9449
-3.3964	-1.8891	-1.2649	-3.2224	-3.8003	-2.6066	-1.9967	-0.4976	-1.5865	-5.1661
-4.0377	-1.4574	-2.7059	-2.7295	-1.2450	-1.5410	-4.4929	-2.5492	-1.1063	-2.8334
-4.1886	0.0696	-2.7193	-4.2092	-2.5150	-2.2617	-2.7079	-2.3332	-1.5407	-4.7399
-4.3661	-0.5040	-1.3524	-2.6941	-1.1519	-1.6673	-5.0531	-1.9251	-1.1908	-2.9205
-4.0683	-2.3976	-2.1071	-2.1034	-2.4714	-1.9552	-3.1132	-1.9015	-1.8337	-3.6116
-3.7072	-0.6445	-2.1058	-3.1047	-2.8766	-2.8840	-1.5812	-1.3687	-0.5853	-2.9696
-3.2768	-1.6935	-2.7215	-4.1052	-2.5497	-1.8714	-3.7248	-1.0760	0.2496	-4.5085
-4.5230	0.1206	-2.8033	-4.5618	-2.0718	-1.4055	-2.1323	-0.7494	-0.6465	-4.9156
-4.8724	0.1073	-0.8950	-2.9211	-2.7878	-3.4355	-1.1421	-1.1227	-1.1135	-3.9825
-3.4640	-1.1737	-1.3765	-1.6632	-3.1429	-3.6591	-2.6477	-1.4105	-0.3906	-3.3406
-4.0115	-1.2954	-1.0714	-2.8190	-3.2994	-2.7580	-2.3788	-1.8176	-1.2477	-4.6462
-3.9415	0.0440	-1.0876	-2.0403	-2.7684	-2.3464	-3.2513	-2.7455	-0.5171	-4.7173
-4.3729	-1.5902	-1.9638	-1.9803	-3.9524	-3.0795	-2.2631	-3.7590	-0.9372	-3.2022
-4.5635	-1.2142	-0.8298	-3.0226	-2.1405	-1.3153	-4.0222	-2.6107	0.2263	-4.9803
-4.2875	-0.8780	-2.8545	-2.9459	-2.9282	-3.9108	-2.0004	-1.8592	0.7485	-4.0222
-4.0244	-0.0367	-2.6713	-3.7152	-2.6368	-1.5328	-2.2795	-3.4049	-1.1968	-2.4326
-2.9494	-0.8515	-3.1279	-2.4071	-1.1166	-2.6704	-3.4028	-1.8933	-2.0545	-4.8991
-3.5745	-2.1484	-1.4877	-2.1048	-2.5607	-2.1995	-2.1077	-1.5168	-0.2237	-5.4145
-1.4337	-3.2113	-2.0981	-2.8766	-2.9188	-3.7069	-2.1198	-0.7626	-1.6807	-3.4476
-3.9689	-0.5135	-1.7194	-3.4568	-2.9904	-2.0573	-1.0298	-1.8880	-1.9079	-3.0167
-3.6058	-1.2224	-2.2786	-2.7275	-1.2770	-2.0608	-4.1344	-2.6819	-0.7410	-4.1473
-4.8364	-1.3011	-1.4941	-2.0422	-1.8037	-3.1056	-2.1877	-2.2208	-1.7936	-1.9693
-4.2264	-0.6303	-1.0539	-1.5694	-3.2397	-3.0327	-1.8406	-0.9611	-1.6435	-3.5588
-2.5728	-0.4472	-3.0003	-3.1229	-3.8015	-2.1457	-2.1619	-1.0221	-1.1049	-5.4282
-2.9025	-3.3169	-2.6124	-1.5429	-1.1945	-3.2983	-4.4927	-1.5982	0.4144	-4.7516
-3.3686	-1.3392	-2.5304	-3.2189	-2.0314	-1.5077	-2.1008	-1.2393	-1.0434	-4.6315
-3.8296	-0.3781	-1.5707	-2.5503	-2.0316	-2.9370	-1.4333	-1.8439	-1.6481	-3.2909
-3.8745	0.4065	-2.6733	-4.2213	-1.9956	-2.6907	-2.4658	-0.6621	-2.0637	-3.7985
-5.0727	-0.4298	-2.6877	-3.6056	-1.7132	-1.4510	-2.1703	-1.4329	-1.0598	-4.9561
-3.6363	-1.0674	-2.2036	-1.3937	-0.7579	-2.3431	-4.6991	-2.3764	-1.9346	-3.6150
-3.5585	-1.8901	-1.5042	-2.4291	-2.2832	-4.0491	-3.0653	-1.7888	-1.6094	-4.1001
-4.9874	-1.0481	-2.9429	-3.7947	-1.7497	-1.0774	-1.9409	-3.3274	-1.1952	-2.7828
-5.2593	0.1495	-1.8361	-4.1275	-2.4500	-2.9212	-2.1518	-1.3590	-2.1611	-2.2708
-4.5942	-1.1943	-1.9776	-3.9481	-2.4901	-1.0826	-2.5367	-0.8886	-1.4638	-3.5147
-4.9470	-0.8182	-2.1135	-2.2207	-2.9207	-2.8468	-1.7285	-1.4796	-1.0327	-2.6861
-3.4879	-1.0999	-2.1543	-2.8338	-3.0588	-2.9580	-1.7985	-0.9850	-1.9019	-3.7370
-3.6641	-2.6337	-1.2566	-2.1312	-2.0204	-1.0269	-3.5027	-3.0934	-1.2746	-4.4658
-4.8047	-1.2167	-1.1855	-2.1258	-2.3157	-1.7159	-2.6191	-2.5213	-1.0786	-3.5393
-3.6252	-1.2843	-2.0555	-2.6414	-1.8340	-2.8534	-3.5264	-0.9105	-2.6364	-2.8302
-2.5692	-0.6418	-3.2608	-2.0125	-3.7177	-3.5007	-2.5000	-2.8896	-0.5784	-4.1114
-4.2784	-2.6376	-0.6475	-0.7178	-2.7303	-3.8458	-2.6254	-1.7339	-1.0159	-4.2274
-4.1521	-1.5695	-1.7773	-1.9146	-3.0104	-2.7554	-4.8608	-2.8846	-0.3842	-3.0578
-2.2896	-1.0730	-3.6920	-2.1419	-1.4377	-2.9553	-3.2521	-3.1138	-2.0353	-3.7963
-3.6626	-1.0144	-1.6259	-3.0419	-2.3431	-1.9159	-1.7998	-1.4630	-1.2771	-4.0843
-3.3852	-1.3117	-1.5295	-2.8354	-3.2496	-2.8892	-1.8368	-1.9905	-2.1873	-3.0610
-4.1898	-2.0146	-2.3470	-2.6169	-3.1689	-2.2755	-3.2484	-3.1752	-0.8339	-3.9141
-3.3451	-0.6249	-3.0421	-3.1148	-1.7167	-1.3005	-2.6775	-2.8800	-1.6553	-4.8635
-5.8262	0.1737	-1.1883	-2.6009	-3.7961	-3.6346	-2.1008	-0.9231	-1.0742	-5.7215
-4.0875	-2.4127	-1.8134	-1.6823	-3.3139	-3.4741	-2.3678	-0.5910	-1.4199	-3.7164
-4.0242	-1.6973	-1.5542	-1.2576	-4.0253	-3.9755	-1.6311	-1.4218	-1.3554	-4.2630
-3.2440	-1.5065	-0.8102	-2.8493	-2.9783	-1.5763	-2.0129	-1.6240	-1.9819	-3.4806
-3.4592	-2.0127	-3.3701	-3.0848	-0.4992	-1.5570	-2.9361	-2.9072	-0.4454	-2.3817
-4.0048	-1.0172	-1.9419	-2.2487	-1.8257	-2.1299	-3.8453	-2.7475	-0.1899	-2.5128
-2.2661	-2.6326	-1.9817	-1.1893	-3.3894	-3.5801	-1.8155	-1.8233	-2.7149	-2.9326
-4.2178	0.0705	-2.5938	-3.0699	-2.8789	-4.3176	-2.0048	-1.2390	-2.2442	-3.1761
-3.6406	-0.5007	-2.4344	-1.6874	-1.5594	-3.1244	-3.4060	-1.0334	-1.4286	-4.7320
-2.1522	-1.8912	-2.1505	-1.6905	-2.3840	-2.5366	-1.8465	-1.1893	-1.4038	-3.9440
-2.7805	-1.5422	-2.3655	-2.2402	-2.8907	-3.6297	-2.1616	-1.6414	-1.4037	-2.2805
-3.5483	-1.9853	-2.5782	-2.7472	-2.0104	-2.2122	-1.3623	-1.1263	-1.7575	-4.6667
-3.4564	-1.4497	-1.5523	-1.3239	-2.5824	-2.7003	-3.4328	-2.7867	-1.3080	-3.3873
-5.5876	-0.4312	-0.5318	-3.7127	-5.5023	-2.7152	-1.7606	-0.6178	-0.5771	-6.6470
-3.8725	-0.4368	-2.3682	-3.2561	-2.0605	-2.5657	-3.5596	-1.6589	-0.1356	-4.5925
-2.8102	-0.4137	-3.4673	-2.5062	-3.2126	-2.3263	-1.0763	-2.5566	-2.3527	-2.8170
-3.6566	-2.0506	-1.6201	-2.0630	-2.9433	-3.9344	-3.5660	-0.5842	-1.0827	-5.1494
-4.1701	-0.9412	-2.8490	-3.1101	-2.2035	-3.4854	-2.2128	-0.4601	-1.4927	-2.0594
-4.7978	-1.2773	-0.7487	-2.6839	-2.5968	-1.4875	-2.5906	-3.2457	-1.2320	-3.4190
-2.6472	-2.6906	-0.7139	-1.4258	-2.9342	-3.6908	-2.3366	-1.7070	-0.9574	-4.9269
-4.7880	-1.4510	-0.3647	-2.2209	-2.5485	-2.5946	-4.0558	-1.4410	-0.6685	-5.5475
-5.0511	-1.1438	-2.3780	-2.9042	-3.4751	-1.9685	-1.4584	-1.4129	-2.6855	-2.3609
-4.6298	-2.0992	-2.1205	-2.2656	-1.4393	-2.4890	-3.8450	-2.3326	-1.8793	-2.7272
-4.7663	-1.7469	-1.6079	-1.8351	-1.5665	-2.6535	-4.0443	-2.3521	-0.2660	-3.9373
-4.2138	0.2456	-1.9853	-3.0834	-1.7408	-1.5910	-1.4803	-1.6299	-1.0034	-2.8950
-3.8528	-2.8726	-1.4873	-2.2142	-2.3370	-1.8110	-3.8941	-5.0044	-0.5996	-3.2891
-4.5268	-0.7054	-2.0259	-3.0445	-2.8673	-2.7367	-2.1886	-2.4775	-1.2180	-3.0537
-3.4035	-2.1573	-1.5171	-3.2067	-2.8258	-2.1476	-3.3228	-1.6770	-1.1396	-4.6787
-4.7718	-1.8865	-0.7408	-2.5580	-2.7419	-1.3646	-3.4883	-2.7954	-1.2025	-3.5604
-3.3479	-0.8729	-3.5729	-3.8973	-2.1384	-1.7090	-1.7285	-3.4583	-2.2568	-2.4257
-3.9148	-1.7202	-0.6896	-1.5071	-1.8740	-3.3117	-3.0207	-2.5400	-1.6499	-3.7310
-2.8571	-1.0941	-2.7250	-2.1735	-2.5107	-2.8944	-1.8154	-1.8085	-1.2151	-3.6897
-4.5002	-1.1359	-1.0244	-1.6963	-2.0715	-2.4144	-2.0611	-1.1620	-2.1841	-4.2133
-4.6226	-1.7682	-0.8995	-2.5355	-1.7060	-0.7644	-2.4662	-2.0631	-1.3079	-3.7309
-4.7406	-1.7196	-1.9829	-1.5213	-1.7132	-1.7677	-2.0720	-1.2054	-0.6516	-4.0061
-4.4450	-0.7838	-2.5091	-1.9844	-1.9570	-2.5108	-0.8865	-1.7998	-0.8864	-3.9702
-3.5589	-0.9555	-2.2850	-1.5202	-2.9904	-4.5825	-2.1535	-0.4906	-0.9465	-3.8440
-3.1291	-0.2817	-2.4980	-2.7197	-1.9357	-2.3378	-3.3616	-1.4076	-1.0476	-5.6328
-2.8235	-0.6783	-0.9819	-3.1446	-2.6751	-1.7805	-2.3698	-2.7062	-2.0496	-3.4636
-3.0390	-1.5549	-3.1102	-2.9645	-2.4671	-2.6903	-4.8055	-1.6182	-0.8448	-3.8732
-4.7555	-1.5521	-1.8309	-3.0662	-3.4030	-3.0360	-2.5175	-2.1364	-1.6376	-4.0007
-4.7580	-0.0699	-1.8462	-2.7416	-3.4210	-3.5455	-1.0175	-1.3720	-1.8519	-3.2189
-4.2351	-1.1455	-1.4130	-3.6299	-3.2499	-1.0260	-4.5603	-2.9980	0.0397	-4.9547
-3.3795	-2.0013	-1.6849	-1.1774	-2.3836	-4.3792	-2.4988	-0.8947	-1.9024	-4.3317
-4.4488	-1.7027	-2.7157	-1.0241	-1.1156	-3.8591	-2.7855	-1.8485	-1.5771	-3.9390
-4.6912	-1.5551	-2.2168	-3.6683	-1.3413	-1.4833	-3.2740	-2.8863	-0.7117	-4.4265
-2.4361	-2.3101	-1.9675	-2.3037	-2.0213	-1.7296	-2.8327	-1.8642	-0.9479	-3.9188
-3.5511	-1.3405	-2.1534	-2.4734	-2.0489	-1.7274	-3.6630	-2.8471	-1.0270	-4.3926
-3.5021	-0.4447	-2.1074	-2.1508	-3.1719	-5.4409	-3.4750	-1.7461	-1.2156	-6.4026
-3.8222	-1.4333	-3.2272	-2.0155	-1.5463	-3.5622	-4.0263	-1.0408	-1.2266	-3.9460
-2.7036	0.1886	-2.0909	-3.3170	-2.5434	-1.8127	-3.3696	-2.5549	-0.1556	-4.5459
-3.4943	-1.3239	-2.7480	-3.3769	-3.0656	-2.0659	-2.6719	-2.4389	-0.5050	-4.3180
-4.4464	-1.7159	-0.2332	-1.0424	-2.7890	-1.6964	-2.7504	-3.8732	-1.1940	-3.5260
-4.4033	0.1958	-2.4163	-3.8483	-2.4808	-2.9311	-2.1943	-0.7680	-1.4314	-3.6530
-2.8353	-0.9739	-2.3785	-2.2983	-1.1028	-2.3631	-3.4263	-2.1217	-0.0414	-4.3620
-4.6046	-1.4776	-1.4440	-2.1545	-2.0895	-3.0605	-3.5425	-0.9844	-0.3892	-4.3668
-1.9222	-1.0734	-2.0619	-2.6043	-2.7106	-2.7006	-3.2134	-2.3783	-0.9679	-2.1528
-4.4734	-1.5331	-2.3582	-2.6218	-2.7499	-1.9213	-1.2999	-1.6603	-2.3399	-3.3189
-4.3808	-1.0795	-1.8882	-2.1658	-1.6983	-1.6595	-1.7369	-4.3883	-1.6746	-3.6547
-3.7784	-0.4795	-1.9109	-2.4162	-2.3478	-1.8835	-2.7973	-2.0823	-1.7505	-3.3434
-4.1522	-1.5411	-1.0284	-2.8168	-2.5061	-2.5221	-1.7230	-1.3320	-1.3397	-3.6563
-3.4243	-0.8659	-2.5366	-2.3657	-1.0196	-2.2235	-1.4104	-1.9896	-1.5855	-3.0326
-3.1637	-1.5662	-2.3145	-4.0098	-3.5043	-2.4245	-2.9132	-3.0121	-1.2690	-3.4251
-3.8531	-0.6318	-0.9809	-2.6851	-3.4584	-2.3352	-1.6196	-0.6740	-3.3127	-2.7764
-4.8239	-0.8344	-1.4861	-2.7735	-1.9160	-1.8407	-4.4248	-2.2703	-1.3365	-3.9629
-3.0059	-0.1874	-1.5326	-3.1340	-2.2360	-2.1030	-2.4022	-1.9263	-0.4240	-4.9849
-3.7644	-1.1695	-0.8035	-1.8757	-2.4667	-3.9333	-2.9683	-0.5755	-1.2774	-5.2060
-5.2129	-1.4520	-1.1423	-3.2679	-3.0791	-3.0206	-3.0435	-1.0284	-0.1416	-4.8765
-2.9996	-2.1988	-0.9234	-1.5862	-2.4475	-2.8645	-2.1305	-0.6594	-0.3908	-3.8975
-3.6855	-1.2720	-0.8774	-1.9288	-3.9489	-2.5035	-2.8255	-1.3931	-2.2725	-3.6608
-3.1675	-2.1335	-2.1369	-2.2890	-2.4726	-1.7011	-2.0370	-1.9513	0.1094	-4.0325
-6.1794	-0.6261	-1.0048	-3.8612	-2.9588	-1.4429	-1.4335	-2.2127	-0.6709	-4.2413
-4.4323	-0.6500	-1.8338	-3.4706	-3.7955	-2.5572	-2.6763	-1.1558	-0.3140	-4.5651
-4.7017	-1.6135	-1.4477	-1.3010	-2.6058	-2.9629	-2.8575	-1.7063	-1.2554	-4.7644
-2.9190	-2.0034	-2.8201	-2.5492	-2.3331	-2.8458	-2.9334	-1.4947	-1.1833	-3.5480
-4.3217	-0.4071	-1.6331	-2.4238	-1.5257	-3.0928	-3.5156	-0.4069	-2.0645	-2.6473
-2.7030	-0.9407	-2.8402	-2.8791	-2.7579	-2.2304	-4.5363	-3.6519	-1.5412	-3.8988
-2.1973	-2.4156	-1.4430	-2.0475	-2.3301	-1.3248	-2.7621	-2.3388	-0.4614	-4.2964
-4.3235	-0.9411	-1.4122	-3.0066	-2.9400	-2.2868	-4.0797	-1.8181	0.0208	-4.2661
-3.9087	-0.6742	-0.8686	-2.7775	-3.6142	-3.6074	-2.0387	-1.4181	-2.6469	-3.4545
-4.7085	-1.8754	-1.4610	-2.9930	-2.9283	-1.4838	-1.9688	-0.8338	-1.0055	-4.3517
-4.1725	-1.6942	-0.5435	-1.6548	-1.2413	-2.3734	-2.5755	-0.7399	-0.9864	-4.4348
-4.7662	-1.6652	-1.3988	-1.4627	-3.0391	-2.1585	-2.7346	-1.4508	-1.1349	-4.5609
-4.7864	-2.6117	0.2521	-1.7264	-4.7056	-2.9262	-2.3746	-1.1576	-1.5715	-5.2899
-4.1686	-0.3174	-1.1117	-3.0021	-3.3263	-3.5071	-3.3423	-1.3107	-0.5541	-3.9457
-4.7028	-0.8288	-1.8665	-2.2454	-4.0666	-3.2829	-1.7419	-1.2659	-0.5097	-4.1239
-4.4742	-0.2581	-2.0621	-5.1488	-3.6239	-2.3170	-2.7686	-1.5424	-1.0155	-4.5077
-4.3189	-0.4674	-1.1992	-3.2439	-3.5669	-3.5121	-2.2615	-1.2972	-0.9138	-3.3499
-3.3507	-2.7142	-1.0573	-2.7437	-1.4707	-2.2233	-4.1062	-1.5182	-1.3378	-3.3187
-2.9758	-1.0156	-4.0595	-1.3877	-0.7571	-3.0397	-2.8705	-2.4671	-1.9707	-5.2363
-3.8842	-2.4624	-1.9207	-2.6971	-3.0120	-2.0542	-1.9239	-2.2278	-2.3425	-2.8360
-2.8255	-1.1072	-2.0399	-2.4270	-3.0312	-3.1634	-2.5244	-0.8753	-1.3749	-4.7712
-3.5925	-1.0554	-2.1294	-3.2269	-1.6315	-1.6821	-3.6148	-2.6349	-0.2932	-4.2299
-3.6266	-1.1770	-1.5374	-2.7835	-0.9187	-0.8030	-2.7530	-2.6666	-0.2083	-4.2780
-2.8840	-2.7044	-1.8470	-1.9795	-2.4709	-1.9997	-1.9603	-2.2691	-1.3469	-4.2562
-3.8947	-1.3284	-1.7427	-1.8444	-1.3875	-2.6887	-3.3568	-0.6050	-0.8802	-5.0356
-2.5213	-0.6055	-2.0444	-3.5063	-1.6241	-3.5114	-4.5147	-1.0529	-1.0958	-3.4815
-3.9459	-1.9599	-0.5359	-1.6944	-2.8174	-2.8120	-2.5023	-2.0517	-0.6757	-4.3281
-3.3775	-2.3522	-2.8966	-0.9939	-2.1775	-5.4320	-2.0380	-0.0302	-2.3350	-4.8274
-3.3426	-0.7332	-2.7891	-3.1296	-1.5974	-1.5097	-3.5648	-2.9467	-1.2854	-3.5436
-3.5754	-2.1634	-2.5044	-2.1829	-3.4425	-4.4121	-1.4117	0.0438	-0.6520	-5.0443
-3.0886	-3.2746	-2.1129	-1.5372	-1.0048	-2.3600	-4.0837	-1.0506	-1.7646	-2.1979
-4.7992	-1.8336	-1.5697	-3.6196	-3.5797	-1.8282	-3.4277	-1.7722	-0.5570	-4.9230
-5.0204	-1.9435	-1.8562	-2.3467	-2.0315	-1.7590	-2.2325	-2.3995	-2.6283	-3.1367
-3.3074	-0.9196	-2.8554	-2.3659	-0.9135	-3.5941	-2.4761	-1.9806	-0.7755	-3.2558
-3.8790	-0.7584	-0.0559	-1.6319	-5.0169	-2.8199	-1.0114	-1.1464	-1.2986	-5.4360
-4.5410	-0.8533	-1.2633	-1.3623	-1.9598	-2.8278	-2.2750	-2.2551	-0.1778	-3.8314
-4.6068	0.8200	-1.2529	-3.7484	-3.3722	-2.2597	-0.7122	-1.8325	-1.2325	-2.9239
-3.9665	-0.5726	-1.5059	-2.1381	-2.9237	-3.6572	-2.5336	-2.9299	-2.2633	-3.4180
-4.9874	-0.6446	-1.9114	-4.0311	-2.3129	-2.6248	-3.7564	-1.9021	0.0255	-4.2683
-3.2697	-0.7619	-1.3092	-2.5739	-2.2371	-2.1231	-4.7090	-3.1745	-0.6467	-2.5472
-5.7143	-0.2910	-1.3819	-4.2111	-1.3299	-0.9935	-4.3116	-3.1565	0.0729	-2.9542
-4.6831	-1.3897	-0.8027	-2.0441	-3.1748	-2.4819	-2.2006	-2.1641	-0.7123	-5.1354
-3.6451	-0.0175	-2.0283	-2.9517	-2.3638	-2.2925	-3.1712	-3.1018	-1.8363	-4.4041
-4.7257	-1.1992	-1.9341	-3.3201	-3.3691	-1.6090	-2.1208	-1.7451	-1.8972	-3.8613
-2.6260	0.2089	-1.3719	-3.7148	-1.2862	-1.8932	-3.4525	-1.3746	-2.5221	-3.9682
-3.7166	-1.2426	-1.2431	-2.8964	-2.6680	-1.5555	-2.9084	-1.8576	-0.9422	-5.6702
-2.9381	-0.8344	-3.5055	-3.4924	-1.3307	-2.9240	-2.7082	-1.1898	-0.8970	-4.2164
-4.3314	-2.3043	-2.4503	-2.2502	-3.7370	-3.7334	-1.5896	-1.1892	-0.2197	-4.9614
-3.3853	-1.8985	-2.5444	-1.7076	-1.6597	-4.1666	-3.5681	-1.2681	-0.8718	-5.2511
-4.0469	-1.4429	-1.0257	-2.6106	-3.9897	-2.2918	-2.5012	-1.2420	-0.7002	-3.0939
-5.0445	-0.3585	-0.5527	-3.0997	-3.4312	-2.0436	-2.1325	-1.8808	-0.7531	-5.5457
-2.9717	-3.0479	-0.2776	-2.5126	-2.9317	-2.9627	-2.2547	-1.1325	-1.2044	-3.4112
-3.1535	-0.8511	-2.0559	-1.9329	-1.4199	-4.0781	-3.3555	-1.2614	-1.1302	-4.4755
-4.4532	-1.2226	-1.9464	-2.6120	-2.7479	-2.4830	-1.6110	-2.9820	-1.3439	-3.2306
-5.9297	-0.3458	-0.4555	-2.5117	-6.0469	-3.7143	-1.1560	-0.1257	-2.2582	-2.8462
-3.5528	-1.3360	-2.8449	-1.5017	-1.7941	-1.5781	-1.7576	-2.2231	-0.6114	-4.1035
-3.0258	-0.5872	-2.6313	-1.3813	-3.1581	-4.2529	-1.8251	-0.9143	-0.8780	-2.8675
-2.9796	-0.6924	-2.7156	-3.1209	-2.5139	-1.7875	-2.5589	-2.4083	-1.1615	-5.0502
-4.3254	-0.9178	-2.3298	-2.7081	-2.0001	-2.3770	-4.1476	-1.9574	0.1018	-4.2217
-2.3456	-2.4296	-2.7760	-2.0996	-3.0687	-4.1086	-3.1443	-1.2170	-1.4177	-3.8956
-4.9568	-1.3443	-2.5823	-2.9751	-4.1116	-3.5601	-2.7184	-1.7633	-1.5727	-3.6681
-3.9404	-0.3090	-3.0185	-3.5583	-1.7413	-2.4966	-2.7858	-3.3124	-1.1828	-3.4360
-4.3566	-1.1347	-1.6351	-3.3276	-3.3638	-1.6190	-1.6848	-1.4029	-0.6468	-3.4640
-2.7235	-1.4830	-1.6126	-2.9632	-2.4025	-1.8059	-3.1697	-2.2980	-0.8401	-3.4722
-3.2240	-2.6040	-2.1740	-1.9931	-1.7162	-2.4168	-5.2778	-1.6846	-2.1712	-3.4600
-3.6832	-1.8190	-0.8768	-1.2068	-3.9160	-3.1302	-2.0975	-1.9780	-1.7478	-3.1735
-3.0139	-0.9814	-2.4323	-2.7322	-1.5897	-2.6054	-0.8375	-0.6932	-1.5029	-3.3661
-6.1806	-0.6625	-2.8555	-3.6451	-1.7482	-3.3795	-2.3769	-1.3144	-1.2861	-5.2401
-4.3225	-1.4286	-1.5919	-3.5103	-3.0062	-0.9218	-2.2485	-2.0293	-0.1608	-5.6715
-2.4034	-1.1831	-2.6776	-3.3304	-2.0337	-2.0967	-2.2718	-2.1660	-0.9397	-5.7856
-4.1850	-0.6681	-2.0832	-4.6138	-2.4576	-1.2994	-1.2403	-1.6888	-0.7754	-3.8775
-2.6788	-0.5791	-4.2506	-4.7014	-1.2912	-1.3089	-2.3454	-1.7158	-1.7899	-4.6374
-2.1390	-1.7295	-1.0577	-1.7412	-4.0454	-3.6844	-2.0367	-0.8880	-1.6830	-3.8343
-3.9595	-1.0520	-0.6010	-1.2210	-4.0519	-4.7401	-0.8737	-0.6838	-1.4094	-5.5083
-2.9843	-1.8690	-0.0889	-2.4242	-2.0238	-1.7280	-3.3376	-1.4924	-1.6525	-3.0860
-3.8359	-0.6628	-2.6624	-2.3857	-3.0450	-2.7612	-1.3666	-0.7460	-1.9634	-3.7849
-2.6686	-1.1396	-1.9941	-2.0749	-2.9861	-2.2647	-1.5859	-0.8250	-1.0380	-6.6374
-3.8620	-1.2226	-3.3255	-3.4419	-2.1769	-1.5452	-2.5519	-1.7447	-1.5119	-3.5767
-3.9777	-2.3822	-1.3042	-2.1159	-5.2459	-2.9881	-2.1472	-1.2034	0.4811	-5.0593
-4.9094	-1.5501	-1.9607	-2.2562	-3.2352	-3.2495	-3.5272	-2.7024	-0.8242	-3.3395
-3.8069	-0.8863	-0.5984	-2.0348	-4.1847	-4.6561	-1.7581	-1.4080	-1.3914	-4.5592
-4.3903	-0.9481	-0.8185	-2.9064	-2.3148	-2.8712	-4.1956	-2.3115	-0.8111	-3.1749
-5.2854	-2.3131	-1.3317	-1.0566	-1.8903	-4.9536	-3.1919	-0.0468	-1.6292	-4.1129
-3.6564	0.5172	-2.5820	-2.5277	-2.3832	-2.1567	-2.4635	-2.8044	-0.3347	-3.4807
-4.4730	-0.8408	-0.4656	-3.3312	-2.4903	-1.1231	-2.6941	-1.8629	-1.2501	-3.2378
-4.2614	-0.7704	-2.0168	-2.7227	-1.7148	-1.2092	-2.9977	-2.4352	-0.7882	-3.1380
-3.5908	-1.5882	-1.9956	-1.3178	-3.1948	-3.9735	-2.0516	-1.8902	-1.3019	-4.3553
-3.5270	-1.0357	-1.4678	-3.6371	-2.1341	-2.0600	-2.6192	-1.2987	-0.9957	-5.5336
-5.7599	-1.7175	-0.9718	-3.3582	-2.7243	-2.3737	-2.2960	-1.0966	-1.9090	-4.6180
-2.9943	-1.4106	-0.7019	-2.0121	-2.8950	-3.1030	-2.3790	-1.7763	-2.0064	-3.1123
-4.1071	-0.5753	-1.6275	-4.7742	-3.0074	-1.9267	-1.8800	-2.2690	-1.1220	-3.1854
-5.4307	-0.5581	-1.8306	-3.6148	-3.1699	-2.2042	-3.3734	-2.7776	-3.0810	-2.5289
-4.5653	0.3452	-1.8033	-4.9311	-1.8351	-1.4619	-3.3771	-2.3644	-1.3254	-3.8708
-4.2791	-1.9586	-0.6717	-2.2007	-3.5663	-3.6081	-2.4203	-0.9016	-1.1451	-3.3077
-3.1290	-2.1917	-2.3432	-2.0165	-1.9201	-3.4763	-3.1257	-2.4083	-1.4854	-4.4661
-2.7801	-1.3905	-3.3168	-3.4471	-2.5963	-2.5056	-1.6434	-1.9371	-1.2320	-5.4209
-4.5684	-0.5112	-1.9149	-2.6416	-3.0022	-2.3729	-2.5644	-2.0729	-0.4763	-3.9910
-4.1068	0.1909	-1.5250	-3.5197	-2.7207	-1.6938	-1.6518	-1.1095	-2.6453	-3.6760
-2.1611	-3.1197	-2.3357	-1.3944	-1.6229	-2.5837	-2.3310	-0.4152	-0.0844	-6.2937
-5.2725	-1.4495	-1.4790	-2.9453	-3.1552	-1.7711	-1.8357	-1.6531	-0.6166	-3.6536
-3.4737	-0.3722	-3.4499	-3.4835	-2.1505	-1.3830	-2.8114	-2.9443	-1.4276	-4.7263
-4.1394	-1.6723	-1.2298	-2.2059	-2.3856	-1.8069	-2.6001	-0.9632	-1.9223	-4.9067
-3.2683	-2.6320	-1.5060	-1.7904	-2.5981	-2.9853	-1.7739	-2.5111	-2.4242	-2.5123
-3.1451	-0.5730	-1.8511	-1.9152	-1.7087	-2.5996	-1.4050	-0.2142	-1.9431	-5.4865
-3.2912	-0.4325	-1.3164	-3.6592	-2.0858	-0.9630	-3.2582	-2.4025	-1.3814	-4.3132
-3.3962	-2.6250	-2.0102	-3.1726	-3.9119	-3.0686	-2.9001	-0.5715	-1.1874	-4.0602
-4.4774	-1.5715	-2.5669	-1.3250	-1.8291	-5.2833	-3.8687	-1.4344	-1.3318	-4.3845
-2.8931	-0.8377	-2.2145	-3.1898	-3.6134	-3.4460	-1.1199	-1.3091	-1.6982	-4.3813
-3.0563	-2.5721	-2.9744	-2.3193	-2.9682	-1.7139	-2.5584	-3.0803	-1.4488	-2.7586
-3.1649	-1.4487	-2.4848	-1.3148	-2.3333	-3.6846	-3.6578	-2.4604	-1.0864	-3.7025
-3.4479	-1.2684	-2.9724	-3.7150	-4.0685	-3.8824	-2.0755	-1.1198	-0.3976	-4.1390
-4.2263	-1.5851	-3.7524	-4.1240	-2.2230	-1.2240	-1.4978	-1.9160	-1.8016	-3.3362
-2.7845	-1.6958	-1.6599	-2.1283	-2.2120	-3.6702	-2.8506	-1.4075	-2.7546	-3.4130
-1.9733	-3.2530	-1.7880	-0.4479	-2.6649	-3.9466	-2.6924	-2.0466	-1.5753	-3.1319
-5.1039	-0.4645	-1.1556	-2.6555	-4.5219	-5.9588	-2.5788	-1.0397	-1.8227	-4.9574
-3.8570	-1.4564	-1.9265	-3.6303	-2.7884	-3.1310	-1.1941	-0.1580	-0.9763	-3.2520
-5.0338	-0.7602	-1.8736	-2.5849	-2.1951	-2.2903	-2.3252	-2.1903	0.1439	-3.2834
-4.1871	-0.6859	-1.1821	-1.7568	-2.6098	-1.8388	-2.3640	-3.0839	-1.4008	-3.6545
-3.5650	-1.0209	-2.0404	-2.4910	-1.4931	-3.8762	-4.3916	-0.7224	-1.1005	-4.1805
-5.7956	-0.9597	-2.6569	-2.5056	-1.8216	-3.3687	-3.0233	-1.2317	-1.5031	-5.0649
-4.8834	-0.3998	-1.8791	-3.3753	-3.9784	-3.9107	-3.4067	-1.6726	0.2851	-4.5082
-3.8925	-1.2206	-1.5962	-3.1649	-2.9440	-2.9226	-2.7216	-1.7698	-1.2896	-3.8746
-2.9707	-0.7307	-3.9520	-3.0762	-1.7184	-2.7960	-3.3793	-2.0760	-0.5221	-4.2255
-4.0189	-1.7606	-1.0563	-2.6926	-1.4819	-1.1161	-2.8331	-3.1380	-0.1922	-3.0449
-3.2193	-2.1274	-2.8753	-2.4339	-0.6966	-3.6702	-3.6024	-2.2075	-1.3904	-4.1101
-4.7216	-1.3840	-2.6672	-2.6378	-1.9165	-2.7329	-3.7388	-3.1914	-1.1124	-4.3401
-3.5549	-1.0566	-2.4115	-1.8499	-1.3553	-2.1875	-4.6153	-1.4785	-1.4579	-4.4449
-3.3927	-1.6275	-2.4525	-3.3086	-2.2759	-3.4009	-3.2666	-0.7306	-1.3048	-4.6723
-5.4735	-1.1155	-1.1836	-1.9607	-2.4385	-2.9896	-1.2439	-0.8853	-1.7312	-2.8210
-4.0964	-1.7790	-2.6620	-3.5530	-2.2015	-2.2756	-2.6189	-1.4299	-2.3693	-2.5580
-3.8807	-0.6735	-1.6579	-3.4937	-2.2920	-2.5032	-2.2876	-2.6293	-1.5437	-4.2551
-3.6155	-0.9166	-2.3736	-2.6806	-2.7302	-2.5000	-3.3860	-2.4214	-1.2512	-4.3717
-4.1920	-1.1056	-0.7201	-3.7794	-3.7184	-3.3081	-1.6461	-1.2520	-2.5433	-2.8370
-2.9864	-2.1372	-2.0291	-1.7962	-1.7786	-2.6545	-2.4954	-1.3742	-1.2969	-3.9327
-4.0085	-0.6242	-1.0193	-2.3286	-2.5572	-2.1008	-2.6078	-2.3187	-1.3723	-3.0089
-2.9823	-0.9995	-1.2335	-1.6681	-3.9692	-4.4887	-3.0079	-2.0399	-1.4023	-2.7629
-4.3858	-2.9466	0.5274	-1.1675	-5.5111	-3.7334	-1.8711	-1.4131	-1.2179	-4.2597
-3.0345	-2.1566	-2.2719	-3.1517	-2.1418	-1.3734	-2.5193	-1.8641	-2.4996	-3.9146
-3.7481	-0.3894	-3.2616	-4.8605	-1.9676	-1.6288	-3.7016	-3.3157	-0.7889	-3.8652
-4.3189	-1.9769	-1.5046	-2.4653	-1.7810	-2.4580	-3.7817	-2.5028	-1.0988	-3.5684
-5.2931	-2.1873	-0.7811	-1.5847	-3.1358	-3.1148	-2.2075	-1.3995	-0.1881	-4.7139
-1.4415	-2.4689	-0.8913	-3.2165	-2.6064	-1.8970	-1.3220	-2.3859	-0.3670	-4.0064
-5.1076	-2.1797	-0.8787	-1.8062	-4.0341	-4.7316	-2.5687	-1.1917	-1.9714	-4.6467
-4.4866	-1.0968	-1.9120	-2.3665	-3.2928	-2.7614	-1.7924	-2.3216	-1.1972	-3.7334
-4.5175	-1.6432	-1.7680	-2.2284	-4.2045	-2.2694	-1.4685	-2.6913	-1.5314	-3.4423
-3.8638	-2.5048	-0.1751	-1.0774	-4.9596	-3.7308	-2.2344	-1.2300	-1.1378	-4.8039
-6.2098	-0.8800	-1.0337	-2.8983	-2.8300	-0.9349	-3.6517	-3.8310	-0.3005	-3.9032
