-26.8324	-0.9748	-5.6402	-2.0391	-5.7071	-2.7963	-1.1770	-2.9422	1.8877	-5.6325
-16.5216	0.8516	-4.8679	-3.2215	-2.5470	-5.0961	-1.4623	-4.6264	1.6343	-8.5254
-8.8114	1.6613	-9.0318	-1.5033	-1.6764	-5.9695	-0.0552	-6.5822	0.5752	-8.0849
-8.4683	1.5869	-7.1450	-0.6254	-3.7745	-6.5050	-1.0981	-1.7777	1.1652	-9.9337
-8.6280	2.0177	-3.8456	-1.7099	-2.5158	-2.8863	-2.6953	-8.0069	1.1907	-8.2469
-11.1654	0.3341	-6.3837	-1.7379	-4.5192	-1.0548	-0.0676	-6.2289	1.9963	-5.9921
-12.6966	1.0132	-5.3647	-1.1935	-2.7315	-1.7274	-2.0893	-8.4031	1.7376	-13.1547
-6.5082	0.7498	-6.5943	-1.7003	-1.4303	-1.5881	-2.2544	-5.4386	0.8588	-16.4042
-10.4450	2.1758	-5.5766	-3.4441	-2.1204	-2.6073	-0.6740	-2.8589	-0.3469	-8.5329
-17.4024	-0.1191	-5.7669	-1.0464	-1.2605	-2.1289	-1.2474	-3.3694	0.6265	-24.1345
-10.5551	0.3278	-2.0899	-0.8350	-6.6553	-1.0147	-0.7787	-3.2828	0.7235	-19.4016
-9.4579	1.7919	-1.7555	-2.2258	-5.0320	-4.3212	-1.4209	-3.6488	0.2389	-7.7731
-5.1143	0.9819	-4.8704	-2.8604	-3.1996	-2.7146	-1.6569	-6.9267	1.6765	-10.6847
-5.8197	1.6074	-6.5069	-1.9801	-4.0730	-1.2644	-0.3970	-4.1340	0.1355	-8.8909
-18.8609	2.0271	-2.4135	-2.2086	-4.7653	-3.0169	-1.4476	-8.4807	1.9052	-11.3346
-8.5995	1.4423	-9.4724	-1.0161	-5.5476	-3.5583	-2.3742	-5.8918	1.6001	-10.1345
-5.4499	1.1756	-4.0696	-0.2815	-3.3870	-2.6995	-1.2456	-6.3225	0.8608	-8.8044
-12.8699	-0.3909	-6.4959	-2.4155	-3.4998	0.2927	-1.3553	-7.3390	0.6098	-9.7731
-10.7619	1.1715	-5.6847	-1.1218	-2.8403	-5.6870	-3.6860	-2.3510	1.3159	-8.7942
-13.6139	0.8276	-9.3949	-1.5034	-1.8823	-3.1079	-0.0813	-4.3520	0.0506	-5.9478
-12.6606	2.2688	-5.7518	-1.9066	-1.1763	-5.8163	-2.2848	-5.2535	1.7233	-11.7352
-14.3917	0.4337	-4.3652	0.1004	-1.8055	-4.6662	-3.5090	-5.1993	1.1653	-12.7820
-14.6849	1.6052	-3.6340	-0.9831	-0.4699	-4.2623	-2.2681	-3.6067	-0.7539	-15.6095
-11.7179	0.2172	-8.1236	-0.6371	-3.2248	-0.9679	-1.7946	-8.2781	0.8128	-7.9504
-8.4926	0.0192	-3.5382	-0.4280	-1.1742	-1.9961	-2.9891	-5.8090	-0.5604	-10.9580
-19.6674	-0.7418	-4.2392	-1.9114	-2.2542	-1.1127	-2.2687	-4.0728	2.0148	-17.3410
-13.4269	0.7398	-7.2740	-2.7271	-2.1664	-0.5023	0.5306	-9.1683	0.5509	-23.0175
-12.6165	-0.2217	-2.6037	-0.8093	-4.2706	-0.0407	0.7193	-5.0151	-0.0003	-14.6841
-6.4654	0.7903	-7.2608	-4.4673	-3.9839	-1.3739	-0.9553	-4.7243	0.1981	-8.2564
-7.9413	0.7437	-4.2248	-1.8645	-6.2908	-3.3944	-0.6024	-4.8170	0.5801	-14.5912
-6.4747	1.3754	-9.0766	-2.0395	-4.5039	-3.4756	-1.1751	-4.1757	0.1069	-9.7650
-11.2601	1.1678	-2.5730	-0.4791	-6.3291	-3.9045	-0.5854	-3.4767	0.4753	-9.3707
-10.7248	-0.4224	-7.0666	-0.7402	-2.2388	-1.1694	-1.5716	-4.8676	-0.9917	-15.4163
-17.3988	1.6065	-4.8398	0.3245	-4.9349	-2.3741	-2.5066	-4.7094	2.5653	-8.8104
-8.5842	1.3854	-6.0599	-1.6534	-3.3194	-1.9359	-2.6433	-2.9447	1.7710	-11.4805
-12.7542	1.5334	-5.5625	-2.6810	-4.8963	-1.5599	-0.6817	-7.6202	0.9404	-14.3898
-8.0587	0.3241	-5.4172	-0.7825	-3.4954	-2.2699	-1.0697	-11.5343	1.3424	-18.0650
-10.7660	1.9068	-4.2588	-0.2137	-4.7114	-6.4620	-1.0777	-5.0511	0.9768	-9.8043
-10.6553	0.4135	-4.1120	-3.3968	-5.3860	-3.1577	-1.9288	-4.1762	1.7932	-14.3913
-10.5286	0.8025	-4.2906	-2.3908	-2.1942	-2.7041	-0.3323	-3.8968	-0.1821	-10.0747
-4.2476	1.8643	-9.5507	-3.3315	-2.8063	-2.6964	-1.3795	-7.0023	1.0531	-8.2644
-13.8066	-0.0616	-4.7672	0.0131	-2.2442	-3.0808	-3.4336	-5.4955	1.7876	-10.9686
-7.9108	1.5808	-6.8369	-1.9614	-3.9220	-2.1175	-3.5833	-3.0806	2.1177	-13.3786
-12.2662	-0.1512	-3.3039	-2.7414	-2.9855	-0.9988	-1.4746	-5.1989	-0.7368	-6.9788
-8.8237	2.3158	-6.3554	-2.2459	-4.2147	-4.3516	-1.8150	-6.2808	1.1030	-7.6120
-7.8177	-0.4760	-3.8597	0.9830	-1.5897	-0.5031	-1.9745	-10.4903	0.1560	-9.0148
-12.8355	0.0309	-4.2248	-0.4155	-6.3260	-1.8089	-1.7986	-7.2601	0.5663	-12.4987
-18.0710	1.7042	-5.5624	-0.6423	-5.3817	-4.8186	-1.3800	-7.3414	1.2479	-7.3670
-10.8110	0.2578	-2.9807	-1.6728	-1.3523	-4.7086	-2.1871	-4.5703	-0.1785	-9.2069
-8.3437	1.4740	-6.2272	-2.3730	-1.5527	-3.5122	-0.1958	-2.8561	-0.0136	-11.8664
-12.2712	1.6847	-5.1013	-1.0889	-8.4211	-2.2803	0.3880	-4.9740	0.0967	-10.7968
-20.2585	1.1976	-2.9876	-1.6133	-4.2297	-2.5768	-2.0269	-5.9081	1.5047	-6.6979
-3.6612	0.7514	-2.6727	0.1633	-3.6351	-3.8186	-1.6916	-6.8269	0.4266	-22.3141
-14.1663	0.6374	-5.2768	-3.5435	-2.2971	-0.0672	-1.4003	-3.3951	0.0530	-11.4804
-16.3030	-0.1242	-2.9966	-0.8901	-3.8894	-1.1209	-0.0153	-6.1581	-1.6256	-11.6303
-14.9666	1.1205	-4.6478	-3.4078	-2.8011	-2.7294	-1.4416	-4.0919	0.5356	-12.0849
-9.7429	0.6144	-3.6034	-1.7090	-2.7676	-4.3981	-0.8360	-2.9821	0.7523	-9.2393
-7.5524	0.9090	-2.0154	0.3160	-3.6304	-4.4656	-4.1496	-6.9398	1.0593	-20.6640
-12.2372	-0.0888	-4.7332	-1.2867	-1.6274	-3.8042	0.1205	-5.1423	0.3893	-10.3137
-9.1497	0.7433	-8.4302	-2.3025	-1.9273	-2.8380	-2.9637	-5.5483	1.1610	-9.2916
-12.4379	2.4462	-5.5913	-2.1529	-7.1165	-5.1909	-0.3557	-3.1487	0.0206	-8.7742
-9.6343	0.5088	-6.8094	-2.9017	-3.6388	-1.6720	-0.5444	-5.7038	1.4002	-8.8644
-9.4880	-0.0358	-5.3717	-0.9944	-0.5189	0.3782	-2.1851	-5.1553	0.7425	-7.7541
-8.8347	-0.6232	-3.1706	-0.3899	-5.5287	-2.3857	-1.2517	-6.2232	1.9236	-7.9941
-7.6210	1.3862	-5.8460	-0.3418	-1.3201	-2.5454	-1.3701	-5.0457	-0.3939	-12.6604
-9.0083	-0.9832	-6.4127	-0.8539	-3.6288	-2.3786	-1.2024	-2.8574	2.0300	-12.4156
-6.5504	0.7420	-4.2669	-2.8568	-2.5687	-3.4711	-1.4870	-3.3875	1.2720	-8.6369
-14.5505	1.1526	-3.5490	-1.7577	-5.9109	-3.3282	-0.7569	-4.0119	1.4791	-13.1862
-7.0662	-0.2654	-3.4231	-0.8111	-1.1038	-2.3278	-5.0534	-4.1833	1.7584	-10.0547
-10.6856	0.0577	-3.2433	-1.5711	-2.4967	-1.9823	-2.4385	-2.8104	1.1609	-9.0168
-4.6494	1.1712	-2.7877	-1.5823	-3.9384	-2.4167	-2.8483	-3.6981	0.7667	-15.5620
-10.4990	0.7873	-6.2937	-0.8627	-1.3273	-2.9255	0.1594	-3.8263	-0.1083	-15.9538
-10.2216	2.1889	-5.4023	-1.4243	-3.8770	-5.5886	-0.1127	-8.3044	-0.0719	-8.2333
-17.7583	2.0069	-9.0807	-1.3211	-1.5519	-0.0621	-1.7674	-3.9290	-0.0379	-9.7425
-7.3342	0.4493	-5.1983	-2.5050	-4.3558	-2.4186	-1.6518	-5.3396	1.6550	-10.0478
-10.4842	0.1028	-2.4743	-0.1340	-2.7273	-0.9513	-1.1372	-8.6558	0.7116	-9.2335
-11.1252	0.5607	-9.1676	-2.1326	-2.6967	-2.4101	-0.8788	-2.5526	0.9982	-19.5633
-11.5512	0.1192	-5.3543	-0.5649	-2.8258	-3.1778	-1.3291	-5.6090	1.6134	-11.8076
-10.6969	0.5096	-4.0332	-2.3218	-1.7819	-2.0257	-0.4759	-3.0022	0.5365	-8.9050
-8.0295	-0.0838	-6.4047	-0.7900	-1.7202	-2.7539	-1.6060	-5.6166	1.6294	-20.9341
-10.1158	0.7517	-4.0105	-0.9579	-1.5832	-3.5642	-0.6192	-5.6770	0.5125	-7.4591
-15.1332	0.5915	-4.6589	-2.8534	-1.5167	-2.1726	-1.8596	-5.1941	0.9686	-8.9414
-10.7503	-0.8065	-4.3826	-0.8174	-0.7476	-1.9828	-2.5315	-2.1950	1.1843	-7.8570
-16.5573	-0.9705	-3.4681	-1.8402	-3.4079	-2.4047	-1.7685	-2.8079	0.0921	-8.5323
-16.2303	-1.8110	-4.2832	-1.6885	-3.0310	-1.0156	-0.3691	-3.6566	0.5455	-6.4914
-6.1688	1.5510	-2.7899	-3.9129	-1.9593	-0.8729	-5.7202	-6.4115	0.9359	-6.3536
-11.4181	0.7102	-1.6436	-0.9522	-5.0079	-1.6140	-3.1246	-8.4490	1.1752	-6.9749
-10.9991	1.2995	-2.6971	-1.3978	-4.2649	-5.4216	-2.6046	-6.0069	1.7320	-9.2729
-38.8458	-0.6250	-4.3881	-0.8100	-1.7796	-2.6193	-2.3760	-5.4003	2.6441	-13.0341
-9.4245	0.2791	-2.9125	-0.9431	-2.4444	-2.3284	-1.3446	-12.2948	0.7773	-8.3614
-10.2109	0.7499	-3.4804	-2.2338	-2.7569	-3.6324	-0.8867	-5.3335	1.2131	-12.7266
-14.7137	0.2865	-5.6372	-2.0819	-2.3428	-6.4661	-1.0809	-3.4251	1.2677	-16.5862
-15.4569	0.6563	-3.1880	-4.2770	-4.2697	-0.6852	-2.9323	-1.9037	1.0166	-7.6799
-10.0422	-1.5474	-4.9276	-0.1661	-1.1229	-1.2681	-1.1457	-4.3739	0.6048	-8.9117
-7.2431	-0.5122	-4.1317	-3.2298	-1.3134	-1.7964	-1.6852	-7.5276	0.9739	-9.1385
-16.5684	0.8379	-5.4702	-2.9838	-3.3976	-2.7455	-0.5037	-6.8216	1.1124	-10.8529
-11.1189	1.1423	-3.8252	-0.9604	-4.1036	-1.3515	-1.4047	-6.4710	0.6152	-13.7754
-8.9319	1.5658	-6.1217	-0.1720	-5.8960	-7.1531	-2.3825	-10.3244	2.5052	-10.3708
-6.7964	0.6648	-5.8370	-1.3116	-1.3936	-2.2885	0.4669	-3.0302	-0.5920	-12.5393
-7.4133	1.3401	-4.6002	-1.6856	-3.8920	-4.0287	-1.7726	-5.4973	-0.0459	-17.4057
-12.8227	0.3004	-5.7015	-3.1364	-0.9217	-3.4935	-1.0609	-3.1629	2.0566	-8.3917
-9.5405	1.1046	-12.6193	-3.3807	-1.9541	-1.3520	-0.5150	-3.4231	1.6546	-11.9640
-6.8812	1.7457	-3.9804	-2.2510	-1.0888	-3.6124	-0.8371	-6.2497	0.5391	-19.8422
-13.6067	0.5763	-1.8781	-0.5352	-7.2832	-2.1169	-2.7272	-6.6424	2.1755	-8.0412
-17.7036	-0.1530	-4.9007	-1.0014	-4.4602	-2.7512	-0.8979	-2.1367	1.9136	-7.7523
-11.4076	1.1455	-5.1797	-2.0392	-4.2408	-0.0827	-0.7667	-3.9866	1.7970	-9.7012
-7.3575	0.2409	-5.7512	-1.9490	-0.9004	-1.1600	-0.7609	-3.6889	-0.8579	-10.7271
-9.4876	-0.3572	-5.6911	-1.1687	-4.8922	-1.9226	-0.9400	-5.2772	1.1676	-10.0749
-11.6567	-0.4113	-5.0102	-0.5409	-3.6784	-1.3252	-2.0711	-9.9207	0.9441	-9.8121
-11.2324	-0.4532	-1.9285	0.3090	-5.0688	-3.8474	-1.2389	-4.5959	-0.1285	-9.8686
-9.2636	0.8994	-5.0627	-1.4171	-2.8321	-1.4512	-0.8650	-7.2510	-0.2158	-10.3553
-7.5519	0.8176	-7.1878	-0.7860	-2.3010	-4.5022	-0.7894	-6.0050	-0.6244	-11.7657
-9.2970	-0.1574	-2.8427	-3.1878	-3.2237	-0.2489	-1.7473	-6.1489	2.3274	-5.6070
-10.0787	1.5194	-6.4413	-1.3891	-0.6189	-0.8361	-2.6409	-6.6091	-1.8522	-11.8323
-12.7203	-0.3001	-5.0742	0.3249	-3.8019	-3.5169	-1.6169	-7.2720	0.5473	-9.1535
-5.3295	0.7144	-4.7510	-0.5972	-4.2977	-2.1338	-1.5174	-6.1836	0.5860	-8.7614
-11.7773	1.1656	-5.9449	-5.3026	-3.1605	-1.5468	-0.0621	-5.4833	0.8537	-13.3244
-9.7959	1.6317	-4.2809	-2.9284	-4.7895	-2.5327	-0.5267	-5.1389	-1.0982	-7.5008
-8.5552	1.4225	-8.0971	-1.0689	-2.6575	-4.1752	-0.4694	-2.0104	0.4038	-10.8857
-8.8466	0.4895	-4.2138	-3.8257	-4.4829	-4.2111	-2.7739	-2.9792	0.9059	-5.4399
-12.8245	0.7788	-6.6883	-0.9241	-1.3423	-3.0696	-0.5565	-7.0371	-0.5706	-11.2059
-9.8998	0.5403	-4.3727	-2.2657	-2.4723	-0.3756	-2.8941	-1.8441	0.2138	-18.8976
-7.5294	1.8203	-2.7419	-2.6542	-5.6261	-2.1207	-1.2864	-7.2786	1.1990	-9.2076
-14.3985	0.4182	-2.8452	-2.4986	-5.1399	-2.8501	-0.6364	-3.4223	2.1166	-14.2360
-7.4492	1.1531	-8.1108	-1.6853	-3.6279	-2.9449	-1.1781	-5.0271	0.1829	-13.3014
-10.0174	0.3390	-7.0664	-1.4469	-3.1173	-1.6009	-1.0484	-7.5469	0.9940	-5.6993
-8.3261	0.6246	-2.0557	-1.3065	-9.1309	-3.6042	-4.7371	-7.6162	2.2275	-12.8879
-15.8989	2.0610	-6.7968	-1.4598	-5.0647	-2.4434	-1.9689	-8.0088	1.7105	-13.7600
-6.7130	1.4873	-6.9330	-0.5523	-4.8462	-4.0058	-1.7320	-4.3159	0.5608	-8.6106
-12.7440	-0.2848	-6.8464	-1.8850	-3.5070	-4.8855	-2.0745	-5.1345	2.6651	-3.9109
-16.1816	1.2653	-6.1354	-2.7404	-4.0991	-2.9321	-1.8029	-8.7559	1.6121	-7.1510
-11.4975	0.0690	-4.7421	-1.8167	-5.2353	-2.3197	-1.4255	-5.5437	1.9958	-8.6151
-11.5372	1.0356	-3.3421	-1.1803	-2.0818	-2.1826	-0.9063	-3.6527	0.4730	-11.9184
-21.3519	1.4857	-7.9228	-1.1227	-2.7859	-3.0863	-2.1505	-1.6122	2.7332	-18.9585
-5.6561	0.6811	-11.2288	-1.4952	-4.7417	-3.6056	-0.4669	-3.0466	1.5382	-9.1345
-15.5193	-0.5985	-4.1744	-0.1155	-2.5919	-3.4248	-1.3359	-3.4906	0.0800	-15.3772
-14.2208	0.9061	-4.7913	-1.6634	-1.2832	-1.4560	-2.0811	-2.6138	0.4119	-8.1520
-11.0377	1.3571	-5.3152	-3.6211	-2.1230	-3.2776	-0.1965	-4.8867	0.5803	-4.8508
-13.6171	0.6920	-6.5024	-2.6142	-0.7923	-1.4413	-2.8335	-3.0803	0.4338	-10.2655
-5.6163	0.8603	-4.5653	-2.0550	-3.5224	-0.1808	-1.9730	-4.1455	-0.0070	-11.0169
-10.4269	0.1321	-2.4136	-0.0590	-5.4515	-1.3046	-1.5930	-5.5956	2.4177	-12.4516
-14.7965	0.1508	-3.8869	-1.4164	-4.6149	-4.5252	-2.0396	-4.2789	1.1768	-7.1056
-10.7512	1.8925	-1.7313	-2.4610	-3.9059	-5.9236	-4.2131	-5.3593	0.1625	-4.6681
-11.3533	1.4419	-3.8411	-1.8670	-2.0274	-3.4568	-0.9048	-2.4575	-0.2174	-16.7922
-13.7384	0.8603	-4.1986	-1.3994	-2.7324	-2.7522	-0.5265	-5.9341	2.0320	-9.2109
-11.3099	0.8912	-6.3663	-1.3897	-4.4652	-5.6795	-2.4329	-1.8256	1.1285	-8.3773
-6.2452	2.0636	-6.0951	-4.6201	-5.9770	-3.3885	-1.0081	-7.0240	1.7341	-10.9741
-6.0823	0.3016	-7.7729	-1.6639	-2.3752	-3.4442	-0.3079	-7.2923	0.7265	-5.9419
-10.0762	2.4513	-3.6257	-1.8808	-4.2370	-6.8128	-1.0655	-2.8953	-0.3619	-14.6926
-10.9116	0.3125	-9.4102	-2.1155	-2.0594	-2.7569	-1.4916	-5.2537	0.2515	-6.8070
-5.1165	0.1058	-3.8319	-1.7111	-3.7695	-2.0602	-0.2513	-4.1384	-0.3405	-10.6392
-10.4672	1.2616	-6.2355	-3.4006	-3.2215	-4.8145	-2.1927	-1.7179	0.9720	-8.4297
-6.2594	-0.1791	-6.2896	-1.4823	-5.2007	-1.3953	-0.4634	-7.1023	1.8721	-6.0172
-10.1460	0.8848	-4.8856	-1.0160	-3.0514	-4.5228	1.3947	-6.8664	-0.3434	-6.8078
-10.5641	1.0727	-5.7174	-1.7634	-2.8451	-3.2391	-1.9285	-3.9625	1.5278	-6.0569
-15.3958	0.4772	-3.9878	-3.0315	-2.8430	-0.6197	-2.6560	-7.3067	1.2316	-12.3914
-14.8975	0.2379	-7.2967	-1.1198	-2.6603	-2.9269	-1.0061	-5.3123	0.8428	-11.7252
-15.5145	0.2089	-3.3539	1.3422	-4.6605	-3.2859	-1.1338	-5.4072	1.9227	-9.8791
-13.8309	-0.1498	-3.9219	-1.1724	-1.3555	-3.6700	-2.9398	-4.2574	1.6881	-12.7405
-8.0417	0.3973	-3.6587	-1.4419	-4.0309	-6.1490	-2.6031	-8.9906	1.8690	-8.3560
-8.0442	1.2038	-4.3880	-1.2607	-2.7588	-4.0511	-3.8581	-9.3870	1.4227	-8.2414
-11.6984	-0.0144	-9.9313	-2.1190	-2.5447	-2.9771	-1.8063	-2.8240	0.3320	-6.7080
-14.5962	1.6489	-7.7214	-3.4805	-1.6368	-3.9521	0.2275	-4.2545	0.2732	-8.6145
-11.6158	0.6185	-7.8078	-2.6651	-1.8127	-0.9072	-1.4617	-3.8883	0.5899	-10.6403
-5.0356	0.3890	-3.8837	0.2894	-2.2602	-3.4178	-1.6019	-8.5219	0.5780	-17.8809
-9.1863	-0.3008	-7.7911	-0.6856	-3.0761	-2.2012	-0.3862	-3.4355	1.0974	-12.2738
-10.9309	1.0082	-5.6400	-2.9141	-3.9205	-3.8668	-1.2907	-3.5534	1.5724	-10.2698
-7.1704	1.0400	-3.5651	-0.4470	-1.8363	-2.3933	-1.0551	-6.7565	1.5829	-10.7588
-6.7882	0.3485	-3.5586	-0.5248	-2.2012	-3.3000	-1.1266	-5.0352	-0.8217	-13.4070
-23.5161	1.2602	-3.8867	-1.4109	-3.9507	-1.3015	-2.1303	-3.3318	1.2291	-6.4986
-11.6572	1.3541	-5.4107	-0.3247	-2.9131	-3.5106	-1.6608	-4.2040	0.7596	-12.1168
-8.3083	-0.5279	-3.8686	0.3211	-3.9240	-8.7699	-0.0710	-2.8128	0.7550	-10.5484
-6.1632	1.5338	-7.2066	-0.8996	-2.2635	-4.0635	-0.8803	-2.9972	-0.7187	-11.4982
-6.2094	0.1194	-5.9554	-0.6479	-3.8467	-3.0472	-1.1144	-4.0491	1.1644	-9.5291
-6.0819	-0.3178	-4.6684	-0.2363	-3.5559	-1.6482	0.1160	-2.4282	0.5872	-20.4419
-8.6519	0.7011	-4.4679	-1.5066	-2.0081	-0.8453	-3.2479	-6.2784	1.0219	-9.2735
-12.8747	0.2497	-3.8148	-2.8757	-1.3907	-3.7021	-2.5480	-4.2759	1.0603	-9.0674
-11.1175	0.8221	-7.5235	-2.6782	-1.4182	-3.7910	-1.5137	-7.0416	1.3552	-12.7129
-6.5075	3.0127	-7.0815	-2.2573	-2.4787	-3.9136	-1.6466	-7.8499	0.5591	-11.0413
-11.7438	1.6253	-5.1294	-1.9794	-3.7127	-6.1192	-0.4495	-5.0861	1.3833	-10.5777
-11.8319	0.6394	-5.3436	-4.1394	-1.2049	0.5085	-1.0291	-3.4991	-0.5804	-12.9074
-4.0704	1.4475	-6.2368	-2.3417	-3.7868	-4.2565	-1.6272	-3.4841	1.9973	-6.4141
-12.5463	-0.4611	-4.3153	-0.6750	-1.2013	-5.2132	-0.5733	-6.4671	-0.9689	-7.5587
-7.9244	-0.6223	-3.7406	-0.1979	-3.5629	-0.9649	-0.7298	-6.4914	0.2168	-16.3637
-13.6483	0.8245	-6.0890	-0.7057	-2.3696	-4.3564	-3.3122	-5.0577	1.6075	-9.3564
-9.2681	-0.5489	-11.0485	-0.2891	-2.2561	-0.9911	-1.4832	-6.1985	1.3655	-10.3159
-4.8638	2.2175	-3.2927	-1.5577	-2.7260	-3.6166	-0.9938	-6.4145	-0.0758	-14.5296
-8.4014	0.7490	-9.6533	-2.6862	-2.3471	-3.0767	-1.4191	-3.5103	0.6774	-8.7648
-12.8517	0.4716	-5.0699	-1.1814	-2.6823	-6.0335	-0.6155	-6.2742	0.5467	-9.2646
-15.4295	1.3121	-6.6294	0.1043	-2.8921	-3.8928	-2.5488	-5.7672	1.2362	-20.0390
-15.7179	1.9349	-3.1294	-1.4386	-4.9011	-4.7711	-1.2035	-8.1327	1.5690	-13.6743
-12.5380	0.7037	-4.3894	-0.1981	-5.4940	-1.4452	-0.4248	-8.2117	0.3010	-9.7953
-12.8009	0.7276	-2.1989	-0.3312	-1.6268	-4.0711	-1.1393	-6.4393	0.6275	-13.5888
-6.0241	0.7355	-7.7096	-2.8903	-3.7067	-3.8509	-0.7204	-2.1592	0.6249	-13.8711
-2.9548	1.1677	-5.4103	-1.1771	-2.5071	-1.4326	-1.5738	-6.0379	0.4445	-14.9194
-6.9134	-0.1763	-11.5120	-0.0188	-2.1766	-1.4532	-1.1597	-3.3341	0.7783	-9.8300
-8.2950	1.2021	-3.6978	-3.3749	-2.0100	-0.8149	-2.3337	-6.4093	1.3134	-11.3532
-7.9676	2.4825	-9.1151	-3.0060	-1.9073	-2.3248	-3.2155	-3.1805	1.5411	-11.5518
-7.9694	0.5384	-7.0672	-2.0825	-1.8601	-4.1353	-1.5918	-3.2611	0.7908	-6.4542
-6.8250	1.7748	-5.9591	-1.8767	-2.0428	-3.1393	-1.8755	-5.8276	0.9304	-10.7145
-10.0522	0.7990	-3.6987	-0.6804	-2.2770	-4.8784	-1.0114	-6.7395	1.2903	-5.5352
-10.4475	0.6350	-4.7694	-2.7794	-1.8464	-1.6222	-3.0587	-6.3305	1.8645	-7.3137
-13.7132	1.6991	-5.7477	-1.4324	-4.5113	-4.0405	-1.1642	-4.5470	0.7353	-9.3646
-4.4312	0.3920	-2.9767	-2.1872	-3.6642	-0.0164	-3.3960	-5.0896	0.8435	-10.7022
-7.7410	1.6742	-5.2935	-2.2844	-1.4018	-3.2763	-1.8189	-8.6450	1.8472	-12.3270
-8.3532	0.4528	-6.1372	-0.6897	-2.5916	-4.0455	-2.6475	-6.4309	1.6577	-10.0645
-8.6855	0.9810	-10.7801	-2.4464	-1.4522	-4.5830	-2.6653	-3.5137	0.8915	-8.7134
-6.0142	-0.1393	-4.4672	0.4217	-1.5761	-4.2300	-1.0473	-4.2436	-0.0614	-18.1998
-8.8458	0.2505	-5.1954	0.8318	-2.8935	-2.4682	-4.3139	-9.0913	0.7061	-9.1286
-42.3313	-1.0266	-1.9615	-0.5920	-6.2308	-2.4762	-2.2146	-8.6671	-0.5069	-8.5415
-7.5858	-0.0719	-5.7158	-0.5139	-2.9053	-2.4933	-0.6362	-5.8175	0.9279	-14.9910
-12.1035	1.3082	-3.2955	-0.4768	-2.5833	-3.0761	-1.4830	-3.2972	0.2155	-20.3065
-12.9670	1.7371	-5.9064	-1.9672	-2.1945	-0.7301	-1.7283	-8.5367	1.1364	-10.6722
-10.1762	-0.5946	-4.3280	0.7447	-5.6512	-3.8748	-0.6656	-10.4342	0.7527	-19.4270
-10.6923	0.8450	-3.0011	-0.9945	-1.2827	-4.2336	-0.9335	-4.0795	-2.3113	-22.3059
-6.3511	0.8026	-6.3611	-2.1966	-1.2533	-0.2254	-1.3271	-13.9334	0.5229	-11.9311
-7.4935	0.2046	-5.3769	-1.1040	-1.0264	-3.2299	-1.1959	-3.9960	0.7661	-9.7915
-24.3645	1.8904	-6.1106	-1.4240	-2.5484	-1.6940	-0.7414	-5.8476	1.1929	-14.5250
-8.6729	0.2424	-7.9830	-0.7885	-1.5985	-1.5152	-2.5542	-3.8885	0.6904	-9.3234
-11.2084	-0.5834	-4.0460	-2.9423	-1.7464	-0.3217	-1.7600	-3.1197	-0.0538	-9.5725
-11.3600	0.9452	-6.6462	-2.7554	-2.3930	-5.2062	-0.7134	-6.0624	0.9769	-9.1489
-11.5501	1.2221	-8.0487	-3.2487	-2.6612	-1.8447	-3.3415	-5.3662	2.4422	-7.7996
-6.9468	1.7198	-4.2584	-0.5025	-1.3792	-3.7795	-1.5299	-8.8813	1.1567	-10.4633
-12.5107	0.9446	-3.1003	-3.8352	-4.8580	-4.1878	-1.9037	-5.1288	1.1378	-7.6044
-18.3543	1.2574	-4.8391	-1.3276	-3.3041	-3.2147	-0.5868	-3.7429	0.3469	-7.2249
-8.3546	1.1132	-4.7947	-0.9603	-7.5283	-5.2649	-0.0805	-4.4846	1.2011	-9.3637
-7.0507	0.6743	-1.5980	-1.1712	-2.6818	-5.2985	-3.4913	-5.8097	0.8699	-17.1738
-7.1696	2.1403	-10.9672	-2.3801	-2.8059	-2.9916	-2.3792	-3.7467	0.8220	-27.8518
-9.4439	0.5946	-6.7110	-0.6781	-4.4097	-5.4656	0.5761	-2.9526	-0.4622	-10.7342
-5.5010	1.7593	-5.1738	-3.2651	-6.5272	-1.4888	-0.4864	-6.9723	0.9563	-11.1900
-8.7253	0.0912	-3.7735	-0.5840	-2.1329	-2.6325	-4.0909	-4.4719	0.0983	-9.8076
-9.6251	-0.4449	-7.5810	-0.9374	-3.9366	-6.3006	-0.6976	-3.9166	0.9555	-6.2223
-11.6587	-0.2790	-3.3422	-0.8849	-7.0121	-2.0145	-1.1802	-4.5807	0.6635	-10.4746
-19.3152	-0.3941	-2.0515	-0.7810	-2.1678	-2.0811	-2.5605	-4.2316	1.8676	-9.7049
-13.5937	1.4459	-2.7821	-2.8747	-2.0476	-2.2740	-0.7057	-4.7211	0.6581	-8.9933
-5.3816	0.6326	-5.4229	-1.1564	-2.2087	-2.0895	-1.0133	-4.9527	0.9180	-13.6090
-9.9664	0.2232	-3.7728	-2.6761	-2.1201	-1.7423	-0.1584	-3.5449	0.9720	-7.4056
-18.1247	1.3927	-4.2187	-2.3063	-2.3234	-0.9431	-0.5808	-2.9149	-1.6899	-14.2177
-11.1332	1.2695	-3.1324	-2.3007	-6.0633	-1.6764	-3.0177	-4.7180	0.9647	-14.2711
-10.2887	0.2564	-6.1127	-0.2529	-4.4878	-3.9377	-0.9170	-7.0015	1.1927	-11.2174
-8.7037	-0.6328	-5.6000	-0.4755	-3.7050	-4.4486	-1.5298	-2.8835	1.3739	-8.8003
-11.1644	1.1783	-6.7827	-0.5937	-1.7427	-2.1968	-1.4128	-2.4540	0.8762	-9.9833
-16.4074	0.3456	-7.8784	-0.5075	-2.5949	-4.4643	-3.8037	-3.8921	1.4774	-8.0155
-7.3840	1.8305	-5.5092	-1.8000	-2.8341	-4.3186	-1.9398	-6.1291	1.1444	-8.4067
-13.9556	0.5507	-3.5253	-2.4353	-3.0884	-2.9046	-1.2339	-3.6216	0.7984	-16.2073
-11.7912	0.0741	-8.9461	-0.1574	-1.7429	-1.3357	-0.2414	-6.0699	0.3406	-8.8893
-13.7223	1.0366	-4.4733	-3.5691	-3.6417	-4.5385	-0.2323	-5.7359	0.4793	-8.1665
-12.3930	0.7815	-4.7246	-1.3150	-3.4082	-4.2765	-0.9551	-4.8935	1.7473	-7.5685
-21.9403	1.0532	-7.8490	-2.8908	-2.1859	-2.7515	-0.5805	-3.8257	1.7889	-10.6197
-12.5336	-0.4590	-6.0264	-2.4033	-1.9380	-3.1293	-0.4901	-2.3215	1.5928	-10.4909
-12.3657	0.4909	-8.8445	-2.9324	-2.8746	-3.7071	-0.8778	-4.6241	1.9457	-7.0031
-12.4735	0.9488	-4.1372	-1.3344	-4.2908	-4.5732	-1.5485	-3.9438	0.6055	-6.3128
-6.1995	1.3781	-4.3856	-2.4914	-5.6145	-2.7223	-0.4124	-6.2321	0.8029	-8.4760
-10.6213	-1.3769	-6.1734	-2.5805	-2.1505	-0.2404	-2.4573	-5.3498	1.4407	-8.6229
-11.0977	0.6906	-4.3033	-2.7643	-4.6918	-2.6634	0.2979	-4.2467	0.1139	-14.1895
-8.6629	0.8183	-9.2031	-2.4376	-2.4619	-2.8028	-0.1494	-3.2766	-0.4237	-6.2886
-7.0310	1.0187	-6.2684	-1.8405	-1.9410	-1.2426	-1.3382	-7.0302	0.2844	-13.3368
-9.4685	-0.3357	-5.2647	-0.6871	-3.4169	-4.2315	-0.3830	-3.9027	0.8962	-7.8983
-5.4793	1.5963	-5.5945	-1.8199	-2.7737	-4.1157	0.5852	-3.2480	-0.2244	-12.9953
-8.6455	-0.6489	-3.9114	-1.4257	-4.0663	-1.1644	0.0777	-4.0590	1.5530	-10.2135
-15.3078	1.2313	-7.0696	-3.7502	-6.9168	-3.5505	-1.1092	-4.4012	0.9133	-7.6142
-10.0491	-0.0556	-5.1721	-0.1799	-3.6693	-2.7016	-0.0245	-2.9914	1.4705	-8.6629
-8.1290	0.9299	-5.7397	-1.4004	-5.5440	-4.6452	-0.4603	-7.9604	0.4981	-6.2419
-9.3142	0.6851	-5.6756	-3.3505	-4.0094	-2.4512	-1.9640	-5.9066	1.9227	-7.2065
-8.1996	0.7958	-2.3971	-2.5415	-3.4555	-2.3452	-2.4297	-5.2584	1.3771	-8.5494
-17.0755	1.9197	-1.9591	-3.3028	-5.0586	-3.0698	-1.2254	-5.3655	0.7344	-8.3824
-6.5798	-0.2827	-5.7020	-1.9719	-0.7705	-0.4362	-4.9276	-8.8761	1.7642	-7.9982
-20.5407	0.8641	-5.7758	-2.7961	-2.8824	-2.5910	-0.0618	-7.5469	0.8287	-9.2035
-9.1525	0.6486	-3.9714	-0.9647	-3.3177	-0.3357	-0.9296	-7.7210	1.7562	-27.1050
-11.2416	0.6905	-4.9110	0.7608	-4.4318	-1.7121	-3.9382	-5.2565	2.1902	-17.8818
-11.0430	0.5775	-4.7189	-1.1057	-6.6416	-4.0755	-1.1398	-4.5276	1.0297	-9.4813
-10.3436	0.6740	-2.9769	-0.2502	-0.3124	-4.2982	-2.3082	-8.9356	0.8356	-18.3113
-8.9560	0.0841	-5.9713	-1.1774	-2.3673	-2.2099	-0.8311	-2.8927	1.0305	-8.9072
-8.0670	0.7654	-4.6659	-0.0805	-2.0145	-3.4593	-3.4766	-10.1072	0.6686	-7.4161
-9.9356	0.5371	-4.5545	-2.3935	-4.0514	-3.7634	-3.3611	-4.8635	0.4175	-6.0984
-6.7331	0.3269	-4.0895	-1.5988	-7.3935	-1.9274	-1.0293	-4.3494	0.3480	-6.1944
-8.6946	1.0731	-8.9940	-0.7401	-2.1478	-4.6285	-1.3424	-7.8730	-0.4085	-10.3641
-14.9211	0.2553	-6.7599	-1.2288	-3.8865	-1.9034	-0.7689	-5.7444	0.5679	-12.5029
-10.1078	1.3444	-3.1476	-1.3101	-2.0252	-4.9079	-2.7436	-3.5932	1.0388	-12.0394
-8.7428	1.4256	-2.5975	-3.8128	-3.0285	-2.2460	-3.1345	-3.5746	0.9461	-24.6782
-11.9952	0.9693	-7.4594	-5.3752	-0.4656	-0.6999	-2.3103	-3.9145	-0.3984	-14.6849
-11.3165	2.0813	-8.6005	-3.5840	-2.3443	-2.6956	-2.1429	-4.8396	1.7964	-7.8483
-9.6700	0.4783	-2.8398	-1.0134	-3.2199	-3.8945	-2.1265	-6.1117	0.5408	-7.5099
-11.5910	0.5247	-8.1907	-0.6248	-0.3567	-3.8183	-1.5975	-3.9822	-0.1742	-5.5625
-7.1176	1.0542	-6.2632	-2.0762	-7.4148	-1.8312	-0.6027	-2.4837	0.5808	-8.3978
-14.1246	1.1250	-7.8187	-1.6657	-5.3379	-2.3402	-3.0599	-6.5281	2.7836	-11.7143
-7.1863	1.8570	-4.5729	-2.3485	-6.3739	-3.6312	-0.7257	-5.3654	1.0306	-16.2049
-13.8711	1.4836	-7.5830	-0.1374	-3.0888	-3.7779	-0.4579	-4.9408	0.9471	-17.8324
-7.4469	1.9272	-4.1506	-1.3843	-3.7401	-3.8027	-0.5281	-10.1262	0.9289	-8.7102
-8.4646	0.6579	-8.5756	-1.6882	-4.0820	-3.8444	-2.4618	-5.6323	1.8017	-9.0423
-5.1840	-0.9603	-2.6780	-0.6409	-2.7857	-2.1963	-2.1176	-3.6383	-0.5287	-10.3345
-9.5465	-0.2600	-4.0991	-0.7233	-4.0274	-3.7642	-1.8522	-2.7376	1.6453	-6.6334
-18.3724	0.4362	-7.2450	-0.2528	-5.6083	-2.0171	-1.6884	-5.4193	1.6236	-7.9007
-8.2049	1.4838	-5.0707	-2.8687	-2.6044	-3.2171	-1.8792	-4.6660	0.2467	-10.5152
-15.5737	1.9106	-6.8993	-0.5214	-1.2677	-2.1806	-0.9032	-8.3395	1.0909	-10.5861
-9.4477	1.5692	-3.7528	-1.5418	-3.4948	-1.4949	-0.4691	-7.0811	0.4763	-14.6349
-8.9031	1.6110	-2.1576	0.2320	-6.0502	-2.9622	-0.6466	-4.6127	1.1385	-12.0856
-5.9746	0.9368	-6.7656	-0.9800	-2.8970	-3.5015	-1.0307	-6.4222	0.1089	-11.2055
-19.1352	1.7131	-4.5304	-3.9046	-2.4939	-1.1206	-0.4611	-7.3261	0.0765	-7.4984
-11.2757	1.1766	-1.5748	-2.3854	-3.2533	-3.8089	-1.6377	-5.7088	1.5818	-8.2249
-7.0649	0.4205	-1.5980	-0.7335	-4.0634	-5.0819	-1.0330	-3.6812	-0.3753	-14.6445
-15.1012	0.5286	-4.8340	-1.0555	-3.0479	-1.6688	-1.4845	-3.9163	-0.0049	-10.3251
-12.4454	1.4554	-5.5894	-2.0039	-1.9042	-1.3099	-1.2254	-6.4621	0.8346	-10.5976
-11.9688	-0.0422	-2.6338	-1.5852	-7.5909	-0.6903	0.3558	-6.3355	0.4705	-7.8072
-8.4471	1.7665	-11.1196	-2.5865	-3.7156	-2.3916	-1.4195	-5.1928	0.2441	-9.3675
-9.3349	1.4346	-4.9164	-1.8740	-3.3884	-3.7262	-2.3397	-4.7127	1.5030	-11.5226
-10.5616	0.6605	-2.1017	-2.3221	-4.2560	-1.4028	-1.7356	-6.5384	-0.3340	-6.8559
-13.1590	-0.1987	-4.3777	-0.0942	-2.7099	-5.8189	-0.0385	-5.6841	-0.5349	-10.4166
-9.5533	1.5387	-7.1448	-1.0949	-3.5581	-5.9474	-2.1329	-3.2450	0.9132	-8.1308
-13.0958	-0.0219	-4.8511	-0.7184	-3.7781	-2.9919	-1.4680	-4.1692	1.6430	-11.4389
-12.1494	0.6812	-4.7170	-1.4575	-5.9370	-6.8657	-1.6847	-6.4765	1.6706	-8.2791
-7.7947	0.9783	-4.7415	-2.8819	-3.8763	-3.4301	-0.7610	-6.2524	0.7303	-12.9169
-16.2114	0.0990	-3.4707	-2.7109	-2.5139	-3.0057	-0.7947	-4.5088	-1.3121	-11.7892
-7.1459	-0.3339	-7.2884	-1.0626	-0.6761	-3.9435	-0.4654	-7.4890	-0.9295	-5.5889
-6.8330	0.9437	-4.1211	0.0261	-2.1663	-4.2397	-2.1525	-7.2376	0.7755	-10.4024
-12.1271	2.2080	-12.2319	-0.7402	-5.3594	-3.3150	-1.4437	-7.7866	0.5126	-7.9974
-9.5057	-0.1512	-6.3130	-0.9147	-1.6412	-5.0018	-0.5467	-5.0549	1.0171	-8.3031
-9.5188	0.6236	-5.8686	-0.5845	-2.1228	-5.0480	-2.7349	-4.7287	1.7615	-5.6783
-13.9473	1.6619	-4.3772	-0.8786	-3.7792	-6.5640	-3.0527	-3.3799	0.5725	-10.7651
-8.3927	2.1856	-6.9049	-2.6803	-3.0303	-2.8368	-0.5558	-4.6953	0.8944	-20.4162
-3.8863	0.9453	-3.5729	-0.7641	-2.8575	-3.1221	-2.9060	-9.2625	0.6416	-12.7488
-8.3521	0.4340	-2.9330	-1.9632	-5.4617	-3.5183	-2.6273	-4.0578	1.4203	-6.7463
-9.8525	0.9737	-3.9826	-2.2005	-2.8902	-3.2186	-1.3707	-6.5112	0.9354	-5.9526
-11.6341	1.4800	-5.6404	-0.7305	-3.1762	-7.7635	-1.0187	-4.6024	0.9445	-13.6407
-11.7855	-0.1075	-2.8650	-1.4543	-2.0583	-4.9264	-0.8321	-2.6391	0.4547	-8.8078
-10.4697	0.2723	-7.1343	-0.4918	-5.3830	-2.8067	0.3843	-2.0919	0.2715	-19.6054
-10.6869	0.0113	-7.6332	-1.1396	-1.7724	-2.5645	-0.7763	-3.2125	1.0873	-16.1526
-8.5121	0.2404	-2.4577	-1.7754	-4.0981	-0.6351	-2.0415	-7.2998	0.1320	-9.5391
-16.6439	0.3344	-5.3963	0.1971	-5.1060	-7.3839	-1.7444	-8.1102	2.9687	-3.3105
-10.0987	-0.9178	-6.5112	-1.0498	-1.8266	-2.0489	-0.9656	-5.8313	0.1592	-6.9106
-4.2695	1.1158	-15.6015	-1.1773	-2.7536	-4.6251	-1.8618	-5.3722	1.3626	-6.0571
-11.1474	0.3538	-3.9733	-1.3168	-1.3859	-1.8253	-2.0412	-7.1523	1.1738	-9.3073
-4.5661	-0.0773	-4.6379	-0.6166	-2.7701	-3.2277	-2.3515	-2.6689	1.7730	-7.4295
-9.3143	0.1311	-3.6620	-1.3789	-4.0452	-3.2028	-1.1498	-3.3108	-0.5234	-7.1418
-11.6813	-0.0521	-7.7067	-1.3125	-1.8628	-3.6711	-0.0161	-5.8299	1.8057	-8.2202
-7.1752	1.9653	-8.1475	-2.8165	-3.5560	-1.1074	-2.3358	-7.1415	-0.7530	-7.3830
-5.8342	0.4525	-7.1022	-3.7119	-4.6484	-1.0258	-1.7232	-5.1847	1.5072	-9.3149
-8.7464	1.1096	-2.6908	0.4434	-2.8293	-3.3336	-2.0907	-6.7363	0.1787	-22.6720
-11.4953	2.0214	-4.1541	-0.1068	-0.8697	-2.6777	-2.2600	-7.8993	0.5546	-19.0160
-10.2790	-0.1957	-3.0764	-1.2879	-4.8976	-0.9544	0.0381	-5.6870	1.2691	-8.7031
-7.8519	1.1854	-2.1451	-1.8842	-4.8856	-4.6735	-0.0113	-6.1172	0.1111	-11.5335
-9.6628	2.4175	-6.0644	-2.9729	-7.2669	-2.1867	1.4045	-2.7063	0.1149	-12.3654
-8.7562	0.6523	-3.5908	-1.0411	-4.7157	-2.6704	-2.2893	-9.1092	0.6689	-5.9965
-7.4707	-0.2732	-6.1968	-0.4349	-3.5160	-2.9445	0.4705	-7.5012	0.6434	-10.2924
-9.1981	0.4304	-3.7562	0.7378	-3.9352	-3.3298	-0.7511	-5.0829	1.0618	-9.8053
-9.8039	-2.2050	-2.9438	0.7978	-1.3383	-4.2829	-3.1194	-4.9581	0.3378	-11.3406
-10.3539	-0.2562	-2.9382	-1.0698	-3.6946	-1.2847	-2.0118	-8.0045	0.9723	-7.3087
-9.4729	0.7004	-4.6445	-1.3007	-2.8989	-3.2782	0.2280	-9.5484	-0.4222	-11.7480
-8.7800	1.0353	-5.0594	-0.3781	-0.5249	-1.9547	-1.1377	-8.1488	0.4955	-7.0777
-10.2146	0.4557	-4.7407	-2.4633	-3.2273	-0.4634	-1.3268	-7.5433	1.9215	-5.7385
-11.9490	-1.6751	-1.7093	-0.6169	-4.8388	-1.0390	-1.2437	-4.7523	-0.1577	-10.2094
-10.1795	1.3670	-5.3068	-0.7093	-3.4850	-3.9150	-1.6837	-7.1440	-0.0306	-11.5259
-8.3698	0.9038	-7.6742	-0.9949	-5.3196	-2.4219	-1.5009	-4.4469	0.3931	-12.4584
-13.2512	0.9988	-5.6816	-0.8760	-4.2051	-4.4948	-1.9357	-5.2769	1.2706	-14.5070
-12.7316	0.1585	-5.1116	-1.5444	-0.3004	-2.5513	-2.4553	-6.5100	0.4168	-11.0031
-9.9299	-0.7680	-3.4022	-1.1426	-3.2658	-2.9723	-3.3247	-4.2589	1.4944	-9.9994
-9.6853	0.0089	-5.6060	-3.9663	-3.9609	-1.6255	0.9405	-1.8078	1.1874	-9.4912
-14.2489	1.5951	-5.5566	0.2256	-1.3927	-2.4348	-0.0440	-2.8034	-0.1314	-6.5107
-6.9747	0.8411	-3.9722	-0.9618	-4.9829	-4.1880	-1.1722	-4.5930	1.6858	-10.0857
-7.8003	1.4297	-4.0762	-2.8685	-4.9446	-2.7919	-0.9519	-5.0284	1.9093	-9.0002
-8.8607	1.7094	-10.4009	-1.5126	-3.4301	-6.0061	-0.1539	-2.5637	-0.1908	-14.6693
-11.3608	0.1912	-3.0403	-0.4187	-1.0569	-2.9737	-0.4426	-8.9017	0.1917	-21.9404
-8.9065	1.0389	-6.8841	-2.4951	-2.4794	-2.6160	-2.0484	-8.1160	1.0909	-5.4777
-11.4279	0.8766	-7.0666	0.2412	-2.1161	-4.3182	-2.0433	-7.3883	0.2415	-8.2420
-11.5800	1.3761	-4.9769	-1.6636	-1.3172	-3.0789	-2.6253	-6.0944	2.7344	-16.5824
-7.7098	0.4240	-3.4728	-1.1202	-2.9643	-1.7873	-2.2111	-6.3655	1.1982	-14.4534
-10.2056	0.3918	-5.8131	-1.2992	-1.7802	-3.9493	-1.7926	-1.9588	-0.1357	-12.2332
-13.3743	-1.1021	-6.8241	-0.3150	-4.5215	-5.7316	-1.5401	-1.7388	1.0571	-7.6092
-6.5474	-0.1310	-4.7906	-1.4953	-0.2083	-3.0010	-1.5652	-5.0464	-0.1080	-16.8594
-10.8633	1.6899	-8.2501	-0.8716	-4.1301	-6.1316	-2.9098	-3.5517	1.6169	-21.0012
-8.4860	1.8565	-2.3744	-1.8550	-1.1319	-1.8994	-3.2828	-5.7561	0.6288	-9.7195
-8.5361	1.0558	-6.4693	-0.9329	-0.9415	-1.9879	-2.4838	-6.7060	-1.0707	-9.1528
-9.5924	0.1779	-8.4255	-1.0825	-6.1931	-1.6863	-0.0486	-5.7093	1.0346	-14.9778
-18.8182	0.7120	-4.7220	-0.8402	-2.1271	-1.8195	-3.2418	-3.6817	1.9417	-19.7766
-8.6986	0.7321	-3.7929	-2.7583	-5.8257	-3.7391	-1.2906	-6.4184	1.5558	-9.2857
-13.1572	-0.5939	-4.6548	-1.7855	-6.2063	-4.1024	-1.6025	-3.7439	1.2198	-9.5291
-9.0100	0.8658	-3.1284	0.3677	-8.4483	-3.0771	-1.1261	-3.8679	1.2452	-13.8324
-9.0353	1.3019	-5.6995	-0.8498	-1.5450	-5.4496	-0.4611	-5.5331	1.3025	-12.7142
-10.1504	1.1245	-4.9823	-2.9558	-1.1110	-5.1102	-5.0421	-4.5045	1.1850	-7.8019
-13.4329	1.6653	-4.3977	-3.3727	-2.7717	-1.9435	-2.1138	-5.5950	-0.1220	-10.9489
-10.5656	0.7867	-3.5499	-0.7175	-2.3148	-4.6324	-2.5930	-3.5024	0.6684	-6.0348
-11.3660	-0.4445	-0.9075	0.3355	-4.9943	-3.4228	-0.8972	-3.8631	1.6910	-16.6268
-9.1726	1.7280	-6.4124	-1.3811	-2.5397	-6.4076	-3.4875	-5.7495	0.8008	-7.6134
-11.1004	0.1877	-4.2829	-0.3187	-3.9482	-4.8456	-2.4557	-3.7428	2.0606	-6.0257
-16.4821	1.0226	-3.7669	-1.4991	-2.9913	-4.1902	-3.8744	-4.8974	1.7937	-11.8853
-9.7015	1.7487	-6.0875	-2.5477	-1.8682	-4.6628	-4.2845	-5.9168	0.9561	-8.0932
-24.2411	0.3323	-4.7994	-1.6168	-2.5145	-3.0706	-0.4188	-11.7841	1.3660	-12.0921
-7.3311	2.5975	-11.9391	-1.6739	-3.2098	-4.0807	0.1345	-4.3215	-0.8634	-11.1850
-8.4923	0.3747	-4.9134	-3.6670	-1.9840	-0.3589	-2.1197	-6.4045	1.1615	-9.0335
-16.9266	1.1561	-2.9292	-1.2511	-2.2292	-3.2126	-1.5830	-5.4095	0.6137	-11.2506
-20.8935	0.5871	-4.8186	-2.0417	-5.4966	-2.9874	-0.4159	-4.6037	0.9320	-8.8635
-4.2877	0.5915	-2.8284	-1.5173	-3.0599	-2.7926	-4.4514	-7.7101	1.3155	-10.8174
-6.3773	0.1126	-2.0073	-0.5590	-6.7054	-3.4315	-0.5693	-3.6251	0.6839	-6.3962
-9.3597	-0.8024	-4.2379	-0.3400	-2.8172	-2.3131	0.3957	-6.6662	1.4265	-13.3130
-7.8545	0.9223	-4.6857	-2.4486	-1.6194	-0.1460	-3.1947	-4.4257	-0.0731	-19.7704
-5.2534	0.5655	-3.9958	-0.5569	-7.6968	-5.2208	-2.4850	-7.7519	2.7664	-7.3487
-12.4497	1.9903	-9.0015	-2.8068	-3.0791	-4.5797	-2.4530	-5.0989	2.4588	-9.2693
-20.0209	1.2877	-4.5461	-0.4627	-2.6993	-3.5200	-0.7285	-4.0323	0.2274	-6.9508
-12.5140	0.8058	-4.6807	-1.9619	-4.3656	-3.3980	-1.4001	-2.8186	0.0671	-7.7254
-9.9261	2.3212	-5.9134	-4.0879	-2.0503	-2.5894	-1.7606	-4.2539	1.2393	-11.2486
-7.0913	0.2627	-4.2100	0.1558	-2.5761	-4.2112	-1.3041	-5.8954	1.1649	-7.1902
-8.6447	1.5858	-4.5246	-0.8348	-6.3775	-5.0343	-0.8557	-3.4499	0.7328	-8.8788
-9.7458	2.1723	-4.9737	-2.6292	-2.2026	-4.0825	-1.3465	-10.6079	1.2315	-12.1948
-7.7853	0.0862	-4.6293	-1.1462	-2.1402	-2.5818	-1.0844	-4.0255	0.3886	-17.3274
-8.0650	0.4656	-4.7081	-0.4188	-2.8622	-1.7764	-2.5181	-5.5110	0.9548	-8.2152
-13.2292	0.0509	-3.6189	-0.3647	-3.3534	-2.6333	-1.4578	-5.0229	1.8197	-9.5813
-7.7048	1.0644	-5.4933	-3.0143	-3.3669	-0.5601	-2.3040	-5.3589	0.9896	-10.6945
-8.4099	0.7136	-10.5293	-2.1145	-3.6134	-2.5820	-1.4098	-5.5453	0.8714	-6.0657
-21.0917	2.4778	-4.9448	-1.9672	-3.5572	-5.0649	-1.2724	-4.8985	1.7054	-6.6951
-11.8727	1.1735	-5.1211	1.0585	-2.2713	-6.5224	-2.0030	-3.9083	-0.7554	-9.0762
-9.7202	1.1948	-4.2024	-1.2096	-3.9937	-3.7554	-0.1374	-7.2732	0.8704	-9.9816
-18.1726	2.1901	-6.4702	-2.2382	-2.6787	-2.0066	-3.5955	-2.2444	1.3788	-11.4975
-12.4380	0.1111	-6.9391	-1.7806	-1.8551	-2.4125	-1.2444	-5.4675	-0.1540	-8.1907
-9.5878	-0.1573	-5.2619	-2.4779	-1.6624	-5.2080	-5.2929	-5.4610	1.5387	-5.6727
-11.5165	-0.6313	-5.0865	0.1226	-1.7965	-3.4447	-1.8387	-1.7050	-0.2631	-10.2269
-5.4631	2.0802	-5.5954	-2.0696	-2.4300	-4.1930	-3.1999	-7.6693	1.1356	-5.6199
-5.8235	2.3094	-4.8705	-1.4049	-2.7259	-4.6014	-2.8772	-5.9852	1.7968	-12.8072
-11.3745	0.7403	-4.0168	-0.5401	-2.1814	-5.0519	-3.1960	-3.4702	0.8474	-11.4482
-9.6971	0.8942	-4.5169	-0.6961	-2.1143	-4.0622	-0.6249	-4.8072	1.0361	-6.7224
-10.0797	1.0898	-1.4224	0.7667	-2.1781	-4.4420	-2.4484	-3.9708	-0.1152	-9.3632
-7.4173	1.6033	-3.2904	-0.8766	-2.0276	-3.2441	-0.9085	-4.9575	0.3924	-13.6512
-9.6922	1.5078	-6.8030	-0.9110	-3.3579	-5.0079	-1.4208	-4.5910	-0.2228	-15.6780
-10.3618	0.4454	-6.4935	-2.2456	-1.4577	-3.7419	-1.2395	-1.1788	0.7484	-10.0058
-11.5681	0.7688	-2.6019	-1.3846	-2.1538	-1.8778	-1.7179	-5.7078	0.1154	-8.0081
-8.0157	2.6540	-4.1385	-1.7698	-3.2669	-7.0093	-1.9968	-7.8042	1.0242	-17.0961
-12.2253	1.9954	-3.7424	-0.8185	-6.3832	-1.2033	-1.5402	-5.8818	-0.8201	-12.8062
-6.5252	0.1400	-6.7128	-2.1135	-5.6762	-2.6902	0.4004	-3.9763	0.3599	-12.0898
-17.1823	-0.2551	-5.7336	-0.1657	-4.2754	-3.2332	-0.1597	-2.9571	1.4290	-5.4052
-9.7022	0.5474	-7.3488	-1.4628	-1.9516	-1.8609	-2.0210	-5.9126	-0.1956	-9.1115
-13.2132	-0.6998	-3.3326	-0.5680	-0.7239	-2.6313	-3.4950	-7.0541	0.6845	-8.8375
-6.7890	-0.5585	-8.3770	-0.7467	-3.0618	-3.5677	-1.2352	-5.3593	1.9253	-6.4041
-13.9170	1.4809	-3.6157	-2.2893	-1.7609	-6.4597	-2.4151	-4.7552	0.1580	-9.7332
-7.6543	0.2894	-6.9410	-0.1471	-3.8956	-3.0419	0.5198	-3.7858	0.8209	-9.1635
-10.1095	1.3468	-7.6062	-0.4999	-2.0730	-3.0020	-2.1099	-5.3346	1.5356	-12.2986
-10.7586	0.0790	-5.8129	-2.7563	-2.0739	-3.8302	-2.0098	-9.0584	1.6474	-12.7384
-5.0812	1.1701	-3.1010	-0.8319	-1.2011	-4.4544	-2.5624	-7.2593	0.1391	-14.2763
-5.5557	2.5051	-5.3074	-2.7578	-2.9677	-5.4923	-0.6829	-6.5502	1.3276	-13.4165
-8.5238	-0.9241	-4.7586	-0.9218	-4.6441	-2.0268	-0.6284	-4.3542	1.1444	-11.3469
-10.3799	0.6279	-4.7814	-2.0146	-0.9958	-1.4195	-2.1889	-5.3408	0.5852	-9.4546
-9.1782	0.6112	-3.1993	0.7930	-4.4453	-6.7647	-1.6974	-5.2692	1.4968	-7.6024
-15.5972	-0.1237	-3.5309	-2.6006	-5.6221	-2.6863	-0.6287	-9.7059	1.4059	-5.1482
-9.8710	-0.4093	-2.6140	-0.3382	-4.0168	-2.9860	-2.3222	-4.2145	2.2017	-12.6204
-21.2316	0.9890	-3.4054	-2.4486	-2.0530	-2.1385	0.3202	-4.8207	-0.9865	-8.8396
-10.3384	0.1121	-0.9796	-1.3246	-1.6097	-2.6705	-1.8690	-5.2898	-0.6285	-15.0690
-10.7678	0.7033	-3.8392	0.2255	-0.5227	-2.8234	-1.6070	-6.5984	-0.2472	-10.7936
-11.2865	0.9669	-3.9098	-1.4994	-1.7226	-1.1720	-1.7363	-5.4662	0.1307	-8.3386
-11.3529	0.4069	-1.6177	-3.2554	-4.0653	-2.8216	-2.2650	-3.4011	0.2525	-8.5517
-10.1841	0.5763	-5.9325	-2.5698	-1.4407	-0.8085	-2.7218	-6.2063	1.9768	-9.0666
-11.8291	1.0410	-1.6678	-2.8793	-3.0216	-2.6685	-2.2736	-3.6398	1.1185	-10.1293
-9.0642	1.6115	-5.3603	-1.2700	-0.5532	-2.8087	-4.0142	-8.0518	1.9636	-23.8110
-24.6020	2.0214	-5.5035	-1.5653	-2.3273	-5.6271	-1.9621	-4.0714	2.0450	-8.2108
-17.7608	0.0705	-3.5613	-2.0409	-2.0313	-2.9773	-1.3517	-5.7523	0.6553	-12.6706
-9.5491	1.8950	-10.6379	-1.2546	-2.9354	-4.5400	-1.4230	-3.0760	0.3159	-16.0057
-11.4028	0.8380	-4.1980	-1.5116	-2.0879	-2.1158	-1.7147	-9.0885	0.5041	-27.5215
-6.5036	0.5492	-5.7557	-2.7822	-5.9235	-3.2488	0.2268	-6.9402	1.7264	-11.1807
-14.9731	-0.3137	-3.2423	-2.0684	-3.6540	-2.9876	-1.2121	-4.2281	1.3239	-9.7537
-10.9709	1.9254	-5.4534	-1.5449	-2.1231	-1.2801	-1.3229	-11.4498	0.8448	-7.8480
-8.8852	0.5866	-2.7697	-0.8948	-2.3963	-5.9150	-4.0642	-6.0326	0.9775	-10.1941
-12.6314	0.9874	-4.1621	-2.0517	-4.0518	-4.3183	-0.4408	-4.5636	0.2993	-14.0241
-15.1554	2.1941	-7.3414	-3.2177	-1.6862	-2.9580	-0.1189	-4.5848	-0.1002	-9.2233
-8.2446	2.3779	-3.0998	-1.9088	-3.2313	-2.4559	-1.0042	-4.5538	0.3523	-9.9331
-6.0445	0.0563	-5.6034	-3.8626	-2.8920	-1.6250	-0.8734	-2.0562	0.5002	-8.2784
-8.6199	-0.0817	-4.8901	-2.7879	-1.6948	-2.7393	-2.2925	-4.2884	0.3963	-9.5527
-11.1261	0.1998	-7.9733	-0.3190	-2.4168	0.4332	-1.6214	-7.0258	0.6848	-12.7233
-17.8035	-0.0354	-5.6761	-2.5122	-2.7049	0.5297	-1.5416	-6.7259	1.2459	-8.5988
-11.6030	1.5542	-4.4796	-0.1960	-3.8938	-3.2447	-1.0443	-8.2347	1.6123	-10.2570
-12.7518	1.4495	-2.7195	-1.0530	-3.1235	-7.5034	-0.4399	-6.2002	1.4565	-5.0559
-11.6443	-0.2620	-5.2774	-2.5334	-2.8606	-3.2917	-1.2505	-2.7009	0.5552	-8.5206
-8.8109	0.8858	-2.7603	-0.8592	-4.6130	-3.3189	-2.2836	-5.7987	2.3190	-10.1340
-6.8214	1.3331	-3.8165	-2.4304	-3.3249	-5.7868	0.9335	-3.5429	-0.9538	-8.0412
-12.6119	-1.5808	-4.2256	-0.8206	-2.6282	-1.6775	-1.7474	-4.9829	2.2805	-15.1027
-8.8055	1.1240	-3.6390	-2.9885	-0.4979	-1.6700	-2.3248	-6.0612	-0.2315	-10.5492
-6.6557	1.5117	-7.1659	-0.9252	-2.0642	-2.5264	-1.6441	-3.7978	0.6589	-19.3628
-7.5181	1.8202	-6.6917	-1.6466	-3.6844	-3.6832	-2.2945	-6.5005	1.6606	-6.1301
-7.2380	0.0476	-3.7615	-0.1127	-6.8180	-2.4313	0.0482	-6.5698	0.3979	-8.9471
-9.7164	0.7449	-5.3241	-1.5644	-5.7385	-3.7754	-2.2850	-8.0041	2.4536	-7.3545
-5.8797	1.2545	-10.1948	-0.5798	-4.3771	-2.4891	-0.7176	-5.1433	0.0762	-7.2063
-8.6380	0.9185	-4.4267	-4.1874	-4.5561	-6.2106	-1.0650	-2.5683	0.7100	-8.7104
-9.4800	0.2008	-5.2047	-0.4389	-3.0555	-2.1060	-0.4363	-7.5336	0.6542	-12.3410
-10.1586	0.9459	-7.5564	-4.0556	-5.1854	-4.4655	-0.9582	-6.3134	0.4900	-6.2209
-15.6604	-1.0232	-4.0486	-2.1527	-1.8677	0.1695	-0.4858	-3.5696	-0.1699	-16.5235
-11.0941	0.0816	-7.3592	-1.4331	-4.2116	-1.3520	-0.7015	-5.0072	1.4561	-7.8825
-15.8062	-0.4587	-4.3220	0.7024	-2.2207	-2.3347	0.2799	-6.3786	-1.0205	-5.0655
-4.8241	1.5763	-3.6403	-2.0663	-0.4303	-1.7273	-3.1296	-8.7860	-0.1066	-8.8471
-13.7836	0.9072	-4.7409	0.3267	-5.5154	-3.6032	-0.5245	-4.0354	0.5669	-15.0904
-10.8460	1.6828	-2.5972	-0.4424	-1.8580	-3.6926	-3.9429	-7.4201	-0.3284	-9.1368
-17.6954	2.3731	-8.7225	-2.0571	-2.6319	-3.7727	-1.0948	-2.8541	-0.6402	-8.6273
-6.3533	0.3381	-5.8581	-0.9953	-3.9847	-3.1574	-2.0305	-3.5791	1.3667	-12.8538
-12.0863	1.1334	-8.6291	-2.8650	-3.5536	-2.1221	-1.1607	-4.2228	0.8740	-15.8363
-5.7763	1.6703	-6.8508	-1.1107	-2.5344	-2.5564	0.6857	-6.7222	-0.0140	-22.1479
-5.9358	1.0738	-7.2447	-0.8925	-2.0204	-2.3994	0.6733	-4.6120	-0.4040	-18.8006
-27.1640	1.4826	-5.7805	-2.5470	-0.7890	-3.6286	-3.8488	-4.0192	1.8796	-8.2012
-8.0859	1.7067	-6.4647	-1.6079	-2.2940	-5.5657	-1.2292	-6.2897	1.8644	-12.3642
-7.9958	1.0420	-2.5936	-1.7712	-3.5709	-5.1166	-3.0804	-5.2908	0.8597	-11.5963
-7.3281	0.1219	-4.1261	-0.9467	-1.8209	-2.9259	-2.5199	-6.2386	0.5629	-13.5795
-7.0043	1.2611	-5.1854	-0.6566	-3.3285	-6.9436	-2.1199	-6.7206	2.0393	-4.9613
-8.2451	-0.3592	-2.8549	-2.2853	-2.9233	-0.3509	-2.5550	-3.5163	1.7116	-5.7363
-20.1352	1.0091	-8.2910	-1.7862	-0.8588	-1.9137	-3.2786	-3.6964	2.1494	-9.6587
-15.8727	0.7918	-8.2419	0.0108	-4.8584	-0.7676	-2.0946	-2.7381	0.7530	-13.2416
-9.8100	1.3353	-4.5527	0.0130	-1.8788	-5.4816	0.2009	-4.5221	-0.0014	-9.8092
-11.4358	1.6015	-3.8870	-1.5045	-1.7078	-4.5043	-0.4804	-3.1689	-2.5585	-9.3587
-8.9893	1.0946	-6.2722	-2.1524	-2.2458	-4.2183	-0.2842	-4.4041	2.1813	-7.5261
-12.0622	2.0601	-6.5033	-1.7590	-3.4190	-5.0636	0.7933	-1.2485	-0.1753	-14.1204
-6.2582	1.6498	-4.4925	-2.6455	-3.1842	-3.3439	-3.1198	-5.4629	1.3097	-6.3359
-16.8636	0.6023	-5.1171	-2.4747	-2.0115	-1.7309	-2.1657	-2.8179	-0.5296	-14.5153
-15.4913	-1.8389	-4.6369	-0.6145	-0.8406	-4.3745	-1.7533	-2.9605	-0.4111	-10.0258
-10.7475	0.1148	-1.8508	-1.1709	-3.2702	-2.1294	-3.9857	-3.2116	0.6635	-10.1176
-7.0883	1.8942	-11.0607	-0.9640	-2.7913	-5.0568	-3.3389	-7.1747	0.7690	-5.9338
-6.5935	0.7718	-4.0093	-1.4086	-3.7924	-2.1434	-2.9011	-3.2163	0.4005	-10.0107
-12.9024	0.9295	-5.9671	-1.2041	-0.8138	-1.1765	-2.5033	-4.5463	1.2187	-8.4719
-38.3311	-0.1043	-6.5043	-0.8584	-2.9838	-0.9163	-3.2639	-5.0595	2.2636	-8.8680
-10.4492	1.6370	-4.4589	-0.9480	-1.4499	-4.0196	-1.0754	-5.5768	0.4927	-13.0416
-8.4080	0.9822	-2.4224	-1.8913	-4.8046	-4.9728	-1.6906	-3.9747	0.4623	-9.2507
-9.4714	1.7154	-4.4343	-2.6720	-3.5443	-2.9979	-0.6144	-2.8749	0.2560	-17.5225
-8.1118	1.2545	-6.9131	-1.9668	-1.7674	-2.6136	-2.7901	-5.5087	0.8485	-26.8337
-8.2432	0.1807	-4.9226	-0.6911	-2.4634	-3.1171	-1.3133	-3.7227	0.2780	-6.9372
-8.6784	1.0624	-6.4181	-1.8012	-2.2633	-2.8199	-1.2728	-2.7688	0.9065	-10.5193
-13.8572	0.7712	-7.2626	-1.3504	-2.1181	-1.0796	-1.1339	-8.5594	1.7864	-13.8342
-7.6071	1.2892	-6.4573	-1.9165	-3.5781	-3.5588	-1.3863	-5.5374	1.0475	-11.5460
-5.4626	0.4407	-6.7355	0.1156	-5.0854	-4.9706	-1.0745	-9.0480	1.2963	-7.3307
-8.7338	-0.2747	-4.8652	-3.4044	-2.4552	-0.9278	-1.8162	-4.8416	1.2246	-9.6570
-6.1862	0.6486	-8.2135	-1.2503	-2.8386	-1.3747	0.2588	-5.9297	-0.2232	-8.4419
-16.6279	0.6258	-2.9072	-1.6329	-1.8017	-4.0972	-2.6345	-4.3451	1.3969	-6.1962
-7.1593	0.9855	-8.1964	0.1466	-5.6298	-2.3918	-1.9060	-3.0964	0.2907	-9.9582
-14.2290	1.3762	-4.0375	-4.7673	-6.0575	-3.6918	-0.7093	-7.4886	1.4730	-7.9982
-9.9482	1.5388	-4.0262	-0.7089	-1.7837	-4.8029	-3.0976	-4.7106	1.6342	-11.8987
-10.5537	1.0455	-6.2423	-0.5569	-2.9088	-3.0161	-0.8079	-3.3991	0.4705	-8.1171
-6.6774	0.5480	-6.0084	-1.1097	-2.4531	-2.0182	-1.6747	-4.3572	0.7724	-5.9380
-6.8992	-0.6048	-5.4818	-0.3548	-3.3232	-4.9058	-0.6551	-7.4855	1.4070	-7.6775
-8.5423	2.0170	-5.6769	-2.3757	-3.1080	-3.9072	0.1002	-6.7771	0.3650	-11.7266
-8.7955	1.8202	-8.1818	-1.4911	-4.0548	-0.8884	-2.0233	-6.6892	0.6565	-8.0156
-11.2860	0.2036	-3.4857	-2.8643	-1.2775	-4.2287	-2.8207	-3.6330	0.9865	-7.7935
-13.8680	0.4589	-6.2422	0.4001	-3.6795	-3.4767	-0.5424	-5.9298	0.7649	-5.0666
-13.9110	-1.6498	-5.4179	-1.0632	-1.8091	-2.0573	-1.5233	-3.1408	0.4050	-8.8185
-10.1167	0.5116	-4.3896	-0.1919	-3.1019	-2.0961	-0.3391	-3.9257	-1.1145	-21.0732
-22.5302	-0.9735	-5.5348	-2.5300	-2.8895	-3.3394	-2.0721	-6.7051	1.4670	-6.0828
-9.2671	0.6771	-7.0781	-1.6768	-2.6034	-3.6372	-0.7335	-5.6229	0.4808	-8.5885
-6.9080	0.6624	-6.2774	-0.5858	-1.3337	-2.7917	-2.0388	-5.4611	-1.7044	-10.5261
-10.9834	1.8650	-6.0700	-3.3075	-4.3336	-3.3598	-0.9567	-6.4279	1.8765	-9.3054
-21.4171	1.6409	-7.9653	-0.0122	-4.3212	-2.4525	-1.6053	-4.5857	2.1544	-8.2491
-14.5355	0.1676	-4.0685	-0.6467	-5.4995	-1.6627	-0.8949	-2.8328	0.3708	-15.0026
-7.6873	0.5332	-5.8369	-1.5647	0.1829	-5.3881	-1.0447	-4.6901	-0.6295	-13.5778
-9.6106	-0.3495	-5.0526	-1.6556	-3.4134	-2.7107	-1.1237	-3.1339	1.6954	-10.5416
-20.6189	-0.1978	-4.7053	-0.2827	-0.8265	-2.7496	-1.2905	-5.3410	1.4154	-8.5797
-10.3775	0.9507	-5.2397	-1.3508	-1.7618	-2.1284	-2.5966	-5.7165	-0.3726	-8.7747
-9.9377	-2.7532	-4.9860	-1.4224	-0.5264	-0.9057	-0.5272	-3.1558	-0.5103	-7.0856
-21.3958	-0.6739	-4.2891	0.4350	-3.7265	-2.3310	-1.9222	-10.6800	1.7772	-7.5392
-6.0369	0.3488	-5.5658	-1.3080	-4.0967	-1.6523	0.3029	-6.6835	-0.0289	-17.5894
-13.3605	1.1472	-6.3412	-0.3286	-2.5628	-2.4183	-1.1085	-4.5428	0.0808	-12.4221
-12.1427	0.9461	-3.9428	-2.1416	-2.7202	-3.4847	-0.5430	-2.7648	0.2352	-10.1714
-5.2351	0.9802	-2.1490	-0.9480	-2.8126	-3.1333	-2.7260	-5.5904	-1.0199	-11.5217
-5.6565	0.9994	-5.4106	-0.8721	-1.8245	-5.8498	-5.2396	-9.9719	2.4898	-16.7319
-8.2298	2.2387	-8.6458	-2.5627	-1.4485	-3.2972	-3.9216	-6.4994	1.5556	-17.0953
-14.0003	1.4539	-6.7878	-3.2156	-4.0622	0.0335	-1.7535	-2.4535	0.6565	-9.2612
-10.0066	0.8478	-2.7405	-1.9751	-3.7437	-2.4982	-1.4421	-3.1534	0.9468	-17.9502
-16.2764	1.9091	-3.8886	-3.0622	-2.2328	-1.7729	-1.1295	-3.7720	0.3940	-11.0053
-6.3326	1.7050	-7.5483	-0.8596	-1.7686	-4.1247	-0.9848	-9.8073	2.3735	-7.6658
-9.9165	0.7297	-5.0847	-1.0562	-2.6954	-3.0343	-5.3310	-4.0915	1.8008	-8.7237
-10.2907	1.7307	-7.2453	-1.6423	-3.5385	-4.6887	-1.7252	-13.1242	0.6564	-5.6640
-9.9956	1.5308	-4.5034	-2.2555	-1.4906	-1.3616	-1.0320	-4.3569	-0.3677	-11.2043
-7.3629	0.9252	-4.8684	-3.2898	-3.4434	-2.3659	0.3136	-7.4503	-0.5727	-7.7234
-7.6999	2.5358	-2.8502	-4.3054	-1.7446	-4.4451	-2.6088	-4.4016	1.2251	-9.8367
-9.5891	-0.5615	-7.3918	-1.5302	-3.1125	-4.4357	-2.9160	-3.3633	1.3294	-6.0944
-8.1544	1.1113	-3.4265	-1.5280	-2.9850	-5.2839	-2.8821	-7.3129	2.6000	-8.1072
-11.7483	1.4445	-6.8872	-4.3929	-1.9054	-1.9146	-3.3358	-7.1570	2.5920	-17.1865
-10.8185	-0.0602	-3.9412	-1.9463	-4.0551	-1.1479	-1.5065	-7.1207	1.7462	-8.0347
-10.6302	2.0277	-5.0124	-3.3673	-3.0210	-2.3266	-3.1521	-2.5005	0.2319	-9.3921
-7.0857	0.8692	-7.7518	-1.8876	-3.4751	-2.4808	-3.2777	-3.4713	1.2693	-7.3685
-6.8442	-1.4952	-2.1176	-1.2830	-3.7493	-1.7635	-0.3432	-7.4958	0.6537	-5.4465
-11.0638	1.5793	-3.7198	-2.1013	-2.3728	-2.7085	-1.2268	-8.4225	2.3919	-11.3822
-11.5361	0.2638	-5.1860	0.0093	-3.2254	-7.2778	-0.9589	-5.3787	1.3029	-8.6586
-7.4910	1.3966	-10.3109	-3.4290	-3.3057	-5.5339	-2.9246	-4.8141	1.6875	-6.1310
-7.3788	1.1600	-3.8965	-1.1051	-1.7112	-4.0197	-1.1945	-8.5094	0.7648	-12.6758
-7.6451	0.6555	-4.7609	-2.6658	-5.7888	-3.4246	-1.3675	-5.4490	0.5423	-12.7788
-9.0236	0.8726	-4.0498	-0.5612	-1.1579	-4.9953	-0.8633	-4.6279	-1.1437	-9.1729
-18.1561	0.6788	-3.5563	0.2724	-2.0574	-0.6023	-2.0805	-5.7993	0.4041	-11.2123
-12.8271	0.4466	-2.7764	-1.9590	-3.6968	-2.2217	-1.9025	-4.0308	0.3015	-4.7499
-14.3382	1.0150	-5.1543	-4.6455	-0.7932	-1.7361	-2.0562	-6.2309	1.3016	-7.2608
-13.3040	0.2216	-6.5083	-0.1136	-3.7902	-3.7050	-1.8575	-4.0054	1.3837	-10.8043
-14.3497	0.1667	-4.6330	-0.0858	-6.4605	-4.3432	-1.2600	-7.0336	1.8504	-6.2018
-9.8984	0.2000	-3.2716	-0.0975	-0.7909	-3.7960	-0.8142	-5.2328	-1.1133	-15.4539
-8.9412	0.3518	-4.4915	-0.5621	-3.5181	-3.3014	-0.9419	-6.8493	0.1489	-5.8379
-14.2232	1.1929	-6.1607	-0.2206	-4.6291	-4.6774	-0.7146	-5.2630	0.4486	-17.3171
-22.1012	0.6965	-5.1602	-0.1975	-6.6572	-3.1265	-0.1266	-8.1766	2.1229	-7.7283
-9.2385	-0.4859	-8.0872	-0.5705	-3.1408	-0.8429	-1.5847	-5.5348	2.0189	-13.3157
-11.5012	2.0276	-5.6450	-3.1548	-2.1063	-4.2593	-1.2668	-7.8340	1.1215	-7.2759
-4.7835	2.3940	-7.3332	-4.0303	-2.3197	-2.1293	-1.2892	-4.6077	0.6085	-15.0232
-9.3946	0.0115	-3.8897	0.0635	-1.8499	-3.3423	-0.8390	-10.2414	0.3143	-11.6311
-7.0208	1.6097	-4.3141	-4.3769	-3.3383	-3.7863	-1.1061	-5.2080	1.6160	-5.5836
-15.0123	1.5563	-7.8087	-1.0394	-2.4974	-2.4276	-1.8360	-6.8211	-0.3369	-9.0031
-8.0642	0.4592	-5.7793	-3.1940	-1.7206	-2.4977	-1.5654	-2.7782	1.8873	-6.8986
-10.5345	2.1995	-4.4133	-1.9984	-2.7702	-2.0682	-3.2206	-5.8956	1.1379	-6.0609
-5.0021	-0.1990	-7.1777	0.3240	-1.6107	-3.4381	-0.5886	-2.3635	-0.3253	-22.1137
-6.5435	0.3771	-3.5150	-1.3518	-5.9095	-3.4471	-0.0995	-6.9348	-0.1832	-8.7923
-8.0109	1.5130	-4.3877	-4.6397	-1.6469	-0.9277	-0.0406	-2.2794	0.2103	-11.8068
-6.0015	1.4599	-6.4934	-1.0623	-4.8245	-5.6290	-1.6880	-8.6411	0.5442	-10.7662
-9.7007	2.3369	-6.8189	-1.9730	-3.7899	-1.2161	-1.3127	-6.1858	1.4443	-11.3563
-15.1328	1.7658	-8.6975	-3.3814	-2.1527	-3.2658	-2.0165	-1.9369	0.1238	-7.3833
-17.6608	0.4604	-4.0832	-3.1503	-5.1206	-4.0358	-0.2578	-3.4589	2.2149	-9.4384
-8.9195	1.3450	-4.8287	-2.1424	-2.3501	-1.3564	-3.4679	-8.5108	2.0814	-8.7069
-8.6568	1.7292	-3.2488	-2.1352	-1.9957	-2.0156	-1.0471	-5.5582	-0.1410	-6.0578
-4.4304	2.4450	-7.0609	-2.3714	-3.5410	-3.3038	-1.4360	-7.4022	0.4252	-10.5463
-9.8062	0.1093	-6.2348	-2.3748	-3.5661	-1.5720	-1.3130	-5.1304	1.2770	-12.4197
-8.4306	1.5301	-4.9590	-1.8587	-2.9105	-4.4303	-1.0837	-2.6699	-0.3532	-8.8283
-13.9095	0.2557	-7.7924	-0.9656	-1.1442	-3.2313	-1.0125	-9.6504	0.0475	-8.0992
-21.2636	1.4102	-6.4587	-0.4985	-1.9472	-3.0623	-0.4647	-12.1858	0.6017	-5.4730
-9.8186	1.7804	-6.2043	-4.3550	-2.0661	-1.4769	-2.8918	-6.2630	2.5513	-10.0122
-12.8265	1.8639	-4.5233	-3.4534	-3.3121	-4.7370	-2.2160	-3.1559	1.7821	-10.1412
-13.0857	0.7726	-7.3432	-3.7414	-3.3792	-6.0901	0.2914	-3.4737	-0.0019	-17.8803
-15.3804	-0.5376	-8.4050	-2.3734	-3.3545	-2.0661	-0.5761	-4.9431	0.5721	-9.2871
-18.0649	-1.0353	-12.4301	-1.4620	-2.8518	-0.8925	-1.9355	-5.3993	1.0601	-9.7901
-7.3058	0.6027	-4.1686	-0.5751	-6.4505	-1.6810	0.5943	-2.7463	-1.0314	-8.5336
-9.5364	-0.3716	-2.1810	-0.3908	-2.5525	-3.8648	-2.4361	-2.5410	0.0925	-11.7901
-10.2139	2.7470	-4.2410	-3.4919	-4.0817	-2.1441	-1.6404	-8.8425	1.6027	-8.1688
-11.3046	0.7865	-5.1777	-1.8116	-4.1411	-1.8718	-0.9025	-5.2290	1.0004	-7.1435
-13.2504	1.6493	-10.9729	0.2323	-2.8865	-2.3367	-2.0116	-5.8669	0.9138	-16.7354
-10.6538	0.4739	-7.8240	-1.0262	-4.6397	-4.5457	1.0018	-2.8035	0.4327	-10.1240
-4.2680	1.4758	-4.4063	-2.6487	-4.9253	-5.1204	-1.6427	-4.9350	0.1565	-6.9497
-14.9472	-0.8311	-2.9775	-0.5142	-2.4111	-4.4865	-2.2671	-3.0017	1.8723	-14.3999
-8.5529	2.3838	-4.8892	-2.5679	-4.9495	-4.2462	-0.9077	-5.3206	1.9561	-15.3333
-10.6130	1.3539	-6.7427	-4.1649	-0.8339	-1.4814	-4.5826	-10.7289	1.8679	-8.4612
-19.7210	1.8753	-4.0447	-1.9920	-2.8004	-6.5899	-2.5252	-2.7025	0.4255	-8.1386
-17.9139	0.8104	-4.8132	0.3045	-6.4912	-3.9344	0.4955	-2.9205	-0.8758	-13.0897
-6.4935	1.4777	-4.6774	-0.4672	-0.1378	-6.6971	-2.3617	-11.8904	0.2556	-5.9715
-6.5082	1.0799	-8.6892	-1.9950	-1.7586	-5.0941	-1.5434	-6.7917	1.4980	-12.7132
-20.0322	1.1765	-4.8679	-3.4699	-3.2132	-2.6425	-0.1025	-3.0525	1.0709	-9.9090
-8.2049	1.1150	-5.6146	-1.3886	-3.0104	-4.6276	-0.7539	-4.7836	1.0452	-10.9838
-15.5147	-0.2421	-3.8406	-1.4633	-3.3588	-1.7934	-0.0593	-4.0680	0.3507	-6.8361
-9.8811	-0.0061	-5.8774	0.1246	-2.2657	-2.7005	-1.0196	-6.0113	0.0664	-5.9422
-7.3529	-1.3217	-2.9966	-0.1639	-4.3593	-3.5439	-1.4266	-4.0905	1.1477	-7.6711
-10.7147	0.7591	-3.6290	-0.4665	-2.3026	-3.2427	-1.2114	-5.8105	1.3317	-8.5823
-12.4409	1.8372	-8.0929	-2.6156	-3.7583	-3.7912	0.6753	-4.3411	-0.8638	-11.7878
-12.6078	0.9614	-3.6535	-1.7413	-3.0495	-3.1855	-1.9917	-6.0061	1.9822	-8.7865
-14.1817	-0.2025	-8.5846	-1.6336	-2.6812	-0.5631	1.3663	-5.9045	-0.6652	-8.5705
-8.8358	1.1950	-4.8485	-2.1919	-3.8588	-4.5670	-3.2768	-7.4765	2.7834	-9.1353
-7.4633	1.9997	-5.6601	-1.6129	-4.0879	-1.8374	-2.0451	-8.8291	-0.7989	-8.8351
-8.7432	1.3835	-4.9005	-0.1501	-3.2085	-2.4228	-3.1712	-9.1246	0.2046	-10.0273
-8.4623	-0.8594	-7.1486	0.6472	-0.2068	-2.8287	-2.6737	-7.0580	2.0297	-9.2770
-20.2784	0.6678	-6.2030	-1.4582	-0.1614	-2.4077	-2.0865	-3.8284	0.5130	-11.5669
-4.9825	0.3729	-7.6437	-0.7430	-0.8632	-6.4349	-0.7878	-5.4910	1.1985	-17.7985
-10.3695	0.5484	-4.7748	-0.8854	-4.7477	-1.0995	-1.2289	-7.6534	0.2967	-10.5111
-20.1658	-0.0291	-4.6462	-3.1148	-2.3125	-1.5753	-1.4816	-3.9642	0.1505	-7.5483
-3.9191	1.3258	-6.4997	-3.3980	-3.2568	-1.1852	-2.9485	-5.5180	-0.4708	-9.6925
-11.4085	1.1742	-8.6829	-3.1535	-1.3116	-1.7368	-2.0954	-6.0184	1.5933	-21.8297
-11.8073	2.4449	-7.2520	-4.0834	-4.8098	-0.4859	-2.3858	-7.1303	1.8327	-5.5333
-18.2300	1.6639	-4.0903	-1.7771	-3.9364	-9.8737	-1.7257	-1.7856	1.8752	-8.7639
-8.7690	2.4803	-10.0095	-1.7340	-4.0141	-2.2167	-1.7340	-8.4717	1.6683	-6.3790
-14.4691	0.5903	-4.1701	-1.4851	-3.1907	-2.9279	-1.1744	-2.9407	1.3827	-13.2416
-10.5602	0.4150	-4.9060	-1.4177	-1.1009	-0.9346	-1.3462	-5.3866	-0.4697	-10.2248
-15.5664	0.4440	-2.6493	-1.0478	-2.4960	-3.1128	-0.7987	-4.7378	0.0652	-14.4302
-13.1925	-0.0201	-9.2755	-1.6308	-4.3353	-2.2887	-0.6226	-2.7192	0.5729	-12.1042
-10.2227	1.5661	-6.1180	-5.1461	-3.2028	-2.2349	-0.5455	-3.3243	0.2966	-16.3268
-11.5557	1.1437	-5.8604	-2.6355	-3.3445	-3.3443	-0.5197	-6.6804	0.4360	-8.2703
-7.2568	1.1602	-2.5547	-0.6574	-2.5391	-1.1389	-3.0107	-11.6542	0.8082	-11.4587
-10.6955	-0.0850	-4.1105	-0.8279	-2.1903	-2.1596	-0.8617	-5.9172	0.1291	-12.0060
-13.6383	-0.3228	-5.8943	-1.6581	-6.6445	-3.1656	0.8815	-3.9160	0.0987	-9.1425
-11.6403	1.3240	-5.6303	-2.0576	-1.5015	-2.3700	-1.3902	-1.8563	-0.4161	-11.0048
-11.3229	2.9009	-3.6368	-1.7510	-2.4954	-5.7232	-0.5952	-6.5030	-0.4023	-9.0707
-5.1260	1.4310	-3.2593	-2.5381	-0.8663	-2.6026	-2.0985	-5.4851	1.3869	-8.7730
-6.6468	2.2282	-7.8701	-1.4138	-4.8304	-4.7444	-1.8424	-5.7791	0.5933	-8.5918
-8.1966	2.2402	-5.0028	-4.3454	-2.9898	-1.9514	-1.8099	-3.9788	-0.3902	-15.0494
-12.5541	-0.4615	-4.6357	0.4211	-2.6001	-2.8648	-1.2419	-4.1363	1.1803	-6.5947
-8.2888	1.0946	-6.1776	-1.2053	-2.5328	-5.5396	-1.2569	-3.6396	0.4128	-10.2287
-14.1427	1.8432	-7.1063	-2.0269	-1.2388	-1.3995	-3.6600	-9.6072	0.4954	-15.7900
-9.4857	0.2431	-5.2679	-1.4283	-2.3340	-3.6775	-0.7822	-6.8035	0.5676	-11.7977
-15.0377	0.2381	-3.6492	-1.3463	-6.1603	-2.3328	-0.5756	-6.2685	0.8610	-10.6507
-7.8539	1.7142	-3.0314	-0.7503	-2.1160	-0.9122	-1.2493	-7.3928	-1.5985	-8.1869
-6.5427	1.9989	-7.3611	-3.8923	-4.1527	-3.0068	-1.7399	-4.5437	1.9154	-22.3921
-4.8163	0.2696	-2.5553	-2.2643	-4.4594	-3.3283	0.1471	-5.6957	0.7255	-15.3413
-5.3480	2.0644	-7.0560	-1.3928	-3.5260	-6.8946	-2.7477	-9.1862	1.3490	-6.6930
-7.3067	0.3232	-4.9195	-2.2970	-2.6645	-0.8160	-1.6238	-5.4951	0.4417	-18.7985
-15.3542	1.4622	-6.1958	-0.3478	-5.3807	-4.1295	-0.1608	-1.1822	0.6465	-10.1456
-7.9816	2.1990	-3.9045	-2.2408	-8.2829	-4.8344	-2.2301	-9.4528	1.2857	-7.8839
-9.9050	0.1628	-3.6477	-1.2431	-1.8932	-1.1578	-1.7264	-6.9065	1.0989	-7.6572
-6.0416	0.5823	-6.2738	-2.0318	-2.6949	-4.0336	-0.7129	-2.2636	1.0795	-5.0618
-9.9057	1.7101	-3.9226	-1.6935	-4.7201	-0.6976	-3.1615	-7.0305	0.8433	-7.8592
-19.4052	-0.9704	-6.1326	-2.0955	-1.6135	-0.3573	-0.9661	-8.1305	1.6236	-9.5308
-11.4306	-0.1047	-4.0855	-0.9859	-4.3187	-2.4224	-1.0639	-6.4623	1.1841	-9.4132
-12.9084	-0.0406	-7.1209	-0.5216	-3.0001	-1.2818	-6.1556	-8.5030	2.2650	-11.8622
-8.9381	0.6796	-5.4341	-2.0993	-7.0170	-1.7268	-1.3184	-5.4595	0.8343	-8.2830
-5.8060	0.3695	-6.2312	0.9739	-1.0149	-1.6887	-1.5830	-6.0983	0.5983	-10.7590
-5.9359	1.7003	-6.5743	-1.0284	-3.0328	-3.6557	-0.8557	-4.2185	-0.0689	-15.7451
-14.1619	0.5763	-6.1811	-1.2849	-3.4093	-1.7429	-2.4027	-6.0009	0.5214	-9.2101
-8.3450	1.1265	-1.7989	0.2206	-5.5087	-7.0790	-3.0989	-4.0276	1.5572	-8.8139
-11.7584	0.6570	-7.1076	-1.3094	-2.4796	-0.4554	-2.3436	-7.3310	0.6217	-11.3268
-8.1099	1.9100	-6.5118	-2.4723	-2.0454	-6.3742	-3.2315	-4.3847	0.5635	-9.1183
-10.6497	-0.3029	-3.2056	0.1359	-2.9942	-5.3980	-0.2001	-3.2359	0.5682	-33.0723
-16.3956	-0.1624	-2.4531	-2.1858	-4.7482	-3.0780	-1.4253	-4.6863	1.6343	-10.9992
-16.1497	1.0265	-7.6725	-1.8129	-2.8860	-2.4880	-1.4515	-5.5529	1.7759	-10.2711
-7.4314	0.2986	-3.9665	-2.4381	-2.2469	-3.6518	-0.9004	-8.6070	-1.4785	-15.8733
-12.8732	0.7513	-3.4931	-0.4693	-4.5619	-2.8315	-1.1700	-3.8923	1.7102	-9.3158
-5.3890	1.7185	-5.0169	-2.4087	-2.8306	-6.1798	-2.2532	-6.6552	2.3011	-9.7101
-11.9939	0.7790	-5.2040	-1.8599	-5.1374	-5.7929	-2.1113	-2.2727	0.7839	-7.8197
-13.1588	2.0816	-2.9316	-0.0472	-6.0556	-4.4528	-3.8369	-2.1519	1.7706	-11.2810
-5.9131	0.5035	-5.4305	0.5531	-1.6379	-1.8191	-3.0587	-6.6604	0.4337	-15.0422
-6.0366	-0.2393	-6.0619	-0.1867	-6.7469	-2.3628	-1.4659	-2.5063	0.6220	-10.2595
-7.8440	0.9586	-5.7439	-0.8310	-1.9759	-1.9763	-2.0403	-3.3779	-1.1972	-14.4980
-11.2185	1.1700	-4.8709	-1.8576	-1.5884	-3.1371	-2.6783	-7.6728	0.6851	-7.6924
-9.8108	0.3990	-5.0193	-2.4675	-2.4619	-1.5369	-2.1365	-6.4470	0.6541	-6.9807
-15.0544	1.1175	-4.2778	0.2507	-1.6970	-4.6522	-1.8950	-5.1002	1.4366	-20.0299
-9.8165	1.7708	-2.9233	-0.8806	-6.0947	-1.1073	-1.8592	-9.0442	1.1158	-8.6895
-9.4148	1.7622	-2.4855	-0.4214	-2.6671	-4.5308	-2.3665	-10.5715	-0.1498	-12.6303
-9.9445	1.3259	-3.2370	-0.4971	-2.4052	-5.4221	-2.6308	-3.6334	0.1955	-9.9008
-9.7138	0.5192	-4.6899	-1.7262	-6.1668	-3.9092	-0.1578	-2.0671	0.6381	-8.8176
-18.5379	-0.1019	-4.9615	-0.6986	-1.5052	-3.2510	-0.6908	-3.4227	0.3806	-14.2747
-4.9551	1.6966	-2.5965	-2.1529	-3.6923	-4.9991	-1.0893	-3.8794	-0.1182	-16.3961
-11.3943	-0.9631	-3.6687	0.6227	-0.6020	-1.7671	-3.6137	-3.3055	0.1652	-14.0786
-8.3714	1.5325	-8.3652	-2.8867	-4.8012	-2.0780	-0.5698	-4.9770	0.5771	-7.8088
-12.4331	1.1917	-3.4989	-2.4412	-2.3436	-3.1637	-1.7239	-5.5595	2.0848	-16.9698
-7.4956	1.7488	-6.7863	-2.2944	-4.9607	-3.1575	-2.3600	-5.8132	1.0509	-5.8081
-6.8167	1.5335	-3.9866	-0.0894	-2.8425	-4.0014	-3.6800	-8.4567	1.8902	-8.2684
-10.0555	1.0992	-2.7608	-0.7647	-3.8445	-2.4740	-0.7359	-9.1368	-0.2193	-8.6900
-11.5973	0.4584	-5.8632	-1.1315	-3.4881	-2.4195	-1.4288	-2.6796	0.7614	-12.8899
-9.0598	1.1023	-7.1942	-2.0515	-3.6148	-0.8974	-2.3420	-4.1516	1.3495	-10.5140
-9.8762	2.4974	-9.6182	-4.3900	-1.5871	-3.6594	-3.5253	-7.2022	1.4156	-11.7080
-5.1593	0.8796	-5.0254	0.1079	-3.0251	-5.4136	-2.6038	-5.5428	1.0624	-12.4344
-5.7153	1.6213	-5.8674	-2.9459	-5.3115	-1.3831	-0.6759	-4.3214	0.7501	-8.7718
-22.2696	1.0183	-3.7537	-0.5259	-4.2161	-2.2397	-2.2903	-10.3281	2.8234	-8.7560
-17.1233	1.7540	-4.6861	-0.9874	-3.6917	-2.4664	-0.7603	-7.2395	0.5846	-5.5219
-12.5272	1.5373	-5.6803	-2.0724	-2.1349	-4.1925	-0.4877	-7.3050	0.7257	-7.3944
-6.9575	1.1917	-9.5401	-1.3863	-3.7120	-1.9602	-0.9568	-2.4799	1.2753	-11.8134
-9.4631	1.5640	-4.4390	-0.7535	-1.8280	-0.6619	-2.7562	-4.4896	0.4636	-12.7068
-8.4626	2.3259	-3.3805	-2.7032	-5.8464	-3.6363	-1.3187	-2.9016	2.6358	-11.1082
-9.4839	1.7024	-4.5438	-2.0654	-3.5129	-5.4706	-0.4442	-5.6473	2.2953	-9.3053
-17.5439	-0.5811	-2.2629	-0.8040	-4.2223	-2.0575	-0.8439	-5.3920	1.0568	-6.6567
-11.7354	1.9229	-8.6312	-3.6138	-4.7720	-3.1342	-2.8112	-6.3197	1.9057	-5.8254
-13.7526	1.0054	-13.0717	-3.5037	-3.2179	-2.2774	-0.6912	-4.3803	1.6027	-9.2786
-6.4204	0.5633	-5.6793	-0.6999	-4.5238	-5.9024	0.8300	-4.0064	0.6409	-13.4620
-8.0993	0.7882	-4.9111	-1.5192	-6.2211	-2.3944	-2.0257	-3.4207	0.9965	-12.5597
-7.3658	1.7877	-5.2591	-1.3788	-2.6582	-2.4353	-2.4596	-6.7530	1.4202	-12.5480
-7.8647	1.2527	-9.7122	-0.8924	-3.1619	-2.6461	-2.7911	-4.2419	1.3864	-8.7551
-15.2647	1.6430	-7.4253	-3.2379	-6.8927	-2.1380	-0.7530	-3.9366	1.7122	-7.4218
-13.2417	0.7200	-5.3461	-0.9700	-3.3772	-0.1504	-0.2860	-3.5527	0.0537	-10.3740
-8.5794	-1.4463	-1.7634	-1.5181	-3.5511	-3.4082	-3.4359	-4.5855	0.6617	-15.7069
-13.7677	0.8975	-4.7650	-1.7297	-1.1437	-3.6563	-3.0461	-5.3219	1.5707	-6.5832
-10.7171	-0.0633	-5.6682	-2.8300	-2.4718	-3.7247	-0.2285	-6.2202	0.6240	-7.9317
-6.0470	1.3196	-7.9558	-3.1454	-4.3042	-2.0992	-1.3866	-7.3219	1.0961	-13.4384
-8.0344	2.0029	-4.2787	-1.2228	-5.1612	-3.1818	-1.7330	-5.3468	0.3297	-10.2092
-27.3867	1.1390	-6.8397	-2.0447	-2.4900	-1.8362	-3.9479	-2.9566	0.6347	-9.3421
-14.9732	1.6414	-5.7452	-1.3000	-2.3667	-3.4650	-1.5925	-7.2219	1.7126	-11.3470
-12.7987	0.8482	-4.4091	-1.7723	-3.2316	-3.4847	-2.5645	-5.6421	1.8690	-11.6716
-10.3171	0.3892	-5.4723	0.6564	-2.5293	-3.6065	-1.1959	-5.3136	0.7362	-19.0011
-11.0061	0.9827	-3.8293	-0.4102	-2.5594	-2.7741	-3.4205	-5.8286	1.6071	-9.3631
-16.2786	0.8218	-7.0431	-0.9875	-3.0514	-2.9190	1.2957	-6.1264	-1.3976	-11.3752
-13.3182	0.0494	-4.7598	-1.4389	-1.6337	-1.5508	0.0687	-4.6723	0.7388	-10.0831
-34.7752	-0.5929	-6.0413	-0.3016	-0.7862	-3.0592	-0.6469	-5.3135	-0.3593	-12.3059
-9.8689	0.2099	-6.0323	0.0689	-5.3485	-6.2749	-0.1913	-6.6779	1.1358	-6.1385
-12.3338	1.4197	-2.2322	-0.6766	-4.2179	-7.8306	-1.2481	-4.7890	1.3456	-29.3463
-8.6487	0.7882	-5.1765	-3.3232	-2.3591	-3.8099	0.2350	-7.1367	1.1888	-7.0753
-10.4033	0.6282	-2.3767	-0.2568	-7.3916	-2.6156	-3.1931	-4.0588	0.1446	-6.2526
-10.3850	1.5523	-6.6785	-0.6853	-2.1723	-3.9636	-4.0052	-4.0836	1.6616	-13.7042
-5.4855	1.2747	-5.2256	-1.8506	-2.3604	-6.9850	-0.8998	-6.5215	0.2781	-9.6997
-11.5050	0.0110	-3.3363	-1.1543	-1.4971	-2.3309	-0.3477	-8.4420	-0.1637	-9.0093
-26.3172	1.2740	-4.2486	-4.6400	-3.8727	-3.6573	-0.3539	-5.9561	0.1033	-6.6235
-6.4553	1.2434	-8.9392	-1.8798	-2.2981	-3.4745	-0.4467	-3.9381	1.6289	-5.7459
-8.0548	0.3267	-5.6753	-1.1480	-1.5449	-2.6502	-3.0428	-6.8660	1.1554	-15.2035
-21.1504	0.4665	-4.4478	-3.0109	-4.2172	-0.6832	1.2937	-7.2229	-0.6155	-12.3621
-8.7134	1.2752	-4.1471	-3.7303	-4.2443	-4.8356	-1.3347	-2.2526	0.7526	-5.5570
-9.7669	0.1519	-5.6370	-1.2247	-1.8530	-1.9425	-2.3517	-5.7081	-0.0530	-12.4844
-5.6381	0.6713	-5.2993	-0.5565	-1.3198	-3.6762	-0.2394	-6.6144	-0.3770	-9.6474
-14.6539	1.3330	-4.1865	-1.7220	-3.2155	-1.3478	-2.2616	-6.3944	0.1473	-11.3036
-12.2083	1.9197	-3.5888	-1.5123	-3.2467	-5.5111	-1.0468	-11.6868	0.6758	-20.1178
-7.9174	2.0245	-2.0764	-2.8605	-3.1145	-3.2929	-4.3339	-8.1647	0.6132	-7.6342
-12.0923	1.2574	-3.4949	-1.3299	-3.8384	-5.0803	-1.7042	-4.4924	1.2503	-9.8465
-10.6336	0.6830	-2.8758	-0.3892	-4.5086	-2.3782	-0.2974	-4.0726	1.0688	-12.8489
-12.3408	1.5899	-3.1483	-1.9754	-2.4921	-3.1370	-3.2230	-2.8301	0.5609	-11.2094
-9.6447	0.7108	-6.1406	-0.8127	-2.1406	-3.5735	-1.5412	-5.9555	1.8754	-9.7436
-12.1136	1.4441	-8.7570	-0.5100	-3.9080	-4.2292	-1.2942	-5.5472	0.9356	-16.4671
-6.2498	1.2892	-7.4475	-2.7516	-2.3125	-1.9732	-1.3191	-4.8739	0.3621	-9.7845
-10.2118	1.0347	-6.3923	-0.6659	-4.8561	-3.3967	-0.4468	-4.0304	1.3102	-7.2423
-8.1557	1.8270	-7.6178	0.5117	-5.1577	-3.0950	-1.0139	-7.0519	-0.4337	-17.6659
-11.8806	-0.5730	-5.4500	-0.6667	-3.4658	-3.4036	-3.1100	-7.6691	2.9340	-5.7307
-7.0707	0.8138	-7.1227	-0.9495	-2.7559	-2.8595	-2.0674	-5.2658	1.5763	-10.4504
-9.9475	-0.0476	-2.5922	-0.7795	-4.4229	-1.5066	0.0167	-4.3564	0.4031	-13.4759
-6.4370	0.8947	-6.1403	-0.4249	-4.3918	-1.7611	-4.7557	-4.4946	1.2367	-10.1647
-10.8351	0.5307	-2.3743	0.0347	-5.0526	-4.6517	-2.7155	-7.7349	1.0660	-10.0391
-16.6920	2.0789	-4.6678	-0.5811	-4.5415	-4.0061	-0.1726	-3.9666	1.4089	-11.7885
-6.1619	-0.7852	-4.0149	-0.9307	-1.9736	-4.9076	-1.8147	-5.4590	1.6273	-9.6904
-13.9845	2.4010	-9.7342	-0.7357	-0.5897	-3.4553	-2.2224	-6.9159	0.9087	-14.1450
-6.2377	0.2668	-9.8025	-1.6654	-6.0787	-3.3555	-0.5672	-2.0748	0.9229	-5.4437
-7.4485	0.3724	-1.9374	-1.3828	-5.6193	-4.3822	-1.2231	-4.8796	1.2772	-9.3630
-4.7934	-0.5019	-5.5062	-1.2821	-0.8188	-1.6111	-4.8414	-6.7638	0.2389	-20.5972
-10.5212	1.7647	-8.7470	-4.1910	-2.1747	-1.1000	-2.6564	-3.5408	1.7770	-9.1408
-9.0312	0.0576	-4.3352	-0.6926	-2.3631	-3.4589	-1.7775	-3.7137	-0.2875	-9.4013
-7.2202	1.8293	-3.7295	-1.4833	-3.5376	-5.7461	-1.9214	-6.9204	0.4722	-15.8977
-15.6303	1.4151	-6.5083	-0.9930	-1.4064	-2.4378	-3.5651	-3.8430	1.7174	-10.1400
-7.8983	0.8488	-7.1093	0.1669	-2.5606	-2.4670	-0.9993	-3.7829	-0.1039	-12.7017
-12.7125	0.8233	-1.5100	-1.8732	-5.0520	-4.5288	-1.4837	-5.6403	0.2384	-7.9055
-9.7190	1.1257	-4.9973	-1.8882	-2.6482	-5.2026	-1.2642	-2.3512	0.1524	-7.8564
-7.9818	-0.4160	-4.6917	-0.5289	-5.5587	-4.2407	0.0235	-5.7180	1.7039	-7.2407
-11.7906	1.3619	-8.8818	-0.7798	-2.0450	-1.5970	-0.3576	-8.8046	1.0380	-11.5076
-18.8340	1.1910	-5.1405	-1.2434	-3.2320	-5.1554	-2.8735	-5.4138	1.1147	-7.3601
-8.6401	-0.3631	-4.2026	-2.3670	-4.2094	-1.2603	-2.1890	-4.0566	1.7411	-8.3297
-12.7962	1.4021	-6.2194	-3.3443	-4.0905	-1.2198	-0.7467	-7.4080	0.6686	-12.8363
-8.7737	0.3150	-4.5289	-2.7358	-2.1182	-4.7710	-1.4746	-7.3620	2.0413	-10.9740
-14.3150	1.7087	-4.7518	-1.5804	-5.4688	-5.2432	-0.9253	-8.3106	1.6004	-10.8061
-19.0200	1.1309	-4.5673	0.0937	-2.3583	-4.8113	0.3990	-8.1144	-0.2870	-8.3766
-11.8009	0.7091	-2.9092	-0.0843	-0.4249	-2.0746	0.8803	-7.6597	-0.0463	-11.9748
-11.4784	1.5931	-6.2664	-1.9466	-3.5174	-6.0352	-0.4060	-2.5239	1.4832	-21.0604
-8.5295	1.9274	-3.3276	-1.9253	-2.3150	-3.7773	-1.2226	-5.1312	-0.0140	-7.4383
-9.0747	0.6772	-4.7817	-1.5495	-0.3402	-2.9678	-0.5792	-3.2989	-0.7183	-22.2064
-7.2932	1.5795	-7.1645	-3.2379	-0.9816	-2.9407	-0.8901	-2.4806	0.4842	-14.7396
-8.0000	-0.5534	-4.4113	1.1415	-2.2579	-4.1559	-1.1971	-3.8338	1.6400	-15.8412
-10.4574	2.1827	-6.9806	-2.3708	-6.0408	-5.4320	-0.5097	-7.0011	2.7864	-10.8111
-16.1707	1.3007	-7.3640	-1.5771	-0.4249	-2.6259	-1.9983	-3.5539	-0.9877	-6.9618
-9.5789	-0.3958	-4.5018	-0.7219	-1.9346	-3.3524	-1.8920	-7.2331	0.1580	-11.7043
-6.8497	0.8968	-5.1701	0.2477	-4.3771	-9.3477	0.0697	-3.9224	-0.1223	-28.4340
-10.2220	0.3935	-3.0977	-0.9048	-4.9964	-3.0722	-1.0136	-5.1812	0.7703	-15.6902
-13.6496	0.2810	-4.4006	-1.7425	-2.3342	-4.7925	-1.8243	-5.5867	0.6178	-9.7163
-7.1668	0.7482	-4.1202	-3.1530	-3.0804	-3.7215	-1.1587	-5.5724	-0.3121	-6.6753
-10.5517	1.0511	-2.5794	-0.9908	-4.6983	-4.4632	-2.3253	-3.3340	1.1339	-7.3924
-11.3398	0.5550	-7.1731	-1.4477	-5.4983	-5.4900	-0.4155	-2.8907	0.6632	-11.6824
-7.8915	-0.3140	-7.3060	-0.5699	-2.1348	-3.4576	-2.1112	-7.1020	1.5183	-14.2202
-14.0531	0.4808	-3.2981	-2.2295	-2.9952	-1.5139	-1.7280	-5.6770	0.6436	-12.4586
-8.3011	1.4416	-6.8436	-2.8198	-1.2333	-2.0561	-1.3007	-4.2302	-0.1501	-8.9223
-12.1362	2.5163	-7.3911	-2.4788	-2.6425	-4.0327	-1.7552	-8.6103	0.1510	-14.6112
-10.9846	-0.6780	-2.7236	0.3779	-4.8935	-3.7090	-1.5603	-9.5129	1.0521	-7.3534
-12.8684	0.7670	-3.6633	-0.9728	-5.1596	-5.2826	-1.2118	-5.3999	1.4856	-6.8840
-10.6968	1.7317	-5.3245	-1.3461	-4.8683	-2.2850	-1.4690	-4.5077	1.8575	-11.5743
-27.9242	-0.6427	-2.9115	-2.2501	-3.7328	-3.0641	-0.2071	-1.7959	1.1311	-11.0567
-16.8960	0.2040	-4.2886	-3.1282	-0.5598	-1.6122	-3.7383	-4.9653	0.4814	-5.6263
-12.3042	0.3620	-2.8455	-4.1410	-7.6477	-1.4902	-1.8964	-8.8887	1.9672	-7.6949
-28.6066	0.3020	-6.6040	-2.4122	-2.1161	-0.8643	-0.7192	-6.6254	-0.9900	-10.4947
-9.6097	2.3614	-5.4354	-2.7732	-3.3201	-2.2331	0.5786	-5.1530	2.2661	-9.6631
-20.2630	1.8893	-2.8192	-2.1441	-3.8247	-3.0778	-1.2673	-6.5558	1.0608	-12.9233
-9.9894	1.1488	-2.3270	-0.5589	-4.1635	-4.0544	0.7154	-6.7227	1.5279	-15.8810
-9.3502	-1.0063	-3.7470	-0.9600	-0.8030	-2.3047	-0.3909	-6.6394	1.1621	-8.1100
-4.9006	1.3410	-5.4584	-1.1693	-4.4547	-4.5075	-1.4265	-4.0502	0.0406	-8.2290
-7.4714	0.5758	-6.9531	-0.1569	-3.2070	-1.2648	-2.3900	-5.8132	1.2486	-15.4923
-10.0595	1.3313	-7.2439	-1.2226	-1.5896	-5.0134	-1.7727	-5.7181	1.5086	-23.1746
-9.1826	1.2743	-3.1787	-1.6162	-0.8107	-2.1427	-1.8617	-7.1283	-0.5991	-12.7960
-6.3216	0.3093	-6.2424	-1.8534	-1.9020	-1.8556	-1.1916	-2.2517	-0.9737	-12.8202
-5.9854	0.0895	-4.8132	0.3888	-3.6168	-4.2306	-0.9893	-5.1359	0.3578	-10.2521
-10.4760	0.2498	-4.1117	-1.0908	-3.4979	-3.6581	-0.5658	-7.2912	1.0271	-12.9665
-9.1352	1.5455	-2.5824	-1.0593	-8.6730	-2.7442	-0.2387	-4.1053	0.5334	-22.0792
-6.2253	1.9450	-4.0993	-2.0948	-6.0382	-3.1048	-2.2186	-2.3732	0.2475	-7.8603
-7.5350	1.4059	-8.3561	-0.6179	-4.9703	-2.5976	-0.7823	-6.6520	0.1998	-10.1970
-11.4281	-0.4188	-2.7976	-1.5737	-1.3689	-2.3676	-2.1110	-4.1074	-0.3487	-10.2248
-10.9797	1.0695	-5.8066	-0.2934	-2.5328	-4.0918	-1.6750	-4.4485	0.4173	-11.9883
-18.6905	0.2601	-4.3692	0.1006	-3.3342	-2.2021	-1.3645	-6.6416	0.2448	-8.8996
-10.6867	-1.5714	-3.3812	-0.2470	-2.3733	-4.4757	-0.8926	-4.2591	0.0744	-10.6570
-9.9184	0.3960	-5.7963	-0.9553	-1.9458	-3.2511	-1.3766	-2.9176	1.3992	-9.7949
-10.6732	1.1970	-6.1002	-1.9412	-1.5594	-1.5327	-0.3858	-5.6578	0.6358	-17.2455
-6.6044	2.0093	-8.4262	-2.7765	-4.6163	-10.0113	0.1496	-6.2248	0.7287	-7.8868
-11.6626	-0.0864	-5.5015	-1.4762	-1.0703	-0.9731	-1.4437	-2.6434	-0.6290	-7.3926
-11.5552	1.2236	-3.3874	-1.3047	-1.5005	-3.0281	-3.5983	-4.6331	0.4240	-8.2986
-5.9543	1.8844	-2.6118	0.6156	-5.2165	-3.6541	-1.2554	-5.0619	0.0274	-19.3474
-11.8456	1.3462	-5.8754	-2.4527	-1.3478	-2.0961	-1.5046	-5.2270	1.3886	-8.5328
-11.0732	1.8225	-3.8629	-3.4650	-4.1380	-3.3472	-1.8487	-1.2641	1.0909	-7.6172
-9.0740	0.8260	-4.6374	-3.7742	-2.0271	-2.1723	-3.6079	-3.7526	0.2650	-9.4745
-16.0058	1.6176	-4.4585	-1.8731	-3.7353	-3.2082	-1.2548	-5.9670	2.0713	-14.5126
-9.7534	0.4609	-3.4857	-1.3694	-5.8488	-5.6495	-1.7860	-4.7828	1.2441	-8.2451
-10.5333	0.4494	-5.9448	-0.4600	-2.9450	-2.5199	-2.9019	-5.6474	2.1221	-23.5599
-3.9570	1.2654	-4.9829	-2.3790	-3.2151	-3.9127	-1.9928	-3.4021	0.7584	-10.5690
-6.0922	0.5659	-3.4252	-1.3487	-1.4614	-2.4108	-0.7109	-4.3278	-0.3555	-24.8921
-10.0500	1.1279	-3.9255	0.2263	-1.2519	-4.4779	-3.9623	-5.3694	0.8741	-11.1635
-7.3325	0.5441	-3.3755	-0.5715	-1.4571	-2.7372	-1.0723	-3.8316	-2.3004	-21.9193
-7.7427	-0.1437	-2.8987	-0.1163	-2.3198	-4.1818	-1.5465	-4.1050	0.7292	-13.8893
-7.6786	0.2672	-4.6808	-0.3660	-1.9561	-3.2038	-4.9600	-3.5806	1.6379	-13.7709
-8.7008	0.3083	-4.8512	-0.5009	-2.2810	-1.7035	-0.2844	-6.0140	-2.2680	-9.5272
-8.0151	0.1910	-11.7917	-1.7954	-2.6302	-0.7452	-1.3196	-10.0266	0.3101	-8.4873
-7.2835	1.3976	-6.7475	-0.9180	-3.4081	-7.4862	-2.9027	-5.3736	0.4276	-6.4506
-5.8989	1.2906	-4.8346	-3.5643	-2.0614	-2.0541	-1.3209	-3.2872	0.7477	-10.4536
-19.6692	1.7073	-3.7919	-0.6477	-5.7785	-6.8042	0.3636	-2.6060	2.7274	-18.5439
-10.7923	0.8600	-3.5086	-1.9468	-5.0412	-1.6539	-0.6977	-3.2256	0.2711	-12.9375
-16.1955	0.8518	-7.0757	-0.4842	-2.3951	-2.0230	-1.7306	-5.6704	2.3473	-10.1156
-5.7926	0.5642	-6.6074	-1.7199	-2.0169	-2.4653	-1.5560	-6.5141	2.6427	-9.9801
-14.4215	2.4906	-2.8161	-0.6967	-1.7166	-2.5500	-3.0515	-7.4181	0.1346	-11.4355
-10.0592	0.9342	-4.6179	0.5638	-2.8676	-5.7428	-2.8924	-2.7870	0.3865	-6.7291
-9.1648	0.5739	-4.3917	-0.7199	-4.3779	-3.8142	-2.2830	-2.4462	1.8268	-11.0990
-10.9889	0.5815	-8.5080	-1.1186	-1.5368	-1.4921	-1.2334	-6.6958	-0.3985	-10.5390
-6.2636	0.1543	-5.2143	-2.5543	-4.4054	-2.0224	-0.2930	-4.4091	0.6076	-9.8236
-9.3987	1.3051	-1.9399	-1.9439	-3.8024	-2.0859	-3.5245	-3.5902	1.2480	-20.7937
-10.4793	1.3092	-2.7475	-1.3987	-2.6249	-3.5583	0.1270	-4.7193	-2.2520	-12.1486
-9.6490	0.5393	-5.6897	-0.3104	-2.2129	-3.4546	-4.1972	-9.5285	1.6880	-8.8005
-9.2560	0.3777	-5.8788	-2.8747	-4.6577	-0.0257	-0.7249	-4.4143	-0.2519	-9.0641
-12.2426	-0.4670	-3.3191	0.4232	-5.7002	-2.7724	-1.7034	-5.6472	1.0133	-10.6431
-11.5654	1.3691	-6.8821	-1.2755	-4.1402	-0.7284	-1.5017	-8.0560	1.8993	-14.7823
-15.1781	1.6641	-4.3367	-1.4953	-4.1214	-1.9551	-0.4766	-5.8914	1.3137	-14.4493
-10.2083	0.8147	-4.7259	-1.7761	-4.2041	-1.7269	-0.3604	-4.4505	1.3683	-7.3501
-6.7594	1.8044	-6.7489	-1.5156	-1.9078	-2.6795	-2.6606	-6.0493	0.1693	-12.3130
-7.4594	0.8813	-2.9339	-2.9819	-3.2415	-2.6343	-1.4780	-5.8664	-0.7103	-10.3416
-8.4820	-0.3439	-5.8581	-1.5107	-0.1832	-1.3095	-4.7495	-4.3324	2.1586	-16.6348
-11.9997	0.9913	-9.9933	-0.6620	-3.3023	-1.6245	-3.5996	-7.2851	1.6779	-9.2509
-7.9060	0.7836	-7.1826	-0.8764	-3.3643	-3.1793	-0.5599	-3.2319	0.1882	-10.5531
-17.4076	0.2485	-9.0992	-2.0411	-2.6943	-1.6107	-0.6130	-4.1563	1.1700	-15.0874
-7.7872	1.2239	-3.7783	-2.1039	-5.8720	-4.1154	0.0445	-2.9295	1.4210	-20.1223
-10.3688	1.4920	-5.3501	-1.5288	-2.0471	-4.4765	-3.2123	-4.6908	0.5763	-7.4572
-7.0506	1.7189	-2.4112	-3.0277	-2.5874	-4.4204	-1.7513	-5.1911	1.2544	-20.9936
-15.3273	0.2288	-3.7305	-0.8766	-4.9368	-0.7810	-0.7252	-6.0228	0.1618	-17.9877
-32.0503	1.2519	-5.5158	-1.4730	-3.3938	-3.6222	-1.7649	-12.2021	2.6199	-8.1652
-12.5357	-2.0479	-4.9856	0.5554	-2.5576	-2.6237	-0.3908	-5.7550	1.9233	-10.0564
-7.1598	1.3313	-4.1090	-2.9982	-2.7665	-5.7742	-1.1760	-4.2529	0.9817	-31.1890
-7.1555	0.2560	-5.3245	-0.3082	-2.5107	-1.6931	-1.2638	-3.6016	0.6138	-10.0471
-5.3168	0.5055	-4.9437	1.0901	-3.4542	-0.8747	-1.9713	-7.8445	0.4629	-25.2303
-11.5455	-0.2089	-4.6380	-3.6366	-1.9988	-3.1554	-2.0696	-1.9873	0.8616	-11.9819
-7.9280	1.6717	-6.8337	-2.3882	-3.6972	-1.5650	-2.3912	-4.3136	-0.5706	-8.6087
-10.4608	0.6850	-4.8421	-1.7502	-4.6939	-2.4583	-0.7139	-1.7026	0.5702	-9.9919
-9.2460	1.0781	-3.7522	-1.6567	-5.0661	-1.8466	-0.5167	-1.8739	1.3560	-7.2988
-21.0049	0.3730	-4.6819	-1.3533	-1.6171	-4.2713	-0.3317	-3.7509	-0.0428	-11.4485
-10.4345	1.3258	-6.4431	-2.2032	-0.9928	-1.9256	-1.4240	-5.6789	0.9986	-10.7669
-10.9251	0.4986	-7.9957	-1.4158	-2.2757	-3.5187	-0.7323	-1.6478	0.6927	-10.2692
-15.3780	0.1808	-3.2289	-1.6119	-2.9795	-2.5869	-3.4163	-7.8037	1.9379	-16.2022
-9.0737	0.1019	-9.0704	-1.5533	-2.8314	-2.9169	-2.2422	-5.7794	1.2832	-6.3062
-10.3267	0.8397	-4.0420	-0.7690	-6.9526	-2.2173	1.0533	-9.3078	-0.6927	-10.0165
-8.0479	1.8049	-8.6691	-0.8349	-3.7752	-3.8426	-0.6649	-6.0452	1.4274	-10.0756
-12.3587	1.7621	-5.6113	-2.8751	-2.2496	-1.2228	-2.1773	-5.8700	0.5745	-5.9452
-7.3845	1.9598	-4.1875	-1.1357	-3.5844	-3.5013	-2.2067	-6.2623	1.1770	-7.3188
-13.4796	1.6444	-6.1822	-1.7560	-3.4314	-5.6080	-0.9098	-1.7627	0.9677	-12.3921
-12.0225	0.2240	-4.7622	-0.4910	-3.6958	-3.0845	0.4179	-3.3743	0.4970	-7.1679
-7.8527	1.4915	-5.8837	-2.0426	-1.7639	-3.2071	-1.7832	-6.1026	0.9281	-9.3928
-5.8068	0.9164	-3.1944	-3.2639	-1.1228	-4.6776	-3.8440	-6.6175	1.5469	-9.6735
-12.6779	1.9275	-5.5143	-0.5426	-3.0255	-3.0472	-3.6611	-9.0117	1.5522	-10.0548
-11.9202	-0.2734	-6.2122	-2.1067	-5.1849	-2.4039	-0.2794	-7.7495	-1.0870	-7.4757
-8.9726	1.6837	-2.7365	-1.9610	-2.1640	-0.8198	-1.0039	-6.8089	0.3323	-16.8835
-11.3180	2.0568	-5.2563	-3.7222	-4.9430	-3.3681	-2.9241	-6.3858	2.4069	-5.9355
-14.4573	0.0558	-4.7282	-1.8335	-2.3189	-1.0616	0.7667	-8.2205	0.3987	-21.8590
-9.4331	1.3061	-6.5332	-1.0349	-4.2567	-1.7467	-0.3443	-4.1221	1.4042	-15.2567
-9.0737	1.5278	-4.3428	-2.5640	-3.0374	-2.4393	-0.7329	-8.6841	0.8109	-38.8618
-13.3548	0.4892	-2.7260	-0.3908	-5.4939	-6.2372	-0.4987	-2.1298	0.3196	-20.7355
-20.4406	0.1197	-7.2937	-0.4398	-2.5259	-4.2069	-1.5817	-5.1012	1.2063	-11.6039
-4.3110	1.4079	-8.4978	-1.9818	-3.7824	-2.6061	-1.0078	-4.5000	0.9100	-11.7966
-10.6229	0.2402	-2.9756	0.5182	-2.7671	-1.9739	-3.6582	-5.2480	0.8950	-11.8559
-8.7982	1.6718	-1.1817	-0.3004	-2.4516	-5.1254	-0.7598	-7.0650	-0.9487	-6.4009
-7.4225	0.5547	-4.4325	0.1586	-3.9011	-4.8455	0.5635	-3.3924	1.0855	-11.7233
-12.2788	0.3478	-3.2136	-2.3563	-2.4789	-3.4461	-1.1285	-3.9067	0.9401	-18.5465
-5.3657	0.3783	-4.4162	-1.4455	-2.7549	-3.3050	-3.4417	-6.0758	1.1782	-8.5295
-14.5193	-0.8473	-4.8072	0.1091	-0.6396	-3.2361	-1.7776	-4.5063	0.4958	-7.7734
-9.6415	0.9073	-5.1583	-2.1644	-1.3825	-1.4169	-0.4744	-5.5743	-0.5319	-10.9130
-12.2781	1.2104	-8.7135	-1.6216	-3.4852	-1.5711	-0.8095	-5.1137	2.4126	-11.7129
-10.4965	-0.8412	-2.5483	-0.0475	-4.0208	-1.7121	-1.2079	-3.8276	0.8201	-6.8560
-12.2042	-0.0468	-4.2218	-2.1256	-6.7853	-2.2995	0.3421	-3.8968	1.1850	-13.4515
-10.9756	-0.1093	-4.0985	-1.2684	-2.5629	-4.0876	-2.3114	-7.2211	1.1426	-10.2674
-7.0459	1.2795	-6.4987	-1.4967	-4.8901	-8.4242	-1.1702	-2.7597	0.4303	-11.8446
-5.3422	2.1456	-8.4489	-0.6757	-4.2822	-2.7235	-2.5151	-6.1193	0.7325	-14.1269
-7.6130	1.0582	-4.7027	-0.5069	-3.3190	-3.1641	-2.6413	-6.2043	1.3708	-7.3025
-6.6241	2.6100	-3.5841	-4.9822	-2.1040	-5.1324	-1.5736	-6.0486	0.7355	-8.3641
-11.4631	1.2542	-2.8262	-2.8273	-5.7014	-1.9213	0.1682	-7.6125	0.8070	-6.4622
-10.4217	0.2322	-6.4882	-2.2010	-1.9104	-2.3777	-1.0876	-5.2324	1.4275	-5.2378
-9.2196	1.6471	-4.0333	-1.2470	-3.6579	-4.3691	-0.8300	-7.1217	-0.0216	-9.3885
-8.9853	1.6357	-5.9833	-1.8566	-3.3210	-3.5935	-0.1612	-3.7771	0.6109	-10.1649
-9.5613	-0.5717	-4.1743	-0.3517	-5.4258	-5.3034	-4.3253	-4.8447	1.5544	-12.6051
-9.0566	1.3169	-2.8693	-2.2164	-4.5603	-4.1144	-0.7782	-4.0441	0.7195	-10.8999
-19.3331	-1.4457	-4.8888	-1.1834	-2.7363	-1.5489	-0.3466	-5.5921	0.4480	-7.8829
-8.8149	1.9574	-5.1027	-3.1882	-1.1049	-1.3199	-4.0004	-8.7545	1.4099	-11.8762
-8.8541	1.3043	-4.1137	-2.6786	-5.4397	-1.7316	-2.4090	-3.8888	0.8437	-8.2406
-6.9410	1.6240	-6.1349	-2.9712	-2.0503	-4.5779	-1.4321	-3.6552	1.2447	-17.4146
-5.0800	2.0086	-2.5144	-0.8590	-2.1517	-2.9978	-2.7747	-5.0604	0.6466	-13.9015
-13.1190	1.2466	-5.0812	-1.2268	-2.1263	-4.3453	-0.9406	-4.5836	0.3243	-13.4883
-10.8292	0.4311	-2.4828	-2.6146	-3.8605	-1.6217	-3.6995	-2.8900	1.3769	-12.9038
-8.3849	0.8220	-2.7440	-0.6315	-1.5394	-3.2788	-2.6924	-10.5649	1.2809	-9.5061
-15.4854	-0.3615	-2.5303	-0.5077	-5.0711	-1.7060	-1.3239	-4.8807	1.2539	-6.0695
-10.3950	0.3353	-3.9126	-0.5573	-3.3755	-2.9597	-1.0068	-5.9813	0.5405	-10.4067
-13.4814	0.3060	-7.3616	-1.6001	-1.4614	-3.5942	-0.9796	-4.9403	1.4882	-6.9993
-26.5345	1.2009	-2.8148	-3.4562	-1.4272	-1.1824	-2.2850	-8.1930	0.3852	-14.0711
-14.3116	1.2321	-10.4145	0.3148	-5.7518	-2.5140	-1.1594	-5.3016	2.5679	-18.1533
-6.7493	0.3254	-4.4370	-1.6890	-6.0652	-5.1079	-0.4322	-6.9766	-0.7240	-7.0580
-10.8997	1.2427	-5.3686	-0.8605	-3.5742	-2.7973	-2.7500	-5.5440	1.2741	-8.7462
-12.2054	1.9236	-5.1519	-1.9356	-3.9315	-1.1623	-1.3818	-8.2687	1.5072	-10.8502
-10.6633	1.7750	-8.0190	-2.8138	-0.8349	-3.3162	-0.6356	-2.8959	-0.1164	-14.5122
-5.1187	1.4201	-4.7596	-3.2458	-3.1521	-3.6488	-0.3137	-4.3124	-0.2846	-12.4489
-9.1626	1.4349	-2.1963	-1.6216	-3.1599	-1.3797	-1.0975	-7.6517	-0.6725	-7.7602
-8.9306	0.2756	-3.4191	-2.4293	-1.0674	-1.6679	-1.0729	-3.7443	0.4560	-9.2697
-9.7405	0.1528	-1.8093	-1.2819	-3.9160	-3.5261	-1.4418	-2.9978	-0.7547	-10.2929
-6.5566	1.1978	-2.4209	-1.3932	-2.8775	-1.8709	-2.8395	-3.9123	0.5847	-10.4112
-8.2073	0.7686	-6.5712	-2.9101	-1.3698	-2.1362	-1.4898	-7.6497	0.5433	-5.8937
-12.5947	0.9160	-5.5296	-1.4370	-0.6214	-4.7059	-1.3338	-2.8320	-0.6753	-11.1959
-10.4509	0.5793	-7.1910	-1.9317	-1.5750	-4.2959	-0.2671	-4.2753	0.9900	-7.7474
-10.1900	1.7500	-4.5314	-1.7482	-2.3566	-3.4301	-3.0309	-2.3045	1.1110	-15.8436
-6.2427	0.2080	-5.8985	0.4221	-3.7290	-4.1669	-1.0909	-4.4313	-0.1088	-8.2781
-11.5308	1.2625	-5.7977	-0.9538	-2.7054	-4.3649	0.1391	-4.1841	0.0941	-12.1143
-11.8844	0.7901	-4.0806	-1.5932	-1.4794	-4.1518	-3.0884	-6.1462	1.1332	-12.6825
-6.0589	1.3248	-3.5018	-1.9257	-6.7840	-2.7862	-0.7936	-5.7014	0.2215	-11.6936
-7.0339	0.9540	-4.8303	-0.9285	-3.5533	-6.0904	-3.2014	-3.3673	1.0609	-9.1025
-8.8584	2.2217	-4.3380	-1.0471	-1.8193	-2.5099	-1.7595	-6.6282	0.7713	-13.0628
-9.8610	1.4759	-16.7671	-1.1167	-0.3746	-3.3450	-1.1687	-8.0434	-0.4317	-10.7905
-11.2128	-0.6072	-4.3857	-0.1316	-5.5355	-1.9904	-1.7786	-7.0084	2.1385	-6.4469
-14.9380	1.4565	-6.6781	-1.8288	-3.2212	-3.0091	-2.9402	-4.6306	2.2073	-8.2516
-11.3072	-0.5652	-6.6944	-2.3100	-3.7063	-1.3344	-0.4827	-2.7520	0.2468	-10.0410
-10.7411	1.1833	-5.8649	-4.4516	-2.8958	-2.4638	0.1536	-7.7571	0.3493	-6.3487
-8.2043	0.2812	-4.1049	-0.8034	-2.1135	-2.1630	-0.4850	-5.1070	-0.2059	-16.9668
-18.9001	0.9099	-5.0581	-1.2699	-0.2625	-2.0404	-2.8558	-5.5779	1.4200	-19.4388
-6.4386	1.8043	-1.5508	-1.6576	-5.1330	-3.0069	-2.1147	-3.8571	1.6628	-8.6649
-16.8208	0.8247	-5.0956	0.1199	-2.2746	-3.0955	-1.3357	-3.4135	1.4775	-14.3151
-5.9284	2.0369	-9.6530	-2.4135	-3.6819	-3.9643	-2.4239	-5.2965	0.7748	-10.5910
-13.8642	0.9224	-11.4648	-1.0820	-2.8271	-1.9318	-0.1910	-6.9914	1.2092	-8.3739
-9.2423	0.4123	-5.2141	0.3808	-2.7042	-2.5443	1.0367	-7.0700	0.6777	-15.7822
-18.1836	-0.2360	-6.5536	-1.1277	-4.2652	-4.1100	-2.3695	-3.0272	2.4351	-9.1638
-7.3472	1.3339	-6.5969	-2.6192	-2.8671	-4.5101	-1.3727	-3.8632	0.4876	-9.1951
-7.5040	-2.1786	-6.3727	0.0878	-1.7145	-1.8770	1.5047	-4.2206	0.6556	-10.3193
-18.6099	0.8948	-3.7630	-0.8911	-3.6662	-5.7676	-1.5948	-5.0781	2.4358	-25.5908
-6.8720	1.4772	-5.4914	-1.7967	-0.9437	-3.2868	-1.1787	-3.8618	-0.4269	-9.4210
-13.7151	2.1200	-4.9246	-2.0149	-5.0125	-2.3893	-1.2038	-8.5995	1.5044	-9.9009
-10.7286	1.9590	-6.0705	-1.8668	-1.2290	-3.0872	-0.4238	-4.4111	1.4506	-12.6464
-10.6086	1.0930	-5.6867	-0.8155	-0.8130	-2.4365	-1.3687	-3.9750	0.9502	-8.8324
-12.8466	0.8650	-5.4945	-0.2277	-5.0173	-6.7756	-0.6722	-5.7025	2.6045	-6.0960
-4.0473	-0.0011	-4.2073	-1.0835	-3.7479	-5.1325	-1.6392	-1.1764	0.9318	-14.2097
-11.1585	-0.6653	-3.6057	-2.0253	-3.1619	-0.9989	-1.2891	-2.8617	0.7044	-8.0791
-11.8791	1.5916	-2.1936	-1.5592	-1.3709	-3.6224	-0.9027	-4.9634	-0.7728	-11.9366
-11.0880	-0.7001	-5.3491	-1.2792	-0.8337	-2.8378	-1.5020	-4.2755	-0.2919	-14.9503
