-9.4945	-7.1737	-2.2640	-2.0211	2.9402	3.3613	-1.7958	-1.9709	-6.4578	-13.0039
-11.2120	-6.5674	-2.4903	-3.5775	3.4366	3.0629	-1.4401	-1.6660	-6.7680	-13.3037
-9.6129	-7.1750	-2.5319	-2.2482	3.0306	3.0803	-2.2709	-2.2332	-6.2453	-9.3725
-8.2265	-7.3304	-2.2497	-2.3325	3.2818	3.4217	-1.9455	-2.8999	-7.1142	-8.1018
-8.7647	-6.1926	-2.2799	-2.8865	2.8869	2.8333	-2.2661	-1.6950	-6.9754	-10.0196
-9.6843	-6.4736	-2.6054	-2.4310	3.3802	2.8326	-1.6996	-2.0967	-7.2104	-9.4553
-10.3363	-5.6981	-2.5018	-2.4158	3.1116	3.0615	-3.0021	-3.1768	-6.3400	-8.5020
-11.7190	-7.2589	-1.8485	-1.8396	3.0233	2.9035	-1.9391	-2.1776	-5.7088	-9.8640
-13.9313	-7.2959	-3.1846	-1.1969	3.6971	3.3417	-1.3990	-2.4991	-9.6332	-12.7052
-13.9398	-8.5769	-2.2815	-2.2983	2.8813	2.8052	-1.4075	-1.7160	-5.8002	-14.3097
-9.5941	-6.7504	-2.4632	-1.8608	3.4127	3.5598	-2.0184	-2.5022	-5.8882	-7.4516
-11.5809	-7.1689	-3.4811	-0.7849	3.2466	3.1833	-1.4719	-2.9667	-9.2445	-11.2886
-7.7598	-5.3305	-2.6094	-2.1732	3.1830	3.1592	-1.5343	-1.9400	-7.1086	-12.0422
-11.1610	-7.8030	-1.5336	-0.6935	3.1156	3.0535	-2.9120	-2.8515	-8.0980	-13.2400
-9.9906	-5.3557	-1.9974	-2.2451	3.1022	3.3488	-2.3374	-2.3319	-6.1453	-12.3008
-9.9462	-6.9909	-3.3181	-2.5082	3.1167	2.8403	-2.4105	-1.8385	-6.4807	-8.2815
-10.0777	-7.5133	-2.3426	-0.3920	3.6494	3.3976	-2.4712	-2.4315	-7.1940	-10.4143
-14.6298	-8.6513	-2.2078	-1.5384	3.1103	3.2125	-2.2604	-2.8082	-7.0602	-9.5192
-10.7638	-7.0973	-3.2082	-2.4581	3.0853	3.1838	-1.4324	-1.5754	-6.4817	-9.5744
-11.0822	-7.7193	-2.3290	-1.7793	3.3491	3.3481	-1.7499	-1.6061	-6.4695	-13.2846
-10.5186	-5.7201	-1.6411	-0.7085	3.2695	3.1372	-3.2664	-3.0284	-7.8658	-10.7862
-13.4321	-8.6943	-2.4516	-1.1457	3.4618	3.2725	-1.9517	-2.8379	-8.2971	-10.8549
-10.6350	-8.0012	-2.5288	-0.6045	3.0703	3.1376	-2.6152	-2.6373	-6.3032	-9.7740
-8.3677	-7.0704	-1.9778	-1.9898	3.3736	3.4091	-2.3291	-2.8127	-6.8154	-13.6390
-10.4120	-8.6687	-2.5769	-1.0621	3.3054	3.0851	-2.6953	-3.7696	-8.5428	-10.5780
-11.0982	-6.3013	-3.4988	-3.0900	3.1417	3.2490	-2.4022	-2.8146	-5.7577	-10.3754
-9.1715	-5.9286	-2.3116	-2.9948	3.4584	3.5456	-2.4509	-2.7176	-5.7030	-11.4845
-16.9600	-6.6559	-2.0674	-1.3468	2.9525	2.9823	-2.0293	-2.5245	-5.7384	-9.6399
-8.2881	-7.0021	-2.7794	-1.5240	3.5166	3.1715	-1.1270	-2.2585	-7.4146	-9.4338
-9.6591	-5.7160	-2.7042	-2.3420	3.2077	2.7866	-1.7245	-1.7485	-7.8137	-10.8640
-8.3024	-6.4892	-3.7209	-1.6451	3.3078	3.1360	-1.9080	-2.6494	-6.6482	-8.4997
-8.8449	-5.3065	-2.7480	-1.7208	3.5639	3.1485	-2.8657	-2.2578	-7.4367	-9.0915
-10.6572	-6.5449	-2.7184	-1.1642	3.4959	3.0757	-3.4529	-2.8338	-7.7883	-8.5937
-8.7421	-7.5480	-2.7618	-1.7119	3.2400	3.0346	-2.7409	-1.9275	-6.3923	-9.9430
-10.9346	-7.2498	-1.5130	-1.2629	3.2008	3.2485	-2.7471	-3.0856	-5.6373	-11.0990
-9.7285	-6.7521	-1.8341	-3.1220	2.6770	2.9772	-1.5602	-1.4456	-5.3191	-10.0333
-11.2902	-6.3927	-2.8910	-3.0947	3.2775	2.9181	-1.7231	-2.3713	-5.8856	-12.6454
-14.5159	-6.6352	-2.3130	-1.4025	2.8613	3.1597	-2.0386	-2.2065	-7.1048	-9.3262
-11.8098	-5.2037	-2.7043	-2.6941	2.9056	2.8963	-1.3662	-2.1923	-6.8038	-10.8822
-11.0074	-8.3284	-2.6235	-1.3645	3.0673	2.7088	-3.0752	-2.2748	-6.5452	-11.8078
-9.9838	-6.6478	-2.2832	-1.1969	3.1427	3.0254	-2.1708	-3.2516	-7.5969	-10.1723
-7.6309	-6.7883	-2.6050	-1.2099	3.0193	3.1015	-1.3503	-2.2066	-6.6675	-9.9482
-10.8076	-5.9677	-1.5308	-1.4522	3.2889	3.2727	-2.1410	-1.6319	-5.4954	-9.4116
-10.1727	-7.8791	-2.6943	-2.0922	3.6371	3.2067	-2.4794	-1.9407	-7.2662	-9.9358
-9.4159	-6.9123	-3.1002	-2.5489	3.3034	2.8935	-2.1768	-2.4892	-5.5034	-8.7195
-8.2361	-5.9544	-2.0983	-2.2080	2.8616	2.8960	-3.0842	-2.5518	-5.8465	-8.7299
-8.7885	-6.0988	-1.8506	-2.7695	2.5034	3.1936	-1.2605	-2.7751	-6.5947	-9.0854
-7.9660	-5.3006	-2.1564	-1.7721	2.6244	2.8917	-1.2010	-1.9289	-6.1979	-12.9541
-10.3894	-6.2132	-1.8581	-1.1875	3.2045	2.8546	-2.1477	-1.9222	-6.7956	-11.7284
-9.3981	-7.0509	-2.4373	-1.4100	2.8691	3.0008	-2.1041	-2.4923	-6.3196	-12.3664
-9.5523	-7.2478	-1.7658	-2.1659	3.2703	3.2947	-1.8138	-3.0134	-6.1055	-10.0258
-12.5341	-6.7362	-2.5039	-1.9287	3.3492	2.8802	-2.4535	-2.2177	-6.0928	-10.6914
-8.3777	-7.7805	-3.1183	-2.5008	3.3703	3.6726	-2.6427	-2.0833	-5.9095	-10.5603
-10.2101	-8.5613	-2.5967	-2.3660	3.3296	3.4399	-1.5647	-1.8699	-6.2546	-10.4165
-11.9291	-7.3197	-2.3866	-4.3103	2.7662	3.3183	-0.4010	-2.4261	-7.2688	-10.5061
-10.5689	-7.3378	-1.4822	-1.0527	3.3457	3.4431	-2.1064	-2.8385	-8.6384	-10.9544
-8.4507	-6.0375	-2.5883	-1.2744	3.0805	3.1093	-2.5385	-2.9362	-6.7814	-10.3908
-11.1576	-6.1920	-2.4456	-1.5510	3.6413	3.6014	-2.6658	-1.9813	-8.6481	-11.8518
-12.6077	-6.1023	-2.2433	-1.7954	3.5776	3.2486	-2.2614	-2.5390	-7.8454	-15.0206
-10.7381	-5.2327	-2.0088	-2.4716	3.3664	2.9231	-3.1413	-2.8592	-7.3145	-9.6388
-17.4774	-6.4291	-2.7119	-1.9058	3.9514	3.6491	-2.7110	-2.2791	-6.7588	-10.7888
-10.9236	-7.7304	-1.8432	-1.6673	3.2023	3.1627	-2.9498	-3.2718	-7.9982	-12.5860
-13.5623	-7.1241	-2.6662	-2.9596	3.5315	3.2706	-2.5994	-1.8404	-6.2912	-11.8138
-9.6595	-6.2506	-2.9623	-0.9680	3.2658	3.1388	-1.8246	-2.1794	-6.5397	-11.5173
-12.1510	-7.5738	-2.4649	-1.1094	3.2716	3.2282	-3.7318	-2.7726	-8.4911	-14.7250
-11.8027	-6.5805	-2.8709	-1.7746	3.4072	3.2322	-1.8190	-3.2041	-6.4067	-10.9452
-13.0192	-7.7441	-2.7594	-0.7921	3.3637	3.0645	-2.4859	-2.0956	-5.8785	-11.0092
-10.7462	-6.2491	-1.7935	-1.8189	2.8618	3.0643	-2.0076	-2.3051	-5.3909	-10.1500
-9.5294	-5.5659	-2.8048	-2.4421	3.3284	3.5747	-1.1592	-2.9557	-8.5291	-12.5420
-12.2662	-6.7005	-2.9034	-2.6124	3.5146	3.4768	-1.4369	-1.7499	-7.5595	-12.2103
-9.5932	-5.4018	-2.2368	-3.6386	3.1180	3.1850	-1.1136	-1.7020	-7.3670	-11.5167
-11.8038	-7.5023	-2.3418	-2.4126	3.0280	3.2745	-1.4362	-2.2708	-7.7882	-10.8250
-9.8378	-7.2268	-2.3126	-2.2014	3.0601	3.4332	-1.7679	-3.1657	-6.2857	-10.1644
-11.5400	-8.7504	-2.9762	-2.0679	3.6028	3.5894	-2.2404	-2.6749	-5.8643	-10.8013
-11.8724	-6.7793	-3.2816	-2.7983	2.9871	3.4566	-1.9610	-2.7654	-7.6535	-12.5574
-10.3188	-7.0574	-2.3293	-1.4184	3.0795	3.2426	-1.9651	-2.5896	-6.5262	-14.2533
-10.8381	-6.9114	-2.9208	-3.2320	3.3235	3.3442	-2.4482	-2.3365	-6.4995	-8.3801
-9.8507	-6.7054	-2.3199	-2.1138	3.1988	2.8635	-1.7652	-1.6013	-5.6742	-9.1009
-9.8220	-5.1991	-2.2799	-2.3244	2.9613	3.0700	-3.8406	-2.0909	-5.6786	-8.8150
-9.0199	-6.7760	-3.2412	-1.4752	3.2606	2.9912	-2.4474	-2.8917	-6.5983	-9.7262
-12.7331	-8.1333	-2.4596	-1.1451	3.2034	3.0910	-2.7002	-3.0517	-9.0163	-11.7538
-9.3290	-4.7428	-1.9784	-2.9668	3.1390	2.7030	-2.4512	-1.8782	-5.6991	-8.1633
-13.2755	-10.4379	-2.6562	-1.8975	3.0515	3.0579	-1.7931	-2.5257	-7.8980	-11.6883
-10.0950	-6.1600	-1.5893	-1.9180	3.1315	2.9479	-2.3080	-2.6460	-6.8286	-11.7312
-12.8806	-8.4745	-2.2652	-1.6142	3.2974	3.3921	-2.7295	-3.1035	-7.1115	-12.0114
-12.5517	-6.7830	-3.1107	-2.5033	3.1638	3.3553	-2.2062	-2.8847	-7.4744	-10.2597
-11.7004	-6.9580	-2.7305	-2.4269	3.7296	2.8086	-1.1400	-2.3758	-7.2657	-12.4661
-11.9316	-7.0159	-3.1636	-1.2974	3.5722	3.1968	-1.9711	-1.6326	-5.9791	-10.8030
-10.0598	-6.3542	-2.8887	-3.5296	3.4127	3.4572	-1.2470	-1.8210	-6.1509	-10.8614
-10.2909	-8.7527	-2.0429	-2.4820	3.4891	3.7302	-1.2709	-2.8688	-7.8264	-12.2956
-13.7339	-8.7366	-2.9588	-2.3462	3.1366	3.4612	-1.1041	-1.7214	-5.1477	-11.8023
-10.3355	-7.5172	-2.3927	-1.1777	3.0662	3.1176	-3.6650	-2.1787	-6.9585	-11.3817
-8.1613	-4.8374	-2.0815	-1.6027	2.9300	2.8376	-1.6024	-2.3908	-7.4164	-10.3413
-11.1327	-6.0306	-2.5256	-2.1683	3.4069	3.3232	-1.5801	-2.1949	-5.4017	-7.8662
-12.2068	-8.1539	-2.1469	-1.9582	3.1556	3.1431	-1.8493	-2.4904	-6.2680	-10.7531
-9.4594	-6.7918	-2.8114	-1.0567	2.7325	3.1811	-2.1603	-2.3439	-5.8695	-12.0481
-9.7464	-5.5209	-1.7527	-2.3047	2.9189	2.8423	-1.9462	-2.7332	-6.2506	-8.4805
-9.2717	-6.5862	-1.7667	-0.8816	3.0950	3.0603	-1.7845	-3.9553	-6.9038	-7.7364
-8.9247	-6.9007	-2.8204	-2.7025	3.0582	3.6362	-1.9391	-2.4257	-7.8192	-12.1610
-7.9405	-5.6820	-2.3968	-3.2622	3.2225	3.1122	-2.0651	-2.3872	-5.6513	-10.8551
-12.6730	-8.6883	-3.6055	-1.6951	3.6195	2.9877	-1.9002	-2.3218	-8.8046	-11.6891
-8.5359	-5.4368	-2.6009	-1.0806	3.1582	3.0061	-3.3303	-3.2007	-8.1124	-13.3968
-10.5767	-7.9923	-3.2689	-4.0693	3.3694	3.6145	-1.5514	-2.4496	-9.0385	-11.2646
-12.3410	-8.6630	-2.1358	-1.0343	3.3958	3.6010	-1.3405	-4.1366	-10.2732	-12.5515
-10.0713	-7.5929	-2.5195	-1.2072	2.6520	2.9017	-1.7191	-2.9587	-7.3895	-8.0354
-10.2507	-6.7670	-2.5158	-2.3987	3.2575	3.1725	-2.6723	-2.8057	-7.5094	-10.0369
-10.0690	-6.6996	-2.3652	-1.6821	3.2274	3.0893	-1.9786	-1.4132	-6.0834	-10.4197
-10.3122	-7.1373	-2.5901	-1.0121	3.3137	3.2334	-1.7673	-2.8196	-7.7941	-10.0129
-10.5531	-6.7377	-3.1532	-2.2020	3.2298	3.2735	-2.3994	-3.4378	-6.4083	-12.5852
-10.2652	-5.3709	-2.3436	-3.3438	3.2219	3.0511	-0.9763	-2.6350	-8.7455	-9.2834
-12.6578	-7.4483	-2.4482	-1.2120	3.0394	3.4053	-2.1503	-2.9897	-6.7885	-8.5052
-8.4919	-8.2256	-2.2735	-1.7869	3.2892	3.4679	-2.3698	-2.8080	-7.0447	-11.4704
-8.5824	-6.4411	-2.5389	-2.3411	2.9306	3.2790	-2.2990	-3.5184	-7.3245	-8.9422
-10.7492	-7.7580	-2.9122	-2.2711	3.3967	3.5978	-1.9044	-2.8657	-6.3109	-9.2521
-9.1092	-6.7837	-2.9884	-2.0324	3.3963	3.4156	-2.5710	-1.7206	-6.5230	-12.0621
-8.4760	-7.6007	-2.7521	-2.8239	3.1209	3.0007	-2.2233	-2.1002	-4.7561	-9.1384
-10.3172	-7.6042	-2.9366	-1.9847	2.7143	2.8340	-3.3894	-2.5357	-7.5453	-13.3653
-11.2271	-6.9109	-2.2384	-0.7278	2.8609	3.0962	-2.9827	-2.9758	-7.6015	-12.7177
-8.0249	-5.8701	-3.1500	-2.7494	2.7074	3.1093	-1.5754	-2.5454	-8.0011	-10.8502
-9.1215	-6.3426	-2.6136	-2.3365	3.2680	3.1856	-2.4828	-2.5236	-6.2006	-10.0721
-11.0959	-4.4760	-1.7310	-3.0645	3.1711	3.2314	-1.8029	-2.0618	-6.5684	-10.6067
-9.0996	-5.5385	-2.5372	-3.1273	3.4659	3.5859	-2.1691	-3.8996	-6.0696	-8.7597
-9.9820	-6.5399	-1.8794	-1.3676	3.1141	2.7315	-2.8885	-2.5307	-5.7010	-8.7351
-13.5376	-7.7072	-2.8717	-2.6678	3.5312	3.1960	-1.9276	-2.6157	-7.4389	-11.6979
-10.5714	-6.7740	-3.5638	-2.5293	3.3193	3.0740	-1.9407	-2.5420	-7.4840	-13.9304
-8.7362	-7.2023	-2.8221	-1.5359	3.6035	3.3382	-2.6996	-1.5248	-6.1349	-10.7098
-9.9833	-6.8187	-2.9464	-3.0134	3.2348	3.3033	-1.2030	-1.5836	-7.0973	-13.2329
-8.2632	-5.6112	-2.1942	-1.5455	3.1613	3.1455	-2.2463	-1.6746	-4.8782	-13.1577
-8.4258	-4.9768	-1.4784	-2.3851	3.0748	3.3612	-2.2079	-2.5104	-5.6091	-8.3313
-9.8203	-7.1459	-2.5724	-2.7746	3.1325	3.3270	-0.6295	-1.9658	-6.5990	-9.7258
-11.1445	-7.7762	-2.8393	-1.8919	3.3357	3.3568	-2.5624	-2.8193	-6.1731	-8.6232
-9.1258	-6.7698	-3.0619	-1.2954	3.3443	2.7563	-3.4085	-2.3934	-6.9239	-8.8404
-12.5444	-7.5168	-2.6050	-1.9406	3.2553	3.0801	-0.7389	-2.0442	-4.9703	-7.6321
-10.7577	-7.2920	-1.6939	-2.5134	2.8355	3.2658	-0.8819	-2.9623	-5.3440	-9.2730
-12.3359	-6.4458	-2.2404	-1.8955	3.1836	3.2379	-2.5215	-2.5270	-7.5025	-11.4913
-10.4955	-8.2589	-2.6876	-2.3769	3.2625	3.2041	-1.6871	-3.0697	-9.1751	-11.2764
-11.1370	-7.8988	-2.3740	-1.6194	3.7042	3.0615	-2.3243	-2.1482	-7.1045	-9.6910
-11.0681	-8.3115	-2.7024	-1.8024	3.0604	3.4184	-2.3370	-1.7935	-7.0720	-10.2983
-8.3307	-6.3046	-2.8986	-1.8089	2.9893	3.3596	-2.5974	-2.6925	-5.3482	-9.4115
-10.4460	-6.6804	-2.8371	-2.2104	3.1709	2.7259	-2.3180	-2.5479	-6.9202	-10.9625
-9.9539	-6.6760	-2.2856	-1.5051	2.9508	3.1299	-2.4798	-2.5755	-7.6031	-13.0841
-11.1819	-6.2637	-2.1441	-2.4167	2.8766	2.5934	-1.6590	-2.5551	-7.7364	-11.4478
-9.3974	-7.8697	-2.9575	-2.8444	2.9103	2.9802	-1.5655	-1.7691	-6.9045	-8.3949
-6.8183	-7.2260	-2.1820	-1.5290	3.1588	3.1170	-3.6107	-3.0919	-5.0145	-9.9515
-9.2275	-6.7568	-3.1981	-2.8649	3.1975	3.3014	-1.4679	-2.7409	-7.8918	-10.2025
-9.9383	-8.6689	-1.9017	-2.5382	3.2692	3.3109	-2.2561	-2.5027	-6.4089	-7.8210
-10.6248	-6.2439	-2.0616	-3.0795	3.0534	2.9701	-1.9963	-2.1190	-6.7202	-10.0627
-7.4976	-6.0933	-2.3850	-2.5904	3.1115	2.9792	-1.6618	-2.2373	-5.6621	-9.8186
-12.2862	-8.3983	-3.1607	-2.1048	3.3249	2.7905	-2.4761	-1.4914	-6.3661	-10.3651
-9.6509	-6.8628	-3.5779	-2.6471	3.4716	3.3157	-1.9582	-3.7490	-5.9339	-9.2050
-9.5956	-6.4111	-1.7760	-2.3187	3.1894	3.4077	-1.4745	-3.1001	-6.2588	-10.0666
-10.1740	-5.8998	-2.5378	-1.9437	3.3406	3.0279	-2.0596	-2.2415	-8.8018	-11.0347
-10.2119	-6.6903	-2.0898	-1.6281	3.5459	3.1592	-2.5534	-2.6724	-4.6872	-9.9542
-9.6545	-7.1988	-2.2959	-1.4226	3.4449	3.4789	-1.5220	-2.2220	-6.6448	-9.4191
-10.2598	-7.5699	-1.6470	-2.2925	3.0682	3.2989	-2.6131	-2.7753	-6.0570	-9.2942
-9.8221	-5.9379	-2.8083	-2.5583	3.0399	3.0733	-1.5914	-2.3735	-7.1191	-9.8353
-7.0550	-5.4088	-3.2777	-2.7670	3.0299	3.2429	-2.1797	-2.1145	-5.4276	-10.9186
-9.9145	-6.9773	-2.4412	-2.6935	3.1663	3.2752	-1.1279	-1.8821	-5.2106	-7.9821
-8.4181	-5.9287	-2.6376	-2.7034	3.0810	3.0251	-2.7170	-2.5123	-5.6396	-11.6972
-11.0523	-6.3474	-2.3207	-1.5854	3.6659	3.4950	-3.3791	-2.0019	-9.2433	-10.8616
-12.7695	-6.8634	-2.2146	-1.9376	3.1289	3.2373	-1.6980	-2.2120	-7.6171	-10.5216
-10.4389	-6.5555	-1.9454	-2.2027	2.4581	3.2973	-1.4445	-3.1620	-7.5701	-10.1422
-11.4866	-8.1839	-2.5060	-2.0347	3.3857	3.3873	-3.2815	-2.0349	-5.6402	-9.3301
-13.3837	-8.1495	-2.6815	-1.6406	3.5223	3.7032	-2.6690	-3.3790	-7.0486	-9.0149
-11.0568	-5.8531	-2.1817	-3.1222	2.4064	2.6538	-2.2138	-1.9494	-5.4360	-8.6450
-10.9781	-8.5111	-1.5724	-1.6507	2.8417	3.2417	-1.3736	-2.8240	-7.5167	-11.8782
-9.8868	-7.5979	-3.5801	-2.2912	2.9791	2.8805	-2.7892	-3.3610	-6.9815	-8.3912
-11.8034	-7.8919	-3.7442	-1.7066	3.6341	3.4099	-1.9032	-3.0135	-7.4878	-12.2524
-10.8349	-6.8086	-2.6018	-1.5320	3.5589	3.1880	-2.2179	-1.5996	-7.7174	-11.6657
-10.1098	-6.1328	-2.2890	-2.1514	2.9083	3.3389	-1.1319	-2.4525	-5.6634	-9.8030
-8.9942	-7.4248	-2.8092	-2.0877	3.1202	3.3847	-1.9879	-2.6769	-9.2579	-14.2078
-12.8390	-6.1304	-3.1024	-2.0783	3.4693	2.8563	-1.5891	-3.3253	-7.9329	-10.0121
-11.2772	-6.6103	-1.4320	-2.4090	3.2017	3.4677	-2.4971	-3.0197	-6.8434	-11.5624
-8.5452	-8.3314	-3.1852	-1.8202	3.0652	3.3627	-1.8877	-2.3278	-7.4834	-10.3855
-9.9281	-6.8527	-1.8560	-0.8801	3.0032	3.0100	-1.5349	-2.6732	-6.1020	-9.8024
-11.7700	-6.7964	-1.9229	-2.1541	3.2177	3.2420	-2.0534	-3.5216	-6.7525	-11.7767
-9.8347	-5.3519	-2.2694	-1.3857	2.9921	2.9128	-2.7514	-2.1042	-6.8266	-12.5996
-10.6235	-6.1928	-2.2804	-1.7780	3.0632	3.6730	-1.2004	-3.4302	-7.1759	-10.4297
-12.2036	-6.5725	-2.4098	-1.2894	3.0877	3.3404	-3.1912	-2.2009	-6.3623	-10.4369
-14.0064	-8.1404	-2.5032	-1.2838	3.0780	3.1476	-1.8974	-3.1867	-7.8901	-13.5619
-11.9350	-6.8180	-2.2494	-1.9296	3.5541	3.1303	-2.4526	-2.5691	-8.1928	-10.6030
-11.4165	-6.3784	-2.6157	-1.5826	3.4515	3.2098	-2.5821	-2.4045	-5.0806	-10.8544
-9.2278	-6.6695	-3.2345	-2.0612	3.0924	2.6178	-1.5591	-2.0577	-7.8102	-12.8580
-10.5068	-8.0774	-2.5488	-1.6185	3.5245	3.5060	-1.6947	-3.4493	-9.2429	-10.9477
-11.6856	-7.5324	-1.9698	-0.9792	3.3602	2.9262	-1.7856	-2.6045	-5.8310	-8.6106
-9.2818	-7.2824	-2.8094	-2.7784	3.3202	3.2088	-1.3946	-2.3372	-5.6682	-11.0890
-12.3128	-6.5067	-2.5274	-3.0453	2.9816	3.2141	-2.1168	-2.2353	-6.0335	-9.6087
-10.0699	-6.4515	-3.0780	-0.9551	3.0858	2.8729	-1.6730	-2.9370	-8.3342	-9.7365
-11.9029	-6.8075	-1.9290	-2.0446	3.0494	3.1836	-1.0872	-2.8950	-6.5723	-10.4556
-10.7532	-6.1909	-2.1739	-1.9838	3.2595	3.4353	-1.9848	-2.3522	-8.0788	-9.8353
-12.1876	-7.0845	-2.3768	-3.1488	3.3082	3.3946	-1.0343	-2.8073	-6.3434	-12.8510
-9.8778	-7.6887	-3.0735	-1.8932	3.0242	2.8803	-2.0527	-2.9634	-7.6979	-12.9201
-10.4702	-7.2864	-2.4875	-1.3778	2.9367	3.0542	-1.4244	-2.9191	-8.7856	-11.5489
-7.5732	-5.7928	-3.0564	-1.6285	2.8920	3.0054	-1.9581	-1.4627	-6.1537	-8.2522
-9.6367	-8.8562	-1.2293	-1.9056	2.8680	3.3229	-1.9023	-1.8566	-6.3744	-9.7770
-12.0405	-7.5616	-2.5389	-2.8800	3.1774	2.6775	-1.6149	-1.6929	-6.6585	-9.9827
-10.0241	-8.3547	-2.3532	-0.1589	3.0898	3.2777	-2.4765	-3.9551	-6.7539	-9.1997
-10.9908	-5.8822	-1.7264	-2.5710	3.0292	3.3808	-1.4422	-2.3612	-7.8700	-8.8409
-10.4790	-6.5740	-3.1575	-2.6511	2.8872	2.9236	-2.0684	-2.2250	-6.0201	-11.0314
-8.2155	-6.6168	-2.4638	-1.8851	3.0421	3.1851	-1.8114	-1.3568	-6.8132	-9.2345
-13.0702	-7.2157	-1.7130	-1.6644	3.2203	3.5346	-1.5505	-2.2892	-6.4758	-11.2912
-9.2758	-7.0433	-1.8799	-1.5150	3.3175	3.0807	-2.7786	-2.1920	-5.6563	-10.4547
-11.4022	-5.9099	-1.6673	-2.1545	2.9437	3.1813	-3.1110	-3.0054	-5.7478	-11.2966
-9.8653	-7.0437	-1.7863	-1.8789	3.1442	3.3294	-3.2915	-2.4783	-5.9055	-10.4768
-12.0034	-5.8504	-1.8805	-2.5815	3.1418	3.0728	-1.4073	-2.7512	-7.4418	-11.9704
-10.4358	-7.0967	-3.0284	-2.3802	3.2806	3.0483	-1.8964	-2.3830	-6.5907	-11.5885
-12.2127	-6.4841	-2.1016	-1.5732	3.3933	3.1979	-2.7590	-2.6489	-7.7469	-12.3066
-11.8855	-6.5094	-1.6476	-1.6850	3.1475	2.6760	-3.9465	-3.2123	-6.4912	-9.2704
-10.3622	-5.3508	-1.9208	-1.0947	2.9413	3.3515	-2.5945	-3.0395	-7.0542	-10.1172
-8.1502	-8.0969	-3.6890	-3.7554	3.0870	3.4974	-2.7447	-2.4845	-6.1747	-8.1307
-9.7985	-6.5198	-2.1877	-2.5884	3.1230	3.1837	-1.6155	-2.1089	-6.9420	-10.0561
-8.4433	-7.6949	-2.3774	-1.3990	2.6717	2.9589	-2.3162	-2.3619	-6.3407	-10.5165
-10.5917	-5.7789	-2.1891	-1.7772	2.9245	3.3067	-1.8308	-2.1000	-6.0228	-9.4659
-8.9819	-5.5157	-1.8454	-1.9466	2.6494	3.2009	-2.7421	-2.0972	-7.1609	-14.5541
-10.6334	-8.2946	-1.9246	-1.5957	2.9987	3.3251	-2.4732	-3.0265	-8.2300	-12.8100
-9.6329	-6.5146	-2.5288	-1.8863	3.3423	3.4882	-2.0970	-2.5739	-7.2568	-12.0387
-11.0307	-6.9390	-2.3824	-2.1075	2.8209	2.7696	-1.9861	-2.2582	-6.3529	-10.7049
-10.2138	-5.5158	-2.3235	-2.5707	3.3021	3.0563	-1.1784	-2.1330	-8.7586	-8.5177
-12.0497	-6.8436	-2.4771	-1.2233	3.2046	3.0134	-2.1477	-1.8452	-5.9282	-9.2501
-11.8357	-6.1754	-2.5870	-1.5716	3.4605	3.5841	-2.1762	-2.7014	-6.4271	-11.0119
-9.5276	-6.5224	-2.2362	-1.7744	3.2875	3.0396	-2.7982	-2.3307	-4.7925	-9.2758
-8.9181	-6.6371	-2.9735	-2.5608	3.3479	3.1265	-1.8563	-2.6226	-5.8275	-8.3803
-10.7031	-8.3616	-2.0150	-1.3201	3.5082	3.6608	-3.5301	-2.3376	-6.3869	-10.5900
-8.7891	-8.0329	-3.1562	-1.6837	3.4572	3.2291	-2.0119	-2.3934	-5.6609	-10.3652
-11.1759	-6.4083	-2.7523	-1.8842	3.5291	3.0553	-2.2114	-2.3692	-5.8893	-7.7985
-11.5930	-6.9100	-1.9834	-2.2835	3.5454	3.7830	-1.9088	-2.0777	-6.8657	-11.4573
-12.0579	-6.9971	-1.9380	-2.9031	3.0575	2.9892	-1.0587	-2.1138	-7.0044	-8.8399
-9.6682	-5.9320	-2.9024	-1.7393	3.0934	3.3372	-2.4179	-2.7648	-7.2207	-10.3799
-8.2368	-5.1218	-1.9413	-0.7821	2.7758	3.0054	-3.1786	-2.2406	-7.2552	-11.1264
-9.5605	-6.4123	-2.3133	-2.0884	3.2934	3.0819	-3.0250	-1.8549	-5.8400	-9.4912
-11.8306	-5.9595	-3.1109	-2.4539	3.3345	3.4145	-1.3576	-3.6448	-7.3700	-8.9573
-11.5288	-7.1344	-2.3403	-1.7132	3.1269	3.2137	-1.8936	-2.0135	-7.2147	-12.1195
-15.3491	-8.3361	-3.6891	-3.6755	3.2704	3.6975	-1.2818	-3.7719	-7.5763	-10.2919
-12.2611	-6.6087	-1.9325	-0.4774	3.2616	2.9723	-2.0768	-2.4201	-7.5640	-8.1865
-14.7047	-6.5028	-2.2708	-2.2259	3.3432	2.9768	-1.9301	-1.7440	-8.0428	-9.9529
-10.8082	-8.8942	-2.5555	-1.6140	3.2442	3.2443	-2.6570	-2.8735	-7.2629	-11.7710
-8.8311	-6.7788	-2.9237	-2.1215	3.2866	3.4981	-1.8554	-2.7927	-7.1852	-9.7425
-11.0887	-6.8842	-2.9531	-2.7971	3.3428	3.2627	-3.1774	-2.9175	-7.1851	-8.4091
-10.6810	-7.4333	-2.4450	-2.1852	3.0612	3.3600	-2.1536	-2.9996	-6.4300	-10.2161
-10.7834	-6.7903	-2.6478	-1.8579	3.5295	3.1710	-2.5835	-2.7024	-6.9637	-9.2396
-10.3915	-6.3613	-3.0514	-2.2224	3.5878	3.6456	-0.9323	-2.3227	-7.9745	-12.2643
-11.9825	-6.3090	-2.4203	-2.5588	3.3953	3.1674	-1.7673	-2.7504	-7.5522	-10.2830
-9.2912	-7.4161	-2.6710	-1.2805	3.4534	3.6187	-3.1397	-2.7757	-6.0781	-8.6187
-10.1379	-6.7305	-1.8021	-2.4633	3.4008	3.6744	-2.9937	-2.2757	-5.4015	-9.5129
-8.6531	-6.9331	-2.8606	-2.5378	3.4790	3.5537	-2.2584	-2.3391	-7.3721	-11.2877
-11.9959	-7.4807	-2.0195	-1.7255	2.9327	3.1015	-0.7008	-1.9467	-6.4860	-13.8735
-9.6556	-6.8331	-1.6925	-0.5207	2.7766	3.1542	-2.3528	-3.7817	-6.3255	-10.1052
-12.6705	-7.5873	-2.7969	-2.1327	3.0829	2.9336	-3.2301	-2.6602	-6.8176	-10.3812
-15.1221	-7.3471	-3.1054	-3.3244	3.0957	3.1814	-1.1563	-2.1349	-5.4268	-11.1542
-13.9322	-6.3657	-3.3621	-2.0858	2.9621	2.7700	-1.3129	-2.2931	-6.4414	-11.1605
-11.2023	-7.3494	-2.3887	-2.8011	3.0627	2.9703	-2.4522	-2.9808	-6.4698	-9.8526
-8.7228	-6.9022	-3.0948	-2.6917	3.4414	3.6595	-2.1938	-2.5376	-5.7201	-8.2199
-8.4408	-6.7603	-1.9552	-1.8049	2.8982	3.0213	-1.9934	-2.3903	-6.2592	-11.0868
-9.5590	-7.4699	-2.4887	-1.8742	3.3687	3.2299	-1.9542	-3.1068	-9.6302	-9.1594
-9.0645	-5.9185	-2.7012	-3.0315	3.0117	3.1655	-1.2484	-2.3507	-7.3059	-9.6675
-8.7219	-5.8538	-2.9210	-2.9546	3.0639	3.4371	-1.8917	-2.8157	-6.3455	-12.2394
-9.7516	-8.3024	-1.7241	-1.7823	3.0015	3.0561	-0.6003	-1.9753	-6.7268	-13.1354
-10.9972	-7.4746	-3.0774	-0.6977	3.4004	2.8740	-2.2343	-2.3908	-7.1388	-9.7460
-10.1852	-5.7070	-2.6883	-2.1329	3.3180	3.2958	-1.5561	-2.5605	-7.7313	-8.6687
-11.8741	-6.0805	-2.5976	-1.4644	3.7447	3.6368	-1.9544	-3.4995	-7.8435	-11.2582
-10.2554	-7.8221	-3.2116	-0.9788	3.1888	3.1854	-1.0055	-2.1401	-8.6213	-9.4740
-10.5459	-9.7694	-3.2612	-2.2945	3.1123	3.0341	-0.8776	-2.3317	-7.2778	-10.1905
-8.9951	-5.5275	-2.5888	-2.3254	3.3662	3.3686	-2.5897	-3.4963	-7.1701	-8.7688
-8.8045	-7.1150	-2.4622	-0.9393	3.4090	3.1388	-1.3884	-2.4675	-7.5185	-10.1513
-10.6746	-8.1331	-3.0027	-1.5099	3.4275	3.5129	-0.8619	-2.0792	-8.5424	-13.1987
-10.0188	-5.8506	-2.3929	-2.8990	3.3333	3.3592	-2.9220	-2.0372	-5.1848	-10.1211
-14.0449	-7.7387	-2.7484	-1.5802	3.5941	3.3458	-2.6518	-2.0973	-7.1712	-10.5552
-10.2206	-6.7523	-2.8147	-1.5360	3.2361	3.3033	-1.1464	-3.8538	-10.0278	-9.5824
-8.4568	-8.2193	-2.4656	-2.0298	3.5587	3.7777	-3.0082	-3.2499	-7.6650	-15.0598
-12.2180	-8.0037	-2.6928	-2.5365	3.2909	3.2559	-0.0063	-2.5660	-10.7074	-12.4828
-11.0878	-7.2009	-1.8291	-1.8320	3.2789	3.2187	-1.6306	-2.7067	-7.6945	-10.3796
-8.6405	-6.7570	-2.0142	-2.9604	3.2864	3.3582	-1.4087	-2.2800	-6.9740	-10.3322
-10.2692	-5.3454	-2.8305	-3.0450	3.3190	3.2301	-2.0509	-2.3556	-6.2884	-7.9054
-9.5817	-6.0775	-2.1790	-2.2582	3.5581	3.3374	-2.3188	-1.8203	-6.5988	-10.5402
-10.0933	-6.9540	-1.7811	-2.1977	2.7312	2.6313	-1.6063	-1.8101	-6.7518	-10.1560
-9.9083	-6.6404	-3.1384	-1.3697	3.3214	3.1487	-1.9000	-3.0520	-6.5377	-10.1945
-10.1611	-6.4397	-3.1327	-2.0370	3.2308	2.8162	-2.1367	-1.4193	-7.0869	-10.1109
-10.1634	-7.3635	-2.5166	-2.6940	3.3204	3.2966	-1.7948	-1.5947	-6.5273	-9.6626
-8.3867	-7.7175	-2.5609	-1.2055	3.2252	3.6252	-2.1728	-3.7383	-6.3841	-10.4361
-9.5069	-5.8297	-2.4149	-2.1984	3.4995	3.1838	-1.8972	-2.7400	-7.0514	-9.7285
-10.4427	-7.5944	-2.7064	-1.8389	3.4338	3.2862	-2.8611	-3.0663	-7.2287	-11.8634
-10.5152	-5.5341	-2.4118	-1.6714	2.9653	3.2314	-3.3969	-3.2070	-6.8010	-9.7901
-11.1251	-8.9341	-3.8260	-2.3806	3.2757	3.0896	-2.1423	-3.5192	-8.8011	-11.0006
-12.0999	-7.0000	-2.5333	-1.4666	3.3445	3.1412	-2.4570	-2.7710	-7.5988	-13.4404
-10.8612	-7.5692	-2.6691	-2.4765	3.4315	3.1581	-2.5267	-1.8579	-5.9980	-10.3468
-12.0947	-6.5432	-2.8030	-2.4120	3.1848	3.0721	-1.3920	-2.4744	-5.9486	-10.2032
-9.1987	-7.3411	-1.9864	-1.9218	2.8517	3.0203	-1.4902	-2.9104	-7.9931	-9.3769
-12.9508	-6.8490	-1.8890	-2.1703	3.3270	2.9081	-2.3056	-2.7226	-5.1643	-7.7303
-12.2327	-7.3357	-1.7222	-1.5784	2.9627	2.7317	-1.7251	-2.4519	-6.0299	-10.3385
-9.8124	-6.3752	-1.7195	-1.9731	2.5833	2.8826	-2.6221	-2.0161	-6.1490	-11.5260
-10.2703	-5.7031	-3.3756	-3.3348	3.3198	3.2843	-0.9287	-1.5316	-7.3361	-10.4644
-8.6349	-6.9282	-2.6024	-2.9173	2.8600	3.0714	-0.5110	-2.5762	-5.7285	-10.1020
-10.6219	-6.2231	-2.6986	-2.6490	2.9340	2.8498	-2.2260	-1.5655	-5.9873	-11.3927
-9.8236	-7.0837	-2.5548	-1.7548	3.1265	3.1061	-3.1435	-2.5997	-7.5016	-11.9024
-9.4081	-5.7172	-2.2745	-3.3887	2.8151	3.5295	-2.4406	-2.9334	-6.5553	-13.6457
-10.0695	-9.6664	-2.6641	-1.7160	3.1424	2.8254	-1.8428	-1.5178	-6.1888	-10.0405
-11.2588	-5.8511	-2.3177	-3.3246	3.0436	2.6284	-1.6120	-2.2165	-7.4414	-9.4462
-11.8364	-7.7051	-2.4226	-1.3497	2.8461	2.6560	-1.8700	-1.8188	-6.0916	-11.0385
-13.1970	-8.2034	-2.6612	-3.0530	3.2823	3.1767	-1.5628	-2.5603	-7.7160	-11.1449
-11.5351	-6.5224	-1.9556	-2.8702	3.0532	3.1524	-1.3892	-1.7967	-6.6506	-12.3065
-10.4937	-6.9734	-2.5899	-1.9181	2.8107	2.9618	-1.7004	-1.9910	-7.2423	-10.5573
-11.5374	-7.6179	-2.8944	-0.8923	3.1427	3.0738	-2.8653	-3.3282	-7.2450	-10.2700
-9.7813	-7.3954	-1.3003	-1.2295	3.3018	3.4174	-1.5115	-2.0043	-6.0322	-10.4888
-14.1729	-7.6185	-2.2765	-1.2780	3.5221	3.7040	-2.0945	-2.6485	-6.2972	-9.4019
-12.7289	-7.4417	-2.7264	-1.9071	3.0743	3.4018	-0.8062	-3.5048	-5.7150	-10.5427
-9.8801	-4.9764	-2.5505	-2.1937	3.2592	2.8966	-3.0076	-1.7972	-5.7226	-10.7045
-9.0225	-5.9928	-2.0931	-1.9566	2.9768	2.6659	-2.3457	-1.7577	-5.8009	-8.2951
-13.9412	-8.3576	-2.2040	-1.7828	2.9661	3.5170	-3.2292	-3.0801	-5.8633	-12.1404
-13.4137	-6.8137	-2.1000	-1.4007	3.1643	3.2652	-1.7000	-2.9964	-6.8928	-13.1308
-10.1154	-5.6795	-3.7280	-3.4528	3.5612	3.1947	-2.9159	-3.1747	-5.2034	-9.3149
-11.2532	-8.7395	-2.9837	-2.2450	3.5836	3.4161	-1.6978	-3.0247	-6.0532	-11.1339
-12.3787	-9.5853	-2.3395	-1.8710	2.8071	3.4430	-2.4755	-2.4702	-5.4697	-10.9129
-11.5892	-8.1928	-2.4203	-1.9302	3.6396	3.2244	-2.8673	-3.0432	-6.9304	-13.3161
-13.2580	-6.9186	-2.4360	-1.8566	3.1026	2.8534	-3.5788	-2.2945	-6.8209	-11.6584
-7.6210	-7.2847	-2.7734	-1.8896	3.5239	3.0456	-2.2058	-2.4417	-6.6476	-10.8057
-10.0358	-7.1206	-1.2895	-1.9297	3.0555	2.9668	-2.7064	-2.0830	-5.1678	-8.9381
-9.8605	-5.7262	-2.3208	-1.9717	2.6120	3.0531	-1.1916	-2.2010	-8.2422	-11.3271
-10.0721	-5.9505	-2.2464	-1.6865	2.8361	2.8936	-2.1582	-2.4454	-7.0297	-8.9645
-10.6827	-6.0401	-3.0782	-1.9670	3.2465	3.2429	-2.7454	-3.0534	-5.4314	-9.6736
-12.6793	-9.2676	-3.1503	-2.4263	3.2989	3.5103	-2.2944	-3.2247	-8.5691	-12.5407
-10.1835	-9.0037	-2.3832	-1.6673	3.3785	3.4569	-3.2790	-3.3397	-8.9425	-9.0940
-10.4960	-9.3442	-3.1876	-1.1239	3.6771	3.1091	-2.7117	-2.7208	-6.8352	-13.6384
-9.5446	-7.0266	-2.2010	-1.4036	3.0521	2.9958	-1.9547	-1.4829	-5.7601	-9.0364
-8.9261	-5.6500	-1.9828	-2.5453	3.2727	3.0993	-2.1245	-2.7631	-6.7815	-10.3004
-10.9139	-6.4948	-3.0190	-1.6907	3.5862	3.4678	-2.9387	-3.9799	-6.9378	-10.2279
-12.0684	-5.9055	-2.1837	-1.4713	2.6564	3.1255	-2.1741	-3.1180	-6.0277	-9.1650
-7.4753	-6.2248	-2.4725	-1.7843	3.6985	3.1626	-2.1508	-2.9045	-6.8674	-9.8003
-11.8980	-8.2598	-2.0924	-1.0934	2.9124	3.0904	-2.1122	-2.6216	-6.5056	-9.1588
-11.9446	-6.2730	-2.6829	-1.8285	2.8066	3.0450	-2.1051	-2.8897	-6.2249	-10.3743
-13.0518	-8.8082	-1.9268	-1.9243	3.0917	3.2059	-2.3883	-2.9471	-7.2872	-11.6997
-11.4162	-8.2071	-2.6243	-1.9786	3.0548	3.0126	-2.4833	-2.1582	-5.7281	-8.3438
-7.2672	-5.6372	-3.3596	-2.4201	3.0199	2.9944	-2.5574	-3.2067	-6.7748	-9.3416
-12.0462	-8.2039	-3.2923	-2.6266	2.9175	3.4635	-2.2703	-3.1886	-6.1866	-13.2742
-14.7916	-7.7524	-2.5056	-1.2923	3.3860	3.2571	-1.9446	-2.2357	-8.6229	-9.6175
-13.2346	-5.9773	-2.4214	-1.4413	3.2623	3.2086	-2.8899	-3.4768	-8.9737	-14.2133
-10.3483	-7.3528	-2.5901	-2.6041	3.5163	3.8063	-1.6171	-2.9673	-6.5524	-12.7425
-11.0742	-7.4871	-2.6623	-1.8293	3.0765	3.1646	-1.9651	-3.0367	-7.7785	-9.3188
-10.0225	-6.4338	-3.0359	-1.9097	3.2713	3.0824	-2.6157	-2.3031	-7.4685	-11.7432
-8.7633	-7.5233	-2.3893	-1.5613	3.2571	3.4418	-1.5640	-2.3359	-7.5717	-11.5975
-9.7542	-6.5123	-2.1856	-2.4896	2.9252	2.5367	-2.0358	-1.6692	-5.9568	-9.7856
-8.7694	-6.9667	-2.4381	-2.3033	3.1026	3.0893	-2.4906	-2.2173	-6.9748	-9.3113
-12.4528	-6.8832	-2.1307	-1.6487	2.8497	2.9016	-3.2153	-1.8511	-4.7228	-10.9036
-10.3171	-6.1306	-2.2051	-2.4234	3.1060	3.0405	-2.9129	-2.5180	-6.7922	-9.7445
-11.9704	-6.8334	-2.3998	-2.0396	3.4590	3.1711	-1.6701	-1.8311	-7.3782	-14.2620
-12.1135	-8.5239	-2.4674	-3.4150	2.9068	2.7967	-2.7725	-2.3291	-5.3106	-12.1334
-11.7317	-7.7601	-2.4143	-2.0138	3.1492	3.1028	-2.5630	-2.8595	-6.7807	-8.1398
-10.2926	-9.5213	-3.3719	-2.4973	3.4189	3.7282	-0.8544	-2.4826	-7.7660	-9.6915
-8.8354	-8.0668	-2.8583	-1.6461	3.5362	3.3287	-1.4130	-2.9736	-6.5275	-10.8456
-6.6919	-6.7448	-2.0491	-1.7255	2.5547	2.5053	-1.8776	-1.8139	-5.4281	-11.1073
-7.9971	-6.2497	-2.8346	-2.1828	3.2295	2.9309	-2.9968	-3.1346	-8.8554	-10.6907
-13.1056	-6.6560	-2.1746	-2.2725	2.6776	2.9753	-1.7447	-2.5646	-5.7115	-8.7984
-9.0484	-7.2078	-3.5335	-1.6740	3.6224	3.2252	-1.2366	-2.4538	-6.9444	-8.3340
-9.3079	-8.5448	-1.8782	-1.9813	2.9700	3.0739	-1.2020	-1.9585	-6.3041	-9.6910
-10.3357	-6.8692	-2.6176	-3.5128	3.4481	3.7275	-1.4733	-2.1625	-5.7785	-12.8223
-10.6730	-8.5301	-3.2293	-2.5086	3.5047	3.4646	-1.2228	-2.2648	-6.3358	-13.1661
-10.8254	-6.9631	-3.0884	-1.7401	3.0109	3.1790	-1.6320	-2.6475	-8.8589	-12.8728
-14.5423	-7.6259	-2.4241	-2.0806	3.7391	3.3278	-2.0899	-2.5316	-8.1536	-12.1805
-10.8652	-7.6899	-2.3067	-1.7029	2.7158	3.1434	-2.6361	-2.2153	-5.3644	-10.0793
-9.7412	-5.5411	-2.1673	-2.5314	3.2998	3.3388	-1.3775	-2.0447	-7.3857	-10.6255
-11.8419	-5.3161	-1.9170	-2.4513	2.7927	3.2152	-0.8976	-2.1711	-6.2763	-11.4224
-9.7604	-5.8332	-2.4400	-1.6786	3.4351	3.2185	-1.6300	-2.8603	-8.2370	-8.9612
-14.8240	-6.2535	-2.5901	-2.2013	3.2832	3.3509	-2.3167	-2.9603	-6.6924	-12.0462
-9.4327	-7.4216	-3.5019	-1.3137	3.3781	3.4279	-2.7632	-3.3752	-5.3175	-10.9947
-12.8344	-7.5936	-2.7380	-1.2252	3.2887	3.4461	-2.7242	-1.8151	-7.9580	-12.9039
-13.2571	-6.1429	-2.5656	-1.9681	2.9745	2.9531	-1.7397	-3.2667	-9.1402	-10.7415
-8.7874	-7.5641	-2.8297	-0.6848	2.9999	2.8417	-3.7644	-3.5037	-6.9181	-11.7434
-10.3123	-5.9186	-2.7657	-1.6273	3.1833	2.9253	-3.1102	-1.7185	-6.8075	-10.4590
-11.4460	-8.4763	-2.5426	-1.8373	2.9949	2.8047	-1.9093	-2.3278	-6.9375	-11.4623
-8.9937	-6.0163	-1.4908	-1.5765	3.1333	3.6599	-2.3273	-3.4974	-7.9796	-8.5160
-9.7117	-8.0469	-3.0384	-2.4039	3.0772	3.4589	-1.1348	-3.6060	-7.3440	-12.1660
-12.4433	-8.0077	-1.3446	-0.8656	3.2313	3.1522	-2.7936	-3.0159	-7.9397	-13.3567
-11.0184	-6.2954	-1.6249	-1.8819	3.1172	3.1510	-3.4817	-2.5400	-5.9277	-11.0880
-10.3614	-5.7295	-3.0638	-1.3018	3.1621	3.2571	-2.1136	-1.9545	-7.2416	-8.6627
-11.6444	-5.5307	-1.8989	-2.4260	3.1339	3.2510	-2.0833	-2.2417	-6.5718	-8.7217
-15.2573	-6.1416	-1.8115	-2.6892	2.9721	3.1910	-1.6272	-2.6034	-6.9869	-10.5900
-8.2543	-7.6519	-1.6524	-1.7635	3.2429	3.2999	-0.9936	-2.7005	-6.5242	-11.6039
-8.4606	-6.2105	-2.5075	-2.6711	3.5480	3.1853	-1.0300	-2.7545	-7.0300	-12.7829
-10.6392	-7.3600	-3.4748	-2.7373	3.6661	2.9253	-2.0021	-1.4003	-7.9057	-15.9167
-10.1016	-7.8157	-2.1537	-1.6495	3.1619	3.1224	-2.1700	-3.2433	-7.6203	-12.9812
-11.1394	-6.9321	-3.3417	-3.4363	3.3188	3.4177	-1.9577	-3.1154	-7.8942	-10.9373
-11.2310	-6.7706	-1.6625	-1.1958	3.2344	3.3199	-2.4527	-2.5624	-6.4621	-14.9630
-10.7491	-6.7876	-2.5572	-1.9047	3.3375	2.9793	-1.6961	-2.2739	-6.0595	-14.3320
-12.1449	-7.4690	-2.8049	-4.2356	3.3027	3.3911	-0.7729	-1.5743	-7.4570	-9.8622
-11.0423	-6.2302	-2.1432	-2.2459	3.3740	3.6276	-1.6942	-1.9613	-7.8140	-11.3111
-9.7775	-7.3376	-2.7026	-2.1942	3.2470	3.3222	-1.2031	-3.1228	-5.8915	-7.6017
-10.9250	-7.2718	-2.4790	-1.2713	3.0765	3.0166	-1.2917	-2.0505	-6.3467	-10.7029
-9.8291	-7.1743	-2.8569	-2.2511	3.2970	3.1720	-0.9182	-2.6627	-6.9404	-10.0789
-8.8024	-5.3899	-1.7041	-2.3521	2.6129	2.6359	-2.2873	-1.6165	-6.6040	-11.9703
-10.4905	-7.8469	-3.5180	-1.3851	3.7859	2.9127	-2.8069	-2.1909	-8.0981	-8.5833
-9.9334	-8.2495	-2.5823	-2.4945	3.1680	3.2744	-1.2784	-2.8424	-4.8104	-9.9837
-11.7550	-7.5854	-1.8571	-2.1015	3.0670	3.1546	-1.6213	-2.3665	-7.8595	-12.8958
-8.0055	-6.6592	-3.4548	-1.9276	3.3762	3.2396	-1.4407	-2.1487	-6.3219	-11.3236
-9.5679	-7.1981	-2.4116	-2.2206	3.4455	3.3754	-2.4161	-2.5076	-6.2131	-12.7364
-12.0588	-7.9008	-2.1466	-2.1567	2.9764	2.9194	-1.5993	-1.8177	-7.3364	-9.0541
-10.8200	-6.5599	-2.4477	-2.7939	3.2122	3.1226	-1.5178	-2.3346	-8.1072	-11.5563
-7.7759	-6.3182	-1.8916	-1.9960	3.2824	3.1754	-1.2987	-2.0219	-7.0233	-9.8131
-9.9017	-5.2214	-2.2005	-2.6764	3.0010	3.1423	-2.5520	-2.8722	-6.7223	-9.0956
-10.7239	-5.4755	-2.5880	-2.4829	3.1978	3.3142	-1.9779	-3.0212	-7.0101	-9.2447
-11.8308	-6.8891	-2.8326	-2.0318	3.2527	3.4262	-1.6807	-2.7510	-7.2677	-11.3940
-8.0704	-6.6817	-1.6690	-2.7284	2.8547	3.1450	-1.0740	-2.7191	-6.7635	-7.3189
-15.4886	-5.8501	-2.7289	-3.5070	2.8519	2.9120	-1.6692	-3.1997	-7.4831	-11.0660
-12.6224	-6.1118	-1.4596	-2.2583	2.5540	2.6965	-1.5816	-1.4523	-5.7659	-11.5895
-8.3300	-7.5471	-1.9426	-1.4358	3.0538	3.0655	-0.9543	-2.3293	-6.8428	-10.2612
-9.0614	-8.0172	-2.0362	-1.8806	3.1657	3.1280	-1.3688	-1.6062	-6.0775	-14.4536
-10.0361	-6.6963	-2.7886	-2.3599	3.6031	3.4006	-2.2467	-2.9468	-5.8247	-8.7675
-11.0853	-5.9741	-2.1125	-1.7383	3.1176	3.0867	-2.6110	-2.9629	-7.0957	-7.5720
-9.6597	-7.7416	-2.2442	-1.2937	3.0923	3.1420	-3.5047	-2.4324	-6.3325	-13.8023
-12.0076	-8.6540	-3.6269	-1.5291	3.3872	3.4165	-1.7915	-2.5261	-7.2738	-10.0274
-12.6465	-5.8181	-2.3210	-1.8812	3.3808	3.3429	-2.6632	-2.9545	-7.5215	-11.6506
-11.4484	-7.7207	-3.4360	-1.1711	3.2676	3.3675	-1.6832	-2.3686	-8.6906	-10.6418
-9.2642	-8.0262	-1.8608	-2.1417	2.5534	3.0241	-1.9123	-3.1111	-6.0238	-11.8197
-8.4472	-9.1281	-2.6464	-1.5053	3.0209	3.1514	-3.3046	-3.0038	-7.0530	-10.8528
-9.8318	-7.8887	-2.6209	-2.5628	3.6149	3.5926	-2.3082	-2.7131	-7.3043	-11.5524
-8.6819	-6.5773	-3.3296	-1.8863	3.3913	3.2456	-2.6900	-1.9360	-6.0894	-12.7978
-9.4284	-8.1762	-2.6049	-3.0190	2.6585	2.9568	-0.5130	-3.0246	-7.9054	-11.8725
-11.8284	-6.5271	-2.3808	-0.3592	3.1384	2.9364	-2.2682	-2.1199	-6.6659	-9.0235
-8.6664	-7.7123	-2.7292	-1.7786	3.1393	3.0326	-2.3181	-3.3269	-7.0560	-13.9912
-14.4016	-7.2644	-4.0324	-1.8737	3.3479	2.9519	-3.6081	-2.7560	-6.7420	-14.1327
-13.4690	-6.8535	-2.4726	-2.6697	3.1265	3.3911	-1.3580	-2.2883	-6.2286	-12.6962
-9.8496	-7.6242	-2.7967	-2.2582	3.3150	2.7972	-2.1786	-1.8402	-8.8740	-13.5709
-8.4009	-6.2996	-2.4139	-2.3225	3.1759	3.1458	-2.1147	-3.2500	-8.1307	-11.1026
-12.1183	-6.9343	-2.3902	-1.8211	3.3771	3.2475	-1.3296	-2.3042	-6.5835	-10.4875
-10.1087	-6.1646	-2.9367	-2.3552	3.2415	3.4527	-1.6596	-2.4856	-8.7672	-9.5124
-9.0800	-5.9062	-2.0305	-2.6877	3.0811	3.1015	-2.0470	-2.0076	-6.8435	-10.3082
-10.8723	-9.3869	-3.9737	-1.9443	3.6288	3.1651	-1.5705	-3.2591	-7.5566	-7.8078
-12.0523	-7.6603	-3.2189	-2.3747	3.5802	3.5459	-1.8057	-1.5182	-6.3448	-12.5267
-11.8581	-7.9235	-2.2941	-2.3174	3.2105	3.1924	-1.5138	-3.1279	-5.7387	-11.1498
-10.3599	-7.5623	-3.2522	-2.9504	3.3651	3.0842	-1.3603	-2.2937	-5.2639	-10.5477
-10.4246	-9.1791	-2.7528	-1.9189	3.1531	3.2296	-2.1833	-2.5885	-6.8287	-12.7464
-14.7076	-8.2827	-2.2081	-2.2716	3.3567	3.0708	-1.2890	-2.7450	-5.8494	-11.7174
-9.7769	-6.5484	-3.1514	-2.2044	2.9903	3.2810	-1.6365	-2.9153	-9.3655	-12.6774
-9.8093	-6.1319	-3.0770	-2.9679	3.4811	3.3138	-2.4704	-2.3416	-6.6583	-13.0539
-11.4335	-6.1896	-2.4767	-2.2027	3.3134	3.2764	-2.2727	-3.4424	-7.2240	-10.9300
-10.3134	-7.9944	-3.2230	-2.2201	3.4030	3.0822	-2.1450	-2.0957	-7.5259	-11.6003
-11.1319	-8.8364	-2.8709	-1.7942	3.3828	3.1887	-2.8765	-3.5914	-6.4685	-10.4888
-9.5048	-6.2805	-2.6786	-1.8446	3.2545	3.1440	-2.4555	-1.9897	-5.3885	-9.1692
-10.0173	-5.3679	-1.8950	-1.0086	3.4845	3.1044	-2.4417	-2.6791	-5.5555	-7.8108
-10.8037	-6.9734	-2.2830	-2.8312	2.8433	3.2971	-1.9269	-2.8728	-6.6352	-11.5842
-9.0452	-5.9487	-2.7688	-2.2403	3.1370	3.1964	-1.2901	-2.3973	-6.6654	-11.6483
-14.2956	-6.4792	-1.8877	-1.9879	3.3544	3.2780	-1.2028	-2.4792	-7.8538	-12.4026
-9.9034	-6.8605	-2.4243	-1.9205	3.3327	3.4617	-1.8758	-2.7950	-6.3308	-10.7398
-9.1263	-5.8653	-1.4476	-1.9256	2.7675	3.0376	-2.4940	-2.9593	-6.9788	-10.6652
-13.6777	-9.4770	-3.1881	-3.3591	3.2549	3.1907	-0.5109	-2.5248	-9.4805	-9.8355
-10.5024	-7.0508	-2.8356	-1.7981	2.7586	2.8823	-0.8392	-2.1105	-7.8923	-11.2552
-9.8808	-7.3038	-3.2772	-2.0893	2.9887	3.0517	-1.6084	-2.8821	-8.5956	-10.3715
-10.8272	-6.3163	-2.3431	-2.4599	3.0748	3.3916	-1.8417	-2.9325	-9.4381	-9.6068
-9.7717	-6.7856	-1.8705	-1.3654	2.5339	2.7204	-2.1829	-1.7453	-4.5443	-11.4723
-13.3364	-7.1751	-2.0798	-2.6793	2.6998	3.1708	-2.6788	-2.9982	-7.0034	-8.8579
-9.7276	-6.8890	-2.1986	-0.8312	3.0813	3.1999	-1.7178	-4.2321	-7.3797	-9.6384
-8.6622	-7.0012	-2.2512	-2.3427	2.7946	3.3947	-1.0788	-2.0847	-7.6247	-9.8478
-11.7918	-6.0779	-2.5897	-2.5282	2.8902	3.0422	-3.3067	-2.7152	-7.6931	-8.6077
-9.3513	-5.9540	-2.9694	-1.7144	3.4524	2.7738	-2.5987	-1.9162	-6.1239	-11.4271
-11.1450	-6.5913	-2.5100	-3.0992	3.2219	3.4777	-1.1409	-2.8056	-8.0160	-9.4210
-11.8491	-7.2457	-2.8745	-2.8139	3.2672	3.2089	-1.4601	-3.2719	-6.5883	-8.6107
-12.3399	-6.0318	-2.4489	-3.7956	3.2094	2.7188	-2.2827	-1.7976	-6.6437	-10.6517
-11.8253	-7.4327	-3.4187	-2.8528	3.4779	3.3679	-1.7625	-3.5018	-6.7283	-10.5902
-12.4499	-6.8010	-1.9940	-2.9393	3.1546	3.5525	-1.6824	-2.4731	-7.3036	-9.9992
-7.8953	-7.4143	-3.3648	-2.7795	3.1160	3.5814	-2.1399	-3.1222	-7.6661	-12.0190
-9.9666	-7.0240	-2.2130	-1.1530	3.1344	3.3010	-1.7905	-2.3916	-6.2074	-11.7821
-10.8727	-5.2884	-2.4338	-2.0522	3.3918	2.9517	-2.2013	-2.4197	-6.3699	-11.9365
-8.1689	-7.2498	-2.9482	-2.8178	3.7534	3.3962	-1.8167	-2.0335	-6.1526	-11.4712
-11.1440	-6.1042	-3.3463	-3.0155	2.9901	2.6489	-2.7328	-2.6885	-6.1335	-9.0964
-10.2111	-6.0889	-2.1622	-1.6366	3.2963	3.1181	-1.4798	-2.9783	-6.4810	-10.0437
-10.9561	-9.3764	-2.1889	-0.6811	2.8652	3.2449	-1.9523	-2.6916	-7.9312	-13.0475
-7.9039	-5.3861	-2.5535	-2.5830	2.9886	3.1191	-2.0637	-2.2268	-6.4631	-10.1361
-9.7576	-6.6468	-2.2554	-1.8138	3.1034	3.3340	-1.8302	-2.5417	-4.6827	-5.8524
-9.1487	-5.9891	-1.8270	-1.6747	2.7561	3.1811	-2.0093	-2.3999	-6.2065	-9.3309
-10.0685	-8.6612	-2.8448	-1.5661	3.1898	3.7926	-1.1727	-2.3907	-7.6721	-9.5584
-11.7272	-5.8764	-2.0104	-2.1812	3.1245	3.4671	-2.3608	-3.3290	-7.0932	-8.4578
-13.2668	-8.8373	-2.9577	-1.8642	3.1439	3.1103	-1.9105	-2.6083	-8.8855	-8.3021
-12.4903	-6.4139	-1.8764	-2.8877	3.0601	3.1041	-1.7857	-2.7337	-6.6085	-11.2735
-9.5999	-6.5339	-1.7063	-1.5482	3.0304	2.9820	-2.1301	-2.9804	-8.8977	-10.4295
-9.3695	-6.9162	-2.2123	-2.1500	3.2462	3.3591	-0.5311	-3.0283	-7.0314	-12.2572
-11.9442	-6.9976	-2.7627	-2.5836	3.7485	3.2839	-1.5844	-2.5773	-8.5205	-13.4967
-10.9617	-6.9729	-2.8518	-2.1141	3.1541	3.0939	-1.4094	-2.0104	-8.3145	-9.4506
-9.7524	-7.6021	-2.6766	-1.4634	3.1417	3.0755	-1.8311	-2.4902	-6.3392	-11.7018
-10.9345	-6.1023	-2.3096	-2.6214	3.3978	3.3820	-2.4672	-2.2200	-6.3720	-8.1040
-11.9063	-7.6963	-2.8911	-0.9822	3.4378	3.1321	-2.6325	-2.4896	-5.0616	-8.3728
-7.2235	-8.1296	-2.7917	-1.5730	3.3328	2.8048	-3.3740	-2.1556	-5.2837	-8.8489
-9.0476	-5.1579	-1.7596	-3.0993	2.6066	3.3106	-0.8047	-2.2362	-5.1128	-8.8155
-13.2451	-7.0491	-2.4885	-1.4552	3.4116	3.6800	-1.1747	-1.9115	-9.3385	-10.4301
-10.6241	-7.6811	-2.8219	-1.5164	3.6499	3.4967	-2.5708	-1.7800	-6.7605	-11.7810
-8.0131	-7.0950	-2.0924	-1.8001	3.2379	3.7285	-1.9792	-3.0322	-5.3089	-9.0140
-8.8682	-7.2241	-2.3592	-1.8128	3.1240	3.3528	-2.0038	-3.0014	-6.7724	-10.6718
-8.4178	-5.0408	-2.2917	-1.0933	3.0526	2.9089	-2.5354	-2.2163	-5.0983	-12.5566
-9.5844	-9.8149	-3.5553	-2.0012	3.2626	3.0017	-1.9562	-2.6885	-8.4894	-9.7680
-7.1143	-5.6502	-2.3168	-2.2098	3.2151	2.9376	-1.6417	-1.7170	-6.1460	-9.8019
-10.1564	-7.5458	-1.7469	-1.8075	3.1858	3.5563	-2.8284	-2.8325	-6.0107	-10.9962
-11.2875	-6.6169	-2.1050	-1.8852	3.5755	3.3963	-2.0157	-2.4296	-7.0090	-9.7067
-7.0169	-5.3675	-2.2433	-1.8688	3.1108	2.9213	-3.0814	-2.4849	-6.8209	-10.4482
-12.4405	-5.9147	-1.6331	-1.2430	3.3473	3.5576	-2.4533	-2.0977	-5.7117	-13.4557
-13.5334	-6.4125	-2.6894	-3.0185	3.0527	3.0061	-2.0307	-2.3753	-6.1677	-11.5511
-10.7924	-7.4615	-2.9452	-2.1780	3.2683	2.9703	-1.9556	-2.4589	-5.1501	-9.1583
-13.9254	-7.4040	-1.8581	-2.5823	2.6327	2.7876	-1.8504	-1.5608	-5.4850	-10.9439
-11.8752	-7.3222	-3.4380	-1.6069	3.5275	3.2671	-1.2554	-1.5668	-6.6363	-9.9567
-11.7337	-7.0191	-2.0745	-1.9225	2.8059	2.7230	-2.3332	-1.7036	-6.0644	-10.0561
-9.1073	-7.6561	-1.8216	-1.9893	3.0502	3.0355	-1.9550	-2.6618	-6.9326	-9.7071
-13.0601	-5.9873	-2.0571	-1.9329	3.3253	3.4206	-2.1841	-2.9360	-6.4038	-12.0563
-10.3826	-6.4177	-1.6725	-2.4107	2.8916	3.0768	-1.2083	-1.7680	-5.9981	-9.9952
-10.6626	-8.4856	-2.7382	-1.8565	2.9747	3.2082	-1.8209	-2.8783	-5.7632	-10.3718
-10.2503	-6.3731	-1.9652	-1.9571	3.1551	2.8602	-0.7255	-1.5832	-7.9549	-10.1371
-9.7934	-7.1423	-2.4509	-2.4366	3.3318	3.4592	-1.6117	-2.9252	-7.0286	-12.3406
-8.5112	-7.2593	-2.9988	-1.8114	3.4683	3.0688	-0.8366	-2.3091	-6.0126	-8.4477
-9.9226	-7.4719	-1.4862	-1.3824	3.2214	3.1826	-2.8164	-2.1521	-4.7435	-8.1705
-9.3271	-6.3415	-2.7073	-1.9410	2.7745	3.1126	-1.6398	-2.4705	-6.3773	-11.8425
-12.2655	-6.7091	-2.4853	-2.4218	3.4011	3.4808	-1.6133	-3.0466	-7.1926	-9.9342
-10.2898	-5.6888	-1.9279	-1.3004	3.3918	3.5125	-2.8060	-2.6036	-5.5093	-8.0287
-11.6179	-6.1639	-1.8116	-1.5438	2.9120	2.8853	-2.4242	-1.9810	-6.2212	-9.2605
-12.4308	-7.5564	-2.1521	-1.7340	3.3077	3.1486	-1.5396	-2.8678	-7.2582	-7.5672
-8.5018	-5.9907	-2.2100	-2.1203	3.5806	3.3375	-1.7424	-2.2637	-6.1323	-9.9946
-9.6475	-4.9882	-1.3829	-1.9460	2.2464	2.9812	-2.0735	-3.6841	-7.0590	-8.8878
-11.3526	-5.7863	-1.8131	-2.1667	3.0666	3.7000	-2.3850	-2.9822	-7.3363	-12.1576
-11.3345	-6.2933	-1.9559	-1.5007	3.3933	3.2205	-1.9548	-2.5078	-8.7967	-12.4284
-9.8513	-5.3553	-2.1382	-1.9833	2.7230	3.0478	-1.7948	-2.3803	-7.3340	-9.9955
-10.6551	-7.1156	-2.3249	-2.3589	2.9181	3.3976	-1.4852	-3.9363	-8.1473	-7.1205
-9.8678	-6.6519	-1.8095	-0.8288	2.7534	2.5213	-2.7447	-2.0158	-6.4946	-11.6801
-11.8668	-6.5996	-2.0944	-2.2768	3.2681	2.8621	-1.7079	-3.5809	-7.6914	-9.8960
-10.1289	-5.3971	-3.4869	-3.6817	3.1694	3.1930	-0.5457	-2.6637	-7.3230	-8.4071
-11.5626	-7.7619	-2.9191	-1.7723	3.5195	3.4011	-3.2623	-2.7549	-7.6763	-15.8782
-9.8960	-7.9614	-3.5917	-2.9176	3.3253	3.4612	-2.1266	-3.2431	-7.1839	-11.8500
-9.8845	-5.8055	-1.9314	-2.5083	2.8925	2.5942	-2.0418	-1.9925	-6.3190	-9.5224
-10.3662	-5.9682	-1.7950	-1.3946	2.9198	2.9563	-1.9674	-2.0358	-6.4057	-10.5749
-11.9014	-8.3420	-2.7015	-2.8543	3.7456	3.3525	-2.3404	-2.6492	-7.1424	-13.5807
-8.7465	-7.0231	-2.5533	-0.9249	3.3852	3.4496	-1.7013	-3.4435	-8.7280	-11.7989
-14.3959	-7.4404	-2.0859	-2.8650	3.2733	3.0393	-0.6463	-2.5972	-8.1003	-10.7709
-11.9153	-7.6371	-1.9253	-2.0076	3.3067	3.0579	-2.4777	-3.6445	-7.9091	-9.9399
-8.7664	-8.0994	-2.8377	-1.5563	3.3056	3.4683	-1.6736	-2.5472	-6.0283	-11.1479
-8.9982	-7.8575	-1.9161	-1.0157	2.6691	3.0094	-0.9396	-3.4290	-7.5288	-9.3552
-11.0134	-6.3278	-2.6398	-1.6862	2.8104	3.0463	-2.1676	-3.2435	-8.4247	-9.1961
-9.1564	-7.8921	-2.2915	-0.6633	3.1860	3.4663	-3.1755	-2.7944	-5.9049	-10.3876
-11.5277	-6.6587	-2.5884	-0.8354	2.9858	2.6396	-2.2558	-2.7955	-7.8603	-12.5205
-13.4286	-7.6060	-2.1018	-2.0078	3.2672	3.4275	-1.0010	-2.5059	-6.4262	-11.1890
-9.9280	-6.6781	-1.6680	-1.4411	3.0201	2.9049	-1.2179	-1.8710	-7.0786	-11.1955
-9.8646	-6.7811	-2.7928	-2.5172	3.2891	3.6986	-1.0422	-3.2819	-10.1634	-10.5178
-14.7795	-6.3765	-2.1866	-2.0439	3.3224	3.2216	-2.2281	-2.5815	-6.5412	-10.0990
-9.6542	-5.7291	-1.9288	-3.0317	3.2758	3.3430	-2.0007	-1.7426	-7.2799	-10.8827
-11.2979	-6.6117	-2.7697	-1.4763	3.0104	3.1185	-1.3783	-1.9547	-7.4353	-9.7682
-9.8638	-6.7123	-2.4983	-2.3907	2.9218	2.6919	-2.1234	-2.3322	-6.0253	-10.1723
-9.1726	-5.7893	-2.5392	-2.2016	3.5576	3.4615	-2.2456	-3.1495	-7.7084	-14.4032
-11.7059	-8.0126	-2.2581	-1.8719	3.4660	3.5846	-2.0221	-1.9710	-8.1656	-11.4585
-9.2818	-6.1215	-2.3652	-2.1207	3.0752	3.0567	-1.9701	-2.5175	-6.0776	-9.6800
-9.4293	-6.2592	-2.3921	-2.6610	3.0049	3.2075	-2.2637	-2.2009	-5.9366	-11.5909
-10.2407	-7.7516	-3.2725	-2.3305	2.7909	3.0178	-1.5913	-2.0529	-6.3771	-10.6762
-10.9501	-6.4873	-3.0366	-1.2565	3.2839	3.2775	-1.5394	-2.5199	-6.8193	-11.9116
-9.7371	-7.9885	-2.7575	-3.0885	3.2018	3.5440	-2.6477	-2.7389	-8.3086	-12.7461
-10.0960	-8.4566	-2.6774	-1.3758	3.6384	3.2900	-2.1447	-3.1557	-8.5276	-9.2417
-9.8766	-8.1129	-3.1198	-1.7638	2.8684	3.2097	-1.6076	-2.2888	-7.1853	-8.9320
-9.2318	-6.4359	-2.1877	-2.2518	3.1360	3.3473	-1.7618	-1.9373	-5.0125	-10.1575
-8.8975	-6.9208	-2.8058	-2.5083	3.1638	2.9772	-1.1820	-2.4379	-7.6927	-11.4630
-10.5814	-6.0904	-2.1278	-1.2908	3.6366	3.3308	-2.0408	-2.6347	-7.2101	-11.3640
-8.6206	-5.9120	-2.0256	-1.0605	2.7142	3.0731	-2.6769	-1.8636	-5.5382	-11.2993
-9.0433	-5.5887	-3.0122	-2.8965	3.4346	3.4228	-1.4833	-2.5694	-6.4175	-10.2278
-9.7925	-8.5081	-3.0961	-1.3574	3.1089	3.3035	-2.1142	-2.6255	-6.0646	-9.6899
-10.0682	-7.4724	-2.9327	-1.3449	3.1150	3.2475	-3.1315	-2.0696	-6.3585	-13.3630
-9.0702	-5.3733	-2.8060	-3.5461	3.3902	3.0476	-1.4730	-1.6272	-6.3107	-9.9844
-8.8267	-6.0937	-2.4561	-1.5835	3.3369	3.1849	-3.3890	-3.1244	-7.4288	-12.1800
-14.9983	-9.2012	-2.2724	-2.0702	3.4981	3.8201	-2.2242	-3.0913	-6.1826	-10.9984
-9.6714	-6.7947	-2.2273	-2.2468	3.5369	3.4077	-1.4257	-3.2593	-7.9013	-11.4511
-12.5238	-7.6158	-2.6252	-1.7700	3.2500	2.9614	-2.6560	-2.8921	-7.2206	-11.4820
-11.1887	-6.2080	-2.1503	-2.9418	3.1214	2.8350	-1.8120	-1.9763	-5.1375	-8.8074
-9.5618	-6.9093	-2.5056	-2.3852	2.9800	2.9151	-1.7899	-2.1783	-8.7004	-12.9047
-9.2826	-5.7887	-2.1149	-2.2234	3.1540	3.0096	-2.8421	-2.5676	-5.5005	-10.0278
-12.3141	-6.4086	-2.5311	-2.6220	2.8319	3.2998	-1.9043	-2.5589	-8.1851	-12.0078
-11.8108	-9.2010	-2.8632	-1.9095	3.6737	3.4063	-2.0719	-3.3828	-7.5537	-11.4704
-13.2565	-8.0387	-2.7357	-1.8474	3.3039	3.4692	-1.7193	-2.5049	-6.5897	-10.9091
-10.4754	-5.4402	-3.1539	-3.0824	3.5423	3.5649	-1.1113	-3.3091	-6.7125	-10.2244
-13.8965	-7.5656	-1.8335	-0.9239	3.3312	3.3526	-2.5977	-2.5582	-8.6690	-9.7149
-10.3239	-5.5440	-2.6509	-2.9581	3.1402	3.2151	-1.8439	-2.4074	-7.3964	-11.2829
-8.9567	-6.9646	-2.2595	-2.4837	2.8883	3.0765	-0.8312	-2.2557	-8.2059	-10.0969
-11.4314	-6.0964	-2.8193	-4.0747	2.9138	3.2402	-2.0431	-2.1512	-4.9283	-8.7880
-9.6205	-9.0058	-2.4511	-1.3411	3.4451	3.2983	-3.4772	-3.1185	-6.4765	-7.2648
-9.7432	-7.4591	-2.7315	-2.8310	3.1167	3.5242	-1.3856	-2.9864	-6.0797	-15.3722
-9.4111	-6.9475	-2.7641	-2.7708	2.7766	3.2504	-1.3751	-2.1694	-7.0173	-8.1539
-11.2133	-5.1382	-1.3231	-2.5766	3.4981	3.1445	-3.1274	-2.5662	-6.5816	-10.3267
-9.1557	-6.7214	-2.2729	-2.3837	3.3275	3.2396	-1.4422	-2.4207	-6.3813	-11.1793
-10.0266	-4.8290	-2.0662	-2.2696	3.0837	3.2099	-2.8813	-2.4390	-5.1628	-11.5864
-10.0311	-7.5021	-2.4365	-1.2322	3.3974	3.0220	-3.2946	-2.4067	-4.9440	-9.9320
-11.4953	-6.1053	-2.2314	-2.8218	3.0577	3.4564	-1.7870	-3.1459	-5.9490	-10.8333
-10.5854	-6.0678	-2.3000	-1.8547	3.2878	3.6314	-1.1520	-2.4922	-7.8633	-14.1154
-10.1057	-6.8485	-2.4843	-1.7329	3.0303	3.0035	-1.3413	-3.6463	-6.7683	-9.6556
-10.8011	-7.3619	-2.5910	-2.8551	3.4864	3.2102	-1.1014	-2.5482	-8.7282	-10.6248
-9.3043	-5.7919	-3.2913	-3.3030	2.8597	3.1745	-1.4851	-2.2847	-7.4674	-9.7995
-7.8621	-5.4472	-2.6455	-2.8660	3.0985	2.9201	-1.2292	-3.4127	-7.5409	-7.9090
-10.5899	-7.5358	-2.7638	-2.3522	3.3835	3.5375	-2.8828	-2.6553	-8.3826	-12.5631
-10.6564	-7.8706	-2.9886	-2.1247	3.2953	3.2515	-0.9012	-3.0646	-7.0958	-12.9012
-10.7663	-7.3364	-3.4885	-1.6550	3.1722	3.2855	-2.4149	-2.9189	-7.5056	-8.1490
-8.6982	-6.5782	-1.8025	-2.8494	3.2919	3.6001	-3.0094	-2.2551	-5.4438	-13.0540
-10.3873	-5.7840	-2.8655	-2.6877	3.1197	3.4217	-2.1034	-2.8346	-7.1830	-11.5223
-9.2468	-7.4500	-3.2760	-1.9547	3.1833	3.1505	-1.8691	-2.3514	-5.1676	-10.9934
-8.6086	-7.9064	-3.4188	-1.5089	2.8888	2.8475	-2.6983	-2.8536	-8.0400	-11.0915
-9.4158	-8.7915	-2.3736	-1.6336	3.0460	3.4430	-1.8708	-2.5415	-6.6579	-13.9598
-12.2351	-8.0537	-2.9282	-1.6510	3.4584	3.3294	-2.0963	-2.3600	-6.6331	-11.2397
-10.5674	-6.7676	-2.3532	-1.7904	3.3167	3.2225	-1.1617	-2.5991	-7.4059	-10.1228
-11.3476	-7.7206	-2.7149	-2.5124	3.2849	3.0778	-0.8991	-1.7523	-5.4809	-11.2542
-10.2760	-5.9665	-2.8904	-2.6252	3.2409	3.2151	-2.3976	-1.8285	-6.0652	-11.7321
-11.4033	-7.1868	-3.4854	-2.8831	3.2497	2.9511	-0.9991	-2.7392	-7.9196	-10.5497
-9.9215	-4.9952	-1.7630	-1.6408	3.3389	3.0737	-3.3172	-1.7915	-5.0627	-10.6223
-12.2220	-7.7807	-2.0859	-0.6223	3.4179	3.1180	-2.7038	-2.6270	-7.7550	-11.1736
-10.6801	-9.0871	-2.7113	-1.2667	3.4663	2.9892	-1.7461	-2.9491	-9.0113	-9.7704
-10.2719	-5.7975	-2.8721	-1.9247	3.6095	3.1035	-1.9333	-2.1447	-7.2900	-9.6318
-10.9874	-6.7568	-2.4791	-0.9390	3.1408	3.1617	-2.5620	-2.5336	-7.0870	-11.3338
-10.3471	-5.9788	-2.7420	-2.3482	3.7296	3.5903	-2.2935	-3.2579	-6.4843	-9.3181
-10.7334	-9.1671	-2.4788	-0.9584	3.2712	3.2641	-1.5132	-2.4624	-9.5359	-10.0153
-8.1383	-7.9068	-1.5974	-0.9489	3.2419	2.8750	-3.4874	-2.2254	-7.3761	-10.9309
-10.2210	-5.9321	-3.1930	-2.0664	2.9718	2.8443	-3.2342	-2.1431	-5.6053	-8.9544
-9.5217	-6.0291	-2.7743	-2.9305	2.8854	3.1562	-1.8241	-2.0152	-6.5932	-10.7912
-10.7698	-7.3524	-1.9008	-1.1952	2.9530	2.4998	-1.4885	-1.6895	-6.8696	-9.3675
-10.5432	-7.1839	-2.8339	-1.1473	3.4014	3.3565	-1.3510	-2.0195	-6.9225	-15.1302
-9.5731	-6.8939	-3.6463	-1.5167	3.1757	2.9327	-3.0472	-2.8944	-8.0157	-10.2530
-9.1927	-6.4616	-2.7939	-2.2652	3.2369	3.2349	-2.4392	-2.6054	-7.5654	-10.3362
-10.6720	-4.9836	-1.7079	-1.7843	2.6258	2.5091	-2.5711	-1.8700	-5.4530	-9.5054
-10.8169	-5.5633	-2.0309	-2.6108	3.0563	2.8740	-2.8818	-2.3710	-5.6632	-10.2630
-12.9399	-9.3412	-2.4813	-1.1179	3.6172	3.2085	-3.8644	-3.2698	-7.4620	-12.0670
-11.3418	-6.6348	-2.3290	-1.4926	3.3014	3.2336	-1.5518	-2.8661	-8.4517	-9.6358
-10.1534	-6.4954	-1.7923	-0.4863	3.1810	2.7315	-3.8639	-2.5366	-6.2674	-8.9811
-10.7482	-7.7023	-3.1210	-2.1255	3.1088	3.3260	-1.1038	-2.8364	-7.4282	-10.2309
-9.9871	-6.6258	-2.6305	-1.9516	3.1299	3.2419	-1.5811	-2.1857	-5.6585	-9.6723
-8.4998	-9.0629	-3.0057	-0.4771	3.1580	3.4976	-1.4708	-2.7995	-7.5204	-14.6052
-8.3082	-6.4236	-2.3067	-2.4578	3.4902	2.8746	-1.3712	-2.6758	-6.4053	-9.5010
-10.4206	-6.7310	-1.6302	-2.1085	2.7701	2.8981	-2.5818	-2.3381	-6.9290	-9.1999
-12.4164	-7.8781	-2.8719	-2.6656	3.6836	3.9140	-1.6199	-3.0109	-7.5930	-9.1204
-12.8172	-5.9912	-1.6033	-2.3787	3.0198	3.4094	-0.9843	-2.8660	-8.2800	-8.0491
-10.9485	-5.9446	-3.2384	-1.7479	3.2910	3.4188	-1.6481	-3.5408	-8.9459	-9.6859
-9.4850	-6.8210	-1.6593	-1.5030	2.8212	3.2014	-2.3930	-2.6008	-7.5597	-12.1190
-11.0936	-8.0781	-1.9476	-1.3903	2.9809	2.8974	-2.1777	-1.8925	-7.0956	-11.8883
-9.8104	-7.5436	-2.4746	-2.2830	3.2469	3.2105	-2.2539	-2.8326	-6.1208	-9.9449
-10.5149	-6.5813	-2.3926	-1.9408	3.0628	2.7413	-1.0972	-1.6436	-6.1186	-11.2991
-10.5781	-9.0101	-2.9439	-2.3178	2.8335	3.4756	-0.9291	-2.5768	-10.0129	-13.4857
-8.5723	-8.2871	-2.2632	-1.2273	2.6331	2.7252	-2.3155	-1.6940	-6.7326	-9.3549
-9.3546	-8.1858	-2.4083	-2.4521	2.6747	2.8651	-0.9343	-2.3906	-6.8889	-9.3075
-10.4223	-7.0116	-2.5671	-1.8887	3.2176	2.7432	-2.6519	-2.0125	-6.2493	-10.1054
-10.6249	-5.6519	-1.8433	-2.7514	3.4985	3.4988	-3.8337	-2.8143	-4.4437	-8.7243
-8.5696	-6.6172	-2.1252	-2.9966	2.8560	3.2238	-2.2994	-2.3044	-5.0514	-7.3962
-8.3531	-7.3888	-3.4076	-2.1149	3.0747	3.1555	-1.7911	-2.6831	-6.9680	-11.4552
-9.6063	-6.0817	-2.8853	-2.1149	2.9211	3.2547	-1.8110	-2.9111	-6.5969	-9.5310
-11.1435	-6.5091	-2.9543	-1.1372	3.2469	3.3174	-2.0232	-2.3550	-7.2489	-8.1815
-13.7057	-7.5968	-2.4875	-2.3753	3.3915	3.5102	-1.1950	-2.3153	-7.5847	-9.4196
-10.7420	-5.6448	-2.8015	-2.5080	3.3994	3.3477	-1.0628	-2.5936	-7.6336	-8.1852
-13.2115	-8.0416	-2.6366	-1.2011	3.6151	3.4676	-1.5519	-3.2632	-7.7517	-10.8036
-10.5467	-7.4521	-2.3119	-1.7482	3.3823	3.2442	-2.2778	-2.2080	-5.9686	-10.2484
-9.1374	-6.3130	-2.2121	-1.7162	3.4590	3.2492	-1.3753	-3.2993	-8.4861	-10.1475
-15.2204	-7.0283	-2.4626	-1.6751	3.4018	3.5293	-1.6486	-2.1133	-7.9469	-10.3809
-8.0694	-5.6360	-1.8150	-1.9421	3.0930	3.2323	-2.4846	-2.4163	-6.1375	-11.8490
-8.5027	-6.2274	-2.1655	-2.0512	2.9729	3.1454	-3.4155	-1.6929	-5.1369	-10.8360
-10.9535	-6.4267	-2.4170	-2.3972	2.8046	3.3171	-1.7763	-2.7274	-6.6338	-13.0700
-10.2197	-8.7449	-2.6697	-1.5079	3.4677	3.2310	-1.3565	-2.9322	-9.0040	-11.8961
-11.1484	-7.4417	-2.1758	-1.8480	3.4731	3.4064	-3.0992	-1.5515	-5.8264	-7.4958
-9.8586	-6.5221	-2.4529	-1.8850	3.6374	3.8523	-2.5509	-3.1579	-6.8214	-8.5939
-11.1773	-8.0033	-2.0636	-2.2559	3.4481	3.2724	-2.3071	-2.2267	-5.8073	-12.9349
-11.4784	-7.1157	-2.3241	-1.6348	3.0803	3.6017	-2.7021	-3.2279	-6.8063	-10.3724
-11.8943	-7.4234	-1.6262	-1.9071	2.7955	3.0801	-0.9914	-2.5524	-6.0888	-10.0055
-12.1094	-5.8642	-1.1575	-1.5520	2.8983	3.0486	-2.6935	-2.1528	-6.5075	-15.3290
-9.9743	-6.9820	-1.9309	-1.9602	2.7008	2.8920	-1.1063	-2.7912	-7.6983	-11.8156
-9.3750	-8.1262	-1.9181	-1.5308	3.0008	2.8289	-2.3880	-2.7136	-8.4854	-10.0628
-13.4971	-6.1680	-2.7252	-1.9717	2.8715	3.0719	-1.7565	-2.4374	-7.9665	-10.9852
-8.7823	-6.4634	-3.1415	-2.1618	3.1767	2.6698	-2.5206	-1.7147	-6.2765	-10.0041
-9.9203	-6.8477	-2.2616	-1.6370	3.1217	3.1926	-3.3711	-2.0856	-5.2391	-12.6584
-9.7290	-9.6011	-3.4834	-1.8859	3.3545	3.5766	-2.3849	-2.3937	-6.3826	-12.3996
-9.4963	-3.8420	-1.2787	-2.1718	3.0917	3.0437	-1.9954	-2.5806	-6.3270	-11.8348
-10.8597	-7.3348	-2.3107	-1.3866	2.8658	2.9863	-1.3751	-1.8935	-6.4379	-10.4612
-11.8358	-7.1602	-2.2416	-1.0642	3.1969	2.9923	-2.7758	-3.1053	-5.5419	-10.4049
-12.0398	-6.9696	-2.0499	-2.4178	3.2243	3.2059	-3.0356	-2.8867	-6.7891	-11.2206
-8.3486	-5.2465	-3.0967	-3.3246	2.9376	3.1211	-1.2516	-2.8186	-8.1686	-9.8584
-10.9933	-8.5902	-3.0055	-1.7729	3.5213	3.2112	-2.9275	-3.0594	-5.5154	-11.3439
-14.0606	-6.8916	-1.2913	-1.8097	2.6505	3.1093	-1.1050	-2.5187	-7.5545	-12.0917
-11.2134	-6.1890	-1.6669	-2.6171	3.4617	2.8611	-2.3420	-1.9461	-6.5356	-11.5398
-9.3548	-7.0508	-3.2167	-2.7037	3.3207	3.4187	-1.6037	-2.3988	-7.7498	-12.9248
-8.1372	-6.0091	-2.4841	-1.3555	3.1493	2.8396	-1.4161	-2.0685	-7.2937	-10.6924
-7.9777	-7.1867	-3.9476	-1.8133	3.8697	3.3527	-3.7979	-3.0216	-6.9831	-12.5336
-12.4435	-6.4749	-1.4518	-1.8222	3.2824	3.6109	-2.4214	-2.7697	-7.0739	-14.3613
-10.1490	-7.1902	-2.7552	-1.7809	2.9783	2.8753	-1.1516	-2.7064	-8.1174	-10.4022
-12.0941	-9.0681	-2.5639	-2.0615	3.1085	3.3134	-2.2822	-2.2082	-7.1541	-9.5194
-9.6768	-5.7284	-2.2772	-1.6613	3.0606	3.0700	-2.3863	-2.7801	-6.9134	-10.7048
-9.1388	-6.7779	-2.6640	-1.9155	3.4355	3.1821	-1.3138	-1.8724	-7.2585	-13.6443
-12.0226	-9.2349	-2.5381	-1.7640	3.1026	3.1103	-1.1428	-2.7297	-7.9449	-10.3455
-9.3587	-7.1417	-2.0321	-1.9847	2.8147	2.8756	-1.0710	-2.1492	-8.0243	-17.8102
-15.6568	-7.3464	-2.4450	-1.9193	3.7188	3.5040	-1.7318	-2.6988	-8.1600	-14.7141
-10.9692	-7.1999	-1.5367	-1.6738	3.2368	3.4252	-1.5842	-1.4916	-7.2833	-12.9763
-8.4728	-6.2420	-2.7564	-1.3485	3.1856	2.5601	-0.8043	-2.4030	-8.9440	-8.3888
-11.2710	-5.7079	-1.5399	-1.9216	3.0369	3.0026	-3.7445	-1.9993	-5.9099	-9.6532
-12.8468	-6.0421	-2.7842	-3.2607	3.6831	3.4924	-1.8607	-2.2480	-5.6343	-10.7031
-10.0291	-7.3655	-2.2568	-2.8582	3.3514	3.7418	-1.4779	-3.2745	-6.2086	-10.4771
-9.3660	-6.2118	-2.4043	-2.3278	3.0414	2.9173	-1.7504	-2.3735	-6.4441	-8.6561
-10.8280	-7.3157	-2.0927	-1.2899	3.2299	3.0155	-1.4577	-2.3839	-7.8693	-11.5136
-13.1228	-7.7824	-2.8191	-0.6037	3.1467	2.9413	-2.3993	-2.5538	-7.2886	-8.4135
-12.4881	-7.6136	-2.7444	-2.2570	3.1606	3.1711	-2.3083	-1.3374	-7.1675	-13.4198
-11.2137	-8.2064	-2.6704	-1.6235	3.0735	3.0602	-1.1403	-2.6045	-8.6419	-12.9850
-12.1634	-6.6515	-2.1900	-1.7107	3.3776	3.2862	-1.8988	-1.9381	-6.1972	-13.1910
-8.2601	-4.3084	-2.3543	-1.9830	3.0420	2.6581	-3.3417	-1.4333	-6.1025	-9.6721
-10.1885	-6.6826	-2.1205	-2.6311	3.3333	2.8845	-1.4636	-2.7880	-7.1465	-7.3678
-8.6638	-6.4555	-2.6572	-1.5162	3.3032	3.1838	-1.8970	-2.7359	-6.6940	-9.0157
-8.3400	-4.8385	-2.2387	-2.7087	4.0965	3.3879	-2.0636	-2.8775	-6.3472	-8.9109
-11.8005	-6.6432	-2.8230	-2.9343	3.1977	3.1555	-0.3742	-2.4736	-7.3821	-12.3258
-12.8760	-7.9765	-2.8074	-1.3975	2.9441	3.0577	-1.8518	-2.2025	-6.6787	-10.2968
-11.1742	-6.9453	-2.2393	-1.9189	3.1436	3.1033	-1.4252	-1.7028	-6.4120	-15.9945
-13.1533	-7.0425	-2.9865	-2.2386	3.3171	3.4614	-0.8281	-2.3866	-9.8507	-13.5149
-7.9358	-5.7767	-2.1969	-2.0490	2.8129	3.2791	-0.9368	-2.5040	-7.1720	-10.4894
-9.8856	-5.7249	-2.3753	-2.8063	3.2523	2.8527	-2.1351	-2.2857	-7.4097	-7.8984
-12.2670	-5.9199	-2.2956	-0.9961	3.0995	2.9548	-3.2286	-2.2371	-5.5390	-10.5586
-10.3787	-6.5955	-2.7388	-2.3363	3.1345	3.1242	-1.7736	-2.2824	-6.4206	-11.8123
-11.2802	-6.6777	-2.0091	-1.6131	3.1828	3.0530	-0.9799	-1.9447	-9.3847	-13.3610
-12.6386	-8.2373	-3.0218	-1.5522	3.0741	3.5324	-1.7428	-2.3912	-7.7341	-11.2962
-12.3408	-7.8053	-3.6721	-1.6430	3.5760	3.5557	-2.1118	-2.9043	-7.6282	-9.3907
-12.4223	-5.7193	-2.3515	-2.1996	3.2718	2.7554	-1.8530	-1.0158	-6.4842	-9.5571
-9.8025	-7.1718	-2.1296	-1.3099	3.7202	3.2121	-3.3862	-1.8791	-5.1501	-9.8939
-7.6243	-5.6205	-1.7279	-2.0918	2.7909	2.6778	-2.7243	-2.2038	-6.5811	-9.3241
-10.7483	-6.6836	-2.2601	-1.4642	3.2176	2.9641	-1.5784	-2.0224	-6.6846	-10.6554
-7.3415	-6.7063	-3.2482	-1.4669	3.3704	3.1474	-2.8619	-2.2260	-6.4599	-11.7885
-11.9021	-5.2606	-2.2902	-1.7512	2.9660	2.6312	-1.5320	-2.2197	-7.1510	-9.2049
-11.8417	-6.9335	-2.9059	-1.9956	3.4991	3.3639	-1.7917	-2.8221	-6.9606	-8.9520
-8.4259	-8.9277	-2.6055	-2.1913	3.4039	3.3944	-2.6643	-3.5202	-8.0313	-11.0906
-9.9724	-8.9945	-3.3127	-2.6843	3.6655	3.3060	-1.3770	-2.6644	-6.5546	-12.4609
-10.0948	-6.1696	-1.9287	-1.8034	3.1814	3.1553	-2.7859	-2.0762	-5.5848	-10.3882
-10.3911	-6.1644	-1.6703	-2.6382	2.7969	2.9099	-0.8673	-2.9339	-6.8355	-10.4288
-11.8103	-7.2139	-2.1141	-2.8613	3.0732	3.4664	-2.8801	-2.2610	-5.6859	-11.8855
-10.4943	-7.6828	-3.2541	-1.4476	3.2189	3.4146	-3.0140	-2.9530	-6.1452	-10.9801
-10.0759	-7.5043	-2.3371	-1.9139	3.2742	3.4896	-1.5829	-2.6693	-7.6582	-13.5498
-12.1314	-7.8049	-2.0906	-2.4406	3.2983	3.0767	-1.0967	-2.3633	-7.3211	-12.1689
-10.2930	-7.0187	-3.7618	-1.8091	3.4478	3.0152	-2.6333	-2.5150	-7.9078	-9.3116
-10.7570	-5.5208	-1.4744	-2.5388	3.0081	3.2913	-2.2680	-1.7381	-5.3870	-11.1503
-11.8091	-6.9210	-2.2195	-2.3534	3.1096	2.9936	-1.5063	-3.3389	-6.9182	-10.3196
-11.3404	-8.1099	-2.0061	-1.1684	2.7129	2.7005	-1.5735	-3.1063	-6.6673	-10.8990
-11.3950	-6.7882	-2.8346	-2.6465	3.1734	3.7237	-0.2196	-3.3937	-7.6107	-10.5305
-9.4833	-7.7776	-1.8930	-2.1204	3.4663	3.3431	-1.7566	-2.8329	-5.9094	-9.8662
-10.5256	-8.2536	-2.7927	-1.9345	3.3099	3.3763	-1.7663	-2.0834	-8.4138	-11.2525
-9.5010	-7.2161	-2.9272	-1.4133	3.4535	3.4622	-2.1387	-2.9653	-7.0281	-9.7940
-12.7213	-6.2416	-2.1434	-2.5155	3.4986	3.3018	-2.0839	-2.2882	-8.2382	-14.2272
-9.7202	-8.0251	-3.0261	-1.3559	3.5813	3.3618	-1.2180	-2.3519	-6.7431	-12.2056
-10.3537	-5.7501	-3.1260	-2.6715	3.1446	3.3165	-3.1990	-2.2514	-5.0397	-9.7401
-9.4181	-6.4201	-2.5474	-1.3788	3.0883	3.2777	-2.2573	-2.8656	-6.1652	-10.9305
-11.2794	-6.4132	-2.6296	-1.2737	3.4120	2.9808	-2.4027	-2.3171	-6.3826	-13.1977
-10.4948	-8.1379	-2.3932	-1.3791	2.8563	3.2136	-2.6987	-3.4432	-5.7944	-10.5760
-9.9983	-4.8974	-1.9122	-1.6562	3.0801	3.3005	-2.3765	-1.9173	-5.2101	-11.1427
-12.8284	-6.2681	-2.4654	-1.5266	3.1179	2.9946	-1.7172	-2.3218	-8.5745	-10.4077
-11.1469	-7.1329	-1.8420	-1.6812	3.2310	3.3665	-1.3615	-2.4431	-6.6774	-12.0052
-10.4559	-7.1511	-2.1024	-1.3420	3.1945	2.9419	-2.3037	-2.4771	-6.9581	-10.7094
-8.6967	-5.7932	-1.4578	-1.8504	2.2442	2.9779	-2.3562	-3.3414	-6.5343	-11.6591
-9.3596	-5.4874	-2.2179	-1.2432	3.5827	3.2938	-1.9910	-2.2673	-6.6447	-11.4473
-12.6883	-6.0552	-1.9620	-1.7228	2.9059	3.1706	-1.6594	-2.1948	-7.3192	-10.2309
-7.5411	-6.6335	-1.8759	-1.5045	3.3054	3.2263	-2.5836	-2.8072	-6.8039	-10.9567
-11.1957	-7.9419	-3.1340	-1.4073	3.3985	3.2233	-2.2436	-3.3567	-7.4848	-11.2527
-9.2636	-6.9826	-1.7832	-1.6081	3.3240	3.4445	-2.9314	-2.9781	-6.9337	-9.9514
-10.6992	-6.4837	-2.4678	-2.5539	3.3080	3.1702	-1.1087	-2.2144	-7.3682	-8.8748
-10.1023	-6.0314	-3.3268	-2.1396	3.3569	2.9962	-2.8358	-2.8303	-5.5257	-11.0808
-12.4198	-6.9965	-1.8952	-2.3127	2.7994	3.0416	-2.2700	-2.0344	-6.3908	-12.5836
-7.5373	-7.3404	-3.1607	-2.6755	2.9889	3.0212	-2.4097	-2.5160	-8.4711	-9.7638
-14.1312	-7.6454	-2.9495	-2.9267	2.8980	3.0091	-0.9787	-2.8707	-6.6968	-9.2060
-9.8450	-5.9151	-2.7244	-1.5137	3.2767	3.2978	-1.1078	-2.9482	-8.7189	-11.5758
-10.0352	-7.2938	-3.0035	-2.7574	3.2803	3.1719	-1.1079	-1.9283	-8.9864	-11.4466
-10.5950	-5.5700	-3.3044	-3.3858	3.1784	3.0733	-3.1643	-1.8234	-4.9315	-7.2478
-8.8150	-7.4733	-2.4614	-2.4254	3.1293	3.1959	-1.6980	-2.9802	-7.3809	-12.2719
-12.3802	-7.5300	-2.2349	-1.4072	3.4496	3.6829	-1.7231	-2.1832	-5.7249	-10.4265
-10.4211	-7.6354	-2.2296	-1.5937	3.1600	3.2082	-2.5617	-2.0631	-4.7819	-10.6228
-11.7413	-6.3294	-2.4087	-0.8425	3.3787	2.7382	-3.4564	-1.8417	-6.2852	-10.0541
-10.8967	-5.8970	-2.8877	-2.2108	3.6206	3.8269	-2.4450	-3.0548	-6.5134	-10.6155
-10.1218	-7.3290	-2.9745	-1.1865	3.2110	3.0789	-1.7497	-3.2056	-7.0880	-8.4861
-9.8547	-8.4141	-3.8505	-1.5859	3.3186	3.5410	-2.4067	-3.4142	-10.1477	-15.1960
-10.1345	-7.1399	-3.0776	-1.2244	3.2657	3.2843	-1.9940	-2.8625	-7.4917	-9.5198
-10.6516	-5.9106	-2.5765	-2.9769	2.8859	2.7668	-2.8814	-2.6381	-5.8472	-8.3968
-8.4363	-7.2699	-2.0355	-1.3649	2.7613	3.0276	-2.3637	-2.2506	-6.3531	-13.8291
-9.2695	-7.2039	-1.9627	-2.5674	3.1462	3.2537	-1.7178	-2.2201	-7.6714	-11.1157
-10.0135	-5.9518	-1.6514	-2.2538	2.2578	3.0704	-1.9604	-1.7219	-6.8045	-12.7361
-11.7117	-7.1526	-2.1277	-2.0679	3.1122	3.1595	-1.1252	-1.9074	-6.2219	-10.8737
-7.0228	-5.1686	-3.0794	-2.8913	3.1723	3.4199	-1.2103	-2.2639	-5.4370	-9.8155
-10.5363	-5.5537	-2.0945	-1.2810	3.1744	3.2205	-0.8208	-3.1067	-8.7288	-10.5766
-10.3078	-6.3092	-1.7034	-1.8449	3.0243	3.1197	-2.1949	-1.8565	-6.8579	-9.8743
-13.6012	-5.4549	-1.7170	-2.0037	2.9757	3.1463	-1.6930	-1.9363	-5.8130	-10.1997
-9.7068	-7.1327	-2.3443	-2.8545	3.1734	3.4892	-1.0094	-2.7671	-7.4968	-13.6556
-11.8952	-7.8123	-2.0121	-2.0389	3.1554	2.7919	-1.1501	-1.3831	-8.0237	-11.7243
-9.2157	-6.4836	-2.1970	-2.9246	3.3095	3.2281	-1.8470	-2.2617	-7.5962	-9.1888
-11.3218	-5.1125	-1.9628	-3.6668	2.9801	3.0143	-2.9094	-1.8604	-5.8614	-9.8387
-11.5521	-6.1828	-2.0866	-2.2644	3.2319	2.9704	-1.9781	-1.7860	-7.6920	-12.4431
-11.5051	-7.5402	-3.0613	-1.5346	3.3952	3.2181	-1.5253	-2.9819	-8.7831	-12.6460
-11.1275	-6.5804	-1.4767	-2.4209	3.3273	3.1577	-2.4430	-3.0789	-7.8581	-9.8694
-9.4153	-6.3862	-2.8038	-1.2206	3.0278	3.2199	-1.3310	-2.0271	-5.9306	-11.4915
-12.6432	-11.1353	-3.4418	-1.7495	3.4020	3.1869	-1.4467	-1.2997	-5.7118	-10.8878
-9.6912	-6.2907	-2.2218	-1.4939	2.8378	2.5198	-1.9770	-1.6917	-5.2188	-11.2190
-9.3431	-5.3319	-2.3625	-3.1274	3.2474	3.1310	-1.7048	-2.0868	-6.7359	-11.7691
-11.3786	-8.8324	-2.6726	-1.5174	3.1321	3.2697	-1.9181	-2.3924	-6.4896	-12.3654
-8.6386	-5.2749	-1.8046	-1.4590	2.9967	3.4122	-1.6860	-2.1710	-6.2721	-11.0214
-9.2922	-6.6728	-1.6789	-1.2220	2.9550	2.9942	-1.5473	-2.5874	-7.4204	-11.9790
-8.6363	-4.6089	-1.0021	-1.8389	2.8402	3.0499	-3.8561	-1.6934	-5.1226	-10.7823
-9.8615	-5.7089	-2.3671	-2.8624	3.4554	3.0764	-1.7970	-1.9990	-7.4478	-10.7773
-11.9215	-7.6768	-2.4404	-2.0861	2.9254	3.1081	-1.5804	-2.8801	-8.1899	-11.0752
-9.2171	-8.7569	-2.7050	-2.2133	3.1658	3.0756	-1.3588	-2.8299	-7.9449	-11.0315
-10.9474	-6.8996	-2.6869	-2.2168	2.9919	3.3077	-1.1921	-2.3811	-7.3860	-9.8871
-10.0507	-5.5684	-1.9695	-2.8909	2.6337	2.8230	-1.5775	-2.6665	-6.6492	-8.2339
-9.3423	-5.9655	-2.5120	-3.4509	3.2822	3.4305	-1.4520	-2.4049	-7.3769	-9.9620
-9.1462	-6.7355	-2.6074	-0.9744	2.7199	2.9025	-2.4023	-2.8557	-8.0897	-10.5121
-10.3848	-7.9609	-2.8567	-1.7937	3.5692	3.2648	-1.3162	-2.2442	-6.2685	-12.2247
-9.9418	-6.4858	-2.1789	-1.7880	3.0233	3.0702	-2.0881	-2.8973	-6.1464	-9.7473
-8.6681	-6.1540	-3.0459	-2.9425	3.1559	3.1820	-1.2434	-2.1704	-5.9719	-11.3715
-10.5598	-5.9324	-2.1283	-2.1837	3.2367	3.2196	-0.9111	-1.8718	-7.6126	-11.9795
-9.9251	-8.9895	-3.4149	-1.2166	3.2489	3.3591	-2.2945	-3.7047	-7.7864	-11.9175
-8.1902	-6.5326	-3.4719	-2.1698	3.0344	2.9630	-1.7427	-2.5283	-7.4411	-9.2118
-13.5606	-8.7403	-3.1264	-1.6746	3.6932	3.4905	-1.9619	-2.3681	-8.1337	-14.0439
-10.1987	-7.2244	-2.6618	-2.5264	3.3401	3.4677	-1.7793	-3.3576	-6.3901	-9.5564
-9.9632	-6.1102	-1.6973	-1.1207	3.3149	2.8600	-2.2781	-2.2962	-6.8075	-9.0053
-9.4366	-7.4072	-2.7923	-1.5939	3.3194	2.9734	-2.0778	-2.1096	-7.2445	-12.9149
-13.9973	-7.8764	-2.0834	-1.7370	2.9962	3.3916	-3.4436	-4.0550	-6.4437	-9.6694
-10.6610	-6.2966	-2.4491	-1.9353	3.2045	3.0688	-1.8004	-2.3738	-6.7801	-12.5118
-14.3036	-7.0766	-2.7695	-2.0542	3.6825	3.0285	-2.1743	-1.8073	-6.8996	-11.7807
-10.0721	-7.1440	-2.9800	-1.8183	2.7501	2.8520	-1.1362	-2.7800	-7.5307	-9.8090
-9.7304	-5.6093	-1.7682	-3.2651	3.1165	3.1600	-2.5067	-3.6352	-6.2337	-10.1087
-11.8765	-6.5774	-2.2649	-1.7144	3.0363	2.4087	-2.4332	-1.7091	-7.3479	-9.0447
-8.5130	-6.2973	-2.7344	-2.8111	2.8413	2.8993	-1.1473	-2.2345	-6.0159	-10.1494
-13.0533	-7.8454	-1.9841	-1.1362	3.2375	3.2670	-1.2961	-2.9769	-6.0594	-12.9278
-11.8209	-5.2267	-0.8858	-2.0162	3.3757	3.1241	-2.1731	-2.1338	-7.1338	-13.0079
-12.7073	-8.6157	-2.2921	-1.0403	3.2802	3.0057	-2.5688	-2.6537	-6.2848	-8.7381
-16.6580	-7.9675	-2.1724	-0.9804	3.1299	3.2793	-1.3259	-2.8832	-7.5572	-11.8254
-11.5616	-6.7877	-2.0516	-1.9696	3.1717	2.9813	-3.5951	-2.0716	-5.3285	-9.0528
-9.3326	-6.8184	-2.2182	-1.1394	2.9082	2.8813	-2.2071	-3.3251	-9.0740	-11.0869
-13.7327	-7.3721	-2.5538	-1.9921	3.3008	3.2992	-2.3628	-2.6104	-6.2026	-8.4172
-10.1156	-6.7611	-3.0886	-2.1569	3.0990	3.4554	-2.3114	-2.9242	-9.2752	-10.2998
-11.6585	-5.6414	-1.4139	-1.6526	3.1901	2.6510	-2.5197	-2.0382	-6.4440	-9.6310
-15.0786	-7.6272	-1.9535	-2.1113	2.9371	2.8992	-2.3900	-1.8538	-6.7070	-12.5061
-8.7219	-5.4894	-2.5636	-1.8535	3.3943	3.3077	-2.2342	-1.6699	-8.1263	-10.4996
-12.2892	-7.3644	-2.7144	-2.2957	3.2313	3.4083	-3.8124	-2.0094	-5.2501	-10.4381
-12.9397	-7.4708	-3.1716	-2.1683	3.3318	2.9747	-2.0816	-2.1137	-7.0791	-11.8711
-11.2159	-6.2894	-2.6345	-3.3082	3.1486	2.9324	-1.6617	-2.2861	-6.1255	-8.1122
-8.6988	-6.4522	-2.4465	-2.9843	3.1036	3.1295	-2.6488	-2.0798	-6.7745	-9.5458
-10.7018	-8.0783	-3.0876	-1.6771	3.1665	3.0544	-1.5861	-2.8295	-6.9155	-10.8363
-10.1155	-4.0747	-1.5506	-3.1926	2.9441	2.8399	-2.4908	-1.7545	-5.1299	-10.0565
-11.6682	-7.1748	-2.2955	-1.9864	3.3996	3.2268	-1.9942	-1.9655	-7.2242	-12.2834
-8.6649	-8.6881	-3.8474	-1.1828	3.2637	3.3223	-1.9068	-2.2978	-6.9517	-10.7181
-12.8913	-7.1903	-2.6962	-3.1256	3.4255	3.2749	-1.6299	-1.6393	-9.2793	-11.9657
-9.2206	-8.2135	-2.9794	-1.1066	3.3997	3.5328	-2.0894	-2.6235	-6.8643	-9.5708
-9.8474	-6.4088	-2.1164	-1.8926	2.9106	3.2540	-2.2368	-2.3626	-5.6752	-13.8031
-7.8724	-5.6347	-1.0170	-0.8972	3.1394	3.5803	-3.1784	-3.0570	-7.2861	-9.7619
-9.3048	-6.6373	-1.5804	-0.6491	3.2117	3.0458	-2.2351	-2.7591	-7.8545	-10.6805
-10.6965	-5.9464	-2.3969	-2.2909	3.1173	2.8932	-2.4183	-2.0817	-5.4926	-11.1941
-9.4833	-7.8281	-3.1758	-2.6215	3.4841	3.7861	-1.2187	-2.9079	-7.9767	-10.8724
-9.2509	-5.6141	-2.6627	-0.6603	3.1418	3.1477	-2.1061	-3.2623	-9.3765	-9.4327
-9.0919	-4.8421	-2.9475	-2.6060	2.9476	3.3418	-2.1946	-2.5977	-5.0546	-11.8661
-9.1881	-6.7013	-2.3393	-2.3691	2.7911	2.8874	-2.0646	-1.7678	-6.3744	-11.5271
-11.4966	-6.1140	-2.3500	-1.1925	2.8719	3.2168	-2.5807	-2.4366	-5.4722	-8.7938
-10.8188	-7.0953	-2.4021	-1.3767	2.9315	3.3416	-2.0692	-2.0635	-8.5942	-13.5826
-8.0742	-4.8376	-2.0265	-2.3494	2.7739	3.1460	-1.8400	-2.9860	-4.9187	-7.5252
-10.0137	-5.1036	-1.9193	-1.9616	2.8502	2.9254	-2.0357	-2.8440	-7.0588	-9.2941
-11.2128	-5.8567	-3.2864	-2.0843	3.0982	2.9862	-2.0881	-1.5585	-6.7412	-11.8051
-14.2753	-5.3826	-2.4731	-1.8604	3.1310	2.9005	-1.3217	-1.9071	-6.3965	-8.8690
-10.4986	-7.9075	-2.1571	-1.7286	3.3643	3.2595	-2.9078	-2.0661	-7.1393	-10.1577
-14.2692	-8.6406	-2.9123	-2.1146	3.2929	3.4056	-2.5132	-2.4598	-5.3247	-12.1903
-10.7454	-6.2159	-3.3586	-2.2761	3.3539	3.5207	-2.1039	-3.1840	-7.4573	-11.7845
-10.0486	-7.6324	-2.1936	-1.5843	2.8855	2.9189	-1.8498	-2.1146	-6.9237	-10.6606
-9.8593	-7.3845	-3.1115	-3.4317	3.1156	3.5111	-1.5877	-2.5434	-7.6771	-8.6456
-9.8131	-5.5948	-2.3033	-2.8710	3.2169	3.2646	-1.8791	-2.3511	-7.2265	-8.5838
-13.0606	-9.1277	-3.3192	-2.3390	3.3366	3.5937	-2.0669	-2.7339	-7.2421	-11.5229
-12.9168	-6.6370	-2.8328	-1.6169	3.3112	3.1859	-2.5502	-3.5449	-4.5089	-11.1805
-9.6097	-5.3404	-1.6825	-1.5066	2.4703	3.1929	-2.1231	-3.2543	-6.7605	-8.2211
-9.8945	-7.5068	-3.2067	-3.5082	3.2597	3.4244	-1.8062	-2.8156	-7.3218	-9.7037
-7.9560	-5.8773	-2.5368	-2.3350	3.4833	3.4325	-2.5854	-1.7127	-7.3312	-9.0060
-8.6406	-6.8555	-3.1698	-2.7730	3.2683	3.0691	-1.0760	-2.2593	-7.2893	-11.3307
-12.4841	-6.1900	-1.8447	-2.7452	3.5449	3.5526	-2.1447	-2.8599	-6.8572	-10.1421
-10.6837	-6.6782	-2.6744	-1.2204	3.4225	3.3001	-2.3203	-1.9917	-6.9592	-10.1967
-13.2902	-8.5285	-2.7841	-2.0701	3.2918	3.3010	-1.9036	-2.9579	-8.5393	-11.3026
-10.7548	-5.8850	-2.1402	-3.0530	2.8844	3.3668	-2.5101	-1.7054	-4.5086	-10.4995
-11.7167	-6.4238	-3.2789	-2.3623	2.9363	2.9688	-2.0490	-3.1088	-7.8287	-9.1146
-13.2154	-6.4982	-2.5771	-1.5323	3.3492	3.2839	-1.2072	-2.5768	-7.8603	-14.1296
-10.3113	-7.3078	-2.5922	-1.7709	3.2323	3.3427	-2.3724	-2.3024	-4.9138	-9.7472
-10.8673	-8.2143	-2.2411	-1.8800	2.8944	3.0178	-2.1959	-2.6423	-7.0709	-13.6342
-11.2206	-6.6842	-2.2854	-1.3926	3.3592	2.9247	-2.6884	-1.3189	-6.0729	-12.4774
-8.2264	-5.5055	-2.2698	-2.5496	3.4372	3.1319	-2.6047	-2.0964	-5.0717	-7.9110
-8.7018	-6.8325	-2.1561	-1.8284	2.7943	3.1987	-2.9423	-2.6906	-5.6217	-9.7767
-9.7366	-4.6284	-1.9559	-2.8208	3.3051	3.3686	-2.0413	-2.4237	-8.0763	-8.1883
-11.3425	-5.6724	-2.2070	-2.7246	3.2615	3.0421	-2.1538	-2.2141	-6.9197	-9.9027
-10.8400	-6.1095	-2.4117	-2.8413	3.3088	3.6208	-2.1868	-2.8635	-8.2972	-10.5477
-8.0386	-5.8959	-3.1911	-2.0137	2.9170	2.7162	-2.0808	-1.4305	-7.9158	-11.0847
-14.1676	-7.8537	-2.9166	-1.7134	3.2057	3.4195	-1.2810	-2.2919	-6.7231	-9.6593
-9.0542	-6.6398	-2.4400	-1.9869	2.9865	2.9655	-2.0009	-1.9688	-7.4105	-12.1159
-9.3702	-5.3128	-2.1409	-1.8527	2.9278	3.2348	-1.8798	-2.1620	-7.1298	-11.9358
-9.3964	-6.5388	-2.9909	-2.5902	3.6060	3.5781	-2.3893	-2.7101	-6.4405	-13.2910
-9.2513	-6.0583	-3.4450	-1.1634	3.7646	3.3560	-2.6899	-2.9962	-7.0557	-10.2612
-9.6491	-7.8318	-3.4101	-2.2155	3.4571	3.3442	-1.4580	-2.0886	-6.8921	-12.7879
-13.5771	-6.5289	-2.5601	-2.4841	3.4778	3.4414	-2.0395	-1.9657	-6.8849	-11.8630
-9.5586	-6.6591	-2.0586	-2.5267	3.0569	2.6444	-1.7447	-1.7202	-5.9526	-10.0151
-11.3676	-6.8004	-3.3829	-2.4075	3.2027	3.0819	-1.8411	-2.1728	-6.4055	-9.1818
-13.3153	-6.3907	-2.8828	-2.8615	3.2628	3.1704	-2.6190	-1.9446	-6.0076	-12.2595
-10.2636	-6.8806	-2.0806	-1.9698	3.2274	3.2801	-0.8777	-1.6017	-6.0463	-10.8994
-10.9183	-6.3246	-2.5084	-2.1477	2.7116	2.6460	-1.6048	-1.8965	-7.2342	-12.5022
-10.6597	-7.2287	-3.7159	-1.5693	3.4410	2.8964	-0.7177	-2.5579	-9.1548	-9.7129
-11.1272	-7.3560	-2.4643	-2.6044	2.7940	3.1219	-2.1511	-2.6183	-7.2902	-10.0820
-13.2019	-9.4923	-2.5772	-1.6138	3.2681	2.8178	-1.9920	-2.6902	-7.9240	-16.1555
-10.7848	-8.8148	-3.3385	-1.5106	3.2170	3.4243	-1.4991	-2.6056	-8.8205	-7.9883
-9.1175	-7.4347	-2.4599	-0.8392	3.0246	3.0121	-1.1808	-1.9272	-8.1544	-14.2304
-8.8497	-5.6578	-2.2248	-2.6446	2.7589	2.9989	-2.6723	-1.5517	-5.5381	-10.1134
-9.8742	-7.8867	-2.5903	-2.5071	3.5090	3.5564	-1.1407	-2.8961	-8.1862	-9.4143
-8.9621	-7.0957	-3.6594	-3.1281	3.1342	3.1492	-1.1457	-2.9312	-6.9502	-10.2293
-14.3024	-4.7364	-2.3741	-1.9528	3.2105	3.0694	-2.5337	-2.3138	-7.4091	-12.5060
-13.7807	-7.2699	-2.8279	-1.1694	3.3976	3.2327	-1.5348	-3.0311	-7.7822	-12.2083
-11.4933	-4.7549	-2.2656	-2.1917	2.9309	2.9721	-3.0735	-2.7699	-7.8283	-11.5024
-10.4903	-8.7034	-2.2136	-3.1325	2.9494	2.8414	-2.2985	-3.1734	-6.2197	-8.2395
-10.4958	-6.9949	-1.7911	-0.5089	2.7630	2.6897	-2.3479	-1.7146	-6.1185	-9.8107
-9.7213	-6.2816	-1.9869	-1.6451	3.1615	3.2897	-2.5623	-2.7943	-6.7528	-8.7153
-12.0067	-10.2030	-2.8949	-1.6263	3.2562	3.3227	-2.7667	-2.7030	-6.5585	-9.1068
-10.5429	-7.5116	-3.6802	-2.4082	3.3965	3.5288	-1.3697	-3.3986	-7.7363	-10.4076
-12.4063	-7.7868	-3.4719	-1.6198	3.6939	3.5453	-1.3248	-4.0583	-7.5102	-11.3475
-9.6304	-4.5261	-3.0933	-2.4237	3.4165	3.0347	-2.1813	-2.1745	-5.1970	-9.3803
-9.8653	-5.6830	-2.4641	-3.2083	2.8100	2.9247	-1.0928	-2.4436	-6.3885	-8.1259
-9.4960	-7.2547	-2.2372	-3.0924	2.8022	2.9082	-1.4727	-1.9251	-7.5446	-10.1333
-10.8551	-6.6036	-2.8610	-1.6095	3.0518	3.2982	-2.9338	-2.7386	-7.3989	-10.9452
-9.9165	-7.6697	-2.2245	-2.3147	2.9914	2.9034	-1.3348	-2.0760	-4.6275	-11.1575
-9.8176	-6.9746	-2.7294	-1.7124	3.0163	3.2809	-1.6018	-2.5013	-8.4386	-11.2398
-11.4218	-7.4215	-2.8437	-1.9459	3.2746	3.1669	-1.8216	-2.2811	-6.3666	-8.9909
-11.0368	-7.3543	-1.9718	-2.0232	2.5572	2.9799	-1.5927	-2.0816	-8.7853	-12.6915
-10.4846	-6.1468	-2.8058	-2.5630	3.4470	2.6824	-2.0261	-1.6318	-6.3848	-8.8975
-8.7296	-7.4525	-3.3887	-2.0110	2.7988	3.1159	-2.2471	-3.5441	-6.5276	-9.8591
-13.9960	-6.0046	-2.3126	-1.2596	3.4261	2.9845	-1.6050	-2.7544	-7.5871	-7.8696
-10.3448	-6.4496	-2.6262	-1.2555	3.2608	3.2979	-2.9052	-3.2776	-7.1471	-13.2868
-9.3102	-6.1372	-2.1567	-2.2639	2.7249	2.7711	-2.4125	-2.1944	-7.1820	-12.2894
-10.9091	-6.2118	-2.7628	-1.6449	3.4299	3.5236	-3.3997	-3.0479	-8.9772	-11.2295
-10.7983	-6.6495	-2.8330	-2.1451	3.2401	3.2578	-1.4461	-2.8733	-7.1319	-11.7737
-10.4802	-8.2965	-3.7078	-1.5008	3.9026	3.2885	-1.2000	-2.6058	-7.5635	-12.5532
-9.7241	-6.5262	-2.6799	-2.2251	3.0320	3.2569	-1.2238	-1.9525	-6.5953	-10.6408
-9.5619	-7.2566	-0.9765	-1.9763	2.5634	2.9294	-1.6903	-2.0188	-6.0094	-9.1648
-9.2945	-7.0275	-3.1944	-3.4377	3.5411	3.2654	-3.3082	-3.6341	-6.1244	-8.9053
-11.6053	-7.0345	-2.4164	-2.5955	3.5493	3.4765	-2.0532	-2.2039	-6.2489	-9.7360
-9.7311	-5.1636	-3.2112	-1.6064	3.4686	3.0479	-2.6772	-2.1809	-7.5654	-11.2085
-13.0636	-7.2982	-2.7575	-1.8062	3.2884	2.9404	-1.9260	-1.6520	-6.8018	-10.4015
-12.0617	-11.7669	-2.8098	-1.8087	3.4577	3.2046	-1.6535	-2.1587	-6.9057	-9.3414
-9.5279	-5.6422	-2.1825	-1.8123	3.1490	2.9871	-2.5908	-2.7471	-5.3512	-7.5433
-8.5630	-5.6221	-1.7174	-1.5587	3.0022	3.0116	-2.7493	-1.7816	-5.1149	-12.0062
-11.7035	-5.3517	-2.7510	-1.7791	3.8153	3.6136	-2.7183	-2.1826	-6.1927	-9.3587
-10.5786	-7.2129	-2.8950	-1.3131	3.4117	3.3974	-1.7986	-2.5534	-7.9324	-8.5505
-9.3719	-6.9479	-2.9957	-2.2310	3.2639	3.1496	-1.3822	-2.3939	-8.1028	-15.6085
-11.5873	-6.4173	-2.2742	-2.4555	3.0991	3.3736	-2.4359	-3.4582	-5.4337	-10.7298
-12.8334	-6.3164	-1.9757	-2.2503	3.1387	3.3870	-2.2863	-2.3913	-6.9441	-10.0693
-9.0780	-7.3332	-3.2336	-1.1927	3.3430	3.3888	-1.7389	-3.5405	-6.3088	-10.8042
-10.3274	-5.3834	-2.6722	-3.4971	3.5485	3.4230	-2.5901	-2.9857	-6.6437	-10.0680
-11.4414	-8.3117	-3.6016	-1.8423	3.9266	3.3702	-1.4436	-3.0511	-8.5306	-11.7458
-11.5583	-6.4778	-2.3195	-2.1590	3.1816	3.1718	-1.1958	-2.5545	-6.6667	-9.9395
-9.3310	-5.3362	-1.6900	-1.3367	3.4967	3.1528	-2.1719	-2.1541	-5.9460	-9.8731
-12.7154	-9.3645	-3.0223	-2.3089	3.2663	3.2983	-1.7730	-1.8718	-8.3829	-12.4523
-11.1625	-7.5391	-2.2625	-2.4464	3.1692	3.3713	-1.4375	-3.7415	-6.2324	-12.8801
-10.9141	-7.7576	-2.9867	-1.9373	3.4058	3.3669	-3.3373	-3.5402	-6.9897	-8.6683
-9.0694	-5.8757	-2.8117	-2.7854	3.0192	2.7823	-2.4424	-2.1663	-6.7370	-12.7673
-13.3227	-6.5737	-1.7146	-1.8897	2.8099	3.0951	-2.4493	-2.6611	-5.8311	-9.6406
-10.2476	-9.3696	-2.6659	-1.7214	3.1623	3.0915	-1.8200	-2.2899	-6.2260	-12.9259
-7.7203	-6.4518	-2.2676	-1.5527	3.2872	2.9767	-2.2988	-3.0913	-7.9265	-8.5779
-10.1905	-6.2077	-2.6612	-1.5735	3.0274	2.7719	-2.4969	-2.7617	-5.9787	-9.7623
-12.3567	-5.0172	-1.9451	-2.1765	3.6264	3.5516	-1.8301	-3.5740	-6.8633	-11.0587
-9.5624	-4.9974	-2.7703	-2.6629	3.3277	3.2470	-0.6579	-1.7546	-7.1988	-10.0229
-9.0500	-4.8806	-1.6685	-3.1863	2.4492	2.5087	-1.2973	-2.3141	-5.9743	-9.0582
-9.6894	-7.0714	-2.3347	-1.7628	3.3437	3.0862	-3.2593	-2.9826	-5.5170	-9.0707
-9.3519	-9.5791	-3.1244	-1.0001	3.7440	3.4169	-2.6749	-2.0927	-6.0101	-13.0635
-10.8784	-7.7875	-2.5959	-0.7589	3.6447	3.0888	-2.0839	-3.3160	-8.7679	-10.3563
-10.9180	-7.7995	-1.1479	-2.3865	2.6839	3.1603	-2.0590	-2.8963	-8.0463	-11.1613
-8.3035	-5.8381	-3.4256	-1.7582	3.2480	3.1787	-3.1982	-2.3310	-5.5857	-11.0920
-13.7250	-5.9265	-2.3871	-2.7597	2.9444	2.7969	-1.5105	-2.4216	-6.2975	-8.8872
-10.4953	-6.9700	-2.5537	-1.8305	2.7600	2.8565	-1.9699	-1.9415	-6.0994	-11.4481
-10.8375	-7.9548	-2.4424	-1.8469	3.2578	2.9740	-1.4689	-2.9392	-7.6198	-9.7621
-12.1945	-5.3837	-2.3308	-1.6324	3.1461	3.2479	-2.3189	-3.4541	-7.1505	-11.1097
-8.8617	-5.8263	-2.8513	-2.8689	2.6043	2.7179	-2.5108	-1.7056	-6.1647	-11.7901
-8.6006	-7.3965	-3.8764	-1.6504	3.4107	3.2313	-1.6952	-2.3590	-7.2229	-10.1067
-9.6506	-6.3831	-1.9968	-2.1753	2.8287	3.0442	-1.2765	-2.4677	-6.8413	-9.7124
-10.0342	-5.7596	-2.0568	-3.1408	2.7382	2.9666	-1.5031	-1.6830	-6.5988	-8.8939
-11.0758	-7.8665	-1.7692	-1.7158	3.3291	3.4327	-1.3175	-1.9403	-7.1536	-9.9821
-9.4930	-6.2224	-3.6222	-3.1053	2.8684	2.7308	-0.9968	-1.5987	-6.3052	-11.3663
-11.5282	-6.3919	-2.8083	-3.5418	3.3498	3.6328	-1.7214	-3.5864	-6.6558	-10.5797
-9.7773	-6.3169	-1.8769	-2.4087	2.9675	3.0134	-2.8450	-2.7405	-7.0102	-10.9614
-14.3358	-7.9996	-1.9611	-2.2169	3.0298	3.3668	-2.9580	-2.5979	-6.9393	-8.9217
-11.1667	-5.5927	-2.1400	-0.8207	3.4052	3.2793	-3.2423	-2.0220	-6.8608	-10.5707
-8.8263	-5.0031	-2.4297	-1.8357	2.9116	2.9852	-3.8969	-2.8151	-6.7530	-9.9961
-11.8630	-4.9014	-2.7010	-2.6090	3.0967	2.8911	-1.5715	-2.2917	-6.4061	-8.4510
-8.7347	-7.8131	-2.9060	-1.6233	3.9624	3.4464	-2.6788	-2.4476	-6.7911	-11.2816
-13.6765	-6.7934	-2.6655	-1.8975	3.3495	3.1344	-2.2032	-2.6030	-5.9369	-8.7084
-9.3609	-7.7194	-2.9852	-1.7149	3.2906	3.2993	-3.0133	-2.5894	-5.7365	-10.8154
-10.9967	-6.7664	-2.2801	-2.8473	3.4271	3.5675	-1.4865	-2.5355	-7.6729	-12.8568
-10.6265	-6.9251	-2.4233	-2.5253	3.4010	3.5382	-1.4662	-2.1974	-8.7891	-11.5145
-8.0078	-7.0410	-2.5261	-1.1619	3.1011	2.9889	-2.4518	-2.5305	-6.8611	-9.6342
-11.8313	-5.8806	-2.3252	-2.3972	3.5142	3.2940	-1.0954	-2.1062	-6.5069	-10.6597
-10.8417	-9.1901	-2.1760	-0.9548	3.0974	3.2310	-2.5627	-2.3787	-7.2069	-11.9267
-10.2138	-6.4805	-2.8984	-1.9778	3.2275	2.9605	-3.0693	-3.1812	-5.5697	-8.1080
-11.0951	-7.6959	-3.0245	-1.5940	3.2028	2.8893	-2.4158	-1.9951	-6.1552	-10.0146
-8.8666	-5.7352	-2.5842	-1.6365	3.3147	2.9864	-1.9258	-2.8124	-8.1261	-12.8195
-9.3980	-5.7827	-3.1100	-2.3306	2.7810	2.9444	-2.5968	-1.0807	-6.3314	-10.2262
-13.5187	-7.0750	-2.4119	-1.8758	3.1689	3.0186	-2.0949	-1.4623	-6.1948	-13.2673
-10.3812	-7.9559	-2.2333	-1.9287	2.5640	2.9426	-1.5218	-2.5284	-8.0163	-8.2804
-8.2567	-6.2228	-2.4924	-2.0790	3.2508	3.1322	-3.3990	-2.1913	-4.5992	-8.1935
-12.7208	-6.6576	-2.7271	-1.6282	3.2372	3.2349	-1.6425	-2.3093	-5.5500	-10.5121
-10.5933	-8.7942	-3.0261	-2.4610	3.0329	3.4515	-1.4457	-3.6772	-7.2332	-12.1269
-11.4101	-6.5715	-3.1248	-2.1700	3.2739	3.3452	-2.9806	-2.8712	-8.2086	-12.9429
-9.5833	-6.2853	-2.5146	-1.8331	2.9873	2.9503	-1.6078	-1.7521	-7.4671	-11.5849
-11.0340	-6.5718	-3.3697	-2.3093	3.2415	3.0115	-3.1206	-2.3339	-6.4194	-11.5924
-10.6558	-5.1776	-2.0457	-1.4418	3.3215	3.5434	-3.0015	-1.9355	-6.0386	-12.3560
-10.1849	-5.5547	-2.4116	-1.9882	2.7499	2.9791	-1.1717	-2.4577	-6.1707	-12.1824
-12.7625	-7.9649	-3.4233	-3.0452	3.4007	3.3334	-1.6921	-2.2071	-6.5301	-10.6120
-7.7895	-6.6530	-2.9627	-1.6596	3.3965	3.5497	-2.1870	-2.5733	-6.2979	-11.3934
-8.9424	-7.0836	-2.6818	-1.8474	3.1728	2.6656	-1.8514	-1.9398	-8.8742	-8.9800
-10.2477	-6.4190	-2.4008	-1.8653	2.8856	3.1588	-1.9894	-1.9364	-6.1566	-13.5076
-11.4870	-7.5505	-3.4171	-0.7299	3.3656	3.2792	-2.9406	-3.1973	-6.5234	-10.3108
-9.3356	-5.3234	-2.5277	-2.1661	3.4562	2.7700	-2.4264	-2.1898	-5.4602	-8.6679
-9.8381	-7.2105	-2.6483	-1.5188	3.3455	3.1435	-1.1728	-3.2024	-6.5893	-9.8625
-12.6364	-6.4167	-1.8444	-1.7321	3.3523	3.2360	-2.2516	-1.9298	-6.2813	-13.8223
-13.1003	-5.6878	-2.2032	-2.6420	3.1126	3.2571	-1.1841	-2.0345	-5.6171	-9.7569
-12.8357	-8.1444	-3.1828	-1.5792	3.1535	2.7811	-1.6142	-2.0030	-7.3219	-9.1656
-8.7725	-5.9673	-2.3620	-1.9197	2.9921	3.0077	-1.4833	-2.7348	-7.0896	-9.2598
-9.8800	-6.9701	-2.4981	-1.0390	2.8211	2.8523	-2.1795	-2.3862	-7.3680	-12.6437
-10.2242	-7.4037	-2.1232	-2.0516	3.2247	3.1776	-2.7923	-3.0187	-6.6243	-9.3651
-10.4972	-8.0582	-2.3430	-1.1430	2.9606	3.0825	-2.7798	-1.9202	-5.1838	-11.0722
