-11.1498	-16.2497	-5.9058	1.5957	0.2563	0.3735	1.8494	-4.2712	-11.6102	-16.0679
-10.9603	-13.9943	-5.5584	1.3899	-0.1521	-0.0467	1.0619	-5.9462	-9.6911	-14.2680
-15.1156	-16.9835	-6.0734	1.9154	0.5731	0.7206	1.8107	-5.7560	-13.0489	-14.1574
-12.0784	-13.7676	-5.9875	0.9925	0.3595	1.4078	1.3808	-5.2427	-13.3117	-14.7056
-13.8659	-15.5414	-6.4780	1.0674	0.1224	0.5609	1.7607	-4.1281	-12.5598	-13.3878
-8.5671	-12.2503	-6.5978	1.3117	0.8377	0.5037	1.1437	-5.4544	-16.0274	-13.4558
-9.8282	-14.9082	-6.9070	0.9128	0.8436	0.6901	1.4774	-6.0370	-11.9997	-10.2780
-8.1889	-11.0248	-4.3370	1.6768	1.0600	-0.1214	-0.0230	-6.9539	-12.4597	-11.1285
-9.3623	-8.3622	-3.0210	0.9245	-0.1598	0.8404	1.4310	-5.4407	-12.1449	-10.2668
-12.3773	-11.3386	-4.8489	1.4190	0.1636	0.1768	1.6345	-4.7224	-10.4608	-10.5211
-10.9636	-12.4873	-4.6334	2.4215	0.3723	0.9685	1.6183	-5.9966	-17.4607	-13.0606
-9.6169	-13.3561	-6.8319	1.2250	0.3764	0.4243	0.7135	-6.2886	-11.3202	-11.1443
-10.3212	-11.5090	-4.6040	1.9961	1.3536	0.4767	1.5224	-5.2824	-15.9394	-12.2468
-9.4531	-10.4726	-4.6708	1.2671	-0.1391	0.3267	1.7819	-4.1808	-13.8795	-15.1370
-9.4826	-12.6797	-4.7588	1.0505	0.5137	0.5460	0.8394	-6.0814	-13.9902	-12.5181
-10.6675	-12.8589	-6.2425	1.6202	1.0054	0.7884	1.9601	-7.2471	-22.5847	-11.3841
-12.6273	-16.8896	-5.2250	1.3158	0.8137	0.2096	1.4351	-4.2022	-12.5681	-11.0167
-10.7625	-10.6904	-4.2601	1.7125	0.3788	0.1538	1.6797	-4.6239	-13.1083	-15.0770
-9.5462	-11.4573	-4.3520	1.8425	0.2446	0.4991	1.6859	-5.6970	-10.2441	-15.6845
-14.8039	-15.2840	-4.5733	2.1492	0.2600	-0.0446	1.8788	-4.0784	-16.1604	-10.6664
-10.9917	-12.7250	-6.7269	0.5996	0.3776	0.1583	0.8987	-4.7854	-11.9330	-9.7489
-12.3491	-10.3687	-5.7431	1.2168	0.6932	0.5331	1.7006	-5.4343	-14.6174	-14.5072
-10.2439	-15.8596	-5.3707	1.3904	0.7010	1.0762	1.6741	-5.7032	-13.9796	-12.8735
-10.2941	-11.1681	-5.5894	0.7873	0.4639	0.8557	1.1087	-7.1704	-15.9258	-10.9503
-12.9113	-12.2861	-6.5156	1.5734	0.6018	0.6235	1.1078	-6.3138	-11.4515	-11.5504
-11.3816	-14.9787	-6.8412	1.1708	0.6401	0.5829	1.2718	-5.3096	-13.5091	-9.1911
-12.6712	-12.4591	-5.8904	1.5654	-0.3916	-0.6255	1.3488	-5.0270	-12.3264	-11.9090
-10.2033	-13.8258	-6.2950	1.4563	0.5244	0.3738	1.3527	-4.9777	-12.4766	-12.3633
-8.2896	-8.6399	-5.4817	1.6368	0.3076	-0.0613	1.6542	-7.9249	-21.4262	-12.5947
-10.3810	-13.1264	-3.7681	1.7327	0.7506	0.7392	0.7287	-5.4725	-11.6374	-14.8533
-14.9895	-11.4118	-6.0759	0.7656	0.3582	0.1600	1.6599	-4.0158	-9.7810	-8.6940
-11.5341	-16.2301	-6.8162	0.6662	0.2377	0.1791	1.2693	-4.8314	-10.5383	-10.1532
-11.2165	-13.3943	-5.2545	1.2444	0.7583	0.6846	1.2569	-5.3513	-14.8238	-11.9379
-11.2837	-16.7868	-6.1956	1.4002	0.4058	-0.3102	1.5101	-5.3985	-18.8613	-14.0205
-12.5023	-11.9487	-3.7798	1.7455	0.4254	0.2409	0.9801	-5.7829	-11.4038	-14.5162
-13.0768	-13.1832	-6.4053	2.0584	1.2809	0.7911	1.9142	-7.2171	-15.8285	-15.8926
-11.6885	-13.9566	-5.9253	1.5185	-0.0110	0.1507	1.5490	-6.2392	-20.6869	-13.1954
-13.7530	-17.7930	-6.4305	1.2888	-0.2345	0.7549	1.9944	-6.2894	-17.9913	-15.3696
-12.4677	-14.0615	-4.3245	2.2756	1.1873	0.3788	0.6828	-5.3591	-10.4049	-13.1645
-11.9036	-14.8518	-5.8677	1.4730	0.2609	0.9572	1.5390	-7.3566	-16.8371	-10.8791
-12.3469	-11.8115	-4.1233	1.1622	0.8301	0.3397	1.7445	-3.9939	-19.7005	-10.7815
-12.3551	-12.5627	-5.3084	1.5858	0.3598	0.3738	1.6904	-4.9080	-11.4953	-16.3505
-13.5700	-10.4221	-4.7411	1.3005	0.2442	0.5726	1.7886	-6.3085	-16.1016	-11.4043
-10.0410	-15.6478	-9.2093	0.3871	0.0634	0.8549	2.1518	-5.0484	-10.4437	-9.9316
-12.9756	-15.5890	-5.9303	1.0209	0.7093	0.3036	0.8525	-4.7471	-12.8566	-11.1290
-14.3477	-13.1858	-5.9742	1.9723	0.2563	-0.4388	1.8749	-4.5800	-15.1189	-12.8972
-11.1449	-13.2918	-6.6178	1.5592	0.6434	0.5905	1.4403	-5.9722	-13.3150	-11.7723
-12.9762	-10.7680	-5.0350	1.5827	0.4447	0.0328	1.2500	-5.1139	-12.1686	-8.4750
-9.8035	-11.4346	-5.4013	1.5776	0.2362	0.6225	0.7213	-6.1069	-11.3000	-11.4985
-12.1311	-18.6447	-5.2757	2.7577	1.3197	0.4524	2.0824	-5.9642	-11.7596	-7.9323
-13.9278	-13.8610	-6.3314	1.2600	0.5825	0.0930	1.2370	-5.0969	-16.4235	-12.5447
-16.6423	-13.9726	-6.3001	1.6239	0.2618	-0.7111	0.7610	-6.9627	-13.0296	-12.9231
-12.1639	-12.2990	-5.3892	0.9570	-0.0498	0.7663	1.6066	-5.5754	-14.3233	-10.4089
-10.1096	-9.3516	-5.2840	1.2123	-0.0978	0.4160	2.0582	-4.6092	-13.8397	-15.5105
-12.9417	-10.0667	-5.3908	1.3823	-0.1591	-0.1006	0.9473	-4.9647	-12.2883	-10.3462
-14.0683	-23.2610	-6.2763	1.7987	0.0830	0.1808	2.0194	-4.7117	-15.5850	-13.3659
-12.6506	-10.7878	-5.1475	0.9234	0.4418	0.2377	0.9608	-5.9760	-17.8472	-11.1148
-9.5645	-13.5197	-6.8167	1.1958	0.1139	0.7511	1.4807	-5.4423	-13.0882	-15.2680
-10.5153	-20.5830	-7.2223	1.4377	0.1307	0.2748	1.1610	-4.6706	-14.3940	-14.3624
-9.1920	-16.0030	-5.6720	0.6099	0.1005	0.6251	1.8126	-2.9322	-11.7800	-12.5804
-16.3263	-18.1112	-6.3580	1.3058	0.5199	0.1051	1.4291	-5.8889	-12.8015	-12.4394
-13.7829	-18.5890	-6.5982	1.4870	0.5925	0.8598	1.0118	-6.9286	-16.9377	-11.8407
-11.6310	-13.3304	-6.0169	1.2264	0.5156	0.2483	1.7842	-4.1578	-11.9655	-10.1070
-13.7010	-12.9933	-5.2819	1.4630	-0.1431	0.3614	1.2176	-6.2360	-15.0361	-10.8214
-9.7976	-9.6902	-5.3458	1.5906	0.7768	0.5058	1.8020	-4.5035	-10.7508	-9.7632
-14.7362	-14.2578	-6.2355	1.5070	0.5265	0.9511	1.9123	-5.9090	-13.1394	-9.6428
-10.5026	-11.4929	-4.2848	1.4838	0.3752	0.2693	0.9321	-4.8920	-14.0228	-11.2912
-13.6005	-10.0991	-3.8477	2.1373	0.8012	0.0386	0.8139	-4.8011	-12.7335	-10.5010
-10.8769	-12.4104	-5.3291	1.6007	0.8364	1.2204	1.2898	-6.1500	-20.2903	-11.4132
-13.0013	-10.7307	-4.6573	1.3258	0.4027	0.5158	1.2681	-4.3627	-11.8348	-11.1708
-10.6773	-11.1766	-6.1084	0.9323	-0.0055	0.6882	1.6139	-5.4625	-11.1494	-7.8652
-13.1158	-11.4984	-4.4905	2.0476	0.1519	0.4503	1.8562	-4.7887	-13.1828	-9.8970
-12.0622	-13.7346	-5.7071	1.4355	-0.3605	0.1876	1.6116	-4.3484	-11.4763	-13.4954
-10.7364	-14.2937	-5.7869	1.0575	0.3724	0.6392	1.9680	-6.0103	-16.4059	-14.4873
-13.1718	-14.1035	-4.3096	2.1956	0.5340	0.8874	1.2532	-6.4563	-13.2069	-11.4005
-12.9580	-13.1842	-4.8455	1.1990	0.6948	0.6293	1.6841	-5.4181	-13.7378	-11.3697
-12.1494	-13.4857	-5.6094	1.1150	0.4242	0.8125	1.5211	-7.2468	-16.5825	-12.0973
-10.5159	-15.6776	-5.9601	0.8570	0.1933	0.2797	1.4737	-5.0977	-15.8767	-12.7385
-9.4108	-14.3003	-4.8092	1.3712	0.5047	0.1482	1.4473	-5.8510	-10.7173	-8.7086
-12.7376	-12.7896	-6.0053	0.5680	0.1464	0.7258	2.7914	-4.5903	-15.4485	-18.4187
-11.6882	-11.5844	-5.4128	1.1159	0.6674	0.7358	1.5194	-4.7941	-10.1848	-12.3421
-14.8837	-11.2479	-5.3872	1.5159	0.0566	0.6076	1.1948	-5.7390	-18.7190	-13.0266
-12.3378	-9.5119	-4.7227	0.8298	0.2172	0.8321	1.5486	-6.0368	-10.9933	-9.8332
-9.2505	-14.3598	-5.0051	1.0237	0.8161	0.9898	2.2954	-5.3764	-16.1235	-12.4887
-11.0194	-10.5474	-4.3971	1.7227	1.1394	0.8889	1.2712	-6.4909	-10.8326	-12.3534
-12.9138	-13.0104	-5.5022	1.1463	0.1446	0.5742	1.1923	-6.1370	-13.7052	-11.9061
-11.8633	-10.4989	-3.7912	1.9945	-0.0180	0.4064	1.5192	-6.1713	-8.8994	-7.7055
-10.4678	-11.3701	-4.6103	1.5765	0.2793	-0.1163	1.6138	-4.9867	-16.2564	-11.7130
-12.9409	-16.1690	-4.4753	1.8156	0.4896	0.5038	1.0313	-4.8638	-14.8772	-13.0730
-13.5483	-16.4208	-5.3107	1.5297	0.9010	0.4504	1.4770	-5.9215	-11.7877	-12.1661
-11.5556	-13.1467	-4.7733	2.1181	0.4773	0.5772	1.4052	-7.3367	-15.5135	-10.3523
-11.7177	-13.2720	-7.0170	1.0462	0.6101	-0.0798	1.3477	-4.9994	-13.0660	-11.8784
-14.8143	-11.1303	-4.9965	1.2776	0.6684	0.2070	1.2348	-4.8167	-10.7008	-9.7149
-11.5178	-11.6071	-5.4947	0.8127	0.4992	0.0264	1.3489	-6.2257	-13.4136	-10.4307
-8.9299	-12.5865	-5.3617	1.6647	0.5432	0.4248	1.1987	-5.5516	-16.8338	-11.9823
-11.0429	-10.3638	-5.5814	0.8251	-0.1310	0.0543	1.1633	-5.5479	-12.1695	-17.1378
-13.1693	-14.4706	-6.6842	1.5045	1.0446	0.8298	1.1532	-7.7059	-10.4104	-15.8919
-13.3281	-12.6158	-6.3676	0.7377	0.4176	-0.2374	1.0348	-4.9710	-10.3821	-10.1307
-11.3600	-9.0380	-4.8706	1.2676	0.8593	0.5509	1.0390	-6.4538	-13.5829	-9.7699
-11.4430	-13.3655	-5.9686	1.1901	0.6923	0.7104	1.7455	-3.8122	-13.3410	-12.1350
-14.0549	-13.1168	-5.8965	1.7167	0.4582	-0.7885	0.9793	-5.6185	-25.1622	-13.5676
-12.1844	-13.6202	-3.8323	1.4837	0.2853	0.8736	2.1497	-4.7973	-13.4971	-11.8953
-14.0658	-12.5113	-6.3563	1.0139	0.0342	-0.3600	1.1201	-4.9967	-13.5446	-14.4478
-12.5718	-15.9586	-5.8685	1.8987	0.2432	0.9052	1.4792	-6.6474	-12.9441	-12.6830
-8.6261	-12.7553	-7.3652	1.2798	-0.1429	0.5490	1.6555	-5.9824	-12.4738	-13.7701
-9.6585	-9.0002	-5.6122	1.5795	0.9300	0.7532	1.6842	-6.0701	-12.7472	-12.6418
-9.4235	-15.4069	-6.3874	1.7919	0.8012	0.9372	1.6586	-6.3077	-12.5501	-13.0190
-11.0585	-13.0333	-5.1766	1.6006	0.6455	0.2634	1.1637	-4.8667	-15.0588	-9.7109
-10.7851	-15.8182	-7.2953	1.4321	1.0665	0.7219	1.3822	-4.4840	-11.6556	-12.0171
-14.2345	-17.0798	-6.3663	1.4503	-0.0209	-0.8312	0.6755	-6.7035	-16.8223	-10.7615
-12.1327	-12.5027	-4.9711	0.5642	-0.0771	0.3941	1.2132	-5.9423	-15.6312	-10.5711
-14.2554	-11.8422	-4.6329	1.7061	-0.0234	0.0177	0.9306	-6.4255	-24.2385	-16.1916
-11.1563	-11.9060	-5.9467	0.8384	0.8305	0.6377	1.6550	-6.1476	-13.2006	-15.3512
-10.7577	-15.0218	-6.0658	1.3503	0.4237	1.0511	1.6589	-6.0349	-12.5171	-11.6386
-10.7768	-14.0016	-6.3994	0.9764	-0.5334	0.0089	1.7113	-4.3872	-13.3329	-17.1651
-9.5102	-14.1204	-5.3824	1.3347	0.3764	0.7641	1.6738	-6.2023	-16.3366	-11.7449
-8.7994	-12.7291	-6.5844	1.1282	1.1445	1.4137	1.5135	-5.7621	-13.7289	-11.4430
-11.0981	-9.5840	-4.1368	1.8874	-0.1923	0.7297	1.5048	-7.8895	-16.5972	-11.6102
-9.8309	-13.5467	-4.3997	0.5864	0.1592	1.3196	1.4496	-5.9235	-11.6578	-12.4367
-16.9911	-11.0171	-4.9677	1.6377	0.3639	-0.3220	0.5584	-6.0096	-13.5753	-11.6212
-13.6430	-11.7864	-5.5578	1.3797	1.2596	0.3547	1.5628	-5.0653	-11.6314	-10.3486
-9.7550	-9.1539	-4.3364	1.5074	0.0912	-0.3685	1.2602	-6.3653	-15.3051	-10.8750
-10.0761	-10.9121	-5.9830	0.9596	-0.1708	0.4996	1.2314	-6.6799	-13.9418	-12.3739
-12.3830	-14.3872	-6.4367	0.7746	0.4019	0.6706	1.4209	-5.3091	-14.9696	-9.7336
-12.3100	-14.9340	-5.9185	0.7237	0.0102	0.5099	0.8221	-6.0959	-13.7201	-10.3130
-13.4208	-15.1384	-5.0754	1.7517	-0.0453	0.4528	1.7720	-5.6930	-13.4791	-12.4582
-11.9149	-13.9603	-6.0706	0.9623	0.9790	1.3492	1.2615	-5.0554	-10.6452	-12.4840
-13.4887	-12.5628	-7.1963	0.8709	0.6598	-0.3741	0.7726	-4.3504	-11.4137	-12.0631
-9.6623	-11.6995	-6.1654	1.2946	1.1394	0.6073	1.3401	-4.2651	-9.9023	-9.3314
-11.1614	-15.2936	-6.0191	1.2639	0.3336	0.3293	1.3711	-6.1357	-13.3189	-11.6938
-10.1752	-12.1109	-6.2077	1.2690	0.6054	0.0266	0.9823	-6.4625	-14.2273	-17.6129
-11.4823	-12.0776	-5.1132	2.0509	0.6348	0.7745	1.2615	-7.3889	-14.1746	-12.3740
-11.1268	-12.0019	-5.1921	1.6377	0.4034	-0.2181	1.5312	-6.1118	-15.4181	-12.4387
-9.9300	-13.3637	-5.5844	1.4534	0.2918	0.4706	1.0730	-4.5630	-8.5795	-12.7962
-11.6413	-16.9537	-5.2894	1.3074	0.7944	1.0716	1.7625	-5.6758	-16.7646	-15.1524
-12.0717	-16.0401	-6.1523	0.9038	0.1503	0.7136	1.3539	-5.3409	-10.9419	-9.7710
-10.8595	-17.3755	-5.7546	1.3350	0.0381	1.1635	2.4298	-4.9223	-12.1654	-11.7569
-12.7019	-11.8900	-7.1891	0.9509	0.5910	1.2367	1.5614	-5.6364	-12.3577	-10.9076
-11.4062	-12.6681	-5.6859	1.5557	-0.5921	0.5774	2.0494	-5.0145	-15.4399	-13.1022
-11.7771	-12.8377	-5.6799	1.3091	1.0681	0.6928	1.5247	-4.4613	-12.1877	-8.5662
-10.7852	-10.6283	-3.9801	2.1667	0.3545	-0.2902	0.9136	-6.8781	-14.2975	-9.7292
-11.7897	-16.5621	-6.6657	1.3874	0.3179	0.3063	1.2342	-4.9598	-15.0969	-14.8395
-11.7673	-13.5341	-5.5876	1.8953	0.8394	0.0559	0.7532	-5.1092	-10.2119	-12.2224
-11.7142	-13.8366	-5.3606	1.4299	0.5325	-0.3306	0.8833	-5.8525	-12.0105	-9.9174
-8.8206	-11.1891	-5.7777	1.0356	0.1383	0.3353	1.7074	-3.9085	-12.9857	-10.1297
-11.3402	-14.3115	-4.8227	1.1439	0.1762	0.3583	1.1490	-4.0731	-11.5673	-9.7785
-14.8925	-13.8122	-7.0348	0.4309	0.4386	1.1113	1.3586	-5.4980	-14.1915	-11.4465
-10.5891	-11.0809	-4.7000	2.1043	1.3610	1.0649	1.4317	-5.8681	-10.9372	-12.7602
-9.6235	-15.2963	-6.1731	1.2991	0.5490	-0.2041	0.3784	-5.1070	-8.5545	-13.8251
-13.0288	-12.3796	-5.4869	1.3018	0.5738	-0.2471	0.6565	-6.4493	-13.0803	-12.4306
-12.2290	-11.6116	-6.2426	2.2158	1.1965	1.3349	1.8239	-6.3664	-12.3966	-10.5709
-12.1933	-11.1683	-5.5036	2.2654	0.8859	0.8496	2.1770	-5.1914	-11.1006	-10.0977
-10.4375	-16.3209	-6.0176	1.4802	-0.1068	-0.5569	1.3863	-5.3094	-14.1163	-10.8009
-13.4616	-9.9773	-6.7714	0.9234	0.8981	1.6544	2.4394	-5.7720	-13.9930	-11.6184
-10.5579	-8.7895	-5.4331	1.3036	0.7853	0.8362	1.3389	-6.5164	-13.5358	-11.2024
-9.2288	-12.1455	-6.8128	0.6726	0.4884	0.8960	1.4123	-4.8394	-11.8199	-13.2297
-11.0690	-12.9418	-4.1775	2.0485	0.7592	1.0248	1.1426	-5.8381	-14.9315	-11.5077
-10.8238	-10.8586	-5.8952	1.2759	0.2055	0.7356	2.0873	-4.9704	-13.3889	-14.6638
-10.5961	-16.4685	-7.5018	1.2802	0.0706	-0.1951	1.6445	-5.3428	-15.0423	-13.3712
-11.0158	-12.9160	-6.1969	1.4572	0.3280	0.4584	2.0100	-4.7940	-12.4958	-18.5097
-11.4725	-13.5666	-5.3470	1.0592	0.1493	-0.0242	1.2029	-6.6021	-14.2855	-11.5177
-10.9233	-12.3392	-5.7005	2.0135	0.6942	1.3422	1.8950	-6.5241	-14.6867	-12.6120
-9.7603	-11.0942	-5.2318	0.7742	0.3299	0.8030	0.7196	-5.0273	-11.3076	-10.7824
-8.9718	-8.9937	-4.5684	1.5175	1.0953	0.5636	1.0270	-4.9023	-11.2671	-10.7364
-11.4016	-9.7346	-5.6014	1.4425	0.6748	1.0040	1.9182	-7.4734	-14.9481	-10.6626
-9.6636	-13.3630	-5.3235	1.5703	0.8361	0.6017	0.9585	-4.5316	-11.7111	-10.2655
-14.8323	-13.9098	-5.0121	0.9458	-0.0538	0.4216	0.5698	-5.7066	-17.0325	-14.2752
-12.8621	-11.1919	-5.3225	1.7675	0.3348	-0.1287	0.7688	-8.5876	-19.1283	-12.5843
-12.4892	-13.9011	-4.7937	1.0493	-0.2133	0.3853	1.4529	-5.3450	-12.8305	-9.0996
-13.8616	-15.0453	-6.9303	0.8428	0.1823	-0.2351	0.7433	-5.8172	-11.6890	-9.1938
-13.1690	-12.1392	-5.6238	1.2847	0.1018	0.9334	1.4297	-5.2548	-11.6197	-11.1171
-15.2180	-15.2310	-5.3185	2.0699	0.6888	0.2030	0.9697	-5.4181	-11.4725	-10.1621
-9.7947	-10.7754	-4.6514	1.0752	-0.1144	0.4851	2.1979	-4.5640	-12.1763	-12.0991
-10.8918	-12.4037	-5.9010	1.5487	1.1476	0.6295	1.2254	-4.8962	-11.6919	-12.5494
-14.6390	-14.7946	-4.7402	2.0000	0.1152	0.2200	0.9519	-5.4298	-9.5083	-14.3560
-11.7191	-12.9188	-4.9373	0.9670	0.2548	0.5541	1.4577	-5.4334	-12.2306	-10.7359
-10.0789	-9.7373	-5.0759	1.3784	-0.5867	-0.2403	1.3650	-4.2556	-9.8172	-11.8629
-11.4522	-11.8777	-7.7992	0.5765	0.5656	0.7743	1.2126	-6.2010	-13.2979	-10.8225
-9.5001	-9.8833	-5.9164	1.1331	0.6146	-0.0064	1.1866	-6.7995	-15.8622	-13.0841
-12.5362	-12.0274	-5.2075	2.2199	0.3742	0.3047	0.4771	-6.1867	-12.3322	-10.1939
-12.4750	-10.6199	-5.3192	0.3418	0.3234	0.3142	0.9009	-5.6868	-10.2779	-12.6087
-11.2872	-17.1373	-5.2260	0.8873	-0.2254	0.3306	1.9090	-5.5426	-12.1256	-10.7450
-12.8650	-15.7767	-6.8904	1.2295	-0.2390	0.6606	1.7343	-4.3201	-14.3300	-12.8851
-13.3811	-13.3301	-5.4041	1.3528	0.6571	0.7507	1.8133	-4.2618	-12.3242	-10.0924
-14.7405	-15.2444	-5.7670	1.3496	0.4888	1.0931	1.6980	-6.2266	-14.4386	-12.7209
-14.8317	-11.4441	-4.2091	0.9248	0.3178	0.7740	1.2616	-6.1069	-13.1725	-12.7635
-12.0074	-14.6742	-5.9391	1.9810	0.9525	0.2095	1.5294	-6.3625	-15.7488	-11.8073
-10.7149	-17.8011	-7.3021	1.7536	0.6657	0.6130	1.4141	-6.3249	-11.8133	-8.2266
-10.7244	-11.8259	-5.2194	1.6026	0.0911	0.6448	1.6657	-6.1366	-11.2384	-11.4488
-10.5974	-16.3452	-6.5597	1.4872	0.2529	0.1433	1.6525	-5.6218	-15.2209	-11.9546
-10.1760	-13.4022	-7.6801	0.9645	0.2848	1.1300	2.1850	-5.0369	-12.5983	-10.3623
-9.6106	-10.0548	-5.4943	1.7712	-0.2945	0.0788	2.3071	-3.7585	-9.9070	-9.8640
-10.9700	-19.4486	-6.3806	1.0848	0.0765	0.4065	1.3598	-5.2812	-13.0195	-11.0285
-13.0527	-14.5688	-5.1307	1.5408	0.9352	1.1390	1.4052	-5.7558	-13.1378	-9.3888
-13.2071	-15.0572	-4.1404	1.6735	0.2403	0.9558	1.4669	-4.9441	-15.6606	-11.1983
-12.6975	-15.4534	-7.4199	0.8041	0.1331	0.5844	2.0233	-4.3910	-13.0322	-10.8363
-12.7737	-12.5739	-5.8399	1.8703	0.8741	-0.2839	0.5644	-5.0931	-12.4302	-12.0633
-10.2672	-24.4614	-6.7443	1.4736	0.1462	0.1103	0.8920	-5.1656	-13.3635	-14.4401
-13.4692	-12.5671	-4.8968	1.3144	0.3165	-0.0969	1.2943	-4.4173	-11.9047	-10.2676
-12.9388	-13.3488	-5.9753	1.6506	0.4277	-0.1651	2.0000	-3.9625	-11.3410	-10.6228
-10.5217	-14.1980	-5.9795	0.8160	1.3814	0.8006	1.3300	-5.4858	-12.6249	-10.8626
-12.2190	-12.5582	-7.2474	0.5465	0.8348	0.7251	1.8438	-4.8030	-15.2738	-14.2613
-13.0045	-11.3591	-6.5072	1.1654	0.7580	-0.2175	1.3199	-5.7228	-11.0374	-11.0998
-9.7823	-11.9648	-6.5121	1.1938	0.4767	-0.5757	1.1227	-4.3515	-11.2917	-10.8125
-13.0704	-13.9291	-5.6600	1.5516	0.3727	0.1793	0.6892	-4.2525	-8.9339	-13.0326
-9.5060	-14.3587	-5.7126	1.6421	0.8613	0.5665	1.7273	-4.7469	-14.5099	-10.1679
-16.9346	-15.6733	-6.4330	1.8272	0.9332	-0.1200	1.0752	-5.2307	-12.7224	-10.3591
-12.1083	-10.3151	-5.9527	1.3357	1.2868	0.6386	1.0825	-6.6883	-13.7716	-10.9326
-10.0166	-15.5626	-5.2809	1.1049	0.0976	0.0598	1.3266	-4.8300	-10.3220	-9.3385
-13.1684	-11.3997	-5.9211	1.0290	0.4592	0.1349	1.5087	-4.8511	-12.8842	-7.6905
-13.5237	-14.5445	-5.6311	0.8206	-0.1311	1.2792	1.2692	-5.9940	-12.0040	-12.4816
-9.9472	-12.8645	-6.1480	1.0419	0.7481	1.0108	1.5065	-7.2557	-14.3000	-10.0695
-10.4853	-12.8627	-5.3822	1.3132	-0.6429	0.6096	1.8281	-5.6043	-10.8273	-13.3460
-15.0889	-14.0633	-5.8984	0.7215	0.9643	0.5185	0.9417	-5.9262	-13.3478	-10.8212
-9.3640	-13.1169	-4.7600	0.5271	0.4827	0.9710	1.5357	-4.9019	-11.9257	-9.3811
-14.8696	-13.0854	-6.1000	0.2060	0.3752	0.6520	1.5598	-5.6146	-14.9336	-13.0016
-11.5201	-11.9639	-4.9665	1.1637	0.4552	0.4148	1.1474	-5.1863	-11.7759	-10.3542
-10.9149	-10.7198	-5.7682	1.4888	-0.0461	0.9693	2.1534	-5.0933	-12.6661	-9.4462
-11.9092	-14.6352	-5.3057	1.6936	0.2018	0.4630	1.4070	-5.8472	-11.3516	-12.4617
-16.4333	-15.0303	-4.9560	1.4380	-0.2250	0.3083	0.7272	-5.9928	-10.7727	-9.4633
-11.6845	-16.6956	-5.1475	2.0622	0.7493	0.2125	1.1825	-4.9370	-10.3436	-11.7026
-12.1100	-12.6025	-5.6087	0.9742	0.2176	0.5660	1.1341	-6.7167	-13.4533	-10.7498
-12.2382	-12.2686	-5.3754	1.3011	0.5349	0.6372	1.0909	-4.3160	-11.9738	-12.3960
-10.5756	-12.7361	-5.1993	1.4577	0.4282	-0.3543	1.1155	-6.5491	-11.1817	-10.3816
-13.2129	-15.7585	-5.6772	1.4622	0.6449	0.1091	1.4948	-4.7089	-11.0289	-10.1752
-12.7337	-11.4751	-6.6848	1.3087	0.7266	0.1808	0.8584	-6.0442	-17.6120	-12.1233
-9.0347	-12.5904	-4.2900	2.3655	0.6898	0.0127	1.3375	-5.2071	-11.1692	-12.2424
-10.6251	-11.4648	-6.2947	1.5466	0.2937	-0.0040	0.9422	-5.7701	-13.3562	-14.1686
-10.3418	-14.9389	-7.4410	1.3623	0.4580	0.5034	1.3749	-4.9049	-13.6413	-13.9782
-10.5247	-15.4871	-5.9911	2.0150	1.0986	0.7293	1.1760	-4.3545	-11.7687	-12.3083
-14.5467	-14.8091	-6.8801	2.2600	1.1627	-0.5938	0.8714	-5.6495	-18.4816	-14.2029
-10.2150	-14.3641	-5.5425	2.1365	0.9123	1.3526	1.8211	-5.8350	-13.9097	-12.6702
-11.5046	-11.8429	-4.6067	1.6585	-0.3479	0.4877	0.7854	-5.7026	-10.1015	-12.4025
-12.8107	-11.6695	-4.4054	2.3279	0.8650	-0.5151	1.0415	-5.6540	-15.2526	-8.8869
-10.6027	-15.0732	-7.9774	1.7152	0.3436	0.1982	1.5156	-6.4430	-11.5970	-11.4680
-11.6244	-12.0467	-6.1280	1.1995	-0.0483	0.7207	1.9177	-5.3416	-15.7585	-13.8196
-12.6154	-13.1215	-5.0227	1.2565	0.3490	-0.1507	0.6169	-6.9207	-11.3969	-9.8867
-11.5422	-15.4516	-5.8843	0.7282	0.4588	0.4875	0.9192	-4.7214	-13.8154	-11.0539
-12.1587	-11.2391	-5.7326	1.3452	0.6532	0.5519	1.0939	-5.5065	-12.6189	-18.0949
-11.3454	-13.8186	-6.3349	1.6408	0.2463	0.6371	1.6427	-5.9035	-14.5989	-15.2532
-11.6839	-14.6865	-6.0784	1.3788	1.0959	1.2518	1.9376	-4.2077	-9.5852	-11.0556
-13.1906	-13.0985	-5.8075	1.0306	-0.6394	-0.1430	1.7810	-5.5042	-11.4059	-11.5009
-11.9121	-13.4939	-5.3194	1.3903	0.4730	0.5403	1.7951	-5.0412	-13.2564	-11.8422
-12.2804	-10.7451	-4.3497	1.4200	0.7968	0.9089	1.3534	-7.6131	-14.8034	-13.6999
-10.9598	-14.0368	-5.2080	2.1421	0.6763	0.3902	1.7999	-7.1883	-14.9154	-9.3949
-10.3990	-11.3421	-5.0322	0.9053	-0.0600	0.2348	1.3295	-4.9173	-12.9233	-12.2738
-13.9596	-14.8668	-5.0090	1.4920	0.8139	-0.1310	1.3064	-6.5614	-13.4991	-13.1772
-10.4903	-16.9210	-5.9421	1.5246	1.0166	1.0721	1.2677	-4.8467	-6.3805	-9.3982
-10.0497	-9.8056	-4.8895	0.9653	0.9792	0.2248	1.8794	-5.9069	-17.3061	-13.6676
-11.2714	-12.2897	-6.3657	0.9187	-0.3151	0.2495	1.6079	-5.7003	-12.1639	-12.4904
-9.2204	-14.0245	-5.9883	1.6534	1.2227	0.8549	1.9933	-4.9552	-16.1485	-14.0380
-13.1046	-10.0456	-4.6758	1.6192	-0.0031	-0.0355	1.7151	-4.9914	-15.9548	-12.9226
-10.4952	-19.5612	-7.1871	1.6098	-0.1804	0.3241	1.8436	-5.0270	-9.2686	-12.1287
-9.4910	-9.7286	-5.7157	0.9778	1.1836	0.2458	1.9719	-5.7376	-12.8367	-12.5909
-14.9545	-12.4373	-6.0956	1.2400	0.8553	0.8417	1.2938	-4.5665	-10.8987	-11.8367
-8.5189	-11.4472	-5.6255	1.2283	0.0819	-0.0691	1.0219	-6.1348	-13.7360	-15.4269
-13.6131	-13.4324	-5.9669	1.4684	0.8060	0.3591	2.0162	-3.9178	-15.2004	-12.4180
-10.7230	-11.6217	-5.6511	1.0589	0.3076	0.3106	1.2070	-5.7465	-13.5484	-13.2121
-17.6797	-10.4694	-4.7940	2.1781	0.9422	0.3248	2.2268	-4.3972	-17.5701	-14.5713
-11.1228	-11.2087	-5.1922	1.2593	0.2143	-0.2343	1.5098	-4.1578	-12.3916	-13.3091
-11.4082	-12.5797	-5.9639	1.4466	0.6197	-0.2656	0.9756	-6.8779	-17.3922	-13.2211
-13.0800	-9.4465	-4.3984	1.4828	0.0699	-0.7027	0.7335	-5.2702	-18.3635	-12.1350
-15.8234	-17.2745	-5.2938	1.6028	0.0088	-0.2757	1.1371	-6.0184	-12.8539	-11.2139
-12.2086	-14.4880	-5.1343	1.1738	0.3648	0.4343	1.0325	-5.4506	-12.0659	-12.8339
-12.7718	-11.2484	-5.0664	1.4212	0.0483	-0.1288	0.7020	-5.4205	-13.3464	-9.7074
-13.6001	-12.0202	-6.4257	1.3020	0.1220	-0.1716	0.3882	-6.0789	-9.9750	-12.6906
-11.1394	-14.1503	-5.5186	1.3235	-0.2838	0.8421	1.9288	-4.3728	-13.3069	-9.6211
-14.5193	-12.1274	-4.3938	1.9109	0.3847	0.6909	1.7930	-5.6608	-13.3556	-14.1232
-8.0954	-11.0280	-4.7871	1.0523	0.1910	0.8182	1.7614	-4.6658	-14.9032	-12.2667
-10.8177	-12.2553	-4.8439	1.2564	-0.0232	0.8518	1.9547	-4.7304	-13.1620	-12.1426
-10.9820	-18.4437	-5.5206	1.4959	0.7388	0.3476	2.1994	-5.2497	-12.9678	-8.3795
-15.0384	-14.3677	-5.6584	2.4138	1.4254	0.7840	1.5717	-5.9282	-15.6746	-13.0319
-12.4606	-11.8182	-4.9786	1.2496	0.5487	0.4245	0.7581	-6.7741	-13.8285	-14.4017
-14.2033	-13.0041	-5.9321	1.5431	0.2533	-0.0935	1.8994	-5.6140	-13.3395	-13.7571
-14.2223	-8.7204	-4.4922	1.8097	0.6917	0.5243	1.2037	-5.8857	-12.6966	-10.9568
-11.8344	-15.8994	-6.3601	1.7622	1.5113	0.8325	0.7170	-5.8637	-12.4300	-14.1787
-10.6831	-11.6704	-4.8210	1.9418	0.3459	0.7545	2.0318	-7.0755	-13.2356	-13.4071
-11.5648	-11.4225	-5.2775	1.3553	1.0387	0.8169	1.4159	-4.9782	-16.7523	-16.3099
-12.0875	-17.4561	-5.2663	1.5746	-0.2215	0.6809	1.5216	-4.3711	-12.7893	-13.5147
-11.0145	-14.0402	-5.8195	0.9623	0.3481	0.4136	1.6364	-6.0694	-14.0373	-10.7034
-13.1406	-14.3786	-6.0108	1.6190	1.0579	0.2593	0.9460	-6.0079	-10.8486	-11.5381
-9.1682	-13.0433	-6.3810	1.5003	0.3892	0.5792	1.6258	-6.1159	-12.9015	-12.0715
-12.5856	-15.4010	-6.4170	1.1098	0.1774	0.2744	0.7325	-6.0396	-12.2816	-12.5326
-9.0756	-12.3727	-6.5986	0.7460	0.1622	0.3657	1.1011	-5.8558	-15.0901	-14.0983
-11.4330	-16.5858	-6.5735	1.1575	0.3850	0.2756	1.3207	-5.4401	-16.2580	-9.6049
-12.7099	-9.8339	-5.1015	0.6422	-0.0934	0.6078	1.2837	-7.0464	-15.0102	-11.3243
-13.7800	-14.2292	-7.6779	0.3432	-0.1617	0.4799	1.4482	-6.5164	-12.7341	-12.9710
-9.1685	-14.4378	-5.8313	1.6515	0.7271	-0.0133	1.4486	-5.0140	-14.5088	-12.0362
-11.0199	-10.8057	-4.3475	2.2607	0.7696	0.4837	1.8027	-7.2402	-14.3183	-10.0253
-12.3553	-13.2408	-6.9848	1.5632	0.3088	0.4726	1.0657	-6.0899	-13.1194	-11.3771
-14.7760	-17.0487	-6.5197	1.4926	0.3089	-0.4841	0.7941	-5.4029	-12.3764	-12.4541
-9.8787	-12.3342	-7.6611	0.8141	0.3790	0.5001	1.2863	-4.9044	-10.8281	-10.9061
-12.7154	-15.1712	-5.8461	1.0067	0.4347	0.2632	1.2711	-6.2997	-13.3578	-11.1353
-13.5491	-15.7037	-5.7748	1.3475	0.0635	0.8115	1.7149	-5.9226	-14.4562	-9.6398
-14.1881	-15.9962	-6.6585	1.0809	1.1905	0.6693	1.6421	-4.3331	-12.0223	-14.7731
-9.5133	-13.4085	-6.0223	1.3483	0.7903	0.1985	1.5537	-4.8076	-15.1679	-12.1122
-15.8155	-13.3584	-6.5508	0.6370	0.2698	-0.3104	0.7928	-5.2353	-12.2717	-12.6132
-10.5626	-11.0974	-7.0232	0.2890	0.3502	-0.1018	0.8388	-5.3272	-10.3796	-10.5126
-11.2388	-10.5952	-5.1095	0.8962	0.4115	-0.3141	0.5239	-6.1719	-15.0649	-11.2488
-11.0099	-15.1747	-7.1903	0.8823	0.9431	0.8826	1.1920	-5.2982	-11.5557	-10.5341
-11.6593	-13.8380	-5.7261	0.7280	0.1264	-0.1504	1.0004	-4.8087	-13.7453	-13.3338
-12.5563	-14.4967	-6.5543	2.0162	0.9385	0.0119	0.8253	-6.1159	-12.8992	-11.8495
-9.7545	-12.6428	-4.7860	1.0084	1.2833	1.0431	1.4415	-5.6451	-12.5307	-14.2595
-12.7879	-13.6547	-5.5251	1.1721	0.6367	0.4046	1.0663	-5.8767	-11.3597	-9.9232
-14.1313	-15.1743	-6.6866	1.2579	0.7291	0.4489	1.4999	-5.1120	-15.1437	-11.0276
-9.1433	-16.6651	-5.6736	1.5108	0.2569	0.3812	1.5780	-6.5323	-11.1928	-9.3331
-8.5180	-13.5871	-5.9263	1.0500	0.6099	-0.2125	0.8484	-5.9235	-13.3581	-13.7552
-9.8845	-14.6364	-5.3575	1.2231	-0.0338	0.3557	1.6739	-5.9486	-14.6031	-9.5235
-12.5958	-14.6310	-4.9310	1.3341	0.5601	-0.1414	1.2957	-5.2540	-13.8600	-13.1695
-14.2271	-15.6868	-5.0756	1.5290	0.9668	0.9491	2.2258	-3.9102	-14.2116	-10.4349
-10.1655	-9.6274	-4.5898	1.4165	0.8457	0.7294	1.9935	-4.6848	-15.1198	-13.1678
-16.6207	-12.8216	-5.8498	0.8502	0.1475	0.3551	1.5015	-5.1502	-14.5732	-11.5111
-11.7942	-12.2928	-5.5246	1.2743	0.3187	0.2564	1.4943	-5.2340	-13.8589	-11.9013
-12.7989	-13.0739	-5.1305	1.3996	1.3339	0.6988	1.1402	-4.3305	-12.8870	-12.4229
-10.2302	-16.5945	-6.0399	1.6931	0.5162	0.3858	1.1241	-5.6520	-10.9326	-15.4905
-13.9425	-13.4872	-5.4795	1.6297	0.4615	-0.0403	0.9191	-7.0021	-16.5974	-10.2189
-8.4571	-11.4116	-5.8584	2.1353	0.6972	0.5804	1.5670	-5.6258	-10.1561	-11.7784
-12.3027	-16.2444	-5.6873	1.7101	-0.5661	0.3008	1.0477	-5.8410	-12.4104	-16.9013
-13.0729	-13.3266	-4.7288	2.1379	0.9325	-0.1737	0.4802	-5.7887	-11.3487	-8.5808
-9.9930	-10.8600	-6.5263	1.3407	1.4982	0.9028	1.3139	-5.6679	-15.4564	-12.4048
-12.8040	-12.0243	-4.1665	2.4377	0.7010	0.5478	1.6016	-6.2537	-13.8237	-12.3441
-9.9500	-11.6208	-4.8133	1.4592	0.6000	-0.8059	0.8954	-5.7060	-16.3040	-13.8238
-8.8149	-18.1145	-6.1285	1.2036	-0.2052	0.0212	0.9157	-4.6342	-10.7443	-13.6111
-9.0736	-13.5846	-7.0220	0.9100	1.2110	1.2070	1.5087	-6.0804	-18.2962	-10.5809
-10.8731	-12.9656	-5.9874	0.4343	1.0087	0.9296	1.6638	-6.7024	-12.9507	-10.0637
-14.8856	-12.9924	-5.6832	0.8954	0.2206	0.2457	0.5475	-4.2581	-10.0932	-11.0649
-11.0164	-12.6045	-4.8351	1.7322	0.6332	0.4665	1.3522	-6.0127	-10.2563	-13.4938
-11.8771	-16.4438	-6.3174	1.2376	0.6272	0.8934	1.6538	-5.7504	-13.9252	-11.6391
-15.3387	-13.9289	-5.3324	1.4317	0.6229	0.5487	0.9997	-6.0529	-14.1607	-11.2628
-9.1381	-13.8225	-6.0558	1.7633	0.2362	0.4286	1.5796	-4.4584	-15.0134	-12.2584
-12.0780	-13.1281	-5.9626	1.3339	0.7304	0.1155	0.8429	-6.0237	-14.9458	-10.1485
-11.0924	-13.1056	-5.0439	0.5327	-0.3821	0.2417	1.2155	-4.1966	-11.2140	-11.7903
-11.2844	-15.1075	-6.2830	1.0254	0.3152	1.3971	1.3111	-5.9341	-14.7709	-10.1604
-11.7445	-12.6044	-7.0135	1.4720	1.1760	1.1224	1.7740	-5.4349	-14.2962	-11.4334
-13.0021	-10.8861	-5.5594	1.9917	0.4197	0.4221	1.6931	-5.1546	-12.0800	-15.3541
-10.7838	-13.0073	-5.2945	0.7540	-0.1540	0.5315	1.1471	-5.7450	-14.4828	-17.0714
-9.4178	-14.8085	-7.2300	2.0225	0.8477	-0.1471	1.5669	-4.4954	-16.1895	-8.2240
-15.0605	-13.1021	-5.0071	0.9522	0.3644	0.0626	0.9350	-5.5850	-17.2131	-10.7953
-12.3681	-16.1483	-5.0601	2.0436	1.0882	1.0107	1.6414	-4.5827	-11.0109	-9.3040
-11.9466	-12.2418	-6.6225	0.8073	-0.4358	-0.1832	1.6588	-5.8704	-10.5567	-10.5352
-13.7037	-15.6927	-7.1404	1.1019	0.5237	0.1330	1.4776	-5.2235	-11.3194	-12.1366
-11.6245	-12.0565	-5.4179	1.9827	1.2772	-0.0392	1.0980	-5.8683	-16.7372	-9.5531
-13.1046	-10.8181	-6.5688	1.4076	0.5030	0.7885	1.6087	-6.0500	-13.4800	-12.7923
-12.1769	-12.5249	-5.6881	0.8838	0.2746	-0.0259	0.9024	-5.8490	-13.7746	-9.3923
-14.3937	-11.9705	-5.8632	0.9460	1.2335	0.9917	0.6748	-5.3232	-11.6107	-11.0449
-8.9300	-13.2198	-5.2599	1.6439	0.3991	0.0498	0.8323	-6.2160	-13.8551	-12.0928
-11.3498	-14.9816	-7.3041	2.0406	0.8963	0.5965	1.7014	-5.8840	-14.4285	-11.6553
-15.4014	-10.4591	-4.7030	1.7667	0.3604	0.1814	0.7383	-4.9504	-12.1187	-10.9623
-9.5565	-12.1670	-6.4918	0.7118	-0.1614	0.4433	1.6173	-4.5716	-14.1152	-12.7368
-9.8528	-10.2497	-4.8418	1.4158	0.4086	-0.1952	0.5627	-5.5354	-11.0195	-9.3866
-14.1946	-13.4399	-6.7813	1.6757	1.0336	0.9332	1.7129	-4.9317	-14.9091	-11.3610
-11.4652	-13.8466	-4.9423	1.8156	0.3302	0.5774	1.3746	-5.4313	-11.4117	-9.5383
-10.5307	-14.0892	-5.5727	1.7655	0.3952	0.9313	1.5259	-4.9793	-12.7452	-11.4615
-11.6988	-13.2719	-5.1361	1.8623	0.4127	0.3620	1.1036	-6.6050	-14.4828	-12.4538
-11.2196	-11.2763	-6.0985	0.8319	0.7619	1.0989	1.2676	-6.3047	-10.3530	-9.3271
-12.7907	-14.0666	-5.5717	1.4716	1.0550	0.6901	2.0160	-4.8769	-14.6618	-12.2398
-11.5628	-12.5722	-6.1856	0.9316	0.8570	1.0657	1.3535	-4.8089	-10.5186	-13.2289
-10.9277	-15.0533	-5.2731	1.2279	0.0266	1.3679	1.8719	-6.2860	-12.9294	-11.6012
-11.4068	-14.3996	-5.0277	1.2600	0.4365	0.4231	1.0390	-4.5413	-13.0302	-10.7751
-9.3048	-13.3554	-5.5346	1.4382	0.0480	0.5326	1.4507	-5.8176	-15.3376	-14.3896
-13.0478	-11.3139	-6.5318	1.2706	1.5290	1.0422	1.4922	-6.1536	-13.4615	-10.1899
-12.1515	-12.1235	-6.7876	1.2159	0.2270	0.3267	1.6182	-4.2575	-10.7373	-10.7777
-15.2756	-16.8534	-4.8707	1.3702	0.3180	0.3170	1.5974	-7.0784	-13.3116	-8.7581
-10.0547	-10.0196	-3.7944	1.2392	-0.1841	0.2293	1.5881	-4.5958	-16.3446	-12.8455
-12.7061	-18.5395	-5.6258	1.6806	0.7931	0.5150	0.9786	-5.4644	-14.5701	-10.2869
-11.9872	-11.1209	-4.8202	1.4474	0.9234	0.0084	0.3506	-5.0234	-9.8755	-11.2607
-14.2159	-14.8481	-6.3502	0.9112	0.6321	0.3398	1.6701	-5.0148	-13.8917	-9.2204
-9.0851	-12.3011	-4.5061	2.1979	0.7745	0.3108	1.2121	-7.1198	-19.9476	-10.7091
-11.4578	-14.6773	-6.6582	1.0732	-0.1279	0.0362	1.1820	-5.6813	-13.9102	-12.5097
-9.3635	-10.2355	-4.5357	1.5410	-0.0922	0.4518	1.3829	-5.7199	-13.4860	-11.3044
-13.5222	-10.1041	-5.6806	1.6642	0.4773	0.2409	1.4781	-6.0438	-10.6816	-9.9678
-13.3373	-12.9746	-5.7213	1.1937	0.4262	1.1903	1.8425	-4.9196	-12.2439	-12.6385
-9.9441	-11.7924	-4.6750	1.6814	0.2516	1.0470	1.4887	-6.4396	-11.1884	-13.2056
-13.3216	-13.0004	-6.2857	1.6496	0.4358	0.0141	1.4516	-3.9333	-12.3737	-12.5071
-11.4640	-12.8893	-6.3531	0.9541	0.2985	-0.0554	0.9467	-5.3344	-10.1535	-13.6636
-9.2667	-10.7692	-5.9995	1.3684	-0.0329	0.4561	1.8831	-5.5654	-17.9066	-13.8467
-13.4040	-13.1180	-5.3994	2.1464	1.2911	0.0140	0.7376	-7.3585	-14.5849	-11.6423
-8.7645	-10.6485	-4.3262	1.4482	0.2208	0.1613	1.1038	-6.5591	-16.0285	-9.5933
-11.1153	-13.6146	-5.7444	1.2290	0.7705	0.9209	2.2087	-5.0098	-19.3016	-10.9437
-14.3430	-10.2984	-4.9213	1.3903	0.5948	0.2370	0.9843	-5.3348	-12.7918	-11.2678
-11.9349	-11.6135	-5.1038	1.5069	0.2771	0.0509	0.6833	-7.1114	-14.8318	-10.6272
-14.6226	-13.8794	-3.9202	1.4113	0.1920	-0.1679	1.2921	-4.2065	-12.1532	-12.6655
-12.0112	-13.2014	-6.0167	1.6177	0.4227	1.6930	2.0915	-5.5511	-11.8296	-19.6256
-9.8703	-15.8332	-4.8586	1.4793	0.4164	1.0234	1.6329	-6.0687	-13.2904	-11.0966
-10.4574	-17.9777	-5.6167	1.3257	0.7476	0.5006	1.2859	-3.9792	-11.5119	-10.2210
-15.2905	-11.3888	-4.8353	1.9709	0.4742	0.0227	0.8985	-6.9764	-11.5792	-13.8668
-11.5743	-12.4216	-6.1189	1.3221	0.8241	0.4178	0.9810	-5.7705	-10.5054	-13.4766
-11.0262	-12.2784	-4.6369	1.6839	0.4243	-0.3997	0.5399	-7.1366	-12.1416	-11.0065
-12.5658	-13.1924	-6.9166	1.5375	0.1797	-0.5446	1.1324	-6.8467	-10.9674	-12.3819
-10.9968	-13.7032	-5.5476	1.2907	0.0841	0.2144	1.4012	-5.8523	-13.1100	-15.5782
-11.4741	-11.5875	-4.0340	1.4036	-0.1132	-0.6950	0.5142	-5.8888	-11.0162	-10.1083
-15.7414	-13.1552	-6.1506	1.2551	1.3106	0.7658	1.1753	-7.2058	-14.3029	-14.7879
-10.1427	-11.2390	-4.5679	1.1560	0.1176	0.4805	1.3039	-5.5649	-16.2414	-12.4526
-8.0636	-10.6840	-4.6944	1.1322	0.1869	1.1619	1.6226	-5.1166	-14.2958	-9.3614
-10.9496	-14.8288	-5.0100	1.8897	1.2356	0.5771	0.9078	-5.9606	-13.8773	-10.2430
-9.9397	-15.3442	-5.8161	0.9289	-0.0130	-0.3875	0.9203	-5.2530	-11.1024	-12.5378
-8.3291	-14.2758	-4.9973	1.0453	0.3806	0.0576	1.0556	-4.7472	-17.2960	-10.7886
-13.5852	-11.4354	-5.4417	1.4004	0.6674	-0.1704	1.2078	-5.0535	-13.5984	-10.9475
-15.3357	-8.6212	-4.6368	1.2108	0.8451	0.8300	1.6059	-5.9477	-14.7288	-12.1991
-8.2744	-16.6141	-6.3637	0.8880	0.3574	0.5384	0.6640	-5.2999	-12.1055	-10.9473
-10.6769	-16.0025	-6.5598	1.4715	0.3068	-0.1593	1.4374	-4.6621	-13.6736	-12.0228
-9.9051	-12.7578	-5.3164	1.4243	0.2264	0.1282	0.7253	-6.4816	-11.9470	-12.5428
-13.9655	-13.1938	-5.8105	1.3435	0.3697	0.2297	1.0391	-5.3789	-12.9187	-10.3362
-13.7047	-17.0187	-7.3667	0.7908	0.2038	0.7582	1.1267	-6.5806	-16.6728	-9.9077
-11.0245	-11.4246	-5.0552	1.2527	-0.3410	-0.0287	1.4621	-6.8530	-16.3225	-15.2767
-10.9340	-12.3322	-6.0931	1.4809	0.1332	-0.1773	1.1753	-5.9016	-11.1563	-10.1561
-20.1898	-11.2348	-5.7724	2.0495	0.5800	0.1562	1.4497	-5.3840	-12.8639	-12.7572
-11.6810	-15.3562	-5.1839	1.4624	-0.0039	0.0124	1.3394	-6.0265	-12.7337	-11.6348
-11.9883	-18.1432	-6.0934	1.4193	0.6183	0.1805	0.9147	-5.1789	-14.5258	-12.7967
-10.7863	-12.3907	-5.4967	0.9998	0.0405	0.2708	1.9278	-5.6277	-17.2911	-11.6965
-8.8089	-9.0397	-4.9202	1.2288	1.2053	0.2018	1.3144	-4.3800	-12.2843	-10.9902
-12.9605	-12.5361	-4.4633	2.4567	0.4819	-0.0117	1.9050	-5.4188	-10.1192	-13.5441
-11.2825	-11.7418	-5.0775	1.7654	-0.0656	0.6523	2.0984	-7.1268	-15.2572	-17.3021
-11.1444	-9.9413	-5.6535	1.3232	0.1790	0.4062	1.8022	-4.3099	-11.5760	-8.6957
-9.0139	-17.3760	-5.8775	1.4013	1.7185	1.2534	1.1849	-6.3190	-10.6831	-9.9455
-8.6793	-9.8377	-5.1855	1.8167	1.0423	1.0183	1.6931	-5.9838	-11.6625	-11.7336
-11.6799	-16.1344	-4.8921	1.0083	0.1263	0.8107	1.3415	-4.5183	-9.6399	-13.7813
-10.7220	-18.3054	-4.8879	1.8464	0.4753	0.8034	1.5855	-5.9165	-14.7930	-11.5840
-9.7386	-11.0143	-6.0787	1.3005	0.6852	0.7578	1.1563	-7.3645	-12.0617	-8.9437
-10.4354	-11.2606	-5.1448	1.9187	0.7595	0.8772	1.9469	-4.5746	-12.0685	-10.6832
-8.6181	-9.4703	-3.9799	1.4994	0.0562	1.1631	1.5938	-4.9327	-14.3049	-12.0135
-11.0047	-17.2395	-7.2653	1.4104	0.6732	0.8936	1.0661	-6.4417	-12.6015	-11.3815
-14.9532	-13.9843	-5.5034	1.2161	0.0162	-0.2727	1.1874	-3.7666	-13.8485	-12.7780
-11.2767	-14.8194	-5.7649	1.3180	0.8170	-0.5287	0.6851	-5.1001	-11.2849	-11.2889
-11.4469	-14.1055	-5.4455	1.5145	0.8569	0.5091	0.9229	-4.9613	-11.9113	-10.2372
-8.4449	-14.0658	-4.1717	1.2729	0.0872	0.2970	1.0895	-5.8191	-16.7761	-15.7319
-10.4004	-13.5693	-7.4266	0.1602	0.8255	0.7792	1.5718	-5.4547	-13.1844	-11.2373
-12.6838	-11.9746	-5.7860	0.9787	0.8356	0.3190	1.8807	-3.8920	-11.5256	-11.4426
-12.2178	-10.5177	-4.3991	1.1695	0.5629	0.1831	1.1674	-5.4897	-14.7007	-12.0848
-12.2546	-16.0888	-5.0352	1.7882	0.8750	0.1887	0.6788	-4.4069	-10.3931	-9.7863
-12.8887	-12.4136	-5.9605	0.9173	0.6269	0.4810	1.1185	-7.2570	-11.6055	-11.3496
-13.1787	-12.7133	-3.9055	1.7847	0.5218	0.7715	0.8682	-6.3507	-10.5585	-13.0532
-13.0083	-16.4997	-6.7284	2.0278	0.7040	0.5149	1.4652	-4.2123	-9.6492	-12.2116
-13.9904	-16.8426	-7.4529	1.0079	0.6702	0.1568	0.5908	-4.5628	-12.9020	-10.9686
-10.3032	-11.8494	-3.9663	2.0838	0.6401	0.5525	1.3461	-5.9887	-13.8135	-10.6548
-10.2990	-13.4472	-5.7306	1.4327	0.3204	0.1729	0.8988	-6.3810	-12.5779	-12.1159
-9.0375	-8.0651	-4.5551	1.5342	0.5056	0.2811	1.4033	-6.2642	-20.6105	-12.7583
-12.5861	-13.6209	-4.5365	1.4921	0.0103	-0.2099	0.8999	-4.7081	-10.1106	-13.8175
-12.1787	-12.7792	-3.5325	1.0663	0.2960	0.6602	1.4201	-4.4672	-15.0514	-12.7706
-9.9621	-12.7070	-5.6498	1.0062	0.1959	0.0488	1.3819	-5.2167	-12.3927	-10.6466
-12.0618	-14.0771	-6.6823	1.2076	0.1761	0.3338	1.7515	-4.5412	-13.7418	-11.8281
-10.6386	-11.5034	-4.7187	1.5503	-0.3494	0.0996	1.6039	-6.2318	-11.1171	-10.1240
-12.4952	-11.0147	-5.4617	0.7173	0.1300	0.4436	1.1715	-4.8962	-15.9910	-10.6673
-10.5585	-15.1509	-6.1049	1.3597	0.9345	0.3119	2.0630	-4.8461	-20.5830	-12.9973
-8.2970	-9.3349	-4.7499	2.4729	0.8763	0.6154	1.3573	-5.6060	-11.7438	-11.4577
-11.4843	-12.4473	-5.0128	1.1767	-0.1152	0.4057	1.7540	-7.4311	-14.0656	-13.7102
-9.3190	-12.7054	-5.3795	2.0546	0.3149	0.2138	2.0909	-4.5459	-12.0260	-12.5684
-11.8598	-16.0977	-5.3307	1.9692	1.2628	0.3457	0.8656	-5.9477	-10.0231	-10.1736
-12.1543	-10.0676	-6.3042	1.1822	0.3740	0.4840	0.8703	-6.6294	-13.2469	-12.5314
-11.5626	-13.2116	-6.5693	1.1333	0.3029	-0.4744	0.6526	-5.8068	-10.7793	-18.1959
-12.3861	-11.2065	-5.4607	1.2855	0.8957	0.6598	1.6931	-5.6194	-15.9852	-12.9021
-12.4235	-11.1680	-5.5391	0.8209	0.7078	0.3371	0.7211	-7.3879	-11.3305	-13.7518
-8.9667	-14.0836	-5.5732	0.6961	0.1063	0.1407	1.6284	-5.3679	-14.0707	-14.7326
-12.0366	-12.7549	-5.5021	0.7266	-0.1497	0.2569	1.5797	-5.4459	-14.8372	-14.1211
-19.9720	-10.6397	-6.2757	0.5371	-0.0538	0.1777	1.1693	-6.4962	-10.3183	-13.1756
-12.4693	-13.0948	-6.6697	1.1937	1.0036	0.5110	1.7470	-5.6389	-15.1357	-10.2554
-9.5066	-14.7706	-3.7473	1.6851	1.0889	0.5632	1.4280	-4.9480	-10.1927	-12.9076
-9.4017	-14.5653	-5.7179	0.8008	-0.0564	0.2348	1.7626	-4.8671	-17.0116	-13.5837
-12.5777	-13.7951	-6.9439	1.1494	-0.0108	0.3763	1.6779	-5.5583	-15.8084	-12.1223
-12.0220	-10.8386	-4.3236	1.1973	0.2934	0.8380	0.9957	-6.5026	-15.1043	-10.4067
-11.1787	-10.5973	-6.1172	0.2914	-0.2486	0.4167	0.9762	-5.0940	-12.4404	-12.6591
-16.7468	-11.7095	-7.8274	1.1736	0.4536	-0.1368	0.8214	-5.5982	-12.3173	-9.6668
-10.0696	-12.2344	-6.3651	1.0136	-0.1135	0.5198	2.0844	-4.2947	-11.4961	-14.4410
-12.4029	-11.1814	-6.0111	1.6793	0.2890	0.1473	0.9450	-6.1297	-15.2026	-10.2738
-13.1153	-10.7109	-6.8244	0.8340	-0.2121	0.3063	1.3711	-6.5980	-10.2919	-13.1784
-9.2124	-14.2182	-6.3860	0.5262	0.3443	0.2370	0.9197	-6.0966	-11.7780	-8.3263
-10.8167	-14.6634	-7.0379	1.5629	0.6399	-0.0959	0.9076	-6.3875	-15.1272	-13.2722
-10.7789	-10.3979	-4.7603	0.7922	0.1093	0.7792	1.3907	-6.5055	-16.6679	-12.7679
-14.0812	-16.3136	-6.3242	2.1362	0.3988	0.1246	1.6767	-5.7249	-14.4159	-14.0585
-13.2464	-13.0179	-5.9103	1.4642	0.0959	0.2953	0.9903	-5.8316	-14.7153	-11.8508
-10.4207	-9.5548	-7.0499	1.0466	0.9360	0.4812	1.4410	-6.0400	-12.1923	-12.2257
-10.7281	-16.5228	-6.3712	1.6885	0.8416	0.5586	1.0644	-5.5689	-16.1450	-12.3821
-9.9023	-14.4291	-6.6851	1.1298	0.7612	0.7423	0.6160	-6.7950	-9.6558	-9.6101
-11.2941	-13.3977	-6.2543	1.1440	0.3212	0.2884	0.7739	-6.8751	-12.0710	-12.3583
-11.9161	-10.6135	-3.8047	1.6988	0.6332	0.4915	0.8026	-5.6633	-12.7268	-13.6721
-13.3662	-11.3509	-4.6733	1.7790	0.6548	0.6160	1.1510	-6.2352	-9.7310	-12.5621
-11.7933	-13.4382	-5.9864	2.3715	0.7668	0.1332	1.2265	-6.2192	-14.7609	-13.2788
-10.6200	-11.4838	-5.1814	1.0869	0.5018	-0.3611	-0.2444	-6.3558	-11.5285	-10.1877
-13.7537	-10.0168	-6.5189	1.6644	0.3861	0.3077	1.1821	-6.9762	-13.6569	-10.7918
-14.5985	-11.8462	-6.9109	0.8896	0.5181	0.1352	1.5800	-4.5816	-16.4164	-11.9904
-10.4573	-13.7907	-4.5922	1.2700	0.1336	0.1709	1.1415	-5.9548	-14.0407	-10.6105
-11.3406	-15.4843	-4.1931	1.6458	-0.2563	-0.0583	1.5260	-5.2909	-11.6039	-14.5203
-14.1766	-11.5377	-5.7495	1.6468	0.3662	-0.3219	1.4398	-5.8321	-13.3431	-11.9211
-10.9121	-14.6331	-6.1228	0.8654	0.1457	0.0726	1.1834	-5.6094	-17.1828	-12.9154
-11.4035	-11.8144	-6.2986	1.4046	0.2677	0.6380	1.8682	-4.7263	-9.1322	-8.8312
-13.8451	-14.6823	-6.1745	1.2886	0.2418	-0.7459	1.3672	-4.8957	-12.5402	-13.7188
-15.3109	-15.4919	-5.4091	1.7595	0.9196	0.9740	1.5972	-5.6079	-15.8828	-10.1809
-15.5399	-11.1363	-5.6784	1.5414	0.5394	-0.2321	1.0712	-5.7157	-12.5191	-12.1662
-10.6329	-17.4032	-6.7708	1.3327	0.4846	-0.4290	1.6033	-4.4253	-10.2907	-11.1596
-14.7686	-13.6492	-6.5821	1.1121	0.0696	0.4087	0.6566	-6.9837	-9.2528	-10.0623
-11.4791	-13.4787	-4.4207	2.1375	0.1975	-0.0237	2.0560	-5.1994	-13.4715	-19.5889
-10.0948	-10.3158	-4.3900	1.0728	0.0977	0.7405	1.5416	-6.3015	-14.7836	-11.7566
-12.5831	-19.8234	-5.8876	1.4109	0.6323	1.2320	2.0544	-3.8381	-13.5060	-10.8433
-10.8474	-12.3143	-6.4059	1.1124	0.5881	0.4438	1.2510	-5.8100	-14.1972	-11.0171
-11.7052	-15.3006	-4.3273	2.2315	0.5234	0.0534	0.6650	-5.1707	-9.2855	-12.6448
-13.8634	-14.0681	-6.7309	1.0404	0.2222	0.4358	0.6622	-5.7669	-11.1245	-10.0161
-13.3759	-15.0150	-4.8271	1.6317	0.2983	0.1744	1.7933	-6.0730	-13.4764	-13.1141
-11.7143	-13.2020	-5.5477	1.1450	0.6487	0.4472	0.3683	-6.1239	-11.4090	-10.8608
-13.1121	-15.8339	-4.6883	2.0283	0.4885	1.0100	0.9739	-5.9127	-7.6344	-11.5362
-10.4066	-12.8448	-5.8253	1.7303	0.8570	0.8926	1.6851	-5.0801	-13.4934	-11.2332
-11.1441	-16.1387	-6.4115	1.2242	-0.2286	0.0757	1.2237	-4.9932	-10.8285	-12.4878
-17.7044	-12.2336	-6.0911	1.3800	1.0016	0.2865	0.9416	-5.0690	-11.3523	-9.5371
-12.1674	-12.1391	-6.1978	0.7396	0.8070	0.2142	0.7663	-4.6992	-11.7479	-11.1959
-9.8629	-13.3521	-5.4326	1.7464	0.6972	0.4501	1.2422	-5.8309	-11.8451	-12.3652
-15.4712	-14.0958	-6.0652	1.3497	0.6351	0.8910	2.5981	-5.3156	-11.9719	-13.6356
-14.2997	-10.6153	-6.0562	0.9242	1.1523	1.1071	1.1869	-5.3375	-12.9799	-10.5660
-12.0961	-11.5665	-6.4315	1.3374	-0.1784	-0.0231	2.0548	-7.2948	-16.7659	-15.1602
-12.4410	-13.6027	-6.2117	1.9864	0.8489	0.1227	1.1589	-6.3065	-11.5444	-12.9931
-9.3510	-14.6831	-5.4885	1.8812	-0.0422	0.0684	1.1090	-6.0939	-12.0032	-10.3309
-13.5816	-13.9134	-7.2951	1.3796	1.4230	0.9517	1.7212	-4.8432	-17.4693	-10.9128
-13.0457	-9.7608	-5.5575	1.1274	0.2569	-0.0119	1.2619	-7.1549	-14.8102	-9.4258
-9.9600	-13.1957	-5.4959	1.7150	0.9033	1.2296	1.5741	-5.6480	-14.5491	-12.6767
-12.7014	-17.2582	-4.9581	0.6457	-0.3017	0.2048	1.3298	-5.3177	-18.6308	-11.6101
-10.3931	-10.1207	-4.6251	0.9890	0.3241	0.6573	0.8843	-6.5050	-11.2268	-10.9008
-11.1868	-14.9143	-6.9770	1.5244	0.1553	0.5681	2.4281	-4.5076	-17.8677	-13.0985
-8.4233	-11.7691	-5.8912	0.3713	0.6071	0.9633	1.4664	-5.6588	-12.8883	-10.5045
-10.1852	-11.5432	-6.9159	1.2531	0.9643	1.1193	1.3397	-6.3680	-15.4852	-12.0763
-9.9232	-12.6139	-7.0763	0.9946	0.1038	0.1316	1.3631	-4.2768	-13.4672	-14.0415
-12.9495	-13.0156	-3.9561	1.5689	0.3048	0.5461	0.8200	-7.0993	-14.3690	-11.9867
-10.7106	-15.3974	-6.9363	1.1373	0.1395	0.3689	1.6289	-7.1028	-13.5459	-10.6453
-9.1204	-10.8690	-6.6893	0.7733	0.8373	0.1612	0.8047	-4.6472	-13.9736	-14.4274
-9.4749	-10.5139	-6.9474	1.4141	0.9343	0.5140	1.1531	-6.8521	-18.8774	-8.8171
-12.2401	-11.3355	-6.0688	1.4729	0.6363	0.6558	1.9315	-5.1645	-15.6602	-12.2071
-13.9453	-10.0090	-3.8112	1.5396	-0.0191	-0.1363	1.1573	-5.5843	-14.8916	-11.0378
-11.6941	-15.6625	-6.9826	0.8265	0.3060	0.2769	0.9314	-5.6718	-12.5358	-12.6608
-10.5925	-13.9275	-6.2144	1.3400	0.1899	-0.0642	1.4876	-8.1234	-17.2831	-12.2448
-16.5459	-14.3117	-7.2583	1.5571	0.2898	0.0764	1.7276	-3.4101	-12.4908	-9.3173
-13.0827	-16.8171	-5.7654	1.2830	0.1347	1.1538	1.3241	-5.1713	-12.1865	-10.6754
-11.7002	-9.5064	-5.6746	1.0699	0.3384	0.0362	1.2170	-4.1097	-10.5559	-13.4932
-12.2361	-13.0272	-5.2550	1.6383	0.6062	0.0352	0.7485	-6.2523	-11.7530	-9.6505
-11.0094	-14.5114	-4.7327	1.3229	0.4332	0.1542	0.8082	-5.9263	-14.0500	-10.2893
-14.2351	-14.2353	-5.7691	1.7192	0.4263	0.8781	1.5961	-5.5871	-11.1884	-10.0397
-11.9683	-13.4735	-6.7029	0.4764	-0.2620	-0.0384	1.4051	-5.6926	-12.7711	-11.1835
-12.4867	-12.4137	-5.8465	1.6810	1.2416	0.2558	1.2404	-5.0469	-13.9615	-13.2411
-12.3860	-22.4148	-7.1709	1.6624	0.4075	0.5823	1.3144	-6.7981	-16.0412	-10.7711
-12.7639	-9.3955	-4.2083	0.8102	0.9457	1.2184	1.3567	-5.2159	-12.0130	-14.2884
-10.5540	-13.7016	-6.0135	1.5823	0.5998	0.8593	1.6641	-5.4406	-10.7794	-13.0396
-10.2829	-14.3243	-5.9481	0.9317	-0.8325	0.4240	1.9461	-5.8202	-19.1093	-13.9334
-14.1108	-17.9455	-6.9547	1.5543	0.7909	0.6255	1.2033	-6.5619	-11.4708	-11.7756
-13.3552	-17.6300	-6.8352	1.8794	0.6931	1.0814	1.4392	-6.6708	-12.2482	-12.7417
-9.7585	-15.8851	-6.3402	0.9322	-0.3484	0.1764	1.2805	-4.9827	-11.4108	-10.1201
-9.3754	-12.8135	-5.6987	1.0430	0.0575	0.7200	1.3376	-5.1175	-14.3397	-8.5684
-8.7039	-17.5937	-6.4107	1.2938	0.5921	1.0197	1.1890	-5.7444	-14.3939	-12.0434
-10.2061	-15.4740	-6.4209	1.5420	0.2627	0.2743	1.2974	-5.4370	-14.9149	-13.2051
-14.9656	-9.8456	-5.4275	1.5602	0.6094	0.5010	2.2185	-5.0976	-14.1031	-12.1615
-10.0629	-15.2876	-5.6174	1.7233	0.8506	0.5570	0.8903	-6.5441	-13.4951	-9.7732
-11.3113	-12.1471	-5.2085	1.1024	0.0152	0.2720	0.7446	-5.8970	-12.4229	-12.3323
-12.3144	-12.6692	-4.9395	1.4178	-0.0851	0.2538	2.1569	-5.8673	-13.4436	-10.0850
-12.1255	-18.9113	-5.5546	2.1302	0.6069	0.0238	1.8766	-3.6969	-8.9112	-11.5038
-12.9892	-13.8814	-6.3941	1.2892	0.1365	0.5869	1.0440	-5.7845	-9.4202	-9.3244
-9.4319	-13.0330	-6.1956	1.2982	0.7879	0.7411	1.8901	-5.9217	-9.8292	-8.4082
-14.1774	-12.0394	-5.8677	2.0615	0.4210	0.1490	1.9924	-4.7777	-12.6137	-9.8513
-11.0396	-10.8822	-5.9624	0.9566	-0.0124	1.0347	1.3742	-5.8320	-12.7252	-11.0746
-11.0955	-13.9926	-4.9519	2.1042	0.4785	0.3505	1.2913	-4.5456	-12.3748	-11.1467
-14.8757	-11.7216	-5.8286	0.6346	0.2707	0.9581	1.7321	-6.5476	-14.7560	-14.4426
-11.2851	-11.0445	-4.5986	1.2033	-0.8447	1.1129	2.1213	-6.6205	-14.4793	-20.2636
-14.7498	-13.6935	-6.3664	1.6466	0.5238	0.4781	1.4481	-5.4994	-15.8517	-9.0985
-12.0318	-10.1555	-6.0838	1.5169	0.4111	0.5621	1.7183	-6.9910	-12.3824	-11.4399
-10.7760	-11.6228	-5.0702	1.0198	0.1548	0.3622	1.1309	-6.0560	-16.1743	-12.4817
-11.4518	-14.2767	-5.7342	0.6351	0.3962	1.1379	1.3982	-7.4066	-12.5058	-8.3749
-13.1455	-13.6900	-5.3250	1.3136	0.2069	0.9147	1.8884	-5.4752	-12.0598	-12.5810
-12.0762	-9.7265	-5.9106	1.4714	1.0536	-0.4933	0.4422	-5.1746	-14.0411	-13.2620
-10.3477	-13.1632	-5.7941	1.5323	0.6377	0.0388	1.3263	-5.3834	-14.0902	-12.1255
-14.0276	-11.7295	-6.1412	0.5626	0.1687	0.4147	1.4002	-6.2355	-12.2382	-9.7091
-15.4421	-12.7578	-6.7297	1.6389	0.4718	0.7631	1.9518	-4.3158	-12.4853	-15.8650
-9.0959	-13.6485	-4.4753	2.0004	-0.1533	0.2140	1.4745	-4.3182	-11.8350	-12.7167
-10.4038	-14.8955	-6.0389	2.0265	0.0706	0.0827	1.0455	-6.2973	-15.0857	-12.9877
-13.4180	-12.0353	-4.3132	1.5722	0.7048	0.5099	0.7692	-4.5095	-10.4956	-10.2977
-12.3171	-12.9980	-5.9412	1.5194	0.3312	-0.3038	0.8192	-5.6691	-15.7940	-12.5911
-11.0278	-14.4520	-5.0573	1.3955	0.7709	0.9741	1.3319	-5.7506	-15.8745	-11.1073
-12.3470	-17.0489	-4.0381	1.5638	0.7560	0.0999	0.6985	-5.9712	-15.8394	-12.3419
-10.1228	-17.5278	-7.2254	1.3884	1.2698	0.1432	0.9479	-4.6342	-12.0217	-11.1592
-7.7995	-9.5454	-5.9072	0.4411	0.3675	-0.1790	1.1584	-5.9938	-13.1090	-7.7594
-10.6927	-21.6379	-4.6603	1.4058	0.5067	1.5170	1.9317	-6.4595	-13.8865	-11.4739
-13.6154	-13.0058	-4.0717	1.1936	0.0012	-0.0004	1.9375	-4.4750	-11.7263	-12.8507
-12.1496	-11.5983	-4.5841	1.7076	0.6140	0.3145	0.9604	-4.6945	-12.0478	-13.7265
-13.5489	-12.2998	-4.2099	1.4874	0.0011	1.2846	2.0932	-7.2522	-10.8746	-11.7437
-10.6116	-9.9291	-5.3753	1.8100	0.7587	0.6065	1.5991	-4.9357	-12.1847	-16.8828
-9.6921	-14.7179	-6.6549	1.1434	0.0333	0.4528	1.6292	-5.4421	-8.9752	-12.7710
-11.5586	-11.8649	-6.2817	1.4141	0.2251	0.2251	1.8920	-5.4677	-17.9663	-10.3164
-11.7684	-13.7932	-5.9683	0.9329	0.8566	1.1271	1.3754	-6.4421	-17.9511	-13.5104
-13.9313	-17.8747	-5.6380	1.3854	0.7616	0.4919	1.6091	-5.6724	-10.1267	-9.9472
-13.6998	-14.0004	-6.0476	1.8742	0.6519	0.6415	1.1654	-5.6997	-12.3438	-11.2079
-11.1979	-15.8953	-5.5388	1.4592	0.3044	0.5613	1.8987	-5.3470	-13.2908	-8.9962
-12.6614	-13.2543	-6.0048	0.7001	-0.3849	0.2146	1.4861	-6.7152	-11.2257	-12.0862
-16.0651	-13.9406	-6.0381	1.4652	0.2869	-0.1533	0.4809	-5.4204	-12.9264	-10.1794
-11.5072	-12.0876	-5.8506	0.4703	-0.2959	0.1712	1.2425	-5.8891	-12.4275	-16.2289
-12.2248	-11.1803	-6.5341	1.8300	1.3218	0.6136	2.0157	-5.2376	-11.3499	-11.2103
-10.2073	-12.5478	-6.3878	1.2756	0.6202	0.0012	1.8444	-6.0144	-19.6998	-12.9630
-11.7931	-11.0782	-4.2539	1.3782	1.0009	0.6768	0.9400	-5.9264	-17.6273	-13.6289
-12.9856	-11.9740	-4.3986	1.3519	-0.1084	0.4983	0.6855	-6.3065	-13.9625	-11.9905
-11.3771	-13.2703	-6.0247	1.3766	-0.2819	0.8573	1.7954	-5.0757	-10.3573	-13.5489
-11.3161	-15.7377	-5.6283	0.7969	0.4247	0.9644	2.0947	-5.5548	-14.1013	-9.3778
-12.5357	-13.2468	-4.0009	0.7762	0.7858	0.6611	0.5534	-4.8103	-15.4447	-12.3723
-11.3634	-9.7333	-3.4689	1.6228	-0.1993	0.8664	1.1013	-5.5048	-16.1101	-11.7271
-12.5644	-15.3140	-6.2914	1.0848	1.4223	0.6368	0.6187	-5.7016	-13.9479	-12.2078
-12.2539	-10.9052	-5.1462	0.9300	0.0662	-0.0160	1.1054	-6.1949	-12.7397	-10.9240
-12.7207	-13.8447	-4.4311	1.3775	-0.4265	0.3370	1.5166	-7.1048	-15.1744	-17.6269
-14.1520	-15.9241	-5.7029	1.5148	1.0448	-0.1867	0.8160	-5.1049	-13.4840	-14.4421
-12.8476	-18.9311	-6.1469	0.9222	0.0863	0.5635	1.1697	-4.5809	-10.5700	-10.7007
-13.3576	-12.4843	-5.2612	0.9826	0.0345	0.3695	1.2709	-7.0264	-12.4721	-16.5090
-12.2447	-11.2227	-3.1857	1.4716	0.3628	0.1094	1.0289	-5.2996	-14.2725	-9.2483
-10.7143	-15.2721	-5.4995	1.7334	0.3519	0.2064	1.7454	-4.4704	-13.8594	-13.8353
-11.5357	-19.8570	-5.3452	2.3853	0.1528	0.2709	1.9991	-5.9113	-11.9732	-13.1208
-16.1153	-13.0583	-4.3809	1.8572	1.0179	-0.0513	1.4749	-4.5328	-10.8187	-10.8368
-12.9328	-13.9877	-7.1200	1.3272	0.2939	0.2750	1.2779	-5.9961	-16.0307	-11.2252
-12.2148	-15.2003	-5.6249	2.1571	0.7914	0.3562	1.7843	-5.5747	-9.4667	-10.0766
-15.6454	-11.2145	-5.4150	1.2478	1.2678	0.8563	1.6584	-7.2361	-14.8734	-10.3159
-12.9023	-13.5447	-6.4388	1.3185	0.0619	0.0761	1.3016	-5.5297	-12.4199	-9.3319
-13.3862	-12.9750	-5.9505	0.8812	0.7927	0.6079	1.6237	-5.5484	-15.0889	-13.2801
-13.6950	-12.2410	-5.7480	1.7656	0.4660	0.1251	1.6212	-6.1120	-20.7109	-12.8698
-13.1500	-16.6630	-4.2938	1.6893	0.2898	0.6865	2.0360	-5.0915	-12.7806	-9.3531
-14.3563	-14.3634	-5.3051	1.2289	0.3298	0.9493	1.5135	-4.7798	-11.6213	-16.3579
-12.4811	-11.3229	-5.1063	1.4193	0.2912	0.4912	1.1392	-6.0458	-10.5480	-11.9196
-8.5789	-13.2628	-6.8284	1.5487	0.8845	1.2532	1.6688	-5.5291	-11.7177	-9.6150
-9.9742	-16.3195	-6.0450	1.8292	0.2895	0.8287	2.8210	-5.4627	-18.9022	-13.1366
-12.4165	-16.7491	-5.5204	1.8808	0.5330	0.1603	1.7140	-5.7802	-16.2132	-15.7171
-12.1928	-13.5306	-3.4720	0.9395	-0.1736	0.7209	1.1676	-6.1536	-12.7040	-12.1917
-9.8133	-8.9340	-6.1124	0.6312	-0.0768	0.2285	1.7471	-5.6112	-10.1561	-11.1241
-21.9561	-14.0792	-6.2293	1.8917	0.9664	0.1219	1.1708	-5.3552	-11.1881	-9.8798
-11.5091	-10.1273	-5.3112	1.2608	0.6970	0.2239	1.3351	-4.9484	-18.2783	-11.5020
-15.7495	-16.8355	-6.6006	1.1419	0.2122	0.0791	1.1131	-4.0839	-11.3304	-13.8075
-11.7718	-9.2254	-6.4832	1.6250	0.6811	0.7460	2.1661	-4.4330	-14.1490	-11.5728
-9.6383	-12.6626	-5.9667	1.3446	0.8400	0.5414	1.2269	-6.9212	-14.5244	-13.9483
-15.7628	-12.4560	-6.0687	0.8675	0.1659	0.4621	1.5961	-5.7263	-13.5730	-13.6489
-12.1905	-14.4207	-3.7084	2.0245	0.8092	0.6709	1.2507	-6.4803	-11.7549	-9.4796
-12.6631	-13.0331	-6.1986	1.0837	0.5952	-0.4487	0.6485	-5.8346	-10.3613	-9.1408
-14.6244	-14.7400	-5.7148	1.1687	0.4590	0.1878	0.7630	-5.8655	-13.9656	-11.8849
-12.0935	-12.4940	-4.4981	1.2380	0.2781	0.1740	0.7003	-4.0105	-11.7663	-14.9680
-9.5126	-11.7384	-5.7694	1.2424	-0.0048	0.5061	1.9597	-5.0922	-12.0380	-12.9659
-9.1655	-12.9593	-5.6725	1.1780	0.3759	0.1834	1.5101	-4.9503	-19.2961	-14.8861
-8.2015	-11.3197	-5.5980	1.0153	0.3404	0.2443	1.8980	-4.8787	-12.9845	-10.4052
-11.9426	-13.2382	-5.8435	1.5303	0.6236	0.3200	1.3211	-4.7699	-10.8835	-10.8777
-11.4005	-14.0870	-4.5148	1.8530	0.4320	-0.2838	1.0640	-4.3584	-11.6881	-7.0312
-12.4465	-12.4044	-6.5216	1.4749	0.4479	1.1259	2.4149	-5.7521	-15.9646	-12.2584
-15.6868	-18.2952	-7.6365	1.1744	0.9169	0.1490	0.9952	-4.9649	-11.6077	-11.0109
-13.1523	-15.5180	-5.0470	1.0254	0.5488	0.5351	0.8731	-4.6176	-12.9583	-9.2776
-13.6618	-16.2636	-5.5175	1.6137	0.5077	0.3102	1.0676	-5.4853	-14.7832	-9.1479
-12.9591	-14.0058	-4.5582	1.1285	0.0846	0.6511	1.6426	-4.8756	-11.7545	-11.0734
-14.9524	-10.5101	-5.1794	1.0124	0.1194	0.4382	1.3361	-5.8730	-12.3037	-8.6434
-11.4253	-11.9455	-5.9609	1.5772	1.3472	0.1971	1.3297	-5.8303	-11.2658	-12.9835
-13.4427	-10.4128	-3.7293	1.7661	-0.2352	0.1707	1.2847	-6.7245	-15.4399	-9.9822
-10.3831	-9.3349	-5.2259	1.5384	0.6640	0.2305	1.5423	-4.4174	-10.1065	-13.4943
-10.1263	-13.7897	-5.8230	0.8217	0.3912	0.6441	1.5131	-4.1275	-11.0557	-13.7771
-10.5491	-11.1082	-6.1972	1.2918	0.5657	0.8746	1.7014	-5.1085	-12.3658	-9.1640
-15.4433	-12.8031	-4.5695	1.3203	-0.2066	-0.2232	1.5357	-6.4534	-14.4405	-12.5297
-10.6663	-14.6418	-5.8043	1.4127	-0.2131	0.0812	1.6440	-6.8505	-13.9453	-10.2811
-13.7947	-14.6173	-4.4601	1.1331	-0.1668	0.4810	0.8399	-6.3009	-12.4673	-12.4072
-12.4713	-12.5048	-5.3493	1.3301	0.0324	0.3254	1.2026	-5.3001	-13.8812	-16.9257
-8.3673	-11.1183	-6.0520	0.8498	0.5211	0.4065	1.9076	-5.6500	-15.8377	-14.6336
-9.9348	-13.6150	-6.2958	1.6420	-0.0111	-0.2044	1.2269	-5.5925	-10.1837	-11.2487
-12.9642	-12.4972	-6.4560	0.9782	0.5588	-0.0301	0.9299	-5.7866	-9.6724	-9.2430
-12.2779	-10.8882	-5.9970	0.9894	-0.1587	0.3127	0.8263	-5.6575	-13.8307	-10.0368
-11.7777	-13.7965	-5.8110	0.9816	0.4895	0.3255	0.8164	-5.7314	-11.2193	-11.2514
-11.8054	-14.0982	-5.6519	1.2540	0.3937	0.9239	1.8260	-4.9022	-15.6661	-9.6361
-11.3175	-14.3654	-5.9126	1.1978	-0.0645	-0.0737	1.4118	-5.1195	-10.9809	-14.6678
-12.9305	-13.6404	-6.8065	1.5057	0.2649	0.3508	1.8517	-4.7316	-11.8413	-9.3581
-12.4663	-14.3686	-4.5865	1.9741	0.5633	0.0063	1.0460	-5.7481	-19.9470	-14.0884
-9.9000	-15.6245	-6.6083	1.0646	0.5190	0.6114	1.3191	-4.2262	-15.2364	-11.3309
-11.0707	-15.6066	-4.0105	2.0670	0.1193	0.7399	1.5467	-5.5205	-10.9396	-11.0592
-12.3808	-14.0442	-5.0917	0.6768	-0.1564	0.7245	1.1755	-4.2298	-11.4920	-11.3916
-11.2875	-10.7328	-6.2583	0.4641	0.1021	0.3315	1.7730	-4.6261	-15.7131	-10.9843
-11.2938	-11.0316	-5.6545	1.0152	0.5436	0.2306	0.9150	-5.5521	-10.8692	-13.4004
-12.4460	-10.3162	-6.1833	0.9838	1.0078	0.9706	1.6193	-4.5805	-14.1008	-12.9651
-11.3095	-13.8442	-6.4574	1.0739	1.1542	0.8743	2.1369	-5.5876	-13.2247	-13.1791
-9.9714	-14.6304	-5.8862	1.6563	1.2381	1.0993	1.3703	-6.0511	-15.6265	-13.5188
-11.7444	-14.9029	-5.7267	1.5711	0.1127	-0.6327	1.8857	-4.5906	-14.4443	-13.3042
-12.0521	-17.0241	-6.0652	1.1246	0.1411	0.0460	1.4854	-3.8727	-11.6270	-13.4782
-11.7789	-14.2639	-5.7089	1.7653	0.6195	0.2936	1.4950	-5.9802	-13.6982	-11.3967
-7.8978	-13.4809	-6.2843	0.8829	0.7257	1.2108	0.9903	-6.0687	-11.9795	-10.6034
-10.5980	-11.4211	-4.8961	1.8820	-0.0166	-0.0035	1.8507	-5.6414	-12.8959	-11.2388
-10.7113	-13.5771	-4.4367	1.5335	-0.2228	0.3604	1.0346	-5.9917	-11.9359	-10.4393
-12.4844	-15.1485	-4.8477	2.1840	0.7908	0.3866	0.6066	-6.5302	-11.5327	-14.9087
-12.6129	-12.2830	-4.2927	1.0256	0.4279	0.4442	0.8482	-5.5898	-14.3173	-10.7120
-10.8108	-13.1232	-4.3302	1.9882	0.6380	1.1988	1.9569	-5.8860	-11.1181	-14.5536
-10.4751	-16.8817	-4.8255	1.6402	0.5719	0.8230	2.1099	-6.0037	-14.9945	-13.0305
-9.3095	-10.5072	-6.9984	1.2782	0.6015	0.7699	1.5494	-4.9173	-11.6684	-16.8780
-8.3399	-14.4833	-6.1216	1.4145	0.3513	-0.1398	1.3362	-5.0317	-12.9372	-11.2550
-14.5889	-17.8844	-4.9165	1.3450	0.0925	0.4459	1.5710	-4.9777	-11.1908	-15.9311
-13.1442	-13.9366	-5.0033	1.4498	0.5758	0.0998	1.0804	-5.7926	-8.4352	-12.6333
-13.7778	-13.8466	-5.6952	1.0597	0.7386	1.3719	1.7263	-4.7203	-11.3528	-11.7288
-10.0841	-11.0126	-5.2339	1.3234	0.5611	-0.5193	1.2885	-5.7921	-16.6367	-10.6026
-9.8668	-15.8695	-5.5287	1.1451	0.5471	0.0411	1.0035	-5.7287	-13.5337	-11.7000
-10.9528	-11.5581	-5.7480	1.1236	0.4944	0.8252	1.9811	-5.1469	-17.9687	-11.0874
-10.7048	-12.5790	-6.5735	0.5485	-0.2769	0.5531	1.3938	-5.4983	-10.4734	-10.9519
-13.0596	-11.7728	-4.7375	1.4192	0.0959	-0.1248	1.7514	-5.3852	-13.8287	-12.7738
-12.5243	-12.4023	-5.8162	1.6046	0.6880	-0.2171	-0.0673	-4.6715	-12.9434	-12.5605
-10.8167	-12.9241	-5.0880	1.1762	0.7860	0.7252	0.9456	-6.1223	-11.0314	-15.8899
-13.5553	-16.5051	-6.7993	1.3141	0.4512	-0.5054	1.6853	-5.5613	-14.3912	-14.5014
-13.9436	-13.2356	-4.0654	2.1770	-0.1311	0.2326	1.1242	-6.5350	-11.4076	-11.7534
-9.5490	-11.4001	-6.4269	1.5580	-0.1137	0.5467	2.2227	-5.5867	-15.6918	-12.7391
-14.2522	-11.9050	-5.3122	1.8045	0.2734	0.1559	1.6971	-4.1690	-16.9387	-11.4553
-13.7483	-12.8759	-5.9219	1.1385	0.8318	1.1984	1.1240	-4.9883	-8.4331	-8.0723
-13.3571	-14.0915	-5.5071	1.5060	0.5471	0.1016	0.6970	-6.7213	-13.1400	-12.2426
-11.5843	-14.7472	-6.0605	1.1834	0.3652	-0.0379	1.0230	-4.2261	-13.8494	-11.1975
-11.8736	-13.1234	-5.1813	1.1560	0.4782	-0.6516	0.9800	-5.4914	-11.6561	-11.6579
-10.8627	-13.1284	-5.2481	1.3790	1.0459	0.8245	1.1587	-7.6628	-16.2087	-12.8431
-11.1281	-13.2798	-4.4952	1.8973	0.5339	-0.5713	0.6300	-6.3368	-21.3679	-13.7981
-10.4693	-11.6161	-5.6913	1.7541	0.5844	0.3433	1.5879	-5.9916	-25.8637	-15.4013
-9.6873	-11.5257	-5.8206	1.1019	-0.0470	-0.1307	1.0038	-5.5338	-13.2978	-16.3818
-13.5946	-14.8433	-5.7632	1.7163	0.0033	0.6700	2.0080	-5.3851	-14.8647	-13.3429
-12.7237	-9.4561	-5.5104	2.0379	0.9894	0.6100	1.7201	-6.4301	-10.3749	-11.0970
-12.7283	-16.5315	-7.8443	0.5635	0.5948	1.2427	1.3350	-6.8318	-12.1241	-8.6140
-9.2209	-11.3979	-8.0121	1.6334	0.3961	-0.0781	2.2202	-5.3942	-12.3268	-9.7884
-12.7937	-10.0879	-5.2397	0.9321	0.8493	0.4259	0.8751	-5.0225	-13.6867	-9.9314
-14.8092	-10.6005	-5.6894	1.4186	0.9874	0.7812	1.5288	-4.0833	-10.2641	-11.0996
-11.2142	-14.6280	-5.2009	1.1930	0.8777	0.4990	0.1267	-5.0587	-14.7152	-12.6870
-10.4823	-14.7035	-5.9304	2.1104	0.6077	0.5086	2.0844	-3.5434	-15.0720	-11.9440
-12.0333	-16.2022	-4.9075	2.0823	0.9369	0.3224	1.8103	-7.2823	-11.7626	-11.3762
-13.6649	-11.3359	-6.2992	1.6322	0.5380	0.5598	1.9123	-3.8984	-15.8440	-13.4000
-13.8565	-12.9709	-6.9861	1.7060	0.8388	0.4018	2.0668	-5.6548	-20.8236	-12.5991
-13.3492	-13.1312	-5.2060	2.5083	0.9235	0.2872	2.0081	-5.1909	-18.9783	-11.5769
-11.8269	-11.5827	-4.4181	1.5299	0.5945	0.7300	1.5958	-5.9287	-13.0091	-13.8093
-10.2635	-14.7223	-5.0548	1.6685	0.4149	0.0344	1.4506	-4.9967	-11.5846	-11.9712
-12.6671	-11.4166	-5.3968	1.4985	0.6943	0.0903	1.2821	-6.5896	-13.9993	-12.1622
-10.8021	-11.3691	-6.3789	1.3760	0.2177	0.1920	1.5683	-5.0547	-13.8999	-12.3674
-11.7708	-15.2958	-5.4326	1.7275	0.2746	0.8227	2.2650	-5.6828	-11.5033	-14.7379
-14.2242	-15.8997	-6.7962	1.5438	0.9969	0.6055	0.8353	-5.7017	-12.6754	-11.3297
-14.3603	-12.7417	-7.7647	1.6238	0.7434	0.9516	2.2999	-5.9831	-14.7146	-11.9428
-9.1304	-14.6384	-5.7155	1.9325	0.9594	0.5103	1.9751	-5.8818	-12.8426	-11.4415
-8.9426	-9.9198	-4.7496	1.3453	-0.1161	0.3975	0.6253	-5.1727	-11.6044	-10.8683
-14.0421	-11.6529	-4.4405	1.7806	0.6736	0.4013	1.5523	-4.9182	-14.6065	-14.4511
-13.0748	-10.1382	-5.8781	1.2463	0.3392	-0.3564	1.0479	-5.9659	-14.5316	-11.9132
-11.2745	-17.6057	-7.4789	0.7638	-0.0399	0.6344	1.5687	-4.5302	-11.2842	-11.6767
-9.9690	-11.9053	-5.3005	1.3865	0.2662	0.4506	1.4917	-6.0166	-12.6645	-10.9270
-10.8126	-13.8722	-6.3113	0.9537	-0.3277	0.6473	1.8092	-4.7548	-13.8969	-15.3648
-12.6795	-11.3004	-5.0624	1.0061	-0.0754	1.0556	1.4673	-5.4400	-12.5123	-12.3609
-10.1205	-12.1219	-6.3672	0.9796	-0.2694	0.3594	1.7519	-5.5144	-16.2678	-11.0002
-9.5486	-10.9524	-5.1042	1.2623	-0.2448	0.0537	0.9649	-5.6238	-10.3983	-9.9461
-11.2743	-16.1935	-5.5563	1.4283	0.1623	-0.1071	0.6638	-6.0635	-15.7258	-11.2698
-12.4238	-16.4102	-6.0127	1.8685	0.8871	0.3264	2.2822	-4.3785	-13.1966	-14.7347
-12.9898	-15.7222	-5.6882	1.3748	0.7416	0.7900	1.8018	-6.2433	-16.8214	-10.8936
-11.1260	-9.5886	-4.7472	1.3560	1.1202	0.6582	1.3434	-3.9095	-14.4188	-13.9765
-13.4889	-13.4256	-5.2697	1.5563	-0.4725	0.1089	2.0366	-4.3224	-11.5393	-10.2317
-9.3806	-12.4931	-6.7502	1.0984	0.7397	0.9855	1.4530	-7.3971	-11.1583	-8.9680
-11.2753	-14.5334	-4.6295	1.3731	-0.1259	-0.3237	0.6965	-6.9361	-12.3752	-12.3263
-14.5137	-14.1055	-5.7755	1.7767	0.4323	0.8853	1.6985	-5.5663	-14.9317	-12.5801
-10.2439	-13.6244	-5.4380	1.4393	0.1570	0.7554	1.1503	-6.0093	-13.4183	-10.4947
-12.9758	-9.7613	-6.8680	1.2609	0.5374	-0.1011	1.3340	-6.7129	-10.7532	-8.9951
-15.7421	-14.2769	-5.3097	1.5132	0.0458	-0.3380	2.0420	-6.6694	-15.5476	-13.7832
-10.9247	-13.5296	-5.8463	0.8744	0.3424	0.3704	1.5386	-4.2433	-11.0515	-14.0920
-11.8836	-11.1034	-6.0342	1.3917	0.1099	0.1162	1.7255	-6.4474	-16.3446	-9.7127
-14.7522	-21.0327	-4.9537	1.5468	0.1348	0.0131	0.9425	-6.7238	-14.0425	-12.1394
-10.1983	-8.3846	-3.9094	1.7379	0.2616	0.8398	1.6000	-5.2294	-12.8079	-10.9105
-11.8000	-11.5360	-6.1193	1.1802	0.1261	-0.0003	1.6230	-5.4564	-12.3120	-12.3012
-10.0736	-13.2669	-6.4923	1.3482	0.4871	0.5137	0.9103	-6.6290	-11.7015	-11.0002
-12.2455	-12.0693	-6.1388	1.9290	0.2689	-0.1085	1.2897	-6.6531	-14.4535	-11.7928
-11.0946	-12.4683	-7.1137	0.8661	-0.3667	0.5855	1.3867	-7.1582	-13.6280	-10.3562
-11.4678	-12.1467	-3.5585	1.4734	0.2744	0.3617	1.8563	-5.4770	-16.5744	-13.2090
-10.3997	-15.0378	-5.4932	1.3203	0.2431	0.4259	1.7458	-5.2462	-16.4098	-11.7263
-15.1708	-19.9470	-6.3432	1.6348	0.7724	0.0004	1.8129	-5.9559	-11.7375	-10.8096
-10.5221	-12.1620	-5.3442	1.9263	0.8568	0.2625	1.7353	-5.4462	-16.3702	-13.5726
-12.5697	-11.3698	-5.6448	1.6924	0.7220	-0.2531	1.3383	-6.0944	-12.1994	-7.7564
-13.7406	-13.3930	-6.1114	1.8483	-0.0064	0.9311	2.6617	-5.7602	-12.2150	-11.9241
-9.7671	-13.0903	-5.1374	1.9446	0.1922	0.5653	1.5648	-6.3569	-14.5319	-11.3664
-13.2190	-15.0202	-5.3867	0.9422	-0.1405	-0.0834	0.7029	-5.3097	-11.3321	-16.4675
-14.4742	-15.0432	-5.9864	1.7322	-0.0404	-0.5621	1.0778	-6.1792	-10.7547	-11.5849
-15.7574	-13.5001	-5.7121	1.2061	0.4754	0.6970	1.6299	-5.3947	-12.1196	-12.9976
-10.0199	-14.2947	-4.3550	1.6018	0.6520	-0.1034	1.4815	-5.3587	-19.0657	-11.6350
-14.0724	-12.7339	-5.9723	1.4118	0.2728	0.9432	1.6141	-6.4597	-11.4573	-13.2490
-10.5137	-11.3588	-4.9228	0.8044	0.0167	0.3458	0.6474	-6.7801	-11.9246	-12.0881
-9.9676	-10.6211	-6.9419	1.3886	0.4859	0.7352	1.5188	-5.0308	-13.5345	-12.4744
-13.2961	-12.3471	-6.9661	1.0659	0.3807	-0.3010	0.9130	-6.5349	-13.2544	-11.0780
-9.4587	-16.6447	-4.9108	1.5755	0.6453	0.0411	0.9908	-6.5209	-18.5458	-11.8345
-10.9254	-12.6216	-4.8126	1.0397	0.2197	0.6466	1.8562	-5.2844	-13.4419	-12.8576
-9.0360	-10.9318	-5.3700	1.5840	0.7632	0.8451	0.8541	-6.4720	-11.7922	-13.9347
-11.6511	-11.5440	-4.9536	0.9447	-0.0130	1.0245	1.2131	-6.7428	-13.4003	-10.7699
-11.2853	-10.1275	-4.0453	1.2476	-0.2478	-0.0775	0.6615	-6.0111	-13.8311	-12.4756
-12.7830	-15.2407	-5.4858	1.1081	0.3366	0.5415	1.2633	-5.5420	-17.8491	-12.8787
-10.4073	-14.0938	-6.6516	0.8155	0.7781	1.3810	1.3472	-7.3226	-12.8250	-10.3603
-16.0776	-14.2402	-5.7001	2.2653	0.6739	0.1629	0.6899	-5.1655	-14.2564	-15.4138
-11.3071	-14.1560	-4.8951	1.7247	0.5146	0.6897	1.5600	-5.9226	-19.7810	-11.0567
-10.5246	-12.3556	-5.9483	2.1365	0.8367	0.8858	0.8207	-5.7837	-12.5650	-13.1596
-14.8914	-12.9707	-7.4406	1.7002	0.4321	0.2290	1.2930	-6.0183	-11.7806	-16.8750
-13.4633	-15.0407	-5.2397	0.8577	-0.4745	0.3333	2.1841	-4.5402	-12.4973	-16.5978
-13.0775	-17.6559	-5.3201	1.2808	0.2343	0.0586	2.1735	-5.0569	-13.6490	-12.0010
-11.0813	-10.8457	-4.3895	0.8843	0.0203	0.3337	1.6100	-5.6174	-11.3837	-11.4225
-10.2075	-13.1914	-5.5930	1.6123	0.5948	0.7680	0.8306	-6.7423	-19.5960	-14.5897
-10.6286	-11.6206	-4.2430	1.3508	0.3336	0.4316	1.5425	-7.1865	-11.2277	-12.8620
-12.1362	-11.3486	-5.4199	1.8411	0.4396	0.2383	1.5890	-6.5760	-12.0687	-11.4791
-16.3407	-11.2236	-5.8635	1.1851	0.2888	0.0849	1.2838	-4.9945	-12.3390	-13.5977
-9.9417	-11.4000	-6.3883	1.9204	0.7005	0.5142	1.2516	-6.2786	-12.0940	-11.9505
-12.6869	-12.1295	-4.8196	2.2072	1.0245	0.3100	1.1170	-6.5213	-14.0202	-9.5720
-11.1526	-17.6516	-6.3922	1.9205	0.8108	0.7250	1.1379	-4.4944	-10.9469	-13.2878
-10.4393	-10.3853	-3.6510	1.5545	0.6085	0.8659	0.4667	-5.7973	-9.9558	-11.0553
-11.7462	-22.1030	-5.0956	1.6710	-0.0414	0.7218	1.9826	-5.3426	-12.3178	-10.1846
-16.6457	-13.0240	-6.7871	0.4466	-0.3214	0.2771	1.3565	-4.2527	-9.3653	-11.1483
-11.2744	-10.9415	-4.2471	2.0135	0.8062	0.5105	1.3437	-4.7889	-10.8276	-10.5645
-15.0704	-15.7567	-6.8971	1.2227	0.8888	0.5197	0.3131	-5.7621	-16.2648	-11.9952
-14.1122	-11.5315	-5.0388	1.2418	0.5629	0.2011	1.2249	-4.7142	-12.9169	-13.2259
-14.2468	-11.7549	-6.3346	0.4882	-0.0913	0.9742	1.6925	-5.1133	-12.1156	-9.6365
-9.8029	-13.0196	-4.6323	1.9866	0.1576	-0.0237	0.7910	-5.4869	-12.2495	-12.2666
-9.6913	-19.2835	-6.0301	2.2205	0.6063	1.2748	1.6799	-4.2831	-13.5900	-12.8305
-10.6170	-11.8523	-6.5395	1.6939	0.1615	-0.4512	1.2482	-6.1062	-11.3744	-12.4084
-10.6903	-11.2146	-5.3550	1.1287	0.0711	-0.0469	1.2334	-5.9888	-17.2795	-14.7709
-12.2229	-12.7645	-4.1053	1.3459	-0.2454	-0.1268	0.9030	-6.7784	-12.7549	-17.0118
-11.4774	-11.0186	-6.9322	1.1679	0.9313	0.7219	2.1947	-4.2919	-14.3898	-15.3533
-10.6746	-13.4172	-5.2389	1.7736	0.6013	0.2770	0.4444	-6.4149	-13.0586	-11.1454
-11.1255	-10.8591	-5.0164	1.7969	1.0900	-0.1299	0.8980	-4.7278	-14.3193	-9.1010
-11.1086	-11.9895	-6.3830	0.8257	0.9062	0.8164	1.2681	-6.9066	-13.1237	-10.7185
-14.1663	-15.2099	-5.1562	1.5261	-0.3378	0.7327	1.5495	-6.7166	-13.1341	-14.1474
-13.9724	-20.7447	-4.8491	1.8124	0.7371	0.5380	1.5001	-5.1495	-14.4615	-13.1653
-12.0258	-11.6652	-3.1478	1.8036	0.0322	0.0951	0.8771	-6.0486	-12.5972	-17.7401
-10.5623	-12.6952	-5.2213	1.6591	1.0801	0.6672	0.6150	-6.6979	-11.3622	-11.6984
-13.0435	-12.7143	-7.5946	1.5685	1.1163	0.7094	1.1086	-6.9713	-15.1672	-13.3224
-8.6093	-15.5152	-5.2924	0.9296	0.3315	0.5073	1.8201	-5.7816	-18.4491	-16.8822
-10.5316	-12.6953	-6.1960	1.3200	0.4817	1.0867	1.6068	-7.6879	-17.9031	-8.9897
-11.3846	-14.5786	-5.7891	0.9908	0.4023	0.7728	1.4623	-7.0398	-11.1716	-14.0815
-11.4187	-18.2174	-6.0353	1.1527	0.2000	-0.2420	1.0927	-5.6583	-15.3334	-14.7044
-11.9375	-13.6440	-5.5388	1.6005	-0.4147	0.0140	1.7725	-5.1571	-17.7471	-8.4662
-10.8025	-19.9545	-5.8219	1.0522	-0.4028	0.3568	1.1874	-6.4431	-12.1931	-12.8444
-12.9655	-14.6482	-5.5679	1.9322	0.4435	0.4538	1.1850	-5.2913	-10.6452	-11.0245
-13.7001	-12.9025	-6.2461	2.2203	0.8197	0.7991	2.4051	-5.8957	-13.2287	-14.6157
-10.7750	-10.2240	-5.1670	1.5022	0.4454	0.7240	0.4901	-6.5492	-13.3289	-10.3045
-12.9244	-10.3188	-4.9253	1.0625	-0.2854	0.1891	1.3235	-7.1147	-13.0248	-15.0470
-13.8328	-15.8985	-6.1000	1.1737	0.2656	1.2134	0.8171	-7.5581	-18.1251	-14.7618
-12.8464	-18.4049	-5.6778	1.6241	0.2230	0.4837	1.4532	-5.6097	-11.0058	-13.4108
-17.5462	-14.5174	-5.3097	1.4539	0.3785	0.2095	1.6908	-5.3801	-13.6360	-17.1568
-12.4146	-10.9899	-5.3132	1.2605	1.0777	0.9034	1.5858	-5.5410	-13.9557	-10.8162
-9.5245	-10.3121	-6.1432	1.4146	0.9372	0.8219	1.8417	-5.6661	-12.4707	-12.0013
-10.9232	-13.6456	-5.5000	1.8789	0.8585	0.3125	0.4244	-6.2934	-11.7229	-15.4825
-11.2773	-15.0357	-5.4269	1.2415	-0.2496	-0.1589	1.2625	-5.3188	-13.0668	-12.6006
-15.8244	-13.2193	-6.0849	1.2101	0.2014	0.7475	1.1375	-6.8212	-18.1884	-15.6160
-12.2131	-15.4806	-4.5654	2.0112	0.1590	0.3709	1.4897	-4.5405	-11.6701	-15.4864
-12.0870	-13.3574	-5.9555	0.7590	0.7675	1.4341	1.8749	-4.8830	-13.6870	-13.1608
-12.2318	-11.6183	-4.6356	0.9931	0.0802	1.0387	1.7103	-7.2716	-18.2363	-11.9420
-10.1958	-15.8463	-6.5545	0.6187	0.7192	0.3477	1.2686	-4.7647	-13.8527	-13.7509
-11.3330	-11.0333	-4.1303	1.3716	1.0464	0.6807	1.1708	-7.1723	-19.0598	-10.6611
-14.3468	-11.4224	-5.1957	1.7822	0.6728	0.9547	1.0458	-6.2828	-13.9408	-11.3307
-10.2292	-10.0415	-4.7797	1.6533	1.0276	1.0127	1.7337	-4.9543	-12.0702	-10.7235
-11.1324	-11.9910	-4.9963	1.7126	0.6016	1.1425	1.3138	-7.7307	-16.1479	-8.4082
-10.5286	-11.8418	-5.9593	0.9108	0.3941	0.2587	1.0980	-6.8359	-11.3407	-9.6328
-10.3601	-13.1641	-4.3565	1.2804	0.5431	0.5612	1.3748	-5.4680	-11.4159	-12.9333
-16.3334	-11.4268	-4.9498	1.5632	0.2118	0.3909	2.2768	-5.5863	-12.6273	-8.9038
-12.8274	-12.8107	-4.7736	1.3532	0.6357	0.5511	1.6814	-5.9356	-15.8163	-9.2351
-12.4823	-13.2379	-5.4292	1.4565	0.6948	0.2816	1.1076	-5.9329	-13.2207	-12.2581
-13.3196	-12.1851	-5.8228	0.6898	-0.2783	0.1046	1.5304	-7.4349	-15.3284	-10.4406
-11.2753	-10.8269	-6.3332	1.0826	1.0609	0.3309	0.9178	-4.3875	-9.8095	-12.7261
-9.2825	-12.1253	-6.6257	2.0653	0.7419	0.1572	1.3508	-5.5799	-12.9853	-15.6691
-13.2753	-12.7224	-5.5449	1.8579	1.1226	0.3335	2.1665	-5.1268	-11.2450	-10.8909
-12.6591	-10.6405	-6.3678	0.6633	0.1967	0.6328	1.0839	-4.9712	-11.6166	-12.7650
-8.2135	-10.7252	-4.9238	1.3787	0.5918	0.9412	1.4463	-6.7522	-16.0368	-10.2283
-10.0105	-12.7272	-7.3698	1.1987	0.1830	0.2963	1.7067	-5.5316	-10.6456	-10.5907
-10.7286	-10.2244	-5.5621	0.7635	0.5366	0.4622	1.2270	-5.0946	-13.8398	-16.0386
-14.3216	-15.0057	-5.1252	1.6863	0.9472	0.4329	1.3434	-5.0052	-16.4465	-12.5099
-12.0720	-13.0985	-4.7716	1.1560	0.3162	0.9650	1.9528	-5.1185	-12.2663	-10.0265
-10.3030	-12.1738	-6.8052	1.1004	0.0936	-0.0544	0.8103	-4.4484	-10.2852	-11.2723
-11.1719	-12.9689	-4.7037	1.8243	0.5232	1.0826	1.3852	-6.2358	-12.2576	-9.2090
-10.7507	-10.9100	-4.2400	1.1604	0.4197	0.5972	1.6308	-5.3503	-13.4002	-14.5846
-12.7022	-10.9283	-7.1414	1.6012	1.0452	0.2780	1.4559	-5.0784	-15.9928	-11.0048
-10.7688	-13.1738	-5.6546	1.3583	0.5645	0.2459	1.4680	-4.7946	-13.3591	-9.5288
-10.9337	-16.1629	-5.9007	1.4129	0.0577	0.3593	0.8840	-6.0869	-11.8361	-11.8192
-18.1594	-11.1432	-5.2095	1.2405	0.1361	-0.3953	1.3147	-5.1399	-15.2177	-15.4558
-9.7984	-9.9011	-5.6342	1.5392	0.4037	0.3330	1.4908	-5.2454	-15.4849	-10.7222
-15.2035	-11.9380	-5.4363	1.3516	0.4524	0.5636	1.0724	-5.8318	-11.5701	-18.7555
-12.3532	-21.9377	-8.1842	0.7832	0.8103	0.7289	1.3615	-4.2802	-8.8757	-13.9191
-11.9514	-15.3582	-7.0989	1.0608	1.0531	0.4749	1.1403	-6.4297	-13.2488	-16.1296
-11.3423	-10.6048	-6.6943	1.4416	0.4614	-0.6286	1.3655	-6.2627	-15.8208	-17.2858
-12.7337	-20.1727	-6.1919	1.0733	0.0192	0.2328	1.6486	-5.6002	-11.8723	-14.1321
-17.2576	-12.1478	-5.1119	1.8167	0.5438	0.1104	1.0737	-5.1539	-13.6704	-11.2348
-12.1053	-13.8790	-5.1451	0.9385	1.1111	0.6759	1.0014	-5.0774	-12.8391	-14.1439
-8.2504	-16.0851	-6.6028	1.1354	0.0948	0.4830	1.4237	-5.8610	-13.3421	-10.5955
-11.3103	-16.3345	-4.9514	2.0572	0.5305	0.1429	1.0454	-6.4564	-11.9658	-10.5168
-9.0576	-14.4353	-5.8627	1.6483	1.2081	0.5102	1.1674	-5.6993	-13.2901	-15.1689
-10.8238	-12.8648	-6.6056	1.4330	0.3552	0.3417	1.8034	-4.3683	-14.1744	-10.2043
-12.9285	-12.8408	-6.6330	0.7240	0.3836	0.1760	0.7153	-4.9804	-11.0329	-11.5837
-14.7850	-11.6896	-5.0750	1.1707	1.0113	0.0469	0.7841	-5.2232	-11.1294	-10.0000
-18.4178	-14.1989	-5.0607	1.8585	0.8530	0.4539	0.6711	-5.8333	-10.3530	-10.6296
-10.6787	-13.1566	-6.5694	0.8955	0.6294	-0.1424	0.9343	-5.3525	-13.8704	-12.2929
-9.9676	-11.9789	-7.4200	1.8635	1.2225	0.8387	1.3557	-6.2367	-12.5582	-14.5746
-10.4248	-16.0517	-5.4056	1.6144	0.5119	0.4587	2.0068	-4.6935	-9.8553	-13.9578
-10.5730	-14.1570	-4.8464	1.2260	0.0867	0.1686	1.5310	-5.6078	-11.3841	-10.7788
-13.6562	-15.7494	-5.5330	2.1092	1.1766	-0.0244	0.8304	-7.2273	-15.5920	-7.5958
-13.9905	-15.8432	-6.3539	1.6165	0.6226	0.0949	1.8154	-6.2157	-12.8077	-17.9052
-11.5267	-13.6226	-5.3782	1.1936	0.3032	0.4144	1.2039	-5.3658	-12.5341	-13.1896
-10.6055	-19.6385	-5.5843	2.1427	0.0986	0.0611	1.6666	-5.0830	-12.8456	-10.9438
-13.1193	-11.9400	-5.7491	1.0062	0.7664	0.5976	1.6479	-4.9143	-11.1250	-10.1716
-9.5664	-12.3483	-3.9112	1.3284	0.8007	0.5882	1.1762	-4.7312	-10.2685	-9.2941
-9.0727	-11.5918	-5.1154	1.5380	-0.0502	-0.1331	0.5055	-6.7945	-14.4703	-13.3973
-11.2362	-15.5328	-6.5077	1.1795	0.3259	0.8965	2.0997	-5.4859	-13.6583	-8.7462
-11.7172	-11.2465	-4.4313	0.8144	0.4341	0.3433	1.1536	-6.1718	-15.3312	-11.9208
-11.4833	-13.7133	-5.9765	0.9053	0.3197	0.2977	1.4030	-5.5578	-13.4921	-13.7170
-11.4336	-9.1665	-5.0274	1.1287	1.0477	1.2444	0.9547	-6.4075	-11.7194	-11.0321
-11.0964	-12.3169	-5.0322	0.7531	0.4345	0.1742	1.9460	-4.2893	-13.7039	-16.4652
-9.0627	-12.5092	-4.7527	1.6456	0.6874	0.9208	1.2009	-5.6229	-14.4484	-9.3299
-14.7182	-14.4817	-5.2208	1.7023	0.2588	0.3558	1.1115	-4.4680	-11.0082	-12.5292
-15.8522	-19.7065	-6.3969	1.3723	0.6512	-0.0058	1.6123	-4.1452	-10.0442	-11.6933
-11.5858	-13.0585	-4.3178	0.9750	-0.1778	-0.1055	0.8587	-5.7236	-15.9241	-13.0779
-13.8745	-18.4024	-6.7082	1.1791	-0.1833	0.7969	1.8280	-4.9431	-11.3540	-12.3834
-13.4440	-13.1920	-6.4497	1.4166	1.4204	0.8235	1.6358	-6.6842	-24.0258	-11.2946
-8.6339	-18.0535	-6.7662	1.0136	1.0290	0.8013	1.0796	-5.9007	-11.8723	-11.8030
-15.9645	-10.7431	-5.9376	1.6245	0.6522	0.3777	1.6856	-5.6511	-11.7079	-10.0395
-13.6829	-9.2172	-6.3101	1.1952	0.5666	-0.2307	0.8315	-6.6228	-15.7411	-13.6122
-12.7542	-11.3378	-4.7177	1.3485	0.4142	0.3366	1.6338	-6.8256	-18.5954	-11.9150
-13.2567	-12.5885	-6.7711	1.3244	0.7313	0.1923	1.3358	-5.5405	-19.1483	-15.0244
-11.0705	-16.7536	-6.8166	1.4598	1.2095	0.6618	1.1371	-6.4931	-17.8828	-10.9288
-8.5509	-13.0111	-6.0937	1.5763	1.0148	0.6862	1.3854	-5.0461	-17.2331	-13.1465
-10.3058	-12.3654	-5.6514	1.6244	0.1957	-0.0726	2.1232	-4.9269	-13.3931	-10.1270
-9.1828	-12.1123	-5.8051	1.2331	0.3078	0.7568	1.6933	-5.2304	-15.0580	-10.1741
-11.3360	-13.3133	-4.8950	0.9549	0.5185	0.7516	1.1670	-5.6084	-12.9506	-10.2963
-10.5246	-15.1289	-6.6190	1.5738	0.2854	0.5901	1.2203	-5.1251	-9.8405	-10.1722
-10.4380	-18.6069	-6.6799	1.7418	0.9032	0.4861	1.7029	-4.6666	-14.9489	-14.0064
-13.7227	-12.0194	-5.9974	0.7872	0.4712	0.3485	1.4004	-5.0550	-14.4303	-10.7302
-9.9153	-12.9815	-6.8376	1.2771	0.3429	1.0601	1.7941	-5.4124	-13.5297	-14.6225
-11.1178	-15.1140	-4.6504	1.7401	0.5975	0.2938	1.3875	-5.4441	-11.2663	-11.1429
-11.4894	-13.4573	-6.8263	0.9797	0.7043	0.2032	1.1572	-5.5521	-13.8608	-11.5944
-10.0901	-18.8045	-6.5001	1.5208	0.6522	0.5747	0.9740	-5.7332	-11.9238	-13.4212
-11.4772	-12.1822	-4.7141	1.4718	-0.3036	0.2905	1.1102	-4.6663	-14.5268	-12.1207
-10.3734	-10.7459	-7.0789	1.5965	1.0119	0.6285	1.6937	-4.6655	-16.4101	-11.7255
-11.8476	-11.5364	-5.9701	1.5262	0.4827	0.9071	2.3094	-5.5050	-14.9016	-14.9470
-14.1358	-13.8327	-6.8736	1.5662	0.3952	-0.1486	2.0897	-5.7090	-19.6652	-15.9314
-12.9564	-11.2781	-6.4169	2.0565	1.0222	0.4999	1.6578	-6.1478	-12.7333	-11.3112
-11.2176	-13.6228	-4.7862	0.7548	-0.0044	-0.1562	0.5674	-5.1308	-12.4532	-12.2162
-12.8995	-16.1484	-4.8808	1.6443	0.1397	0.6541	1.5902	-5.5739	-9.9564	-9.8077
-13.5178	-12.8256	-6.6368	0.9701	0.8827	0.9330	1.5081	-4.9425	-12.9505	-12.0699
-11.7654	-13.1339	-7.0572	0.6310	0.1620	0.5814	1.5506	-6.0518	-15.0363	-11.6947
-10.8093	-13.7381	-4.8019	1.3044	0.4785	0.2289	0.5110	-6.6400	-12.5909	-11.0319
-13.1947	-11.9062	-4.8239	1.3896	0.2245	-0.1122	1.4333	-5.6919	-12.3170	-13.6341
-12.7023	-13.1815	-5.6546	0.9843	0.7972	0.8882	0.5344	-6.7401	-16.1285	-14.2672
-14.3705	-16.6289	-6.0974	0.8554	-0.2849	0.3092	2.0728	-5.2366	-11.2610	-17.2527
-10.3840	-13.8049	-6.4401	0.4988	-0.4537	0.0583	1.8205	-6.3368	-15.5394	-11.1648
-11.9647	-13.4688	-4.7823	1.0504	-0.0918	0.1880	1.1516	-7.0712	-11.6422	-7.8557
-11.3788	-11.2328	-5.2125	1.7489	0.0976	0.6484	1.3394	-6.3835	-10.4473	-12.8004
-11.7753	-16.0539	-6.5395	0.5589	0.3447	0.7493	1.6487	-7.7835	-16.7906	-11.6059
-9.8229	-11.9086	-5.1778	1.9518	0.9262	0.0844	1.5667	-5.8431	-16.9499	-13.5376
-11.0277	-20.7797	-5.9874	1.6484	0.1877	0.4095	1.7621	-4.4519	-9.2563	-13.9941
-9.7128	-13.0788	-5.2005	1.7058	0.2873	0.7236	1.3848	-6.9974	-11.1686	-13.5733
-12.5721	-12.8623	-5.2825	1.3011	-0.0146	0.6815	2.1029	-4.8138	-14.0703	-10.4928
-10.8242	-12.6187	-4.3170	1.4110	0.1833	-0.2297	0.8330	-7.3579	-10.2238	-13.3904
-9.7935	-14.1557	-5.9835	1.4279	0.0956	0.5288	2.2845	-5.8785	-11.8828	-15.4480
-18.5461	-12.3041	-5.7016	1.3377	0.2443	0.8714	2.1796	-5.1083	-9.2512	-13.3665
-11.4907	-16.1849	-5.6849	1.2372	0.0876	0.6465	1.5966	-5.2530	-10.9493	-10.7266
-10.8670	-11.4720	-5.4912	1.2689	0.4330	0.5073	0.9329	-6.9850	-14.6538	-15.6329
-9.4175	-10.8625	-4.9502	1.1896	0.5163	0.2934	1.0900	-5.2177	-12.0416	-11.3075
-11.5122	-11.0496	-4.3029	2.2516	0.8288	0.6633	1.8316	-4.4056	-12.4051	-13.2218
-14.4078	-12.3264	-6.7791	1.1801	0.6586	0.0714	0.6471	-6.5245	-11.5760	-15.4614
-13.2990	-13.3851	-6.5076	1.3939	0.7165	1.1622	1.6327	-5.6731	-9.0797	-10.3235
-11.3431	-12.8069	-4.4595	1.5933	0.2731	0.5233	1.2440	-5.1334	-11.6540	-11.5449
-11.8926	-15.5791	-6.5094	1.5253	0.3608	0.7287	2.0508	-6.5595	-11.6395	-10.6250
-10.4415	-9.6405	-6.9448	1.8216	0.9591	0.2810	1.7395	-6.5786	-12.9002	-12.5640
-13.1999	-15.5114	-5.9584	0.9169	0.2172	0.1114	1.1414	-5.6449	-15.0798	-13.6608
-9.0593	-10.0013	-4.4437	0.9865	0.1770	0.8946	1.4175	-5.1819	-16.5399	-9.8592
-16.8884	-15.9111	-5.8092	1.0498	0.0793	1.0223	1.5230	-5.5802	-15.8064	-10.7523
-10.0979	-14.3170	-5.6199	2.2660	0.6925	0.6964	1.4331	-6.3366	-11.7087	-11.9795
-12.7391	-14.0534	-4.6224	1.2715	-0.6155	-0.2306	1.8845	-3.6095	-8.5893	-11.4208
-11.3145	-14.8350	-6.6844	1.5033	0.8303	0.6363	1.6781	-5.3602	-11.0726	-11.5742
-15.6509	-12.6294	-5.0193	1.1501	0.6586	0.7786	1.7677	-5.2960	-9.6803	-9.1297
-14.3148	-12.7931	-4.8311	1.4111	0.5374	0.7551	1.7303	-5.3260	-15.0810	-10.7297
-12.9617	-12.5275	-4.5735	1.3448	0.1655	0.7319	2.1306	-4.5529	-12.1513	-15.8160
-12.4588	-10.7978	-4.4495	0.9210	0.0505	1.0324	1.7724	-5.2582	-13.4852	-12.8224
-10.9117	-11.7744	-5.6953	1.8836	0.6193	-0.0183	1.0877	-7.0525	-12.8000	-11.5071
-8.0696	-13.4720	-5.9704	1.7846	-0.0911	0.8744	1.5552	-6.6930	-8.2708	-12.3549
-9.4943	-14.6303	-5.4930	1.9861	0.7760	0.4107	0.7624	-7.0826	-13.9127	-11.8633
-11.9263	-13.9156	-5.0859	1.3384	-0.1235	0.0463	1.6452	-5.2930	-12.7881	-12.3167
-10.5749	-11.2879	-5.1783	1.5713	0.7127	0.3926	1.1455	-6.1588	-12.8631	-11.6808
-13.9947	-14.5975	-5.5492	1.6530	0.3726	0.7421	1.4227	-5.9814	-15.4136	-9.9562
-11.3199	-11.8923	-7.0870	1.4502	0.4026	-0.2518	1.6953	-4.7549	-14.1349	-12.4363
-12.4433	-19.3812	-6.2240	1.7299	0.2529	0.3646	1.6692	-5.1111	-11.5550	-13.7757
-14.8786	-28.6266	-6.6012	1.1645	-0.1585	0.3731	1.6161	-4.9309	-11.2279	-11.4342
-12.8798	-12.7863	-8.5429	-0.1287	-0.4047	0.1008	0.7159	-4.7113	-11.5117	-11.9106
-10.9739	-12.1935	-5.7919	1.1550	0.5686	0.6458	1.5734	-5.7837	-12.7142	-10.0110
-10.7416	-12.1375	-5.3259	1.9570	0.6569	0.6003	1.5637	-4.3842	-10.2490	-14.7757
-11.7008	-13.9314	-6.9365	1.6187	-0.1552	-0.0193	1.6863	-6.9816	-16.6080	-9.2569
-12.0363	-12.3351	-6.2926	1.0961	-0.1672	-0.3405	1.3782	-4.3828	-11.3380	-10.4653
-9.9643	-11.7759	-6.1502	1.5224	1.1825	1.4423	1.6589	-6.2476	-15.9073	-12.7087
-9.8741	-10.9665	-4.7065	1.6326	0.8077	0.5999	0.5324	-5.7519	-9.8203	-12.3024
-12.5035	-13.3424	-5.8070	1.0305	1.0081	0.9283	1.4105	-4.2929	-17.1648	-10.3482
-9.9089	-15.5345	-6.7322	1.4595	-0.2925	0.5302	1.9886	-5.8662	-14.8348	-15.4775
-11.9221	-18.8670	-6.1980	1.8820	0.2813	-0.0253	1.3517	-5.1718	-10.9080	-10.3153
-18.3912	-13.1998	-5.7938	1.5042	0.4300	0.4740	0.9552	-5.5895	-12.3909	-14.5098
-10.2034	-13.2637	-7.6542	0.1736	0.3373	0.7745	1.7215	-4.9940	-11.4923	-11.2565
-10.9801	-10.3201	-4.3451	0.8559	0.4440	0.4285	0.5088	-6.7164	-18.6753	-15.3200
-10.5499	-11.6667	-5.2668	0.2810	0.7171	0.2832	0.9683	-5.6860	-15.4928	-12.3160
-9.7728	-11.9932	-4.7918	1.6986	0.1730	-0.0700	1.0612	-5.0025	-16.3972	-14.6280
-11.6021	-13.5250	-5.1344	1.8462	0.7432	-0.1677	1.2589	-4.4441	-16.3208	-10.4918
-11.8226	-15.9664	-6.4776	0.7610	-0.0502	1.0969	1.7443	-4.8190	-9.2684	-9.8335
-10.4258	-13.7586	-5.7667	1.3992	-0.0721	0.4942	1.7076	-6.1477	-13.0403	-14.4417
-10.4926	-13.7226	-5.1543	2.0509	0.7569	1.1594	1.5776	-5.5178	-16.5169	-10.8394
-10.8059	-12.2758	-5.8484	1.7147	0.1443	-0.1474	1.5260	-6.4125	-15.1768	-9.5550
-11.3643	-16.0475	-5.5184	0.7351	0.9067	0.9632	0.7507	-6.3894	-10.0392	-12.9017
-10.1104	-14.9272	-5.7411	1.6165	0.7148	1.0619	1.6276	-6.3595	-15.7641	-10.3689
-11.5369	-11.2428	-6.5453	0.8798	0.2090	0.5477	1.0089	-6.3117	-8.5849	-11.4366
-12.6882	-12.5786	-6.1663	1.4009	0.2400	-0.2363	1.0772	-4.9943	-14.3588	-12.8438
-9.5111	-15.1831	-5.0473	1.8092	0.1690	0.3668	1.0011	-5.8188	-18.9286	-9.6074
-15.9455	-12.8254	-6.6163	1.0394	0.3228	1.1780	1.9674	-5.5795	-12.4887	-13.6976
-11.2069	-12.3392	-5.8318	1.6163	0.9193	0.7618	1.9295	-4.9414	-15.2451	-11.0445
-15.2583	-11.8578	-5.3749	1.1166	0.6345	-0.1475	0.9031	-5.6329	-10.9726	-9.0582
-11.5509	-19.5980	-6.9144	1.0120	0.7549	0.6975	1.2342	-6.8322	-11.5218	-10.9657
-10.9923	-13.6466	-6.4563	1.9842	0.7222	-0.0815	1.9303	-5.1029	-11.4427	-12.5692
-12.1982	-12.9127	-6.2461	1.2436	0.1293	0.6463	1.4605	-6.1925	-13.4716	-11.3815
-10.0473	-10.8225	-6.4677	1.3292	0.4453	0.9166	0.9849	-7.8503	-12.5489	-11.5127
-14.1997	-14.9055	-5.1705	1.5854	1.2263	0.4010	1.2834	-4.8541	-14.6533	-10.7901
-13.4791	-17.5883	-5.4624	1.7211	0.8812	0.2185	1.9978	-4.4500	-10.7376	-10.5641
-11.1202	-14.5703	-5.3446	1.4803	0.4628	-0.1352	0.5203	-4.9784	-14.3462	-12.6433
-12.0080	-13.9715	-5.0841	1.1753	0.7691	0.3514	1.2103	-6.0887	-13.9950	-11.4512
-13.7316	-14.1780	-6.1019	1.3361	0.7971	0.5472	1.4277	-6.4475	-11.3648	-10.8052
-14.5977	-13.3874	-6.0727	1.1622	0.3030	0.2793	1.1475	-6.6502	-20.6451	-12.6458
-9.9471	-18.6314	-4.8126	1.5222	0.4204	0.4565	0.6521	-6.5279	-11.6135	-12.9913
-12.7363	-11.5924	-6.6778	0.3972	0.2429	0.1417	0.7507	-6.2178	-9.5931	-15.3190
-13.2757	-11.3438	-5.4306	1.7275	0.5857	0.0498	1.2270	-4.9768	-10.9659	-11.4479
