-7.7336	-3.3385	-0.2832	-2.4772	-2.2413	-2.2979	-1.9256	-0.4265	-3.4419	-8.9814
-15.9114	-2.8986	0.7791	-1.7915	-3.1374	-3.7714	-1.3945	0.5592	-3.8101	-10.2618
-6.2822	-2.4930	-0.6706	-2.9221	-3.1913	-2.0260	-1.2453	0.0829	-3.2092	-10.0564
-9.4776	-2.1428	0.3043	-1.4312	-1.8610	-2.5328	-2.3561	1.0433	-1.2524	-9.1858
-12.7664	-2.0623	1.1884	-1.4525	-3.6788	-3.3646	-0.7111	0.5692	-3.4362	-8.5845
-7.2426	-3.2513	-0.1656	-0.3725	-2.5219	-5.4343	-4.1101	-0.0272	-2.3943	-8.1131
-5.6817	-1.4334	-1.1361	-1.4633	-1.1620	-2.2617	-1.4965	0.2157	-3.8364	-10.4857
-8.3978	-3.8122	-0.0630	-1.5950	-3.8400	-3.6523	-1.7919	0.6142	-2.5929	-7.4550
-7.5236	-2.9334	-0.3305	-1.1292	-3.3121	-4.4376	-2.1166	0.1665	-2.8511	-10.6960
-7.1440	-1.7961	-1.5181	-1.5565	-1.3333	-2.5620	-2.6367	0.0552	-2.0916	-8.9968
-9.9664	-3.3974	-0.5356	-1.9526	-2.7355	-2.2107	-1.2762	0.3758	-2.7846	-7.7820
-8.9109	-3.0300	-0.5498	-1.3389	-1.1395	-0.7688	-0.9787	0.4999	-3.3323	-10.5067
-8.5543	-2.7717	-0.6255	-3.4918	-3.1169	-2.8636	-1.3027	0.9194	-3.0617	-11.4179
-7.9829	-2.4360	-0.5891	-3.3233	-2.1351	-1.8159	-1.4839	0.1661	-3.1341	-7.8075
-11.4756	-1.8213	0.9429	-2.1815	-3.6115	-3.0838	-2.2420	-0.2429	-1.9338	-6.2238
-10.6230	-2.8354	0.9830	-1.1258	-2.2986	-2.4074	-2.3974	-0.4928	-2.5795	-8.0394
-11.3945	-1.4786	0.8422	-1.9050	-2.8107	-3.9873	-1.9044	1.2867	-3.2043	-9.8242
-7.6748	-2.6868	-0.1385	-1.2288	-2.8326	-2.7893	-0.9324	0.0445	-2.9912	-9.4047
-10.9388	-2.2144	0.7601	-1.0059	-2.1191	-3.1678	-1.9950	-0.6562	-1.5554	-6.8852
-7.6489	-1.5691	-0.4262	-2.4122	-2.1983	-3.3456	-2.0147	0.0935	-3.3134	-12.1526
-11.6596	-2.8241	0.4292	-1.6718	-3.3766	-2.7675	-2.3612	0.4360	-1.5261	-7.8000
-9.4705	-2.0812	0.0008	-2.3071	-3.2430	-2.6480	-1.5275	0.6936	-3.0247	-9.2458
-10.1324	-2.6846	-0.1781	-1.3097	-1.2780	-2.1146	-3.2734	-0.7084	-3.4722	-8.0453
-7.7792	-3.2070	0.2090	-2.4841	-3.3502	-3.5875	-1.7827	0.6840	-3.2425	-11.9994
-9.3326	-2.8802	-0.3014	-2.7032	-3.1720	-1.4229	-1.0681	0.1769	-2.8435	-12.9002
-6.7341	-2.1591	-0.5443	-1.1645	-3.1983	-3.7250	-1.8850	0.5363	-1.9709	-10.1315
-11.2823	-2.5940	0.3719	-1.3802	-3.4171	-3.8452	-2.6208	-0.1517	-2.8074	-7.5497
-10.5138	-1.5842	-0.3255	-2.8675	-1.5375	-2.8048	-2.6959	0.6073	-1.7202	-7.1762
-8.9152	-2.3920	-0.1635	-1.9035	-3.8956	-2.8757	-1.7240	-0.0713	-3.2552	-8.7072
-9.3969	-2.1785	0.3635	-2.8310	-4.7863	-2.7228	-0.2818	0.3303	-4.7418	-10.0288
-9.9085	-3.5941	1.1969	-1.5888	-4.9408	-3.9208	-1.7326	0.7232	-1.7477	-8.7953
-12.4820	-3.6731	0.4809	-0.7327	-2.0908	-2.7252	-3.0952	-0.4425	-2.2331	-9.2298
-7.6146	-2.1851	0.1788	-2.6511	-2.5014	-2.1435	-1.8575	-0.2042	-2.6631	-10.3349
-11.7610	-2.5042	0.4291	-2.0738	-3.1763	-2.4657	-2.2378	0.3504	-2.2867	-10.8607
-7.4392	-1.8249	-0.4960	-2.0100	-1.1140	-3.4275	-3.8559	0.0730	-2.2381	-8.1623
-8.7219	-1.7584	0.8618	-2.0506	-2.0013	-1.5454	-2.4162	-0.1399	-1.5105	-7.2732
-9.6489	-2.1239	0.9518	-0.6495	-2.6159	-3.2785	-4.1087	-0.2266	-1.3166	-6.5502
-10.7418	-2.3536	0.9466	-0.4080	-3.1144	-3.3589	-2.5418	-0.5428	-2.0602	-9.0204
-6.9309	-2.6565	-0.7866	-2.4724	-2.7397	-3.7183	-1.5053	-0.2344	-1.9373	-7.1695
-11.6923	-2.8795	0.6561	-2.3667	-3.8411	-3.0551	-0.7519	1.0342	-3.1094	-10.3418
-9.6044	-2.5080	0.4340	-3.1131	-2.4504	-2.8864	-2.6793	-0.0628	-0.9554	-7.2783
-8.9202	-2.4944	0.6515	-1.5997	-2.9091	-2.5382	-1.7057	-0.3453	-3.4977	-5.6541
-10.0329	-1.9241	0.4986	-1.9699	-4.0918	-3.1701	-1.2940	0.6154	-2.4775	-10.0216
-9.8282	-3.2111	-0.3094	-1.7518	-2.3698	-2.8192	-1.3717	0.7528	-2.0103	-7.7345
-10.9687	-2.3308	0.2711	-3.2979	-3.5316	-2.9955	-0.8403	0.5062	-2.6303	-10.0504
-5.1830	-2.5418	-0.2911	-2.6198	-2.7081	-1.0567	-1.4816	-0.0107	-3.2483	-8.7180
-7.8406	-1.3228	0.1333	-3.1049	-4.4184	-2.0105	-1.0025	-0.2811	-4.5620	-13.2548
-8.8411	-1.3449	0.0884	-2.8830	-2.3628	-2.3051	-2.7709	-0.4541	-2.6697	-7.7200
-6.2107	-1.6381	0.3462	-3.1662	-4.2210	-2.7767	-2.2322	0.5839	-2.2507	-9.4472
-8.7332	-2.3376	-0.2597	-3.3094	-2.9265	-3.4338	-2.4771	0.0590	-2.9041	-11.6256
-9.4944	-2.6385	0.7647	0.0712	-2.0910	-3.6097	-1.3930	0.4953	-3.0486	-8.7977
-9.0288	-3.0763	0.3546	-1.9491	-4.7402	-3.5259	-3.9048	-0.3999	-1.2786	-4.3424
-11.1327	-2.2585	-0.0424	-1.0361	-4.1685	-2.6556	-0.9841	0.2843	-2.3564	-9.6916
-11.3734	-2.6917	-0.3399	-3.5412	-3.0850	-2.4694	-1.5695	0.5492	-2.0953	-13.8657
-10.2001	-2.3197	-0.2357	-1.9793	-2.5748	-4.3646	-1.5689	0.8220	-2.2444	-9.4616
-7.6823	-2.0588	-0.3729	-1.5950	-1.3066	-1.2779	-1.5253	-0.6767	-3.6278	-9.1778
-8.8753	-1.4178	0.0150	-3.0244	-2.4740	-1.6114	-1.3955	0.4344	-2.0654	-9.2262
-8.4235	-2.8621	0.9154	-0.6027	-3.3866	-4.2334	-2.7130	0.0639	-2.9276	-7.6868
-6.7095	-1.8852	-1.1047	-0.8605	-1.6092	-2.7276	-0.8976	0.2232	-2.1482	-7.8770
-8.2175	-3.3824	-0.1129	-1.8458	-2.0506	-2.2640	-0.9665	0.3255	-2.2934	-6.5723
-5.1336	-1.6255	-0.5623	-1.2664	-1.8208	-4.4064	-2.1899	0.7737	-2.8011	-9.7825
-9.7323	-2.0130	0.3430	-3.1880	-3.3313	-3.5233	-2.1142	0.0992	-2.4971	-8.6149
-9.5683	-1.7238	0.2060	-1.9532	-2.8072	-3.2181	-1.1332	0.9660	-2.9311	-8.3352
-6.7887	-1.8060	-0.2925	-3.7259	-3.8899	-2.1208	-0.3017	0.2860	-3.1808	-10.7439
-10.7683	-2.4918	-0.1160	-1.4289	-2.0074	-2.3695	-2.2298	-0.1107	-2.1886	-6.3264
-8.6858	-2.9859	0.0341	-2.5343	-3.7692	-2.8869	-1.9755	1.0297	-2.9240	-13.1371
-6.6269	-2.2151	-0.0520	-2.4139	-3.1851	-2.8393	-2.2228	-0.2910	-2.6520	-6.6934
-9.1597	-4.5204	0.6577	-0.8920	-3.0729	-2.6171	-1.8420	0.9847	-2.3148	-10.2230
-7.8174	-1.3670	0.3030	-2.4095	-1.9894	-2.9008	-2.6020	0.4616	-3.1081	-9.9691
-7.1949	-2.8320	-0.1884	-2.5735	-3.1616	-2.3607	-1.9881	0.1059	-2.3085	-9.3155
-10.2204	-2.9335	0.6655	-2.0038	-3.7180	-2.4074	-2.5006	0.2963	-2.5815	-9.6094
-7.9268	-1.6043	-0.3374	-2.4342	-1.7901	-1.2473	-1.5789	0.0986	-2.5272	-8.4081
-9.0236	-2.6876	-0.0460	-2.6131	-2.2163	-1.3522	-1.4797	0.2911	-2.2778	-10.8248
-8.4017	-1.8248	-0.5175	-1.3277	-2.3604	-2.7644	-1.2337	0.1246	-1.8845	-7.5945
-8.9207	-3.3068	-0.3031	-1.4282	-1.3506	-2.8519	-2.2578	0.1911	-2.9946	-8.1946
-8.8307	-2.4417	0.6034	-1.5885	-2.0810	-2.1823	-0.6296	-0.0141	-4.1047	-9.2645
-9.3499	-1.9539	-0.3489	-1.8557	-1.7940	-2.8778	-2.2070	0.8625	-1.7399	-8.1737
-12.4111	-2.6701	0.5077	-1.4826	-1.1829	-3.1354	-3.2493	0.1582	-3.4509	-7.8737
-10.0096	-2.3759	0.5993	-2.6892	-4.6770	-2.3716	-2.0284	0.4057	-2.5849	-9.5470
-9.0775	-2.3831	-0.8310	-2.3893	-2.5035	-2.9957	-2.1787	-0.4865	-1.7514	-6.7642
-8.2659	-3.3750	-0.0102	-1.6652	-3.4462	-1.6736	-0.3723	-0.3250	-2.8131	-8.3402
-10.3886	-2.2867	0.6940	-0.5705	-2.9620	-2.6156	-2.5196	-0.0989	-1.8767	-10.5134
-11.2000	-2.3263	0.2231	-1.3093	-2.4161	-2.6479	-2.3183	0.4437	-2.2817	-8.1406
-8.6254	-1.6740	0.2021	-3.3288	-3.5535	-3.2724	-2.1103	0.2966	-1.9666	-11.2903
-8.8503	-2.2321	0.1455	-3.4470	-2.6020	-2.9627	-0.9003	0.8390	-3.3879	-8.9340
-7.7033	-2.7850	-0.2077	-2.3393	-2.5069	-3.6376	-1.7652	0.6740	-3.8883	-7.7842
-11.7008	-1.9383	1.2448	-1.3860	-3.4391	-2.7239	-2.0878	-0.6166	-2.2950	-9.5234
-8.6676	-2.5741	-0.1268	-1.7112	-3.6238	-2.5108	-2.1797	-0.2121	-2.6031	-6.4804
-7.6953	-2.0925	-0.3789	-1.6281	-1.7069	-2.7579	-1.4553	0.5606	-4.0294	-8.1213
-5.2124	-1.9745	0.2180	-1.9617	-2.9741	-3.1396	-3.0234	0.4303	-1.9796	-10.8990
-10.8236	-1.8011	0.8115	-2.4437	-2.9020	-2.7130	-1.5401	0.5169	-2.1729	-9.8726
-9.2442	-4.0100	0.9276	-0.8459	-3.9363	-4.8540	-2.2815	0.8512	-2.5713	-8.9711
-8.1429	-2.1831	-0.2601	-2.2232	-3.5893	-2.6051	-0.8545	-0.0626	-3.7673	-7.3322
-9.1401	-4.3277	-0.9434	-2.0120	-1.8452	-3.6740	-1.7011	0.6087	-2.5591	-9.1285
-16.9840	-2.0339	0.3113	-2.7105	-3.3124	-3.6276	-1.1334	0.4243	-2.2109	-8.6725
-6.2160	-3.1190	0.8990	-1.4370	-1.9401	-2.8194	-2.0427	0.5858	-2.5066	-9.4118
-8.1644	-4.4894	0.1708	-1.3594	-3.0938	-3.5334	-2.4207	0.6831	-1.8534	-11.1694
-12.6772	-3.1351	0.2222	-3.0498	-3.3607	-2.6415	-1.8597	0.5781	-2.4386	-8.6308
-8.7131	-2.6837	-0.0307	-2.1384	-2.2731	-3.5661	-3.2249	-0.3366	-1.3746	-9.7277
-5.6362	-3.1264	0.2550	-2.0984	-3.0772	-3.2127	-2.0273	0.2476	-3.5306	-9.5314
-8.6488	-2.2442	0.2851	-0.9888	-3.1246	-4.6263	-2.2233	0.6718	-1.9004	-10.5139
-8.2367	-1.5992	-0.2929	-1.2587	-2.2497	-2.2132	-0.5886	0.3707	-4.1377	-9.5445
-9.2952	-2.7180	-0.0517	-1.8326	-3.1359	-2.2296	-2.3970	-1.0231	-2.1723	-8.0975
-8.4976	-2.5215	0.5089	-1.8717	-4.5213	-3.3798	-1.6684	0.9481	-2.5057	-7.3130
-6.7548	-3.1959	-0.1415	-2.5486	-1.9982	-1.7755	-1.6699	-0.3090	-2.4604	-8.1791
-9.2409	-1.2650	0.4245	-3.4745	-5.1871	-3.5152	-0.5287	1.2492	-2.4971	-8.4308
-7.0043	-2.0528	-0.3044	-3.5618	-4.2691	-2.6025	-1.7982	0.7953	-2.2922	-10.0428
-8.6011	-2.3758	0.7152	-1.0633	-3.1777	-4.1549	-4.0400	0.8299	-1.9185	-10.1735
-8.7108	-1.7209	-0.0467	-2.6621	-2.5891	-2.4116	-1.8389	0.3162	-2.1830	-10.4768
-9.0169	-2.1459	0.1779	-1.7260	-3.9877	-3.0332	-1.3218	-0.1773	-3.1389	-9.4386
-9.1638	-2.0139	1.0209	-2.6631	-3.1958	-2.9370	-2.1438	0.6102	-2.1186	-10.6387
-8.9271	-2.3455	0.0635	-2.1591	-1.0426	-1.6098	-3.1678	-0.8246	-1.4905	-6.7330
-10.3010	-1.7758	0.5457	-2.0319	-2.8119	-2.1192	-0.9304	-0.1225	-3.8834	-8.7712
-9.1644	-3.0991	-0.3798	-1.1543	-1.0884	-3.2391	-2.6469	-0.8215	-3.2971	-8.2602
-10.5498	-1.7711	0.8419	-3.4020	-5.2050	-2.8232	-2.0559	0.0665	-1.7313	-7.9865
-6.6578	-1.6549	-0.2080	-2.6795	-5.3744	-3.3446	-0.3913	0.5553	-3.1329	-8.0555
-7.0646	-2.8524	0.5870	-1.3432	-2.0664	-1.3950	-1.5126	0.1777	-2.6315	-7.9012
-7.9791	-3.1519	0.4702	-2.4446	-3.5654	-2.7542	-0.8603	1.3719	-2.2378	-8.3453
-10.4834	-2.4611	0.9062	-1.7531	-2.9772	-3.1910	-2.3600	0.2863	-3.5303	-9.9287
-8.2812	-2.7992	-0.1856	-2.3456	-3.7167	-3.1197	-2.1073	0.3177	-2.0403	-9.7730
-6.2181	-2.1848	-1.2233	-3.0211	-2.1357	-2.3232	-2.1628	0.6489	-1.8414	-7.8884
-6.5838	-1.1446	0.1307	-3.9237	-3.6974	-1.5415	-1.7993	0.0314	-1.8752	-6.6473
-5.9251	-1.3106	0.0775	-3.0238	-2.9986	-2.2244	-1.4391	0.0700	-1.6007	-8.5787
-12.6400	-2.1546	1.0463	-1.7951	-2.5372	-3.1444	-2.5473	0.7145	-2.8425	-9.9195
-9.6996	-3.3278	0.3354	-1.8961	-4.5242	-3.4560	-1.9227	0.5892	-2.2063	-8.5040
-8.4416	-3.4924	0.8249	-2.2855	-4.1195	-3.3505	-1.2030	0.5893	-3.6524	-8.7926
-8.6905	-2.1882	-0.2668	-3.6593	-2.8074	-2.8584	-1.0552	0.7828	-3.4863	-11.2187
-9.1370	-2.3578	-0.5543	-2.9107	-3.2763	-4.6871	-2.5042	0.9486	-2.4786	-9.3111
-9.0206	-1.6275	0.3415	-2.8498	-2.5286	-2.5604	-2.3286	1.1417	-1.9093	-10.1555
-8.2843	-2.4128	0.8576	-0.4547	-1.4598	-1.4691	-2.3395	-0.1972	-1.7549	-7.6425
-9.7408	-1.4141	-0.0809	-2.2031	-2.6020	-2.4755	-1.1721	0.5527	-4.0806	-9.5295
-8.0084	-3.9967	-0.4442	-1.6997	-2.2837	-2.0858	-2.3094	0.3798	-1.9836	-8.7867
-9.7709	-1.6718	-0.2373	-2.0489	-1.8840	-1.7740	-2.1224	-0.2682	-1.8931	-9.9557
-8.6506	-1.4931	0.3472	-2.6079	-4.1297	-3.9814	-1.3686	0.5754	-2.8910	-9.3776
-6.3418	-2.6141	0.1309	-1.3528	-2.4249	-2.1652	-1.5051	-0.2447	-3.1853	-8.9624
-7.8170	-2.9009	0.2440	-0.7889	-1.9100	-3.1382	-1.6612	-0.2393	-3.3054	-11.0968
-7.8766	-1.9766	0.9458	-2.6089	-6.0878	-4.7100	-3.2434	0.5586	-1.2772	-8.9797
-11.1850	-2.1335	-0.1438	-1.7875	-1.7681	-3.3864	-2.1891	0.4160	-2.1403	-6.9201
-6.1215	-2.3066	0.3351	-1.8327	-2.1405	-2.3311	-2.1070	1.3346	-1.9064	-8.7479
-8.5413	-2.3310	-1.1021	-3.2127	-3.8113	-2.1633	-1.5555	0.2304	-2.6484	-7.5381
-10.9213	-3.2501	0.7967	-1.4738	-3.1725	-3.8465	-2.2025	0.7441	-2.1711	-8.0937
-10.2859	-3.2568	0.6117	-2.4728	-3.2468	-2.8203	-2.7119	0.4529	-3.1991	-9.1565
-10.8835	-1.7855	0.5267	-3.3168	-3.4405	-2.3608	-2.1177	0.2685	-2.4516	-9.6556
-12.3456	-2.4986	0.5927	-2.6632	-3.7088	-2.5994	-2.0586	0.6531	-2.0570	-7.0409
-12.2615	-2.6205	1.2457	-0.6148	-3.5228	-6.1525	-1.9735	1.0662	-2.5284	-9.9749
-7.9369	-4.6694	0.5149	-0.4778	-2.4196	-2.2931	-1.8263	-0.6194	-2.2423	-9.7150
-8.1950	-2.3193	-0.5130	-1.9580	-2.1252	-2.7372	-2.5173	-0.1466	-2.7797	-11.1141
-8.2638	-4.6221	-1.0010	-1.9746	-3.1175	-4.3157	-1.4094	0.5936	-3.2068	-12.9406
-7.2779	-1.8565	-0.6023	-1.5391	-1.7383	-3.2139	-2.3720	-0.5190	-2.3140	-8.1962
-9.7152	-1.6395	0.2428	-2.5206	-3.2352	-2.8034	-1.2145	0.1067	-3.3461	-7.2485
-9.5980	-2.2521	0.8712	-2.0462	-1.8530	-2.3890	-3.5296	0.4002	-1.9346	-8.2434
-9.9133	-2.0140	0.0118	-1.5421	-3.3859	-3.8284	-1.5647	0.1206	-2.5320	-10.2313
-10.1316	-4.1523	0.3544	-0.6243	-2.0964	-3.1854	-3.0502	-0.0736	-3.1013	-9.1184
-12.1068	-2.7122	0.1339	-1.6804	-1.4852	-1.7164	-3.4661	-0.7744	-2.1736	-10.4393
-7.7882	-2.0418	0.8764	-1.7493	-2.3963	-2.5250	-2.0627	-0.1131	-3.0617	-5.6583
-11.7340	-2.1308	-0.0300	-2.0930	-2.9398	-3.5469	-1.5729	-0.4937	-2.7100	-10.2108
-11.4081	-1.9632	-0.2747	-1.5163	-2.6585	-2.8963	-1.5719	0.1439	-2.3585	-9.1284
-9.5499	-1.6385	-0.8697	-4.6010	-2.6643	-1.8662	-1.1270	0.7282	-1.7837	-8.5128
-10.2274	-2.1102	0.2700	-1.8890	-3.0154	-4.0655	-0.8439	-0.1565	-3.2341	-14.2004
-8.4649	-4.7880	-0.5752	-2.3407	-2.4165	-2.7043	-2.8577	0.2465	-2.9695	-9.5298
-6.8761	-2.3361	0.1748	-3.9160	-3.4387	-2.7969	-1.4496	1.0329	-2.9663	-8.2754
-6.6532	-2.9980	-1.0159	-1.9904	-2.0690	-2.8843	-2.8418	-0.4104	-1.4818	-7.5191
-8.9273	-1.7782	0.8615	-1.2839	-3.2271	-5.3579	-2.4699	0.6351	-2.1478	-10.3382
-8.3922	-2.0540	0.6482	-2.1369	-3.2731	-3.4015	-1.1885	-0.0646	-4.2821	-8.3685
-7.5415	-2.6115	-0.5638	-3.2923	-3.3967	-1.5430	-2.1351	-0.2611	-1.6364	-10.1173
-9.1894	-2.2126	0.6272	-1.7099	-3.1309	-3.8953	-2.4530	0.7118	-1.9344	-10.7349
-6.4592	-1.5179	-0.1113	-1.6942	-0.9077	-2.9871	-3.3621	0.2718	-2.5761	-8.3722
-9.9502	-2.2869	-0.5558	-1.1635	-1.3622	-1.2904	-1.3827	0.0178	-3.6610	-7.3704
-8.9820	-0.9261	1.2648	-1.8173	-4.1891	-3.2170	-1.6138	0.9216	-1.6912	-10.3611
-15.0832	-3.5181	0.2485	-1.5889	-3.3388	-2.3449	-1.4396	0.2625	-1.8506	-7.8575
-8.8435	-3.3090	-0.4990	-2.4168	-3.1079	-2.6360	-1.2064	0.6020	-2.8072	-9.4613
-10.1764	-2.8051	0.5210	-1.6315	-3.6237	-1.4539	-1.1607	0.2198	-2.5815	-8.1829
-7.0364	-2.1176	0.1124	-1.7533	-2.5371	-1.9232	-2.0277	-0.7746	-3.0479	-8.7730
-9.2048	-1.5126	0.4964	-1.5343	-3.5008	-3.1534	-2.6580	-0.0001	-2.0996	-8.1940
-8.5307	-3.5456	-0.2101	-1.3940	-2.3778	-2.0609	-2.0693	0.1124	-1.8127	-6.7304
-9.2187	-3.0911	0.9985	-1.8299	-3.2419	-2.1536	-1.4142	-0.0618	-3.9623	-9.1486
-7.5627	-2.3255	0.3550	-2.0533	-2.8142	-2.6112	-2.1052	-0.1022	-2.9080	-9.9412
-7.5231	-3.5237	-0.4785	-1.2403	-2.3936	-3.4587	-1.7881	-0.2729	-3.9234	-7.7504
-8.2198	-1.4855	0.9876	-1.7208	-2.7418	-4.0222	-3.3238	-0.1194	-2.9666	-7.0238
-10.2352	-2.1984	0.6689	-1.2375	-4.9946	-3.8435	-1.6591	-0.6844	-2.5719	-7.7379
-7.8613	-1.9274	0.4043	-2.6178	-3.3362	-2.5765	-1.0088	0.0860	-3.1761	-9.8472
-7.4878	-1.8365	0.6099	-1.5902	-5.1415	-3.7215	-2.1960	0.4133	-1.7096	-6.6631
-7.1222	-2.3510	-0.6393	-3.1546	-1.5260	-2.1771	-1.9487	0.5814	-3.8286	-7.1709
-6.7042	-2.3474	0.3111	-0.9599	-2.8573	-3.2157	-2.3321	0.6615	-2.1949	-7.6477
-8.3535	-2.4055	0.2554	-2.9946	-2.8682	-2.2030	-1.2206	0.5767	-2.5561	-10.0141
-10.3285	-2.7313	0.4261	-1.5447	-3.1377	-3.9544	-2.1999	0.4070	-3.1449	-7.2852
-9.3446	-1.5083	0.5278	-2.0581	-2.4359	-3.8220	-2.8131	0.7866	-2.5296	-10.1880
-6.0776	-2.4576	1.0486	-1.3356	-3.5111	-3.1045	-1.5110	0.7634	-1.7241	-7.1386
-9.6063	-2.4202	-0.1463	-2.7399	-2.3418	-2.0637	-2.3982	0.8731	-1.7779	-8.7256
-10.8465	-2.1847	0.6684	-1.7128	-4.1013	-3.6155	-1.5197	0.6672	-3.6766	-10.4340
-7.6647	-2.7206	0.1189	-1.0881	-2.7705	-3.6222	-1.7386	0.7453	-2.9406	-7.8491
-6.9655	-2.6795	0.0216	-2.1958	-3.7424	-2.7988	-1.5567	0.1414	-2.6275	-5.7145
-7.9775	-1.8457	0.5396	-1.3782	-2.8604	-3.5819	-1.4905	0.4170	-2.3663	-10.0018
-9.7171	-3.1868	-0.0294	-1.4978	-2.5001	-3.5556	-4.0568	-0.9035	-2.3298	-8.9780
-8.5800	-2.3028	0.2439	-3.0673	-3.8862	-2.0008	-0.9890	-0.4146	-2.8691	-8.7907
-12.4216	-3.2720	0.8028	-2.0598	-4.3155	-2.3951	-1.6212	0.3796	-1.6028	-7.6243
-7.4495	-1.3043	0.1867	-3.4062	-3.3755	-2.4453	-1.3814	0.1831	-2.3140	-7.8255
-14.3702	-2.4484	-0.1253	-2.0239	-2.7443	-2.0140	-1.2025	-0.2345	-3.3492	-9.5965
-10.6769	-2.2113	-0.0116	-3.0250	-2.1789	-1.5599	-2.8029	0.1286	-0.9345	-6.7416
-9.3412	-2.8958	0.5693	-2.2225	-2.9652	-2.9229	-1.4856	0.3259	-2.3387	-10.7682
-7.4188	-1.8375	0.1085	-3.0829	-2.8202	-2.6414	-1.6750	0.4259	-2.7611	-8.7514
-8.4711	-2.6886	-0.0641	-0.5884	-1.6839	-3.2821	-2.2957	-0.4392	-1.8611	-9.0887
-7.7021	-3.2545	0.1403	-1.5184	-2.7864	-3.0758	-4.2598	-0.3971	-1.3563	-8.4204
-6.8368	-2.9528	1.0246	-0.6432	-3.1750	-3.2102	-1.5446	0.4811	-2.3381	-9.9851
-8.4926	-1.8484	-0.3970	-3.2419	-3.2147	-2.5548	-1.6891	0.4847	-2.8818	-10.2121
-6.8864	-2.0641	-0.0042	-1.4872	-2.3455	-2.6154	-2.2773	-0.2536	-3.1657	-11.3208
-9.5527	-2.8619	0.6936	-1.8017	-4.0315	-2.1837	-2.0049	0.2356	-0.8641	-8.7755
-8.7380	-1.7082	0.9730	-2.3109	-2.4165	-2.7454	-2.0592	0.0668	-2.3279	-7.1120
-8.9789	-2.3659	0.4579	-3.6315	-2.9482	-1.9522	-1.4756	-0.1173	-1.4760	-8.3679
-6.7224	-1.3902	0.3321	-2.0972	-1.7661	-3.1785	-1.8280	0.2897	-1.9230	-7.7354
-8.9433	-3.2172	-0.3144	-1.2021	-2.6542	-4.9022	-2.7586	0.5682	-1.4754	-6.3679
-8.3548	-3.1328	1.2105	-0.8149	-2.4702	-2.0980	-1.6847	-1.1913	-1.8085	-7.5624
-9.6317	-1.8161	0.0812	-2.8945	-2.8525	-2.9547	-1.0513	0.9137	-2.9542	-8.3561
-7.9073	-2.4928	0.1731	-2.8969	-2.8997	-2.8511	-1.5890	0.7492	-2.9767	-9.7184
-9.7970	-1.9535	0.4692	-2.8937	-3.0493	-2.4229	-1.3962	-0.2475	-1.8188	-7.3883
-8.4496	-2.9494	-0.8732	-1.8682	-1.7399	-2.6227	-4.1535	0.1600	-1.4800	-11.3444
-7.6752	-2.3057	0.6225	-1.7541	-3.2279	-1.7239	-0.9121	-0.2112	-2.0823	-6.6310
-10.2699	-1.9872	0.4932	-2.0300	-1.9785	-4.1009	-3.0142	-0.2238	-3.5426	-9.0002
-9.9598	-2.8109	-1.0802	-1.5555	-2.7447	-3.3778	-2.9992	0.0389	-1.4779	-7.9698
-10.4380	-2.3536	-0.2355	-1.9543	-4.2910	-3.8109	-1.2615	1.0123	-3.2577	-11.5534
-7.0693	-2.0461	-0.2992	-2.0148	-3.0832	-2.8119	-1.2038	0.3823	-2.5058	-9.7875
-9.8090	-3.5499	-0.5383	-2.5695	-1.6210	-2.0081	-2.0059	0.2667	-3.0217	-13.7274
-11.9667	-2.8431	0.4551	-3.5964	-2.0030	-1.1988	-2.0504	-0.4624	-2.1724	-6.9738
-10.8176	-2.1367	1.3954	-1.1904	-4.0175	-5.1092	-2.2303	0.2627	-1.8843	-8.2317
-8.3070	-1.9592	0.5130	-2.5588	-2.3908	-0.8381	-1.9284	-1.1705	-2.6971	-8.1028
-8.6371	-1.9581	0.3890	-3.7025	-4.1591	-3.6860	-0.9689	0.8988	-3.4870	-10.1545
-10.2710	-2.7539	0.4109	-1.6533	-2.8648	-3.8505	-2.2901	0.2924	-2.6639	-7.5823
-8.1730	-2.1390	0.0839	-1.2365	-2.4700	-2.4446	-3.7460	0.0650	-2.0253	-12.2797
-8.2474	-2.8656	-0.1884	-1.7119	-2.0491	-2.5239	-1.6764	0.0208	-3.4482	-9.4167
-9.6816	-2.6992	-0.0576	-0.9005	-1.4043	-3.9697	-2.6647	0.8219	-1.5322	-8.8980
-8.7166	-4.1274	0.0900	-1.5182	-1.6505	-1.9333	-2.9311	-0.2516	-3.1017	-9.2417
-7.5019	-2.4055	0.5896	-1.2097	-3.8907	-3.1938	-1.0902	-0.1405	-4.1130	-10.2126
-9.8241	-2.2689	-0.3143	-2.1116	-1.6601	-2.0614	-1.8030	0.6470	-2.8547	-8.0415
-5.4607	-0.9973	-0.3075	-2.6318	-2.6078	-1.9097	-0.6424	0.7598	-2.4369	-10.2109
-7.4499	-1.9425	0.2922	-2.9248	-3.7803	-2.5316	-2.5660	-0.6521	-2.8186	-7.9806
-8.9904	-2.5406	-0.6004	-1.2080	-2.1736	-3.2297	-3.3632	-0.5187	-1.6311	-7.9692
-9.4941	-2.6147	0.4305	-1.8810	-3.8174	-1.8443	-1.9650	-0.3144	-0.9336	-6.7177
-8.2301	-1.5283	0.2480	-2.0950	-3.0563	-3.1092	-2.1151	0.6206	-2.2670	-9.7291
-8.0407	-3.4433	0.0522	-1.0457	-1.3606	-1.5864	-3.1209	-1.1040	-2.1065	-6.0075
-9.2262	-3.3633	0.0294	-1.5912	-3.0400	-3.3398	-1.7382	0.0491	-3.9748	-9.9683
-8.4348	-2.0187	0.7453	-1.8337	-3.6001	-2.6835	-0.5290	-0.2450	-2.1293	-10.1772
-7.7892	-1.9180	0.4055	-1.0037	-1.7961	-3.5075	-4.4335	-0.8718	-1.8821	-7.6010
-7.3798	-3.8762	0.1472	-1.1877	-2.5781	-3.2960	-1.7223	-0.0836	-1.4361	-7.2373
-7.2744	-2.8133	0.0852	-1.2212	-3.5364	-2.6824	-1.3130	0.3199	-2.0404	-7.9575
-9.0875	-4.2565	0.2603	-0.6688	-2.5368	-5.7152	-2.9826	0.7265	-2.6689	-7.7941
-8.2142	-2.1631	-0.8391	-2.6492	-2.0736	-1.5919	-1.4262	0.1631	-1.5310	-12.7928
-10.3608	-3.0632	-0.0674	-2.4611	-3.4672	-2.3278	-1.6229	-0.1994	-2.4865	-10.5550
-6.7015	-2.6477	-0.1305	-1.2199	-1.6626	-1.5976	-2.0969	-0.9854	-2.5929	-8.9545
-7.9751	-1.7342	0.1739	-1.0207	-1.3878	-3.1082	-3.9949	0.6485	-1.4984	-8.1084
-10.3563	-4.2634	0.3000	-0.4579	-2.7315	-2.7232	-1.0272	0.2673	-2.1906	-8.4930
-7.1898	-2.5139	-0.2812	-1.8852	-3.1301	-3.1944	-0.7025	1.0378	-3.0041	-7.5371
-11.0071	-2.4583	0.3416	-3.0534	-3.7711	-2.7303	-1.9203	0.8796	-2.8172	-11.4539
-9.6242	-2.5527	1.1001	-1.9894	-4.1457	-2.4258	-1.4632	0.6741	-1.8963	-8.4251
-11.3558	-3.2252	0.6985	-1.7229	-3.4481	-2.7521	-2.1187	0.0113	-1.6570	-8.3773
-4.9778	-2.2485	0.1732	-0.8354	-2.1531	-1.8797	-2.1467	0.1048	-1.9131	-7.3495
-8.0043	-3.4031	0.2171	-1.4234	-2.2880	-2.2098	-2.7671	0.0354	-2.8290	-9.9787
-11.8001	-1.9693	0.7664	-1.6769	-4.4700	-3.3936	-0.9632	0.1226	-1.9823	-9.5815
-7.1980	-2.7914	0.2702	-1.4299	-2.4581	-2.5972	-0.9069	0.6638	-2.7586	-8.6708
-9.8694	-2.7650	0.3227	-1.9273	-1.8094	-0.6632	-2.1669	-0.8003	-1.7864	-8.7191
-7.8313	-2.3634	-0.8107	-1.6307	-1.1641	-2.8409	-2.6898	-0.7014	-2.3682	-6.5109
-8.5992	-2.5013	0.0283	-2.4680	-2.6950	-3.3071	-1.3947	0.0292	-3.4000	-9.4566
-10.1592	-2.3829	0.6199	-1.8917	-2.6862	-3.3435	-2.8723	-0.3742	-2.1842	-6.4307
-8.8247	-2.1353	-0.3935	-1.4213	-3.2405	-3.3723	-0.8191	0.7927	-1.8876	-10.2389
-6.0244	-1.8008	-2.2944	-1.8122	-1.3498	-1.8630	-0.8424	0.8339	-2.3698	-13.2421
-9.7641	-3.3847	0.6572	-1.0080	-3.6611	-3.2347	-1.2510	0.2287	-4.4839	-8.3379
-7.7024	-1.8812	0.1882	-2.1616	-2.9302	-4.1618	-0.7874	0.8171	-4.1359	-7.7294
-8.7260	-1.2948	0.1886	-2.3613	-3.2638	-2.7292	-1.1984	0.8274	-2.4837	-10.7802
-11.2926	-2.6718	1.1495	-1.6779	-3.3192	-3.7762	-2.1141	1.4598	-1.8156	-12.8867
-10.3384	-3.1563	-0.5248	-2.5714	-3.2379	-2.1528	-2.2935	0.4681	-2.0153	-9.4731
-7.5391	-2.5840	-0.0211	-1.3897	-2.7191	-3.4614	-1.6981	0.2627	-1.5209	-6.5999
-9.7785	-2.2071	0.1854	-3.0050	-1.8886	-2.7076	-2.0386	0.7618	-2.6210	-10.4187
-10.0807	-2.7781	0.4209	-1.9450	-3.3793	-3.9915	-2.7423	0.1883	-2.0828	-7.5403
-8.0236	-3.1066	-0.0186	-1.8484	-2.7863	-4.4873	-3.1479	0.2629	-1.1649	-8.2955
-8.0099	-2.6494	0.2324	-2.3132	-2.3034	-3.5357	-2.4720	-0.7812	-3.1602	-5.8244
-8.5159	-3.4736	0.1231	-2.6043	-5.0836	-3.4614	-1.6299	0.5819	-2.5302	-13.3173
-11.3007	-2.0700	0.4454	-2.2198	-2.4594	-2.0573	-1.8247	-0.0422	-2.4502	-9.7277
-9.3008	-3.3114	-0.6776	-2.3892	-3.3813	-3.3506	-1.6326	0.8317	-2.6734	-9.8891
-7.5157	-1.3700	0.6927	-1.2188	-2.3213	-4.3795	-2.4750	-0.0088	-2.0291	-7.5516
-5.8427	-3.2000	-0.4290	-1.8864	-2.7702	-2.8138	-1.1977	0.8044	-2.0356	-11.5477
-7.4036	-2.8511	1.1411	-1.5323	-2.9968	-2.4641	-1.5002	0.2841	-3.4027	-10.7728
-7.6245	-2.4351	0.8770	-1.6446	-3.5178	-4.0164	-1.7372	0.5344	-2.6411	-8.1165
-10.0183	-2.3239	0.4083	-1.6967	-4.0243	-3.1020	-1.9300	0.3842	-2.8664	-8.7770
-8.5133	-1.5014	0.6702	-2.1406	-3.6659	-3.7111	-1.5816	0.9039	-2.4533	-11.9953
-7.8055	-4.4168	0.7640	-1.4928	-2.9787	-2.6792	-1.8769	0.0473	-2.7201	-8.4127
-9.1991	-2.4364	0.9171	-0.9804	-2.1259	-2.7975	-1.5770	0.5098	-3.5881	-9.5895
-11.6572	-1.7058	0.1224	-3.7407	-2.5736	-1.0209	-1.0572	0.0469	-4.4626	-8.4223
-6.5253	-2.5844	0.2521	-2.1159	-2.6949	-2.4488	-2.5951	0.0767	-1.5142	-9.3870
-8.2017	-3.9399	0.1351	-1.8713	-3.0752	-2.1073	-1.3465	-0.5218	-3.0226	-6.4820
-6.6712	-1.9562	-0.1688	-2.3058	-2.3761	-3.1700	-1.4447	0.5036	-3.4393	-7.9306
-9.7067	-3.6428	-0.3048	-1.2756	-3.0205	-3.2628	-1.4507	0.6603	-2.8517	-11.4033
-9.0000	-2.0367	0.1847	-2.2046	-5.2269	-3.0447	-0.4432	0.7708	-3.7118	-9.0336
-9.5086	-3.0757	0.5290	-1.1641	-1.5733	-1.3352	-3.0320	-1.4069	-3.4064	-7.7219
-8.2440	-2.0280	0.5826	-2.5357	-3.3378	-2.9546	-1.0711	1.2894	-1.8303	-9.8879
-8.9959	-2.2697	-0.6268	-2.3739	-1.9613	-2.1149	-1.1937	0.2453	-3.5606	-6.8871
-7.1007	-3.5259	-0.0608	-1.7910	-3.9375	-3.7736	-1.8471	-0.0129	-2.6750	-8.0255
-8.8533	-2.9062	-0.7191	-1.4868	-1.7496	-2.5251	-2.4533	0.9909	-1.5568	-9.3683
-11.6396	-1.9729	0.2256	-4.0173	-2.7925	-2.0860	-2.1934	-0.5572	-2.2663	-9.3183
-7.7011	-4.5229	0.1364	-1.8153	-3.3119	-3.4872	-1.6864	0.5422	-2.3185	-7.1245
-8.8065	-2.3493	-0.1122	-2.7536	-2.5711	-1.8913	-1.7754	0.8010	-2.4264	-10.2296
-5.6974	-0.9671	0.3780	-2.3897	-2.7926	-2.9095	-2.0573	0.3843	-1.7896	-8.4657
-6.3856	-1.0194	-0.2530	-4.1914	-2.7266	-2.3601	-1.9168	-0.5542	-3.7750	-8.5007
-7.5282	-2.4535	-0.7740	-1.2710	-0.5821	-2.1515	-2.5368	0.0274	-2.6948	-7.4513
-10.2646	-3.2882	0.3379	-1.3872	-4.3791	-3.3459	-1.0943	0.5185	-2.7917	-12.9517
-8.7000	-1.6159	0.2088	-2.7964	-3.4913	-2.4640	-0.8899	0.3140	-3.3420	-11.1616
-7.4355	-2.9008	0.0216	-2.4832	-2.6054	-3.1179	-1.9583	0.6555	-2.0921	-8.5644
-10.2288	-3.4304	0.1100	-2.3748	-3.2046	-1.2883	-1.8450	-0.0845	-1.2269	-8.9354
-8.0317	-3.4569	-0.0190	-2.4741	-3.4611	-2.9710	-3.5254	-0.1038	-1.7108	-11.1987
-11.0598	-1.9562	0.7872	-1.6188	-3.1960	-3.4370	-1.9205	0.7644	-2.7649	-12.9878
-7.4007	-3.0400	0.6202	-1.4947	-3.2983	-2.5700	-0.3059	0.7576	-3.8490	-13.4124
-9.6820	-3.9321	0.6509	-0.9358	-2.2771	-2.8362	-2.8180	0.2062	-1.9346	-7.7404
-9.3666	-1.9654	-0.0949	-2.3755	-2.9254	-2.2220	-2.1890	-0.1717	-1.7044	-6.8243
-6.8478	-3.1583	0.5647	-0.9040	-2.6619	-3.8900	-1.4435	0.9554	-1.9483	-8.6821
-6.9968	-3.2030	-0.3083	-1.6261	-2.7243	-2.9681	-2.1099	-0.0846	-3.0599	-7.2483
-9.1366	-3.1893	0.0199	-2.0135	-1.9909	-1.7651	-2.7304	-0.2069	-2.9913	-9.5721
-7.1658	-2.0923	0.9050	-1.7226	-3.0304	-3.4988	-2.1728	-0.2516	-3.0936	-12.3658
-9.5940	-1.7244	0.4039	-3.0164	-4.1185	-3.2707	-1.3520	0.6529	-3.8820	-7.5153
-10.8729	-2.8342	-0.2830	-1.8341	-2.3476	-3.9760	-1.6419	1.2805	-2.0181	-10.4197
-9.2269	-3.1458	-0.1961	-1.6515	-2.1497	-3.8790	-1.0630	0.5241	-2.9436	-7.7667
-7.0130	-3.7196	-0.7002	-0.9678	-2.0390	-3.2932	-2.6049	0.2262	-1.6616	-10.4635
-7.0085	-2.2809	-0.0230	-1.0549	-3.0758	-2.3968	-2.0598	-0.3515	-2.8819	-8.6337
-8.3060	-2.7592	-0.2642	-1.6452	-1.8005	-3.5234	-2.0204	0.5675	-2.3379	-7.6686
-10.2747	-2.2136	1.1099	-1.6420	-3.5288	-3.3643	-1.8855	0.6677	-2.2762	-8.4517
-8.0942	-2.3272	0.6176	-1.5642	-3.2805	-3.3941	-1.2305	0.9474	-2.9722	-7.6993
-9.1245	-3.5712	0.9059	-1.8280	-5.8003	-1.7834	-1.0587	-0.2505	-3.0741	-10.9819
-9.7079	-3.1004	0.6198	-1.2900	-2.6184	-4.0191	-2.0592	-0.1293	-1.9676	-7.8400
-8.9750	-2.3155	0.0856	-1.4764	-1.8981	-1.8160	-1.8073	-0.2295	-1.8026	-11.2250
-10.1704	-1.9001	0.4249	-0.9961	-2.4313	-2.9218	-1.8277	-0.1199	-2.6187	-9.2374
-6.9184	-1.9161	0.3473	-2.0592	-3.7647	-4.0980	-1.4387	0.9897	-2.6744	-13.6487
-7.5696	-1.4005	0.2335	-3.2260	-2.3715	-1.5735	-1.2802	-0.1873	-2.9765	-8.5491
-7.3334	-2.1693	0.3214	-2.7084	-2.5331	-2.2135	-2.0965	-0.4974	-2.6862	-8.6221
-8.8696	-3.0386	1.0342	-1.5923	-5.1406	-1.6282	-2.0682	-0.7317	-1.7530	-9.2900
-6.0931	-3.7609	0.9090	-1.7495	-3.1873	-1.6057	-1.3919	-0.1647	-2.5886	-10.1146
-8.8818	-3.4345	0.5398	-1.6792	-5.2799	-4.1935	-1.2399	0.4139	-2.9254	-13.2769
-9.4909	-1.3931	0.5472	-2.1557	-2.7887	-2.8475	-0.8102	0.0358	-3.2298	-9.5514
-6.2804	-3.5076	-0.6153	-1.6662	-2.7984	-2.2803	-1.6202	0.5663	-1.2587	-9.1664
-10.4498	-2.6017	0.3003	-2.3498	-3.6477	-4.2941	-1.5469	0.8015	-2.5138	-9.8517
-9.9343	-2.7607	0.8918	-1.3886	-4.0856	-2.7139	-2.2542	-0.2184	-2.5026	-9.2634
-9.0179	-2.0754	1.2134	-2.3264	-4.2566	-3.1062	-1.7900	-0.2216	-4.4775	-8.9621
-12.2299	-3.4968	0.7895	-1.1169	-2.5710	-2.6322	-2.9719	-0.0996	-1.6944	-8.3709
-6.3828	-3.8185	0.1918	-1.9360	-3.2870	-3.9866	-2.9514	0.9138	-2.0799	-11.6034
-8.5361	-1.2231	1.1092	-3.3585	-2.3585	-1.4899	-2.7209	-0.7724	-2.4136	-7.2509
-8.0397	-3.0568	0.5967	-2.4489	-4.2252	-4.0051	-2.0378	0.8507	-2.7396	-10.0484
-8.3117	-2.8203	-0.2307	-1.2154	-2.2739	-4.0434	-1.4851	1.0032	-2.9478	-11.5617
-7.6969	-3.1296	-0.0764	-1.7673	-2.7542	-2.9783	-2.0723	-0.3383	-1.9340	-7.1516
-7.1232	-3.1788	0.3607	-1.6703	-3.6133	-2.8031	-2.7800	-0.2828	-1.2742	-7.0546
-8.0769	-3.2570	0.3590	-2.6319	-3.0922	-3.0515	-1.1732	0.1450	-3.4271	-10.0939
-7.0968	-2.4563	-1.0045	-4.4388	-2.8760	-1.8756	-0.7555	0.2477	-2.0555	-7.0035
-5.2957	-2.1600	0.0965	-1.4751	-2.8874	-2.5721	-0.8410	0.0660	-3.7624	-6.9530
-9.6357	-2.4829	-0.1832	-2.6948	-1.9649	-1.2988	-1.1158	0.0304	-2.3507	-7.3640
-8.4493	-1.3895	1.0319	-2.2511	-1.6524	-2.8498	-3.3897	0.1951	-2.6215	-8.1686
-7.1994	-4.7380	0.0169	-1.8569	-2.2200	-3.7342	-1.8807	1.4101	-2.6418	-10.5335
-7.7803	-2.2358	0.1317	-1.4012	-2.3436	-2.7441	-1.4634	-0.2850	-5.4117	-7.7175
-11.3780	-1.4158	-0.3224	-3.0483	-2.9893	-2.1389	-1.4945	-0.1119	-3.4154	-7.4781
-12.1898	-3.1382	0.0986	-1.5623	-4.4182	-3.9431	-0.4488	0.6061	-3.1843	-12.6809
-11.3966	-3.0567	0.6975	-2.1319	-3.1348	-2.1162	-2.1394	-0.4886	-3.4129	-9.3350
-12.9691	-1.9501	0.8731	-2.4002	-2.3135	-2.4623	-3.2083	0.2521	-2.0330	-8.3340
-8.5762	-1.4511	1.3694	-1.4586	-3.3126	-4.1171	-1.9761	0.0635	-1.6345	-6.5851
-8.3739	-1.9895	0.9521	-1.6143	-4.3789	-2.8151	-0.5503	0.4678	-2.0729	-8.5169
-7.3268	-1.6615	-0.1903	-2.0847	-2.3306	-2.3665	-1.6643	0.4957	-2.6330	-8.5169
-8.8047	-1.5937	0.9794	-2.9724	-3.6189	-2.8638	-1.4955	0.6966	-4.2085	-10.5631
-9.0514	-4.4690	-0.0404	-1.4470	-2.7600	-2.6015	-0.8909	0.4857	-3.4432	-11.3833
-11.0887	-1.4070	0.3209	-2.9238	-2.8099	-3.0310	-1.2994	1.5153	-2.2850	-10.8342
-11.0564	-3.5488	0.2796	-0.6305	-2.3630	-3.7444	-3.0525	0.0348	-1.9315	-8.4593
-9.8086	-2.0957	-0.8949	-1.9872	-2.7364	-3.8612	-3.5999	0.3173	-1.5379	-9.1328
-11.2863	-2.7490	1.7182	-1.0638	-4.7424	-4.1814	-2.1610	0.2899	-2.4518	-7.3959
-11.2607	-2.7511	0.9945	-2.1791	-3.8120	-1.9688	-2.9694	-0.8773	-2.7528	-7.6922
-9.3424	-1.9885	1.3004	-2.0277	-3.6452	-2.6603	-2.8877	0.0091	-1.5578	-8.4873
-8.1303	-2.8707	-0.4091	-1.6431	-2.0654	-3.3304	-2.9682	0.1820	-1.4844	-7.5908
-9.7118	-2.0906	0.1837	-1.7092	-2.4404	-2.0337	-2.1729	-0.0593	-1.9485	-7.5997
-9.0625	-3.0360	1.3713	-0.5765	-3.9361	-2.3921	-1.8484	0.7063	-2.0949	-12.0095
-8.4626	-3.9632	-0.3021	-1.9852	-1.7707	-1.3035	-4.0845	-1.1068	-1.5784	-6.9031
-9.7605	-1.5110	1.3920	-0.6269	-2.9049	-2.6351	-2.3630	-0.7953	-1.3462	-7.7237
-7.5531	-2.0351	-0.1922	-0.7301	-2.5114	-1.9857	-1.3275	-0.3374	-1.9257	-9.1950
-8.2020	-2.5749	0.4598	-1.3015	-2.9523	-3.8605	-2.8677	0.2713	-1.8594	-7.1539
-8.4640	-3.5387	0.3548	-1.8257	-3.3626	-2.0600	-1.6274	0.3540	-2.7925	-12.9066
-13.9665	-2.2321	1.3774	-2.4482	-4.5504	-3.0556	-2.6689	-0.1301	-1.1859	-6.6507
-11.0487	-4.3894	-0.0384	-0.3587	-1.9618	-2.7901	-1.6860	0.7249	-3.9880	-8.2275
-9.2433	-2.4683	0.8994	-1.9748	-3.8533	-3.7182	-1.4479	0.7957	-3.0211	-10.1212
-11.6317	-1.8896	0.7950	-2.4813	-4.4042	-3.9177	-2.0749	0.4250	-2.5369	-9.0454
-10.0923	-2.0972	-0.6336	-2.2277	-2.3247	-3.6020	-2.1872	0.4263	-2.2098	-8.8405
-5.2028	-0.9843	0.5263	-2.8256	-3.9557	-2.8106	-1.3942	0.2588	-3.2313	-10.7902
-7.4318	-3.7305	1.1520	-1.1244	-3.9917	-2.8820	-1.1198	0.3678	-3.8689	-10.2675
-8.7245	-2.3940	0.8370	-2.9317	-3.3249	-2.0143	-2.0473	-0.5118	-1.9644	-8.3116
-8.8834	-1.4443	-0.1311	-3.0543	-2.7349	-2.1732	-1.3058	0.6832	-2.4094	-9.5920
-10.1379	-4.4106	0.7183	-0.0757	-2.4636	-3.7802	-1.9628	0.8116	-1.5310	-5.6751
-7.0280	-2.3768	-0.6736	-1.8342	-2.3981	-2.2894	-1.7257	-0.0329	-3.4298	-9.5433
-10.2012	-3.8038	-0.1055	-1.3284	-0.5602	-1.2647	-3.1471	-0.3444	-2.5615	-6.4971
-8.2742	-3.9298	0.2111	-0.9353	-2.5659	-4.5156	-3.7743	0.3626	-1.7360	-8.2182
-11.4088	-3.3078	0.1809	-2.4444	-3.6836	-2.9612	-0.7079	0.6918	-3.5454	-12.6487
-9.6958	-1.6889	0.6669	-1.4841	-3.6847	-3.2411	-1.0909	0.2502	-2.3054	-10.1127
-8.3760	-3.5506	0.1823	-1.3997	-2.1925	-3.2755	-1.9139	0.1147	-2.8133	-11.4602
-6.8720	-3.7226	-0.8140	-1.1247	-1.6587	-1.4238	-1.0398	-0.0683	-2.3412	-10.2244
-5.7658	-1.1032	-0.0979	-2.1722	-3.1846	-2.5957	-0.8249	0.5307	-2.8720	-7.9562
-6.7858	-2.5980	-0.8690	-2.7194	-2.6477	-1.6277	-1.7936	0.2911	-2.2710	-9.3431
-7.0565	-2.3234	-0.2635	-1.8072	-2.0342	-1.2339	-2.0573	-0.2820	-2.1827	-10.7012
-6.2364	-1.9375	0.1911	-2.1801	-2.3977	-1.9174	-2.1337	0.9598	-1.6427	-11.7130
-10.0048	-2.1602	-0.2686	-1.4375	-2.3336	-3.2433	-3.0572	0.5423	-2.3444	-9.2084
-9.4283	-2.5664	0.0269	-1.8687	-1.9940	-2.8615	-1.0192	0.3921	-2.3252	-7.6551
-8.4284	-2.7823	-0.8221	-1.6419	-2.4683	-2.0633	-1.3673	-0.1477	-2.9674	-10.1038
-10.1723	-1.9472	0.3907	-2.5157	-3.8512	-3.3648	-2.1056	-0.7445	-3.0934	-7.7239
-8.8479	-3.3896	0.6039	-1.0365	-3.2667	-5.5750	-3.2303	0.7671	-1.3414	-10.7324
-9.2509	-3.3855	-0.3750	-2.0908	-2.2331	-3.0853	-1.8725	0.5659	-2.6936	-9.5533
-12.6718	-2.3166	-0.5232	-0.9887	-3.3916	-2.8377	-1.6605	-0.7132	-2.7306	-6.9875
-8.0676	-3.5254	0.3463	-1.7415	-2.1924	-3.2025	-3.0905	-0.1498	-2.0102	-8.5551
-8.8539	-3.1754	0.5228	-1.7848	-3.9043	-3.2452	-1.4064	0.7489	-3.7760	-5.8954
-9.4175	-2.6993	1.2455	-1.7807	-2.5416	-3.3064	-2.5276	0.9593	-3.1198	-7.9248
-9.3957	-2.5400	-0.2471	-0.9986	-1.8679	-2.4827	-1.4365	-0.2219	-2.8342	-8.4446
-9.2900	-1.7051	0.8506	-2.4261	-2.7342	-2.2282	-1.2934	0.2074	-4.0997	-8.9387
-7.3934	-3.6000	-0.5076	-1.5519	-3.1863	-3.0766	-1.0447	0.1298	-1.5771	-6.6498
-8.1503	-2.2519	0.7179	-1.3554	-2.4080	-2.9494	-3.0356	-0.3525	-3.0975	-9.7645
-10.3186	-2.7696	1.7157	-0.4857	-3.8126	-4.4815	-3.2309	0.8880	-2.0921	-11.2618
-7.4214	-2.3214	0.1259	-1.7407	-2.7899	-2.7377	-2.0337	-0.3408	-2.8770	-10.0793
-11.5897	-1.9947	1.1206	-2.4815	-3.8837	-2.1495	-1.3747	0.0544	-1.6505	-6.5534
-9.7491	-2.6262	0.5361	-2.8094	-2.0567	-1.6353	-3.8908	-0.6902	-2.5077	-6.9748
-11.7604	-3.0566	0.3772	-2.0747	-3.0260	-3.0298	-2.0822	0.5318	-1.7464	-10.4904
-9.9320	-3.3456	0.5292	-2.3485	-3.4412	-5.1996	-3.0320	1.2638	-2.5964	-11.0873
-8.8530	-2.5440	0.1246	-2.8764	-3.0151	-1.9245	-2.1641	0.3267	-2.0634	-7.3907
-6.6704	-2.0628	-0.2610	-1.3478	-1.9837	-3.0898	-2.1327	0.4787	-2.9455	-7.4880
-6.0138	-2.1948	-0.6317	-1.7726	-3.3990	-3.1994	-0.9993	0.5395	-3.1826	-9.1970
-10.8237	-1.9674	0.9106	-1.6596	-3.4380	-2.9327	-1.4279	-0.6932	-4.7755	-8.0234
-10.9605	-2.3321	0.5036	-2.0938	-3.0796	-2.8315	-2.6945	0.0899	-2.6028	-8.8745
-8.6894	-2.2951	0.7912	-2.4036	-3.8699	-2.3804	-0.6216	0.0368	-2.6409	-10.4424
-7.1600	-3.4541	-0.1586	-1.3144	-1.9899	-3.3248	-2.4117	-0.2395	-2.8540	-7.8066
-7.8300	-2.4593	-0.4473	-1.9264	-2.9468	-3.5668	-1.4607	0.3571	-2.4434	-8.7560
-9.8785	-2.0902	-0.0501	-3.3044	-3.6511	-2.3761	-1.1717	-0.6650	-3.0637	-8.7604
-7.5563	-2.7480	0.4703	-0.5047	-2.3238	-2.9151	-1.5515	0.6179	-1.1120	-6.9790
-10.0162	-1.5513	-0.1761	-2.7825	-2.4164	-1.9804	-0.7963	0.0049	-3.0334	-7.9990
-8.9489	-3.2888	0.2161	-1.2783	-3.6287	-2.5162	-1.3389	-0.2210	-2.6876	-8.8899
-8.1380	-2.2367	-0.8355	-3.5459	-2.5112	-2.2553	-2.1361	0.0081	-2.7398	-13.4351
-10.1938	-2.1947	0.0908	-2.4449	-3.4058	-3.2842	-1.6312	-0.1901	-1.9460	-8.7998
-9.3869	-2.0963	0.5395	-1.6032	-2.9621	-2.4856	-0.9528	1.3079	-1.5500	-9.5582
-10.1756	-3.7618	1.4158	-0.4562	-4.5536	-1.6589	-1.3746	-0.9366	-3.0345	-6.6111
-8.7191	-1.3778	0.1100	-2.3502	-5.1937	-4.0531	-0.2931	0.5853	-3.6938	-9.4226
-11.0986	-3.3673	0.1681	-0.9768	-1.6349	-2.8939	-3.2775	-1.3928	-2.0586	-5.5030
-5.6433	-2.5360	-0.0124	-2.5939	-2.3079	-2.6293	-2.5157	0.0909	-2.1264	-9.8616
-9.0674	-3.0586	0.8036	-1.5288	-3.3870	-3.4335	-1.5684	0.4306	-2.9107	-8.0043
-8.9880	-2.9060	0.7810	-1.3151	-3.9222	-3.4653	-2.3091	0.6015	-1.3266	-10.9666
-12.0712	-3.4664	-0.6968	-0.8365	-2.0699	-3.2244	-2.4556	0.2041	-3.5350	-8.7930
-5.6036	-1.6474	-0.2477	-3.2921	-2.3766	-1.7563	-1.1562	0.3599	-2.9948	-11.9793
-9.8160	-3.5267	0.4668	-1.4892	-3.9044	-2.5714	-1.6192	0.8786	-1.7235	-10.4438
-7.5351	-0.9540	0.9168	-2.1080	-2.5471	-2.7498	-2.9625	-0.4380	-3.9250	-9.8111
-7.5136	-2.0599	0.5391	-3.5584	-4.7304	-3.0489	-1.1327	-0.1879	-3.4339	-10.3938
-7.0810	-1.9239	0.5346	-2.2728	-3.5788	-2.7178	-2.5015	0.1676	-2.3361	-9.7859
-8.1910	-2.7133	0.3257	-1.3200	-3.0764	-2.2392	-1.7582	-0.1241	-2.0690	-9.9957
-9.6099	-2.1665	-0.2156	-2.8299	-2.8607	-3.2893	-2.4365	0.3994	-2.6428	-9.5565
-9.1471	-3.5464	-0.0796	-2.5111	-2.1342	-3.4160	-2.7687	0.6324	-2.0322	-9.2694
-9.9463	-4.1304	-0.0552	-1.5085	-3.2825	-2.2567	-2.2955	-0.4887	-1.9317	-8.5715
-9.0148	-4.2683	-0.8943	-1.9947	-2.7606	-2.7979	-1.3725	0.6917	-2.6144	-8.7069
-7.1943	-2.7610	0.2136	-2.2382	-4.0170	-2.8287	-1.2998	0.0150	-3.2072	-6.9042
-9.4316	-1.8412	-0.0263	-0.6088	-4.0047	-3.5073	-1.5531	0.5081	-1.6066	-7.6109
-6.1967	-2.0660	0.0618	-1.6304	-2.7320	-3.2496	-2.1990	-1.1056	-2.8776	-8.2739
-9.2756	-2.9576	0.3864	-2.8027	-2.1822	-1.9093	-1.8542	0.4070	-1.9865	-7.3482
-10.1920	-2.4191	0.3509	-1.5353	-3.2850	-3.8516	-1.2933	0.6132	-2.5810	-7.3113
-10.9748	-2.4745	0.3058	-2.1731	-2.8548	-2.3718	-2.7187	0.9578	-2.2500	-9.7700
-9.0007	-2.8890	0.2514	-1.7042	-2.8694	-2.9983	-1.5548	0.2691	-4.7337	-9.3110
-6.0801	-1.2374	0.5931	-2.9723	-1.6154	-2.1439	-1.8653	0.2965	-2.5004	-7.4465
-9.1390	-2.9252	-0.3185	-2.3092	-1.9609	-2.4755	-2.1832	0.2574	-3.7152	-8.6885
-12.3956	-2.9291	0.2728	-2.0285	-3.5687	-3.7622	-2.2150	0.3665	-2.4963	-8.6169
-5.4140	-2.2327	-0.2600	-1.7064	-3.4338	-2.9312	-1.3053	0.4122	-2.3778	-7.3859
-10.5846	-2.0250	1.2388	-2.0228	-4.6981	-2.4180	-1.8560	-1.0966	-2.9155	-8.0213
-9.5682	-2.0483	1.1201	-0.2564	-4.2734	-6.0893	-1.7806	1.0455	-1.7876	-8.0664
-9.6119	-3.8696	0.3100	-1.7053	-2.0707	-3.9061	-2.6479	0.2060	-2.4553	-7.6452
-11.5108	-2.5705	0.0082	-2.0144	-1.7540	-2.5604	-1.6034	-0.2367	-3.7138	-9.5047
-15.5514	-2.1199	0.6255	-1.7489	-2.6047	-3.2940	-3.4854	0.2526	-1.0975	-7.7518
-9.4303	-3.2116	0.2138	-2.4508	-2.6318	-3.7880	-3.1753	0.1175	-2.7818	-9.3446
-8.8675	-2.9863	0.6335	-2.7642	-2.9902	-1.4225	-1.1869	-1.0014	-2.4306	-8.2441
-8.8320	-3.1295	0.6114	-2.0769	-3.2270	-3.3277	-2.4845	-0.1307	-3.4464	-9.5923
-9.6567	-1.9200	0.8838	-2.1212	-4.2529	-2.5566	-1.6713	-0.7328	-2.4295	-7.7643
-9.2672	-2.1213	0.3726	-1.7538	-1.8594	-2.4251	-2.5587	0.1045	-1.8189	-9.3107
-8.1114	-3.6181	-0.2000	-1.7792	-3.1172	-2.8829	-1.3372	0.7093	-2.7347	-13.8798
-7.3916	-4.8042	-0.1133	-1.1804	-1.9666	-2.8890	-2.2526	-0.8596	-2.4708	-8.6478
-12.7103	-2.9138	0.4504	-1.9031	-4.2514	-3.3186	-2.1023	-0.5831	-3.1880	-6.9872
-7.7248	-1.3738	0.4854	-3.3007	-3.3053	-2.1494	-1.3858	1.0355	-2.5774	-8.8525
-13.0932	-2.1894	0.8304	-1.0367	-3.5294	-5.3718	-2.5093	0.0065	-3.5388	-8.8622
-7.4810	-2.1505	-0.6373	-1.4054	-1.6341	-3.5271	-2.5384	0.4728	-2.9167	-7.6790
-6.9302	-3.3225	0.2029	-1.3433	-3.0213	-3.5256	-1.4431	-0.1992	-2.7119	-8.8577
-7.5560	-2.7606	-0.8352	-2.4549	-1.5276	-1.9143	-0.5835	0.9248	-3.1926	-9.4995
-8.8719	-2.0902	1.3717	-2.4056	-5.9345	-5.3808	-0.6417	0.5372	-2.9810	-10.5310
-10.5357	-4.4591	-0.2369	-0.5663	-3.2375	-3.8135	-2.1985	0.2902	-1.9454	-10.0451
-6.7220	-2.8549	-0.4411	-3.1871	-4.3463	-3.1134	-0.8305	0.6073	-2.7105	-10.7819
-11.5085	-2.6945	0.7823	-1.9804	-3.6693	-3.1017	-1.1982	0.7223	-2.3818	-7.5254
-7.9179	-2.2712	0.2471	-3.3260	-2.9695	-1.6985	-1.1028	0.3316	-2.8250	-9.2016
-7.8053	-2.3903	0.2378	-1.4952	-2.9164	-3.1635	-1.3679	1.3650	-1.7508	-11.5984
-7.8402	-2.3420	-0.2700	-2.3993	-3.4340	-2.8091	-1.8670	0.2269	-1.8547	-9.1708
-7.9184	-2.5722	0.0925	-1.1861	-3.1932	-2.3964	-2.5080	1.1481	-1.3042	-9.9288
-8.8624	-3.1428	0.3340	-2.1883	-3.0925	-2.7459	-1.1904	0.7474	-1.8506	-8.6263
-11.1179	-2.0120	-0.2408	-1.8197	-2.9315	-3.6677	-1.9488	-0.2392	-2.4079	-8.3933
-7.0714	-3.7608	0.0176	-0.8798	-2.4636	-3.6535	-2.4885	-1.3007	-2.4536	-7.6863
-7.6761	-1.6705	0.2173	-2.6975	-3.2402	-3.7811	-2.1235	-0.2056	-2.2508	-8.9116
-6.8275	-2.9252	-0.1970	-1.9726	-1.7761	-2.3794	-2.4201	0.0781	-3.4940	-8.4061
-9.7599	-2.5288	0.3684	-2.5056	-3.8058	-3.0491	-1.2968	1.1902	-2.3750	-9.1308
-10.6594	-4.4289	1.1059	-0.4468	-4.7768	-2.6333	-1.2204	0.4866	-2.4219	-9.4574
-7.8481	-1.5673	-0.7506	-3.2526	-3.5745	-1.6241	-0.8443	-0.6985	-1.7345	-8.3663
-9.0709	-3.5429	0.2236	-0.4543	-1.6439	-2.9750	-0.8788	0.3226	-2.1869	-7.4862
-7.2019	-1.5488	0.6000	-2.5401	-3.7344	-2.6837	-1.4996	0.6989	-2.2983	-8.3750
-10.6948	-2.4870	0.2284	-1.8252	-1.4910	-2.0468	-2.5631	-0.2778	-3.5263	-7.1093
-14.4118	-1.4555	1.0842	-1.6534	-1.9340	-2.5013	-1.7064	0.5274	-3.0999	-11.7746
-8.1496	-2.2149	0.3529	-3.9786	-6.1800	-2.4252	-0.9551	-0.3302	-4.0752	-9.6879
-12.1165	-3.0375	0.6784	-0.2401	-1.5268	-3.0125	-2.2854	0.0816	-2.7218	-9.2407
-7.0397	-2.5128	-0.4892	-1.1026	-3.5063	-4.6946	-1.2473	0.3502	-4.7414	-9.5568
-10.4195	-3.0474	0.3354	-2.5316	-3.9120	-3.9288	-1.6714	0.6140	-1.5970	-6.9800
-7.8132	-3.5530	1.0742	-0.6015	-4.1326	-3.6017	-1.4620	0.0442	-3.6279	-10.9944
-7.5671	-1.6734	0.6017	-2.9871	-3.1565	-4.4106	-2.0335	0.7710	-2.8049	-11.6044
-7.1415	-2.9299	-0.2935	-1.8996	-1.8814	-2.6898	-3.4499	0.0916	-3.3241	-8.5942
-11.2852	-2.8164	-0.4575	-1.6398	-1.8789	-2.8687	-1.8024	0.3770	-2.6651	-7.2360
-8.8434	-1.5650	0.5243	-1.7489	-2.2561	-2.2825	-1.7294	0.5507	-3.2646	-8.1546
-13.7028	-2.5197	1.4523	-1.4056	-4.3003	-4.0043	-2.2133	0.4773	-2.3102	-8.5707
-9.5644	-1.2183	0.2146	-2.6321	-4.1974	-2.4864	-1.3998	-0.6469	-2.2425	-7.9755
-6.9135	-2.2579	0.2464	-1.7064	-2.3217	-2.3226	-2.1296	-0.8904	-2.1242	-10.0764
-10.7075	-1.5274	1.0361	-2.7203	-3.8616	-2.9797	-0.8578	1.0735	-2.8344	-8.3730
-9.1494	-3.3713	-0.5511	-1.3728	-2.3800	-2.6329	-1.8248	0.1697	-3.1045	-8.8923
-7.3704	-2.6821	0.0170	-2.7212	-4.0160	-2.0971	-1.0803	-0.2800	-2.7765	-11.5576
-8.9569	-1.5550	0.6581	-2.9129	-2.9034	-2.7652	-1.6998	0.8399	-2.7320	-8.4073
-7.6060	-2.1494	-0.0995	-1.8606	-3.8191	-3.3474	-2.5660	0.7121	-1.3446	-6.8640
-12.3875	-3.2460	-0.5858	-1.3711	-2.1345	-3.4694	-1.7029	0.4035	-3.2628	-6.5892
-6.4014	-2.3221	-0.4918	-0.9300	-1.7208	-2.1576	-1.9303	0.8521	-1.2190	-9.1571
-7.9031	-2.3431	0.4495	-2.5307	-3.6937	-2.9638	-2.1466	-0.0596	-2.5940	-9.5518
-12.0838	-3.0582	1.2320	-1.5188	-3.2076	-2.0399	-2.5841	-0.0523	-1.5850	-12.9814
-8.4407	-1.5469	0.2111	-3.2837	-3.2976	-2.3216	-1.3037	-0.5645	-2.5774	-5.1552
-6.3920	-2.8426	-0.8840	-2.5615	-1.7250	-2.3948	-2.1808	-0.3274	-2.9416	-6.8479
-11.4742	-2.9470	0.9130	-1.7404	-4.3124	-5.2364	-2.4559	0.5483	-2.5549	-10.2841
-11.1704	-2.7753	-0.3398	-2.9896	-2.8463	-3.7498	-2.3079	0.0964	-2.3071	-8.8095
-9.9459	-1.8872	0.9767	-1.9525	-3.3920	-3.0352	-2.4980	0.5425	-1.4023	-10.5970
-8.0041	-1.7507	-0.0593	-2.1402	-3.3524	-2.4090	-1.5142	0.2091	-2.5779	-10.9725
-8.6612	-2.8179	-1.0334	-2.9140	-2.4510	-3.0382	-1.3310	0.0867	-2.8580	-6.6219
-10.3293	-4.8523	-0.0845	-0.8970	-2.3535	-3.9654	-3.1219	0.1677	-2.7044	-8.0944
-9.5245	-2.4079	0.2108	-1.4956	-3.4305	-4.3996	-1.2514	0.8088	-2.0134	-8.5581
-7.3132	-2.0400	0.4549	-1.9825	-2.7633	-3.3756	-1.6340	0.9264	-2.2636	-9.4739
-7.4156	-2.5332	-0.8669	-1.3237	-1.4367	-3.4123	-2.6843	0.4688	-2.9510	-8.3431
-6.0731	-2.5973	-0.6196	-1.8397	-3.1593	-3.3480	-1.1141	0.3019	-3.6829	-9.7610
-9.5560	-2.6742	0.5927	-0.6583	-2.3400	-3.2720	-3.4777	-0.2555	-1.5894	-6.8535
-10.3359	-1.3662	1.5239	-1.4712	-3.6092	-1.7466	-1.5588	-0.1986	-1.8082	-6.8223
-10.0596	-2.2128	0.4932	-1.5310	-3.5360	-5.2879	-2.6400	0.1530	-3.1146	-7.9294
-5.5399	-2.4905	-0.6053	-2.4481	-2.3796	-3.7215	-1.2953	0.9443	-3.0782	-6.8396
-9.9204	-3.4931	0.7900	-1.3996	-2.5515	-2.4978	-3.7587	0.0270	-1.3321	-7.1518
-9.1918	-3.4783	0.2965	-2.1638	-3.4612	-3.9386	-1.0876	0.6213	-3.4307	-10.3270
-6.6876	-2.4840	0.3481	-1.5919	-3.2757	-1.9825	-1.6038	0.9354	-2.4208	-7.9720
-8.9009	-2.9388	0.1858	-1.9224	-3.0342	-2.4291	-2.6907	-0.3184	-3.1865	-8.6563
-7.9266	-3.1125	-0.0920	-2.8353	-4.0537	-3.0160	-1.1416	0.6480	-1.7574	-9.4911
-10.7173	-4.1691	0.7091	-1.1619	-2.8842	-2.4285	-2.8264	-0.3158	-2.4879	-7.0819
-10.6350	-3.3008	0.0513	-1.4505	-2.4966	-3.0780	-1.8701	0.5063	-2.9034	-8.3615
-8.3290	-3.8232	-0.5559	-1.1013	-3.3398	-3.3850	-1.4447	0.6435	-2.6322	-10.5390
-11.7207	-3.9805	0.4312	-1.1652	-2.8749	-2.6389	-3.4828	-0.1790	-2.2903	-9.4050
-7.2967	-4.4668	-0.1602	-1.2053	-2.6790	-1.5075	-0.5194	0.5663	-3.5527	-7.6974
-9.2388	-4.2625	0.9579	-0.6274	-4.9185	-5.5555	-2.1485	0.4474	-2.6697	-10.4488
-8.6482	-1.7675	0.5551	-3.0585	-3.4311	-1.9525	-1.5376	0.4120	-2.4156	-11.5816
-10.1378	-1.9672	0.6048	-2.3958	-3.5749	-2.0073	-0.9646	0.2358	-2.9338	-9.1634
-8.8368	-2.6366	0.3666	-2.1023	-3.3822	-3.1009	-2.1306	0.1976	-2.4336	-8.9835
-8.4093	-2.5136	0.1106	-1.8528	-3.7606	-3.1132	-1.3519	1.0378	-1.6409	-13.2565
-7.6737	-3.7651	0.2876	-1.3921	-2.8383	-3.6139	-2.2603	-0.1355	-3.0917	-12.0180
-10.2683	-2.4224	0.5720	-2.1862	-3.6652	-2.9953	-3.5659	-0.3229	-1.5301	-10.7224
-8.7030	-1.8478	-0.2673	-1.1972	-1.8103	-3.6839	-2.2971	-0.0559	-2.5596	-7.8540
-8.1963	-2.7365	0.1220	-1.4109	-2.8007	-3.2431	-3.4122	-1.5474	-1.6283	-6.0453
-6.2621	-2.0141	-0.9727	-1.0293	-2.3972	-3.0802	-3.3281	-0.5130	-1.5138	-7.4969
-9.1856	-3.2902	0.6587	-1.6999	-1.7313	-2.7912	-3.1160	0.6056	-1.8614	-8.3123
-9.0423	-4.5206	0.9145	-2.1275	-5.0062	-1.8887	-1.2282	0.0589	-3.5968	-9.0022
-10.3063	-3.1292	0.4763	-2.0204	-3.7000	-3.2781	-2.3299	0.3649	-1.6511	-9.7570
-8.7546	-1.3722	0.1784	-2.8820	-3.1496	-1.4642	-1.6718	-1.3218	-3.4980	-8.6878
-7.4308	-2.0947	0.5621	-1.9212	-2.9107	-2.5898	-1.5582	0.5393	-1.7211	-7.2508
-10.2571	-1.7825	0.9719	-2.3668	-3.0669	-3.4741	-2.0547	0.1420	-2.4607	-10.2510
-8.0588	-3.6266	-0.3396	-2.6029	-3.0834	-2.6274	-1.6508	0.3076	-3.4246	-11.1796
-7.6264	-2.1978	0.8524	-0.9670	-1.7248	-1.5437	-2.3808	0.1958	-2.9608	-11.6362
-8.1693	-2.2921	-0.1737	-2.5256	-3.5218	-2.3374	-1.9896	-0.5061	-2.2654	-6.9922
-11.0947	-1.5309	1.0885	-1.3710	-3.1007	-1.5712	-1.5511	-0.4293	-2.6084	-6.5054
-8.3641	-2.0438	0.1039	-2.5289	-3.5645	-2.7640	-1.6443	0.1646	-2.2553	-10.8737
-7.0518	-2.4194	0.6353	-2.4771	-3.0745	-2.2314	-3.4386	0.0346	-1.2799	-7.8436
-7.8498	-3.9336	0.4138	-1.1141	-2.3578	-2.7998	-3.2273	0.1641	-2.0185	-8.2894
-8.9324	-2.1300	-0.4278	-3.2088	-3.4066	-1.7929	-2.1833	-0.6549	-1.7061	-6.2525
-9.3761	-2.0139	0.5208	-1.8251	-2.6329	-2.0753	-0.5683	-0.0023	-2.2510	-6.7377
-7.7510	-2.3069	0.7755	-1.6813	-3.2059	-3.7054	-2.1507	0.5568	-2.2164	-10.2534
-6.3316	-2.2435	0.1632	-1.6506	-2.3797	-2.2571	-2.3844	0.1617	-2.6387	-7.9188
-9.2054	-1.7292	0.0919	-0.8494	-2.2316	-4.1543	-1.8474	0.9057	-1.2475	-9.0152
-9.5160	-2.6565	-0.5373	-2.5827	-2.8420	-3.0149	-0.6316	0.6781	-2.9863	-7.6088
-8.2874	-2.6354	0.3064	-0.8800	-2.6073	-4.2323	-3.4783	0.3374	-2.1622	-8.8709
-8.8433	-2.2529	1.0571	-2.3535	-3.0266	-2.7379	-3.1633	-0.0008	-1.6163	-6.4779
-7.0538	-1.5034	0.3617	-1.9888	-3.0252	-3.0713	-3.1906	0.1044	-1.6972	-9.0664
-9.2868	-1.8063	0.4142	-1.2889	-2.1167	-4.0619	-2.0291	0.2167	-2.5912	-8.6954
-11.1879	-2.3930	0.7443	-2.1333	-3.6222	-2.8361	-0.5876	0.5101	-3.1757	-10.3265
-7.7549	-3.3948	0.2451	-2.0151	-1.7658	-1.1116	-2.6914	-0.3041	-2.1017	-13.6258
-8.7108	-4.4873	1.0801	-0.6994	-2.7018	-2.7260	-1.2582	0.6596	-2.8765	-10.5047
-6.8620	-3.7171	0.7342	-0.9272	-3.9915	-2.0811	-0.4862	0.1509	-3.5021	-9.3817
-8.5323	-2.4575	-0.1911	-2.2920	-1.9281	-2.9629	-0.9550	0.1858	-3.0829	-6.7485
-8.6479	-1.7664	0.1322	-2.7991	-2.3260	-2.4329	-1.6348	0.9227	-2.5800	-8.1639
-8.1825	-1.8758	0.6018	-3.1651	-3.2911	-3.2033	-2.0180	0.1555	-2.3602	-8.2275
-9.6651	-2.2584	0.1327	-2.6165	-3.2925	-3.0141	-1.6209	0.2645	-3.9877	-7.6036
-6.5537	-2.8824	-0.0688	-2.1349	-4.2270	-3.5694	-1.5686	-0.0247	-3.3512	-8.8664
-10.1785	-2.7731	-0.3680	-1.3651	-2.6791	-2.3106	-2.0106	0.4355	-2.3372	-9.3159
-11.6987	-3.1316	-0.4726	-1.4959	-1.8572	-3.2157	-2.7529	-0.2924	-2.6694	-9.2295
-8.3792	-2.1695	-0.1544	-1.8732	-3.6505	-4.6562	-0.9597	0.6393	-3.8089	-12.6247
-8.8929	-3.5637	0.5941	-1.1078	-2.7548	-3.2552	-2.2458	0.3187	-3.0508	-10.8154
-6.9734	-1.6497	0.3964	-0.2979	-1.1947	-4.0087	-3.0321	0.0633	-2.6691	-8.7810
-11.8588	-2.6853	0.7256	-1.2709	-3.4379	-3.3184	-2.7431	-0.9227	-2.0535	-10.2365
-9.0247	-3.9470	-0.0249	-2.2424	-2.5737	-2.8638	-1.5930	-0.3388	-4.2611	-8.4668
-8.5361	-2.7946	-0.2037	-2.2935	-2.5036	-2.5629	-1.7451	0.5692	-1.5139	-7.1711
-9.8719	-1.9416	0.3097	-1.7057	-2.2669	-2.5659	-2.1957	-0.0233	-1.8576	-8.8821
-11.2352	-3.2001	0.1418	-0.2169	-2.1566	-3.3533	-2.5110	0.1752	-1.6549	-7.2360
-7.1711	-3.7454	-1.3258	-1.6967	-2.5747	-4.7783	-2.8394	0.7181	-2.2484	-10.6461
-8.4395	-3.9098	-0.2856	-1.8940	-3.3475	-3.2719	-1.9594	-0.0680	-2.7971	-11.4875
-9.6354	-2.0579	-0.0722	-3.1059	-1.2566	-1.8750	-0.7264	0.4922	-2.0869	-8.3656
-10.1254	-2.2918	0.4525	-1.1745	-3.5869	-3.5945	-1.9594	0.7082	-1.8188	-12.0982
-6.8808	-2.2166	-0.4866	-2.9408	-2.2948	-2.8265	-2.2946	-0.3687	-3.4763	-7.0070
-12.1498	-2.4939	-0.0481	-2.5540	-3.7567	-3.5011	-1.3584	-0.4062	-4.0511	-10.0893
-9.7804	-3.1869	0.4622	-1.7813	-1.6662	-2.3748	-3.7250	-0.1453	-2.2022	-8.1215
-6.6591	-1.8391	-0.4804	-2.8966	-1.3571	-1.5402	-1.1366	0.3697	-3.5221	-7.0534
-8.5366	-2.1985	0.7276	-1.8769	-2.5072	-3.3977	-4.5451	0.2877	-2.2504	-6.9625
-11.5098	-3.0610	0.1731	-1.3455	-1.8759	-3.4539	-2.2126	0.4677	-2.0781	-8.8294
-5.5881	-1.2888	-0.9422	-1.5393	-2.3684	-2.9879	-1.7520	-1.1254	-2.9358	-7.8256
-6.0689	-2.0404	-0.4699	-1.9880	-3.1619	-1.8904	-1.2571	0.0017	-2.9668	-9.8536
-6.9581	-3.0362	-0.8278	-1.9246	-2.5005	-3.1970	-2.6845	-0.4678	-1.9096	-8.8538
-7.2185	-1.5584	-0.4297	-2.4450	-3.3355	-3.6532	-0.8448	0.5142	-3.2378	-11.7152
-9.7400	-3.7701	0.0792	-0.4914	-2.4607	-4.4865	-1.0584	0.7857	-3.1889	-9.8256
-12.9713	-2.7651	1.0088	-1.3615	-3.1976	-2.7881	-1.5522	-0.5377	-3.9063	-9.7548
-9.4232	-1.2689	-0.2240	-2.7076	-2.8133	-2.9760	-2.5849	-0.0585	-2.1660	-11.5673
-7.4934	-1.8294	0.8408	-1.7102	-3.0386	-2.5555	-4.0518	0.2255	-1.0697	-5.5104
-10.9528	-1.9110	0.3714	-1.4750	-2.5934	-1.9896	-1.8629	-0.6422	-2.5274	-9.5325
-8.7162	-2.2053	0.2260	-2.1885	-3.4786	-2.5452	-0.9433	0.1005	-3.1073	-8.4000
-12.0547	-2.9845	0.3475	-1.2204	-3.5642	-3.8807	-1.3248	0.1583	-2.1421	-10.0371
-8.8464	-2.3873	0.2010	-2.9521	-3.2600	-2.5295	-1.8196	0.6158	-2.9169	-9.8728
-5.8611	-3.0485	-0.4153	-2.7696	-3.5343	-4.0353	-1.9367	1.0663	-1.8231	-9.2855
-7.0536	-2.5402	0.5733	-2.3458	-3.5002	-3.0356	-1.4161	0.2874	-3.6212	-10.3696
-15.2077	-3.2777	0.3745	-0.8205	-2.3533	-3.1020	-1.4823	-0.3933	-2.7195	-6.3485
-8.0025	-2.5550	1.0201	-0.2448	-3.2101	-3.3170	-1.0127	0.1481	-2.3487	-6.8573
-8.3805	-2.8726	-0.1256	-1.0211	-1.9243	-2.7718	-3.2236	-0.2389	-2.4395	-8.7906
-8.1824	-2.7215	-0.0577	-2.2043	-2.5485	-2.4401	-2.2481	-0.5782	-1.6951	-8.6389
-11.4590	-3.0579	0.1507	-1.1774	-1.7444	-2.6681	-1.5112	-0.1589	-2.5598	-8.6970
-9.6417	-2.3126	0.2352	-1.9324	-1.5880	-2.5045	-2.5769	-0.6738	-2.9650	-8.2456
-6.7844	-0.9232	0.2797	-3.1483	-3.1770	-2.4495	-1.6448	0.0327	-1.8637	-6.7730
-7.9070	-3.1223	-0.3126	-1.5952	-2.5728	-2.5664	-2.9174	-0.4189	-2.4185	-8.7794
-6.3959	-2.0137	0.4093	-2.1069	-5.5637	-3.1514	-0.5583	-0.0896	-3.6986	-9.3306
-7.1313	-2.7614	-1.4057	-1.4297	-1.3818	-1.1984	-1.0682	-0.2651	-3.3130	-8.4608
-9.2996	-2.9941	0.2219	-1.4094	-3.3665	-3.8101	-2.0274	-0.6206	-1.4620	-10.3629
-8.7082	-2.9020	-0.6305	-2.3721	-1.6896	-1.7505	-1.2515	-0.0352	-4.5742	-10.6728
-9.9058	-3.2630	-0.0428	-1.3220	-3.2410	-3.7866	-2.0480	0.5959	-1.7925	-8.0410
-9.6081	-2.7392	0.2600	-1.1966	-2.3317	-4.5550	-1.9358	-0.0731	-2.7710	-9.8823
-8.1372	-1.7680	-0.4077	-2.5464	-2.9313	-3.3202	-2.1697	0.3034	-3.8288	-8.9935
-8.0725	-2.7357	0.0648	-1.9418	-2.9109	-4.0199	-1.8624	0.9215	-2.2193	-9.0429
-8.4285	-4.3481	0.0381	-1.2194	-2.6213	-3.0434	-2.4200	0.9167	-2.1391	-12.1688
-8.7065	-2.2286	0.3280	-2.0432	-3.2977	-2.7173	-2.3657	0.5035	-1.9786	-7.5679
-7.9095	-1.6269	-0.3791	-2.6564	-3.8897	-4.2517	-1.0858	0.3669	-3.0099	-10.9605
-7.1598	-1.7637	-0.1275	-1.4322	-2.9847	-3.0118	-0.8852	-0.2849	-2.5499	-9.0470
-6.0796	-1.5404	0.2414	-2.4466	-2.9217	-1.8873	-1.1429	1.1544	-1.8669	-9.1145
-9.3109	-2.7678	0.1461	-1.7423	-2.1365	-2.5631	-2.6042	0.1459	-2.1696	-7.3047
-9.4930	-2.7226	0.9427	-1.6955	-4.7837	-4.4394	-1.9675	0.7764	-2.7698	-12.5367
-8.6168	-3.2278	-0.4952	-1.6795	-2.3506	-2.0208	-2.1123	-0.5264	-2.4904	-7.8444
-9.6476	-2.8472	0.0379	-2.5055	-2.0455	-2.5521	-1.9081	0.9361	-2.3121	-11.3086
-7.5452	-2.2728	-1.1684	-2.6275	-1.0035	-2.1008	-1.2867	0.1395	-3.8301	-6.2353
-7.1704	-2.0625	0.6728	-2.4563	-2.8668	-1.3766	-1.8026	-0.0417	-1.8723	-9.6632
-7.2134	-1.7507	0.2545	-2.1319	-3.2985	-1.9290	-1.5374	-0.8498	-2.4391	-7.1801
-8.4245	-2.4372	0.3800	-1.4232	-2.1113	-2.7825	-2.1920	0.8519	-1.5590	-8.2583
-6.5573	-1.9617	-0.5802	-2.2258	-1.9937	-3.9254	-2.6018	1.0238	-1.2206	-6.9322
-7.0889	-1.1013	0.1618	-2.6258	-3.5045	-3.2497	-1.2228	1.0646	-2.7525	-7.7823
-8.7859	-1.4759	-0.0483	-2.8247	-3.0848	-1.8572	-1.5070	-0.0256	-2.3726	-8.3786
-9.8991	-1.5581	0.8962	-2.8814	-4.9214	-4.1831	-2.9555	0.5059	-2.5381	-13.4207
-9.5192	-1.7097	0.6642	-2.9034	-3.2141	-3.1529	-2.0294	-0.0647	-3.3476	-13.0123
-9.3835	-3.8456	0.6569	-1.0570	-2.5104	-0.6333	-0.7526	0.0680	-3.9859	-9.6763
-9.4240	-1.8010	0.7079	-1.5704	-2.4630	-3.1638	-2.3106	-0.1419	-2.3113	-9.1771
-10.0800	-3.8201	0.5937	-1.4273	-3.3099	-2.8050	-2.1077	0.1796	-2.2304	-7.6365
-10.5312	-3.0982	0.1188	-1.1052	-1.9436	-2.1686	-2.4552	-0.5892	-3.0500	-7.7326
-7.2608	-1.2636	0.0777	-2.8054	-3.1215	-1.8011	-1.1001	-0.3069	-2.3729	-10.8119
-8.8163	-2.1229	-0.2044	-3.0444	-2.4405	-1.5818	-1.7040	0.6222	-3.1406	-10.2527
-8.6279	-2.9130	0.9123	-1.5379	-4.4755	-2.3960	-1.9884	-0.1742	-2.6730	-9.1854
-8.2419	-3.6124	-0.1963	-1.2880	-3.7240	-4.1835	-2.8714	0.7073	-1.3398	-11.0148
-10.0088	-2.1713	0.2856	-2.7614	-2.0049	-3.0810	-3.9414	0.5176	-1.4333	-8.5310
-8.8231	-2.2497	-0.0130	-2.1490	-3.0681	-3.5928	-1.8775	0.0622	-3.9894	-7.6262
-10.5549	-2.1476	-0.6964	-0.9071	-3.2886	-2.7700	-1.3653	0.3155	-1.6810	-6.7194
-10.0056	-3.4073	0.2347	-1.7149	-2.4653	-2.5509	-2.5824	-0.0583	-2.6020	-9.3264
-8.6887	-2.7657	0.2779	-0.9150	-3.3017	-4.6996	-2.2579	1.4368	-2.1412	-10.2621
-9.9727	-2.5521	0.6455	-1.2815	-3.6310	-4.6242	-1.0710	1.2090	-3.4212	-10.6315
-9.0809	-2.8526	0.0309	-2.1381	-4.2937	-3.2441	-1.2474	0.2347	-3.3537	-8.6968
-8.8188	-2.7933	0.3934	-1.2544	-3.6278	-2.7746	-1.8625	0.1889	-2.2665	-10.0363
-7.5605	-2.7304	-0.2320	-2.0209	-2.2988	-1.8770	-0.4948	0.2631	-4.8236	-13.1260
-7.5414	-2.5275	0.7952	-1.2772	-3.5615	-2.0885	-1.7391	0.2078	-2.4768	-11.4308
-9.3950	-3.4390	0.3946	-1.2426	-2.2785	-1.8280	-2.7461	-0.7411	-2.1934	-8.5304
-8.9624	-3.4444	0.1521	-1.9296	-1.8193	-1.3055	-1.9543	-0.1276	-4.2975	-7.7910
-8.4108	-3.1806	0.2864	-2.6594	-2.9032	-3.1333	-2.0339	0.7240	-2.5975	-8.2034
-9.4789	-3.0286	0.6527	-1.2412	-2.0300	-2.5249	-2.8185	0.6856	-1.8245	-9.7722
-9.2783	-2.0452	0.5616	-1.4129	-3.4526	-2.0349	-1.6870	-0.6231	-2.4689	-10.6397
-9.4702	-2.7023	0.4379	-1.7711	-2.8998	-1.5391	-0.6301	-0.1923	-3.0108	-8.6712
-8.0592	-1.3067	0.2119	-2.4091	-2.9829	-3.1819	-2.8204	0.6067	-1.1573	-8.2931
-15.0762	-2.8341	0.7505	-0.9542	-4.2580	-3.8325	-1.7596	0.1394	-3.0978	-6.6717
-10.3358	-1.7980	0.2457	-2.9048	-2.9399	-2.6338	-3.1081	0.0014	-0.9631	-5.9447
-10.3073	-3.0073	-0.2838	-1.7258	-0.8167	-1.6786	-2.3332	0.5226	-2.2922	-6.9506
-8.8476	-3.3013	0.1196	-1.9745	-2.9827	-1.1245	-0.1390	0.2128	-3.2106	-7.2064
-9.6849	-2.0308	0.0688	-2.9257	-2.6049	-1.7453	-1.5312	0.1126	-2.1578	-6.5192
-8.9361	-1.8144	1.1693	-1.7847	-2.6351	-3.2160	-1.8779	0.0618	-2.4090	-8.2670
-8.8474	-2.2784	-0.3731	-1.2885	-1.2464	-2.1374	-3.4052	-0.0618	-3.0879	-6.7716
-9.8543	-2.0519	-0.6935	-3.3166	-2.5989	-2.3012	-2.4232	-0.5637	-2.0161	-7.2726
-8.8968	-2.4422	0.3613	-0.1001	-1.8927	-3.5771	-2.6646	0.5885	-2.0427	-10.0153
-8.3997	-2.5385	-0.2319	-2.9891	-3.6023	-3.0624	-1.4566	1.2485	-2.0526	-8.9313
-10.0967	-0.8853	0.8770	-3.1208	-3.6041	-3.1392	-1.9587	0.2178	-1.8361	-11.7877
-8.0869	-2.8379	1.0165	-1.0320	-2.1537	-2.1848	-2.0478	0.7864	-1.7667	-6.6267
-8.3457	-2.6641	0.0227	-1.7651	-3.0191	-2.2987	-1.1383	0.8739	-2.1147	-7.6464
-8.1323	-3.1418	0.0802	-1.5377	-1.7403	-1.3317	-1.2167	0.6917	-2.3238	-11.2083
-11.1978	-3.2640	0.6343	-0.8273	-2.5804	-3.9511	-2.5346	-0.3832	-2.2378	-9.4190
-10.5762	-1.5652	-0.0384	-3.4843	-2.0841	-2.6942	-1.7931	-0.2070	-3.5229	-13.8339
-7.4956	-1.1635	0.8091	-3.6048	-3.6968	-1.9876	-3.3674	-0.3080	-1.7669	-9.1428
-8.6400	-1.8556	0.1414	-3.0139	-3.5657	-1.7569	-1.4353	0.0285	-2.2144	-9.1067
-8.4517	-3.4733	1.0648	-1.5388	-3.8812	-2.3348	-2.0213	-0.2322	-2.6782	-9.5172
-6.3359	-3.2611	-0.0258	-1.9843	-2.5777	-2.7489	-2.2705	0.5350	-2.2198	-7.2257
-8.9044	-2.8258	-0.0898	-0.9539	-1.9237	-2.4902	-1.3597	0.1779	-2.6755	-8.1465
-8.0566	-2.1609	-0.4253	-2.3958	-2.5341	-1.9044	-0.7315	0.3320	-2.8035	-9.7146
-8.5550	-2.1186	0.3775	-2.1726	-5.9506	-4.9346	-1.1228	1.1518	-3.1226	-8.5755
-7.3366	-2.8229	-0.7029	-2.3226	-0.7613	-0.3814	-2.4191	-1.0930	-2.8485	-6.6303
-10.1138	-2.7145	0.9871	-0.7079	-2.5465	-3.4887	-3.6581	0.9497	-1.9958	-8.2981
-8.6136	-1.7661	0.3105	-1.8079	-2.6177	-1.9553	-1.6205	-0.1909	-2.5655	-12.1178
-11.3676	-3.0630	-0.2437	-1.6786	-2.7386	-3.0883	-2.8675	0.8749	-1.3056	-10.7198
-15.8807	-3.1995	0.5096	-1.8791	-3.3998	-2.2932	-1.5919	-0.5591	-2.8426	-9.9152
-7.4493	-3.2690	0.3595	-0.8413	-2.8631	-3.0212	-2.5875	-0.0106	-3.9682	-7.1418
-7.1308	-1.8647	0.1488	-1.8027	-3.6119	-3.1042	-3.3043	-0.1315	-1.1068	-6.7833
-5.6854	-2.9099	-0.0980	-2.3282	-3.6734	-3.3555	-1.9038	0.0798	-3.1065	-9.8961
-9.1205	-1.1791	1.5495	-1.4756	-4.3892	-3.5311	-0.8703	0.8980	-4.0829	-12.3534
-7.1222	-2.2115	-1.1034	-2.1469	-3.4638	-3.4933	-0.7909	0.3680	-3.6729	-10.1650
-5.9771	-3.1244	0.7909	-1.7685	-3.3449	-2.5995	-0.9836	0.5029	-3.7683	-8.6119
-7.8287	-2.5651	-0.7608	-1.7253	-1.9076	-3.6893	-1.4400	0.0039	-3.1425	-7.9619
-8.1522	-2.2494	0.3626	-1.1212	-2.3613	-3.0925	-2.7379	0.5577	-1.4758	-10.2557
-6.8920	-1.3688	0.3682	-2.9490	-4.2321	-3.2316	-1.7833	-0.6278	-3.1696	-6.6193
-10.0889	-1.8338	0.3876	-2.1046	-2.8052	-2.3499	-1.2225	0.9951	-3.5590	-8.2343
-6.8093	-2.0245	-0.1595	-3.6096	-3.4305	-2.2648	-1.1705	0.3676	-2.2827	-8.7913
-8.8798	-2.7386	-0.1895	-1.2700	-2.4055	-3.0866	-1.9042	0.2166	-2.0155	-7.2592
-10.6210	-3.1704	1.1208	-0.8555	-3.7848	-3.9267	-1.1989	-0.0466	-1.7703	-5.6766
-5.9702	-3.1258	-0.7825	-2.7916	-4.2572	-3.3408	-2.1384	0.8282	-1.7786	-9.1409
-5.9378	-3.5145	-0.1744	-2.6781	-2.9868	-2.7078	-1.3417	0.8877	-2.3045	-7.8979
-8.0842	-1.9953	-0.1699	-2.7417	-3.5939	-2.3692	-1.0471	0.2573	-2.1021	-8.4222
-8.3983	-3.8334	0.4704	-0.5783	-3.1663	-4.8153	-2.6032	-0.0362	-3.0703	-10.5684
-11.0359	-3.1422	0.8040	-1.6089	-5.3853	-2.9739	-2.1629	-0.2956	-2.1289	-8.0340
-9.1500	-2.7741	-0.0599	-1.3366	-2.7091	-4.8764	-4.0148	0.2022	-1.6854	-8.6690
-9.2653	-3.2230	-0.0189	-1.4684	-4.0700	-3.7901	-0.6358	0.6519	-2.6006	-9.2919
-9.5398	-3.7944	-0.0954	-0.5383	-1.5874	-2.3618	-1.7699	-0.4488	-3.2066	-9.3752
-11.0579	-2.2367	0.8658	-1.8101	-2.8961	-2.9804	-2.1181	0.0912	-2.1143	-6.9396
-9.0520	-2.1580	0.9430	-2.1325	-2.9664	-2.4241	-1.2926	0.2127	-2.5019	-10.7496
-10.0381	-2.9383	0.1234	-1.4550	-2.6345	-3.3897	-1.6006	0.3911	-2.7066	-7.5246
-5.5641	-1.6125	-0.0532	-2.6213	-3.9211	-3.0728	-0.2741	1.0828	-2.0637	-13.1157
-9.7653	-1.9286	0.6038	-2.1307	-3.1116	-3.8247	-1.4702	0.4417	-2.7393	-7.6146
-6.8661	-3.9535	0.0142	-0.9248	-2.8843	-4.0912	-1.9593	0.1983	-2.6062	-8.5116
-9.9509	-3.3376	0.6711	-1.2112	-4.7085	-3.9948	-1.5521	0.3281	-2.4586	-9.0821
-12.9180	-3.2931	0.8484	-0.5567	-3.8722	-3.0835	-1.3684	0.4891	-2.4857	-7.4040
-7.5904	-2.5330	-0.0077	-2.1822	-2.1086	-2.6612	-2.6200	0.0652	-2.9590	-8.0054
-14.6531	-2.2585	-0.1150	-2.0488	-3.2789	-4.3706	-2.7539	0.9285	-1.3448	-7.6794
-7.5240	-3.6319	-0.2637	-1.7347	-2.9723	-3.2508	-1.2362	-0.2063	-3.2202	-8.7389
-8.2620	-2.3319	-0.7331	-2.7770	-1.6790	-2.0512	-1.4895	-0.0354	-3.6856	-6.7879
-7.1041	-2.6389	-0.4370	-2.2662	-3.1677	-2.9600	-1.3292	-0.0248	-2.6472	-9.1039
-7.2385	-1.9555	-0.7569	-2.1906	-2.1897	-1.7916	-1.7725	0.1234	-2.5186	-8.2975
-12.2840	-2.5629	1.6905	-0.6299	-4.4717	-5.5657	-2.2149	0.2610	-1.7254	-8.1944
-7.5238	-0.8249	-1.2360	-4.5859	-3.0259	-2.4736	-0.7671	-0.5278	-3.2374	-6.4717
-13.5768	-3.1382	0.6590	-1.4919	-1.9517	-3.4147	-1.8489	0.2838	-3.6810	-7.7649
-10.3759	-2.5940	-0.1813	-1.9136	-2.2310	-2.2737	-2.0223	0.0528	-4.4580	-11.5043
-8.8811	-2.5651	0.1938	-2.1496	-3.9918	-3.3904	-1.3364	0.4386	-3.2603	-9.0113
-7.9259	-2.5135	0.1121	-1.9588	-3.1281	-2.8516	-2.2013	0.3916	-2.4104	-10.2929
-9.5286	-3.1587	0.2861	-1.4137	-1.8055	-2.2749	-1.5265	0.5746	-1.9670	-11.0486
-9.3132	-3.0368	0.4037	-1.6502	-2.0735	-2.9941	-2.7009	-0.1520	-3.0025	-7.5213
-7.9101	-2.7721	0.2157	-1.2564	-2.3690	-2.9801	-0.8770	0.8824	-2.9646	-11.0654
-9.2670	-2.2394	0.0898	-3.4052	-3.1881	-3.5111	-3.0723	-0.2577	-2.2616	-7.3311
-7.2727	-2.7453	0.8879	-1.9669	-2.3901	-2.3303	-2.4437	1.1481	-2.1141	-9.1910
-8.0529	-2.2760	1.2313	-0.8770	-4.8764	-4.5019	-0.0666	1.4763	-2.8266	-8.8542
-8.1868	-3.1702	0.2749	-0.6538	-2.9502	-3.9926	-1.2365	0.5777	-3.9701	-8.8315
-10.9491	-3.1319	0.2102	-2.1536	-2.9037	-2.9315	-0.4078	0.7703	-2.9191	-8.9451
-10.2529	-3.5868	0.3838	-1.0848	-3.6900	-3.9830	-1.2231	0.7863	-1.9298	-12.3614
-9.6707	-2.7317	0.4233	-1.4206	-3.8127	-4.2883	-1.9336	0.1511	-3.7501	-7.8295
-12.1933	-3.6524	-0.0577	0.1674	-1.9436	-4.4374	-2.6502	0.1526	-2.0579	-7.3289
-7.0489	-3.7829	0.5424	-0.8859	-1.9772	-2.0753	-2.2089	0.0984	-3.5620	-11.9465
-10.7291	-2.8853	0.5635	-1.4915	-3.2092	-3.0440	-1.4868	0.7534	-2.5346	-9.1994
-9.4091	-3.7604	-0.2043	-2.9890	-2.4126	-0.5817	-1.2468	-0.1191	-3.4180	-7.9434
-9.6978	-1.9489	0.7657	-1.2659	-2.8040	-3.6701	-2.1055	0.7345	-2.1188	-8.7715
-6.1774	-2.0504	-0.6203	-3.2897	-3.9113	-2.2118	-0.6209	0.5883	-2.8492	-8.1412
-8.9198	-2.7758	1.1183	-0.2926	-2.7393	-2.4999	-1.1961	0.4185	-3.0086	-9.9635
-7.4457	-2.5082	0.0426	-2.0810	-2.4162	-2.0021	-0.4323	0.6802	-4.9726	-10.4714
-9.2090	-3.6033	-0.1842	-0.9695	-1.6100	-2.4937	-0.6848	0.3086	-3.3434	-9.9778
-10.5665	-2.5136	0.3850	-2.4174	-3.1867	-2.3711	-1.2531	0.5090	-2.8944	-8.4789
-8.2478	-2.1416	0.2244	-2.3643	-1.3701	-2.5998	-2.4445	-0.3689	-2.8768	-7.6438
-11.7896	-1.9767	-0.0804	-2.8268	-2.3709	-1.5137	-1.7405	-0.3379	-3.1468	-5.8272
-7.6166	-2.8189	-0.1377	-1.6911	-3.1540	-2.5312	-0.9035	0.1745	-4.1502	-9.8040
-9.8742	-2.4026	1.1086	-2.1268	-4.7999	-3.9770	-1.5490	0.3734	-2.3487	-6.4270
-13.1101	-2.4172	0.4773	-0.6572	-2.4690	-2.8315	-1.5760	0.0441	-2.7582	-9.0815
-8.4698	-1.6424	0.6000	-2.8762	-5.4623	-3.7990	-0.6976	0.2209	-3.2981	-8.1144
-9.4738	-2.4561	0.7659	-1.1431	-3.0441	-3.7398	-1.3391	0.2862	-1.9270	-8.9556
-10.2237	-2.8756	0.5674	-1.4034	-4.4956	-3.3561	-2.1065	-0.3566	-2.5020	-9.3346
-11.8490	-1.6417	0.9313	-4.0708	-3.7576	-2.0553	-0.6769	0.5442	-4.1680	-10.7017
-8.8031	-3.1647	0.4992	-2.3750	-4.8944	-1.8093	-0.9908	-0.0013	-2.6609	-9.8343
-6.7136	-2.5648	-0.0525	-2.3982	-3.0113	-1.8938	-0.8563	1.1444	-1.4750	-11.2097
-8.1855	-1.8926	-0.2568	-2.9299	-2.3044	-2.4824	-1.0442	0.1777	-3.8975	-11.8231
-7.3826	-2.1814	0.3831	-2.7746	-4.2210	-3.6943	-1.6695	0.3517	-2.1299	-7.1448
-7.8687	-1.9844	-0.5597	-3.6465	-1.8161	-0.9605	-1.8373	0.1705	-1.9368	-8.9145
-11.6885	-2.8352	0.1208	-2.2887	-3.3495	-2.7129	-2.0013	0.9344	-2.5699	-8.4868
-9.5456	-2.1871	0.5472	-1.9762	-1.5520	-2.1192	-1.6790	0.3448	-2.7306	-7.7626
-8.7812	-2.8843	-0.1336	-2.2858	-2.3315	-1.8189	-2.4876	-0.0401	-1.8120	-6.9443
-8.6839	-2.3126	0.5978	-1.6962	-3.0269	-2.4543	-1.7386	0.1155	-2.3738	-9.5600
-6.0864	-2.7344	-0.2696	-1.3411	-3.7978	-3.5447	-1.0239	0.7933	-2.0250	-7.7127
-10.2220	-2.8060	0.5408	-1.1010	-4.2144	-3.8883	-1.7525	0.2992	-2.8217	-7.0218
-8.5575	-2.1098	-0.3795	-1.8071	-2.6640	-3.3787	-2.7711	-0.6746	-2.3333	-8.9779
-10.0572	-2.5095	0.4232	-2.0361	-3.0449	-3.2618	-1.7183	0.2923	-1.6712	-8.0160
-9.8902	-2.8395	-0.6188	-0.6575	-3.0923	-4.0413	-2.6054	0.2686	-2.1979	-10.5087
-11.2042	-3.6910	0.1782	-1.6900	-3.2924	-4.4152	-4.1073	0.5358	-2.0868	-8.0112
-10.0395	-2.7528	-0.0806	-1.4043	-2.0306	-3.3435	-2.7724	0.5045	-1.1350	-6.6060
-6.1159	-2.8287	-0.3204	-2.2118	-2.7387	-2.6918	-0.5502	0.6066	-3.0515	-10.4725
-7.8042	-2.8063	0.0883	-2.2797	-3.0373	-2.3353	-0.8139	0.5114	-3.1846	-9.4241
-7.6522	-1.8983	-0.0205	-1.3274	-2.0624	-1.9708	-2.8698	-0.7340	-3.9991	-7.3964
-11.9339	-2.7988	0.6630	-1.0912	-3.0948	-2.9329	-1.5517	-0.3055	-3.3871	-12.3784
-9.4376	-3.2676	-0.1897	-1.9112	-4.8210	-5.8659	-1.5840	1.3234	-2.7872	-12.5022
-7.8922	-1.4819	0.0252	-1.7078	-2.7377	-3.9093	-1.6322	-0.1855	-1.2354	-7.5110
-11.8767	-3.1442	0.4561	-0.9721	-1.4397	-3.3710	-3.0266	1.1461	-1.1966	-9.4011
-9.1521	-3.0968	-0.1264	-2.4166	-3.7439	-2.4992	-1.0816	0.1036	-4.1641	-8.8977
-8.3740	-3.0892	0.2737	-2.8699	-2.7409	-1.3597	-1.2628	0.0459	-2.1993	-5.5277
-8.3409	-1.6452	-0.3363	-2.1784	-2.5134	-2.1812	-0.7360	0.6698	-4.0131	-8.1601
-13.0853	-1.1439	0.5202	-3.4095	-3.3031	-3.0672	-1.6012	0.4099	-2.8841	-8.6366
-9.5801	-4.0307	0.7396	-1.3774	-3.3761	-1.8721	-0.2405	0.9341	-4.7564	-9.3150
-6.5927	-1.9898	0.0196	-2.2004	-2.8417	-2.4570	-1.8508	0.0466	-1.7984	-10.3530
-8.8867	-2.3741	-0.4140	-2.7538	-2.4069	-2.2793	-1.6424	0.8782	-2.2781	-8.9704
-10.0228	-2.5077	0.2335	-1.8791	-2.1205	-3.6935	-1.6504	-0.0275	-3.2389	-9.0177
-8.1768	-1.9154	1.1376	-1.3455	-2.8224	-1.4035	-0.7575	-0.3785	-3.2908	-7.8355
-12.7570	-3.5704	0.6128	-0.2250	-2.9928	-3.1343	-1.5359	0.2024	-1.7600	-9.1348
-10.1947	-4.6353	-0.0102	-0.7801	-2.8359	-3.0931	-1.3926	-0.3498	-3.3284	-11.0340
-7.4630	-2.6776	0.3861	-2.6743	-3.1942	-2.6800	-1.4801	0.6296	-2.3559	-9.8240
-9.1613	-3.2109	0.3305	-2.3290	-2.4551	-1.5090	-2.0147	0.4269	-2.6595	-9.4895
-6.1600	-2.3730	-0.4928	-3.7437	-2.5525	-1.0065	-0.8854	0.2205	-2.0235	-8.8735
-8.7277	-2.3786	0.8158	-2.1270	-2.0284	-1.9698	-2.5101	0.0525	-3.0029	-8.4033
-7.7482	-1.8179	0.5797	-1.8873	-2.4924	-4.0453	-3.8206	0.3339	-2.1074	-7.6650
-8.3757	-2.3885	0.6964	-0.5686	-2.3800	-3.2320	-0.7007	0.0970	-3.2112	-9.2418
-6.4065	-2.8670	0.2215	-1.3680	-3.6468	-3.5155	-0.6074	1.2898	-2.9615	-9.5178
-8.6251	-1.7063	-0.0541	-2.9881	-1.5495	-2.5188	-2.4977	0.9399	-2.7599	-9.4915
-10.3595	-2.5623	0.5662	0.1278	-1.3561	-3.2785	-2.7419	0.0595	-2.2553	-7.2104
-10.9158	-1.5964	-0.0764	-2.5491	-3.4040	-2.9625	-1.8879	0.0794	-1.9036	-7.4256
-8.6777	-3.2125	-0.6478	-0.7143	-1.2961	-3.0896	-2.9994	-0.6605	-3.0012	-8.5723
-10.3791	-3.5257	-0.3986	-0.3344	-2.4859	-4.9807	-1.9183	0.5171	-3.2933	-13.2770
-9.9910	-2.3341	-0.4022	-2.1430	-2.2833	-1.7995	-1.4652	-0.2348	-1.7981	-8.3770
-8.4870	-3.1126	1.2241	-1.3295	-2.9093	-1.9379	-2.0850	0.2612	-1.8398	-9.2003
-7.2554	-2.0965	0.8761	-1.4682	-4.3176	-4.7557	-1.1500	0.0302	-2.9126	-7.3520
-8.5424	-1.5162	0.0301	-2.5559	-2.5916	-2.1841	-1.2723	-0.2641	-2.4319	-5.6642
-6.2652	-1.9466	-0.0645	-1.2537	-2.4842	-5.3176	-2.6462	-0.0217	-2.0050	-8.5854
-9.2378	-1.6495	0.4188	-3.3202	-4.1043	-2.9338	-1.9010	0.6308	-1.8862	-13.1371
-10.0443	-2.6308	0.4749	-2.2742	-3.3448	-2.5618	-2.3845	-0.4129	-2.7816	-8.7147
-10.2606	-1.6297	0.5229	-2.8828	-4.5561	-3.3817	-1.8121	-0.3971	-2.6499	-7.1939
-9.7036	-2.0149	-0.0509	-1.9678	-2.3878	-1.7472	-1.5519	0.1188	-4.1676	-7.0925
-10.2277	-2.3754	0.0337	-2.7246	-3.3329	-3.7982	-1.7394	0.2559	-2.0415	-8.1661
-10.1196	-2.1362	0.8597	-1.7511	-3.4180	-3.6339	-2.2006	1.2631	-1.5129	-11.5576
-7.4964	-3.0635	-0.7681	-1.1315	-1.2208	-1.5205	-2.1300	-0.1632	-2.3247	-10.0544
-11.2098	-2.6851	0.3740	-3.4525	-3.8522	-2.8400	-1.8761	0.6202	-4.1294	-8.5902
-7.4345	-2.4115	1.0623	-1.7573	-3.2265	-2.7554	-2.4780	0.3239	-2.2520	-6.2905
-8.5240	-1.6592	-0.4564	-2.2432	-1.3170	-2.3374	-2.8993	0.3859	-2.6288	-8.9800
-7.1124	-1.4767	-0.1693	-2.9046	-4.1355	-3.9940	-1.3159	0.5563	-2.8758	-8.9787
-10.1895	-1.3626	0.0533	-2.2807	-2.3335	-2.8306	-1.0272	0.3635	-2.7989	-9.3360
-11.6824	-2.2453	0.7993	-2.1081	-4.5278	-2.8365	-1.2699	0.4694	-2.9048	-7.1791
-7.8331	-3.6136	0.4439	-1.3471	-2.8833	-2.5482	-3.2348	-0.5425	-2.0578	-10.5720
-10.0494	-2.8002	0.5837	-2.2482	-4.0957	-2.8208	-2.1758	0.2189	-1.8668	-7.6113
-8.1064	-0.9020	0.0778	-2.0533	-3.8474	-3.1867	-1.4282	-0.0433	-1.8966	-9.1927
-9.7904	-3.3454	0.4469	-1.8562	-2.4619	-2.6432	-1.4680	1.0492	-3.3403	-7.4946
-9.9781	-2.3706	0.5328	-2.6864	-3.1613	-2.4190	-1.5368	-0.6496	-3.3748	-8.1751
-11.7645	-2.6775	0.4455	-0.7939	-2.9296	-2.3832	-1.8322	-0.0364	-2.8644	-9.4897
-9.1665	-2.8029	0.3647	-2.4734	-3.0067	-2.3440	-1.6048	0.3198	-2.7528	-9.4408
-12.0623	-3.2539	1.0723	-1.3066	-3.6933	-3.1653	-2.1096	-0.1073	-2.4629	-9.4226
-8.9124	-1.7000	1.2892	-0.8403	-2.4296	-1.3781	-2.1970	0.2297	-0.7921	-7.1020
-10.2397	-1.5826	-0.4800	-2.1630	-2.3215	-2.2227	-0.7591	-0.0365	-4.8980	-7.5991
-12.7576	-2.1273	-0.0558	-2.6194	-3.0010	-2.3077	-0.9717	0.7444	-2.0304	-6.2439
-12.2426	-2.7571	0.6630	-0.6859	-1.4706	-2.7901	-2.0572	0.4760	-1.5294	-9.0744
-8.6238	-2.9450	0.3009	-1.0430	-3.4243	-3.8840	-1.8081	0.1925	-4.1317	-9.6842
-8.3064	-2.0602	-0.1824	-3.6058	-2.1233	-2.5428	-2.6450	0.4609	-1.9557	-7.7742
-6.3628	-2.3659	0.1726	-1.2194	-2.1490	-3.2122	-3.4347	0.2468	-1.5456	-7.8242
-6.4069	-1.9776	0.5750	-2.4409	-3.4692	-1.9675	-1.3153	-0.2192	-3.1462	-9.3085
-9.1713	-2.5040	-0.3414	-1.8448	-3.5165	-3.1474	-1.7260	0.3581	-3.1823	-8.6470
-12.3406	-2.9185	1.0681	-0.8398	-2.8740	-4.7467	-2.9925	0.1587	-3.7740	-10.6914
-9.2711	-1.9875	0.0536	-2.4332	-2.6428	-1.3369	-1.5928	-0.1902	-2.3535	-9.6598
-9.8032	-3.4546	0.2727	-0.9950	-2.2766	-3.7536	-1.8414	0.7322	-3.2431	-9.8338
-6.6295	-2.5584	0.3215	-4.7001	-6.2035	-3.6076	-1.4028	0.2344	-2.8973	-8.8987
-7.9473	-1.5869	-0.3401	-4.5975	-3.0149	-1.7986	-1.6098	0.7580	-2.3248	-9.5707
-13.4444	-2.5683	0.1768	-1.2719	-3.1677	-3.2173	-0.7460	0.2644	-3.1057	-6.7846
-8.5398	-3.3718	0.7765	-1.4567	-4.2666	-4.0272	-1.8804	-0.2069	-3.9396	-10.2247
-10.2811	-1.4375	0.9389	-1.7947	-2.7201	-3.1664	-1.7497	0.1424	-1.6306	-8.1035
-9.7553	-1.4530	0.6216	-2.2265	-2.9462	-3.6128	-1.4221	0.3653	-2.5172	-10.3055
-10.0718	-2.7569	0.3606	-1.2881	-3.7496	-3.8240	-1.1861	0.4050	-2.7996	-7.0365
-9.1996	-3.5480	0.2572	-0.4100	-2.3704	-2.8076	-1.6951	0.0514	-3.2121	-8.1287
-8.5141	-2.2938	0.2335	-1.3711	-3.0496	-4.5052	-2.0941	0.1535	-2.6702	-8.3418
-7.6207	-3.5655	0.4490	-1.3937	-3.8826	-3.6180	-2.1293	0.0934	-1.6413	-7.7019
-8.9005	-1.1427	0.6371	-3.4261	-3.6817	-2.0504	-0.6451	1.0036	-2.6903	-13.3227
-7.0539	-1.9462	0.5665	-1.4817	-2.7870	-2.9049	-1.7872	-0.6690	-3.2190	-8.0449
-9.0580	-2.0669	-0.2015	-2.0108	-3.1024	-2.1801	-2.9506	-0.5625	-1.6695	-8.9512
-9.8248	-2.7774	0.7191	-2.2378	-3.9052	-2.8735	-1.0605	-0.5488	-3.3575	-9.2311
-15.2551	-2.4894	0.2266	-2.5446	-2.7393	-2.2128	-1.9492	1.1042	-3.6794	-8.9393
-10.5295	-2.9600	0.3689	-1.9847	-3.3892	-4.2823	-1.5672	0.7479	-2.5724	-10.5798
-12.6173	-3.8769	0.7624	-2.1040	-4.3359	-2.4563	-3.9200	-0.6340	-1.0116	-7.4858
-8.3560	-2.6284	0.5351	-0.8168	-1.8907	-4.5655	-3.4745	0.5987	-1.6293	-9.1801
-7.8951	-3.9056	0.2685	-0.8299	-3.2307	-4.7774	-2.6116	0.6785	-2.1975	-9.5799
-6.8977	-2.7502	-0.2863	-4.1321	-2.9581	-2.4775	-1.3701	0.8038	-3.6513	-11.3558
-6.6653	-2.6555	-0.1444	-2.5753	-2.9296	-1.6525	-0.8653	0.0157	-2.7789	-7.1594
-11.3461	-3.3496	-0.3075	-1.9007	-2.6652	-4.9262	-2.6316	0.8927	-2.6351	-10.7989
-10.6795	-2.6400	0.5233	-3.2982	-4.1537	-2.4131	-0.6330	0.5546	-2.5532	-7.9200
-9.4243	-2.3595	-0.1935	-1.7329	-2.2810	-2.8743	-2.6299	-0.1409	-3.1499	-9.9110
-7.4628	-2.4447	-1.2370	-2.8206	-2.4443	-1.9446	-1.4055	0.6466	-2.2258	-11.5325
-10.7297	-2.8495	0.3661	-0.8436	-1.7589	-2.1345	-2.1751	0.1704	-2.9189	-8.7320
-7.0657	-1.3822	-0.3813	-4.0066	-3.3397	-2.4940	-1.5085	0.9094	-3.2096	-9.0280
-8.2163	-3.6382	0.4374	-1.0074	-3.7201	-4.3106	-2.5430	0.4531	-1.7235	-8.5657
-8.7889	-2.9914	-0.1026	-1.5694	-3.3506	-4.1672	-2.0972	-0.1331	-2.7722	-7.4442
-7.9020	-1.9436	-0.3887	-1.7034	-1.8166	-2.9245	-2.4970	0.0284	-2.2230	-8.9299
-9.5605	-2.8442	1.1426	-1.4182	-3.2069	-2.8679	-1.4460	0.1975	-2.3660	-7.7531
-9.1919	-2.1341	0.3623	-1.8989	-3.2177	-3.9599	-2.0059	0.5773	-3.4942	-13.9383
-7.2356	-2.5494	-0.2892	-2.0833	-1.5930	-2.1625	-2.1559	-0.2362	-1.7526	-6.5000
-8.9775	-2.3988	0.0399	-2.2467	-3.3380	-3.7434	-2.8627	0.4455	-2.3540	-9.4931
-8.8290	-2.2549	-0.2340	-2.5038	-3.4080	-1.4692	-0.9353	-0.8858	-3.0752	-8.2655
-10.4732	-2.1526	-0.8060	-1.6968	-1.3104	-2.6587	-2.0640	-0.4803	-2.5719	-6.8177
-9.0725	-2.2322	0.8619	-1.0424	-2.4771	-3.8938	-3.2090	0.4872	-1.7410	-6.7859
-8.0998	-2.5906	0.5443	-1.4201	-2.4556	-3.2366	-3.5976	-0.2882	-1.6722	-8.1134
-7.3825	-1.5957	-0.1686	-2.3802	-1.7423	-1.8527	-2.1728	-0.1121	-1.6529	-8.0702
-8.5119	-2.4474	0.1863	-1.2802	-2.0881	-2.6603	-1.3175	0.5806	-3.1559	-8.9393
-5.8887	-2.7752	-1.4334	-1.7485	-1.4406	-2.9332	-2.0715	-0.1321	-3.1776	-7.2431
-8.8746	-3.2603	0.3439	-1.7817	-2.2297	-2.4030	-1.0536	0.7757	-3.5703	-8.5307
-9.5168	-3.2173	0.3183	-0.8899	-1.6352	-1.6543	-1.4320	-0.8882	-3.3362	-9.9227
-8.1070	-1.2452	-0.8139	-2.8211	-2.6305	-1.6434	-0.1822	0.1567	-3.6447	-6.0438
-10.1022	-3.2641	-0.1750	-1.1513	-2.7072	-3.4448	-1.8311	0.2628	-1.3753	-6.4968
-9.3069	-2.2779	-0.4008	-0.9020	-2.2193	-4.4805	-1.3112	0.6711	-1.9642	-7.8516
-8.9391	-2.7117	0.9255	-0.4975	-1.9404	-2.3760	-1.5757	-0.4892	-3.5545	-7.4338
-10.1037	-3.3968	0.8712	0.1579	-2.0373	-3.8117	-3.6829	0.1664	-1.4278	-8.4819
-7.8120	-1.4288	0.1364	-2.3224	-3.3497	-3.1353	-1.7487	0.9149	-2.2082	-8.3851
-11.8059	-2.8930	0.3834	-1.2291	-4.2582	-2.8682	-0.8517	-0.5532	-4.4922	-10.6475
-8.1140	-3.3320	0.1296	-3.0915	-2.5760	-1.8212	-2.2782	0.0306	-3.2684	-11.4546
-12.2941	-3.2282	0.3786	-1.8099	-4.1850	-2.7014	-0.6420	-0.1377	-3.2583	-9.5264
-9.0029	-2.5437	-0.4960	-1.8650	-4.1826	-3.2524	-2.5125	-1.1269	-1.9908	-6.0909
-9.1017	-2.2139	0.5503	-0.8422	-2.2118	-2.5509	-3.8518	-0.9232	-1.7826	-7.9542
-8.3960	-3.1046	-0.0591	-1.2038	-1.4403	-2.3434	-1.6094	0.1941	-2.3973	-6.6324
-10.0711	-3.0816	0.7208	-1.5720	-3.7710	-3.5860	-3.3130	0.7680	-1.4946	-7.0375
-10.8593	-3.2843	-0.0524	-1.3573	-2.0165	-3.9066	-2.8318	0.5353	-1.7993	-9.5704
-6.0522	-2.4815	0.0835	-2.1334	-3.1003	-2.2544	-0.4903	0.4145	-4.2888	-13.1744
-9.4486	-1.5958	1.1824	-2.6346	-3.6204	-1.9895	-0.6579	0.3896	-2.2475	-8.5410
-11.5427	-2.3892	0.9375	-1.5026	-3.9796	-3.4069	-2.0873	0.3773	-1.8533	-10.0920
-9.4163	-1.9141	0.0999	-2.5689	-3.0847	-3.4397	-1.8621	0.0361	-3.2783	-8.9123
-10.0305	-2.9400	-0.4903	-2.2638	-2.6873	-2.8631	-1.4992	0.7313	-2.1478	-9.9264
-9.0147	-4.5857	-0.2522	-1.5638	-2.6991	-1.8378	-2.7392	-1.0153	-2.6033	-6.5318
-9.6360	-2.1315	0.7571	-1.1829	-2.9660	-3.1610	-2.3491	0.4833	-2.2477	-9.8845
-7.3618	-1.5371	0.4356	-1.5368	-1.9325	-2.2985	-1.1647	0.1211	-3.6492	-9.9995
-9.8176	-3.4451	0.6788	-0.5161	-2.9132	-4.5951	-3.3706	0.5378	-2.0087	-7.7546
-11.9605	-2.4781	1.0179	-0.7334	-4.1179	-4.8390	-1.2772	0.0502	-2.5038	-7.6357
-11.5343	-1.9799	1.0488	-2.9820	-5.0423	-2.8132	-0.9300	-0.0319	-3.8005	-8.2254
-5.8029	-2.6388	0.0931	-0.9741	-2.1706	-2.6472	-1.8666	0.2447	-1.5632	-7.4970
-10.9140	-1.4980	0.4223	-2.3220	-0.6534	-2.0819	-2.0120	-0.3520	-2.9123	-8.2279
-7.9579	-2.0534	0.1525	-3.1851	-4.8709	-2.1317	-0.6789	0.0225	-3.4688	-8.7968
-7.5711	-2.4202	1.0715	-1.0538	-4.0025	-4.5858	-1.8586	0.9611	-2.3440	-11.3019
-8.6283	-3.5733	-0.4152	-1.4346	-2.4882	-2.7867	-2.1130	0.4271	-2.9591	-8.2453
-9.1479	-1.3738	0.0052	-3.6736	-3.6926	-3.6912	-2.4939	0.2448	-1.2465	-9.9574
-6.7404	-2.4819	0.3332	-2.0000	-2.8766	-3.1449	-1.5127	-0.0310	-3.0190	-7.4415
-9.8619	-2.8527	-0.0057	-1.1705	-2.1570	-4.4444	-2.1762	0.7556	-2.0047	-9.6000
-10.0447	-4.1869	0.5157	-1.3411	-3.5101	-3.2315	-1.3525	-0.0102	-2.1600	-6.2586
-7.6414	-1.7564	-0.0225	-1.9013	-2.4845	-1.4354	-1.6734	-0.9577	-2.5097	-8.0171
-8.1639	-3.0044	-0.5670	-1.8369	-1.5025	-2.6045	-1.9407	-0.2690	-2.5215	-8.8280
-8.8085	-2.1038	-0.7294	-3.8164	-2.7263	-2.9012	-1.5805	0.4629	-3.6186	-7.7870
-7.1064	-2.0466	-0.5347	-2.3355	-2.6606	-1.7474	-0.6842	0.8134	-3.1144	-8.4759
-6.9405	-3.4884	0.1705	-1.5228	-2.0735	-3.4773	-3.1821	0.1860	-0.9610	-6.8693
-9.6769	-1.6046	0.8779	-1.5816	-3.3642	-2.3911	-1.2723	0.1087	-2.2981	-7.7115
-7.1305	-3.5705	-0.7392	-1.0581	-1.2716	-3.0793	-3.6842	-0.7204	-3.4509	-6.7093
-10.1859	-1.9591	0.4460	-2.5370	-2.2093	-1.8792	-1.4967	-0.6254	-2.4231	-9.4066
-9.3301	-2.1776	0.2739	-1.7563	-2.8315	-3.5694	-1.5130	-0.4892	-2.7593	-8.2291
-9.1966	-2.9525	0.5903	-1.0571	-2.9253	-2.5951	-2.7524	0.0312	-2.1146	-8.5672
-7.3639	-4.1775	0.1274	-1.3711	-2.5494	-2.8645	-1.9124	0.5401	-2.2049	-7.0443
-11.6954	-3.4410	0.0336	-2.5724	-4.9970	-2.5335	-1.0576	0.5972	-2.7720	-9.2908
-9.8674	-2.9482	0.5557	-1.9317	-2.5760	-3.8539	-2.5968	1.2970	-2.3688	-10.1656
-7.2367	-3.2577	0.4774	-1.4314	-2.8319	-2.4086	-1.3719	0.6224	-1.0209	-8.4799
-9.2872	-1.9946	0.0324	-2.8683	-3.1219	-2.7202	-1.1613	0.9716	-2.9836	-8.4982
-8.8202	-2.5479	0.9777	-1.0827	-3.1751	-3.8562	-1.5160	1.0597	-2.2717	-12.7323
-7.7025	-3.0320	0.9087	-1.2147	-4.0808	-4.4351	-1.8094	0.8644	-1.1629	-9.5957
-7.4364	-1.3019	0.0415	-3.5103	-3.6577	-2.2959	-1.8764	-0.5125	-1.6481	-8.6168
-8.4108	-2.2229	0.5019	-2.3834	-4.4452	-2.9827	-1.2117	0.2938	-2.7590	-9.7239
-8.1094	-3.7660	0.3593	-0.7490	-2.0312	-2.2853	-1.7678	-0.3987	-2.8768	-8.0622
-13.2471	-2.9217	0.3321	-1.1182	-1.4967	-4.7569	-2.9341	0.6050	-2.6967	-8.7003
-7.7245	-4.8720	-0.1990	-0.9620	-2.4156	-1.8528	-1.8098	-0.0805	-1.5049	-7.8806
-9.5400	-2.4479	0.4286	-1.4924	-2.3594	-2.2923	-3.3010	-0.3721	-1.8445	-8.6878
-5.9799	-2.8545	0.6599	-1.7092	-3.3521	-2.7149	-1.1367	0.4742	-3.0319	-10.5577
-7.8318	-2.6711	0.6195	-0.7334	-2.0341	-2.6967	-1.5477	0.2133	-4.1774	-9.3265
-7.6035	-2.3544	0.0188	-2.9482	-2.7889	-2.6929	-1.7750	0.8853	-2.7447	-7.9671
-6.9908	-2.1369	-0.1796	-2.1241	-2.1002	-1.6630	-2.2169	-0.5556	-2.5853	-5.3391
-11.1542	-3.9901	0.1731	-0.3960	-1.4870	-2.3287	-1.9156	0.2292	-3.6598	-9.9789
-5.1590	-2.0904	0.4706	-2.3033	-3.4843	-2.5984	-2.5223	-0.0167	-2.7190	-12.5293
-7.9507	-3.6291	-1.1656	-1.5248	-2.9550	-4.5702	-0.8348	0.6793	-2.8100	-9.5794
-11.7815	-3.5708	0.4953	-1.7500	-3.2047	-2.9519	-1.9774	0.7943	-3.1900	-9.6107
-9.9932	-2.8796	-0.4153	-2.7952	-2.7068	-2.0731	-1.9592	-0.1603	-2.8035	-8.3099
-9.4200	-3.3848	1.0205	-1.5119	-2.4807	-1.9584	-1.9945	1.2730	-2.4057	-8.2950
-7.7511	-2.6465	-1.2806	-2.3425	-1.8514	-2.6745	-1.7972	0.0540	-2.6691	-7.1749
-10.9967	-2.0918	1.0038	-2.4724	-2.7530	-3.3626	-2.9426	-0.0017	-1.7617	-9.6513
-7.3439	-2.0179	-0.7475	-3.2795	-2.2136	-1.1583	-2.2586	0.1387	-3.4292	-8.0804
-8.8246	-3.0204	-0.2767	-0.6155	-2.3307	-2.8136	-2.1480	0.0403	-2.4941	-8.4508
-11.5346	-3.4552	0.8671	-1.8638	-3.8970	-2.7055	-2.0686	0.9206	-2.5746	-13.6016
-7.9193	-1.1321	0.2296	-3.2166	-2.4686	-1.7093	-1.8153	0.3208	-2.6419	-9.5762
-9.4863	-4.0762	0.6028	-0.6466	-2.8860	-2.8875	-2.2212	-0.6436	-2.9754	-6.7447
-7.9956	-4.3100	0.3916	-1.1216	-1.4941	-2.9718	-2.0956	0.2916	-2.4286	-10.1176
-10.0615	-2.8572	0.2254	-2.9649	-2.5401	-2.5083	-2.3287	0.6635	-2.4769	-10.7470
-9.2607	-3.3654	0.8560	-0.7858	-3.5536	-3.1834	-1.9695	0.5247	-1.8418	-10.9013
-7.0584	-2.3216	-0.1444	-1.5234	-2.8889	-4.1708	-0.9138	-0.0052	-4.8935	-8.4122
-5.9975	-2.5022	-0.0205	-1.8468	-2.1027	-2.3042	-1.8156	-0.3337	-2.2006	-9.4060
-11.5693	-2.1109	0.0168	-3.0193	-2.4773	-3.9998	-1.7034	1.0823	-4.4707	-10.4726
-7.1718	-1.6737	-0.0286	-2.2946	-3.3582	-4.7870	-2.9739	0.8833	-2.0555	-8.5838
-9.4771	-4.3515	-0.0791	-2.0353	-3.6923	-2.8139	-0.7708	-0.0446	-3.4441	-8.0582
-13.9128	-2.3238	0.7517	-1.3603	-2.7874	-3.3029	-1.6848	1.0487	-1.4315	-6.8064
-8.2936	-2.4275	-0.5107	-1.9787	-2.1791	-2.7299	-1.0592	0.8554	-2.8771	-8.3954
-6.7936	-2.0757	-0.7852	-1.6801	-2.4019	-3.2948	-2.9725	0.1303	-1.8897	-11.5952
-11.7450	-2.5347	0.9728	-1.0755	-3.5765	-2.9705	-1.5369	0.6068	-3.2462	-11.6584
-5.8826	-1.6347	-0.2276	-1.6295	-1.9238	-4.0214	-1.7910	0.3171	-3.1742	-10.0564
-9.2193	-2.2158	0.4172	-2.9162	-3.0964	-2.2016	-1.8152	-0.1987	-4.4469	-7.4926
-8.9330	-3.9965	0.3095	-0.9289	-1.3715	-3.0498	-2.5430	-0.1546	-2.4269	-6.2255
-12.7035	-1.7247	0.9106	-1.6133	-3.0808	-3.8418	-2.1319	-0.0395	-2.9925	-8.8194
-9.9060	-2.8531	-0.4248	-0.9745	-3.9128	-5.7943	-1.8851	0.4942	-3.0237	-11.2228
-10.4827	-2.6540	-0.3459	-1.7697	-2.8830	-1.8283	-2.3277	0.0337	-1.5187	-9.1044
-11.5037	-2.3307	0.6228	-1.7809	-2.5300	-1.7028	-1.2785	0.0300	-2.8655	-6.4192
-8.4013	-2.4746	-0.4546	-3.6007	-3.3958	-1.8404	-1.5458	-0.3426	-2.4447	-6.8257
-6.6626	-1.7258	-0.0205	-3.0830	-5.1597	-2.5261	-1.4180	-0.6235	-3.3270	-7.3771
-5.9671	-1.9374	0.0181	-1.8341	-2.9134	-2.6329	-2.1654	-0.3445	-2.1679	-7.4804
