-9.7004	-7.5593	-4.5832	-4.6587	-1.5301	1.8531	2.0721	-0.8628	-5.7093	-6.3542	-8.6779	-12.0070
-10.7683	-6.4051	-5.6482	-6.8917	-2.3854	1.9797	2.1157	-0.8797	-6.0271	-5.1929	-7.9324	-14.6685
-10.8126	-9.7741	-5.3380	-6.1600	-1.7099	1.9995	2.0944	-1.8133	-4.3793	-6.2433	-7.1808	-12.3290
-13.1575	-10.9418	-3.9329	-4.3811	-2.3710	2.1840	2.9927	-0.8098	-5.6474	-5.2101	-8.2368	-12.9186
-11.7170	-8.8372	-5.2209	-6.3571	-1.0258	2.5221	1.8551	-1.9456	-5.4387	-4.9669	-8.5460	-12.3442
-11.0148	-5.6898	-5.0560	-6.5166	-1.4719	2.3753	2.4223	-1.0237	-6.5529	-6.5219	-7.3681	-14.5126
-10.9466	-6.9010	-4.2694	-7.7709	-1.0469	2.8169	2.4626	-1.8527	-5.4990	-5.7135	-6.4865	-13.0020
-10.9639	-7.3302	-6.5624	-7.4098	-1.8811	1.9846	2.6763	-0.8381	-5.3869	-3.7639	-6.6816	-11.1156
-15.1536	-7.4160	-5.0554	-6.1359	-2.5761	2.1454	1.8384	-1.7838	-5.1878	-5.7691	-7.5616	-14.9842
-16.1798	-7.4586	-3.9603	-6.4988	-0.9880	2.5603	2.0230	-2.0415	-7.4758	-6.1281	-8.0168	-11.9647
-11.9985	-11.1149	-7.7546	-6.4372	-1.6662	2.0707	2.5303	-0.3655	-4.6112	-5.3033	-8.1630	-14.0968
-15.7747	-8.4707	-5.0624	-7.2613	-1.9492	2.4544	2.1986	-1.7440	-6.4641	-4.7329	-6.3065	-10.5713
-19.8001	-8.5751	-5.7110	-4.8132	-0.9086	2.2531	1.7323	-1.7563	-5.0276	-4.6531	-7.1518	-13.9697
-12.3504	-6.9706	-5.1837	-6.1945	-2.1862	1.8079	2.0616	-1.6916	-5.4727	-5.8439	-8.5705	-11.7766
-13.0870	-9.6136	-4.7687	-5.9829	-2.9216	1.8133	2.1300	-2.1355	-6.2402	-5.2240	-8.4023	-12.3626
-11.1250	-6.6408	-4.3213	-5.2197	-1.7540	1.5944	1.0465	-2.3056	-3.8796	-3.9522	-7.9505	-9.4288
-14.9270	-10.2541	-5.8258	-5.7442	-1.5593	1.8181	1.7290	-2.0194	-5.7027	-4.3830	-5.8657	-11.4565
-11.5764	-8.8450	-4.9246	-5.5401	-1.9495	2.1531	2.2955	-1.1897	-6.1318	-5.6001	-9.9773	-12.0271
-12.3921	-7.6442	-4.5154	-4.9607	-1.8638	1.4500	1.9091	-1.0645	-5.3473	-5.0407	-7.1736	-12.1726
-13.5944	-10.7993	-5.9483	-5.4346	-1.7116	1.7282	2.3618	-0.6210	-3.7883	-5.2373	-8.9502	-12.7732
-15.9389	-8.3269	-5.8698	-5.8533	-0.7443	2.8647	2.3863	-2.2280	-6.0204	-4.9171	-9.3228	-10.3647
-14.8689	-9.1668	-5.3226	-4.9496	-1.4845	1.9578	1.7866	-2.1855	-6.9762	-5.5653	-8.2993	-11.8045
-9.5985	-8.2085	-5.4797	-6.1238	-1.3092	1.5475	1.2567	-1.2459	-4.2346	-4.8151	-8.1362	-12.5540
-10.9558	-9.5647	-6.2437	-5.9948	-0.9903	1.9307	1.7969	-1.5268	-6.1733	-6.5239	-9.8308	-13.9360
-10.7837	-8.0889	-4.9999	-6.3358	-2.3942	1.5575	1.7698	-1.1835	-5.1740	-5.4201	-11.1684	-14.4371
-15.4828	-10.7354	-4.5950	-4.3472	-1.4142	2.1034	2.3507	-1.4280	-7.0343	-4.8437	-7.9184	-10.8548
-13.5185	-5.6504	-5.4987	-7.2940	-2.0958	1.4497	1.5535	-2.0043	-5.4555	-6.5908	-10.5311	-11.6009
-11.8972	-6.7345	-6.0279	-6.9821	-1.5967	1.3237	1.5697	-1.9003	-5.4232	-4.8488	-9.4273	-19.3429
-13.7274	-6.7501	-5.5066	-5.4892	-0.9327	1.9523	1.2996	-2.6297	-8.0885	-4.6840	-7.6185	-14.8725
-13.1420	-8.2429	-5.7089	-5.3026	-1.7495	1.6674	2.0205	-1.1996	-4.9617	-5.6934	-9.1745	-18.6382
-14.6162	-8.3765	-4.9651	-5.6173	-1.8580	1.5349	1.6567	-1.5412	-5.7232	-5.5288	-7.8795	-10.3102
-12.6537	-10.4829	-7.1899	-7.7380	-2.3382	2.1927	1.8442	-2.5548	-6.0838	-5.8395	-9.3415	-14.2647
-12.7603	-6.8255	-5.0368	-3.2301	-0.8932	1.8447	1.4972	-1.7089	-4.9896	-4.5229	-7.3265	-11.3084
-13.2636	-6.4637	-5.7770	-7.3501	-1.4958	1.8315	1.6240	-2.7422	-6.5833	-4.9394	-8.1882	-15.3315
-10.9277	-9.1670	-5.1912	-4.3493	-0.9986	1.8648	1.0791	-1.6607	-3.9307	-4.3297	-8.3927	-14.6244
-11.9638	-8.6323	-3.8867	-5.5495	-1.4889	2.1156	2.1171	-1.9977	-6.2655	-3.3445	-6.0668	-12.0443
-16.0407	-8.1942	-4.6711	-6.1645	-2.3207	1.6385	2.2306	-1.5638	-4.5514	-6.0173	-8.7245	-10.9550
-13.1698	-7.9893	-4.7060	-6.0917	-1.5884	2.0435	1.6526	-2.6622	-6.3747	-5.4381	-7.6932	-14.1516
-13.5102	-8.9904	-5.5399	-7.9312	-2.4849	1.8640	1.4715	-1.7322	-6.7917	-5.1338	-8.1921	-14.0326
-19.4780	-7.4059	-3.8928	-6.5215	-2.0435	1.2336	1.3748	-1.6363	-5.4796	-4.8811	-7.1533	-13.3064
-12.7624	-8.2765	-4.5139	-3.7954	-1.6892	1.4770	1.6020	-1.2032	-4.1394	-5.1325	-6.5620	-10.9809
-10.1093	-7.7152	-4.4166	-5.5664	-2.0323	1.8728	1.9714	-1.0703	-4.9393	-5.6573	-10.9856	-12.5940
-13.3261	-8.1304	-5.3664	-6.5162	-2.0126	2.2477	2.2151	-1.3150	-4.4094	-5.5074	-7.4825	-16.8763
-12.9470	-9.0497	-6.1341	-6.3098	-1.7656	1.2161	1.7821	-0.8017	-7.1017	-5.1920	-5.6733	-8.3596
-14.9603	-8.3248	-4.5920	-6.5043	-2.6638	2.0199	1.6129	-2.3446	-4.0548	-4.2548	-8.3807	-10.9654
-13.8997	-6.8020	-4.5062	-4.5462	-1.4427	2.4319	2.8552	-1.9180	-7.4948	-5.5419	-8.7571	-10.9692
-13.1866	-10.4544	-5.4733	-4.4545	-1.3995	1.7750	2.1190	-0.7902	-4.5414	-4.4272	-7.9017	-14.8077
-13.3897	-9.7793	-4.9102	-6.5037	-1.5658	1.5995	1.1703	-1.8290	-6.6544	-4.8308	-7.1937	-10.1462
-10.5971	-7.4031	-5.0101	-4.8928	-1.4827	1.6036	1.8559	-2.0837	-5.0541	-3.7334	-10.1369	-12.5919
-14.8000	-8.0197	-4.6805	-4.2458	-1.8100	2.1053	2.3699	-1.5853	-4.2584	-4.9603	-7.3002	-10.4830
-10.9802	-7.6041	-4.4259	-5.6305	-1.2825	2.6206	2.1385	-2.3736	-5.3173	-5.2081	-6.4200	-11.3775
-13.7955	-9.2912	-4.1593	-5.1735	-2.3515	2.3874	1.9343	-1.6160	-5.4478	-4.6481	-9.6665	-11.6527
-12.5958	-8.9702	-4.3900	-4.3762	-1.0614	2.0875	1.9963	-1.3412	-7.0573	-5.6871	-6.6144	-14.5116
-11.9750	-8.8385	-6.8061	-5.8993	-2.0732	1.5686	2.1613	-1.7629	-7.4558	-4.7837	-9.1687	-12.0503
-13.5834	-9.6650	-5.8215	-6.8272	-1.7212	1.8436	2.2796	-1.3125	-6.9931	-5.5461	-7.5837	-12.1324
-14.9376	-8.2513	-5.1427	-6.5545	-1.5887	2.4086	2.0048	-0.8301	-4.4510	-5.5411	-11.4014	-13.4890
-12.2127	-8.1734	-4.7983	-6.5002	-3.4087	1.6821	1.3557	-2.4590	-4.6896	-4.1875	-7.0893	-13.0687
-12.7838	-7.8791	-4.7455	-5.1091	-1.9514	1.5105	2.5416	-1.7733	-5.6824	-4.8243	-7.3337	-12.4168
-9.6674	-6.1328	-4.0620	-5.4615	-0.8836	2.3421	1.6137	-2.0849	-5.1414	-5.7297	-8.2178	-15.5349
-16.0149	-6.9520	-5.1582	-8.0503	-1.3798	2.2970	1.7557	-1.2835	-4.3306	-4.5257	-7.9384	-10.3575
-14.1009	-8.5549	-5.3420	-6.2556	-2.0453	2.0450	2.2321	-1.6555	-5.9435	-4.3455	-8.7605	-12.7558
-9.0209	-6.3052	-5.5492	-6.5775	-2.1669	1.4859	2.4402	-0.9890	-5.2937	-5.1793	-7.8461	-11.2820
-12.8302	-7.5906	-5.2822	-4.7378	-2.2435	1.7505	2.2446	-1.4586	-7.8100	-5.2053	-7.8724	-10.4757
-11.2053	-9.1961	-5.2700	-5.8804	-3.2002	1.7899	2.3784	-1.7752	-5.6264	-4.1118	-7.6579	-14.8999
-11.7868	-8.9918	-5.8670	-6.2598	-1.8463	2.3158	2.1826	-0.9090	-4.2655	-4.6848	-6.0152	-11.9250
-14.8044	-7.5995	-5.0085	-4.9451	-1.7214	2.0135	1.9654	-1.0312	-6.9990	-5.8379	-7.0100	-12.0491
-13.9642	-9.8454	-6.6163	-4.2864	-1.0378	1.5897	1.6329	-1.7643	-6.2248	-6.0733	-6.5059	-12.1930
-9.9941	-5.2284	-4.5613	-5.2722	-1.6605	1.8493	1.8219	-2.1049	-5.1675	-6.1323	-9.2628	-11.4949
-10.8594	-9.5789	-4.7877	-6.0976	-2.5938	1.7020	2.0963	-0.9322	-6.0521	-5.7617	-9.1222	-11.2289
-13.2396	-10.0917	-4.6199	-4.6905	-1.4412	2.0253	2.2824	-1.7384	-4.9132	-5.5434	-10.5948	-12.3390
-14.5890	-7.9970	-5.7255	-6.2279	-0.9636	2.4764	2.1673	-1.7331	-6.2092	-5.1715	-10.8197	-17.7540
-13.0481	-7.0428	-5.1183	-4.3404	-1.6241	1.2282	1.8482	-1.8325	-6.5498	-4.5816	-8.4744	-14.0033
-13.2813	-7.8257	-5.5989	-5.1700	-0.5599	2.0220	2.1909	-1.3767	-6.5164	-5.0013	-7.4515	-16.3795
-16.2943	-6.6342	-3.8450	-6.2417	-1.6197	1.9060	1.5919	-2.6794	-5.2866	-5.5419	-9.8322	-11.0951
-14.6796	-9.8588	-5.2140	-5.1133	-1.2343	1.1801	1.2952	-0.9702	-4.8381	-6.1670	-6.5110	-15.5229
-12.6880	-9.0797	-5.3110	-5.3197	-0.8305	2.1111	1.4738	-0.9945	-3.8859	-3.9417	-6.8888	-11.4129
-11.0320	-9.5216	-5.1704	-5.9950	-1.3995	2.4655	1.7990	-2.1690	-5.9169	-6.4138	-10.1229	-11.7849
-11.2382	-8.9308	-5.5149	-4.9878	-2.4157	2.0312	2.1025	-1.4523	-4.6476	-4.9279	-7.9692	-10.3797
-9.6718	-8.0942	-4.9180	-5.7977	-2.7622	2.2496	2.1254	-1.5315	-5.3575	-5.0829	-6.8969	-13.6583
-16.0392	-10.5109	-6.3802	-6.1040	-2.1645	1.9136	1.9876	-1.4119	-5.6648	-5.4212	-8.3299	-13.9013
-17.3661	-7.1798	-5.0043	-5.8606	-2.2386	2.2767	2.2570	-1.6055	-5.4704	-4.9669	-7.1456	-12.0427
-12.3683	-10.2030	-5.8221	-6.0562	-1.7276	2.4064	2.4001	-1.2984	-4.7359	-4.4852	-7.7272	-13.9859
-15.4615	-8.5346	-7.1907	-4.5041	-0.6388	2.4321	1.8349	-1.8357	-6.6328	-4.7149	-6.7483	-12.9131
-17.1491	-8.7023	-6.4349	-4.8023	-0.6183	1.9577	1.9804	-0.7634	-6.0238	-4.7032	-9.9872	-15.2226
-9.7383	-7.6831	-4.6429	-6.8747	-2.0686	1.7011	2.0351	-1.3328	-5.2319	-4.8031	-7.5174	-12.7507
-13.8132	-7.4056	-4.6020	-6.3260	-2.4195	1.5993	2.5300	-1.1964	-7.9408	-5.7568	-6.9801	-18.6883
-13.7876	-9.9836	-5.4283	-6.1823	-2.0172	1.6220	1.4379	-1.2157	-5.8964	-5.8367	-10.2497	-17.3802
-15.5095	-8.1123	-5.4135	-6.2374	-2.1481	1.3141	1.7563	-1.0960	-7.3042	-5.3226	-9.8116	-18.6747
-14.7255	-6.6131	-4.3705	-5.4457	-2.2340	1.1277	2.3858	-1.5221	-7.4722	-4.8341	-7.8603	-11.1091
-12.5813	-10.5406	-5.2998	-6.6785	-2.0597	2.3415	2.8871	-1.3762	-8.9203	-5.3045	-6.6288	-11.1367
-12.6119	-8.8567	-4.0582	-3.1535	-1.3046	2.1209	2.2217	-1.5387	-6.2645	-6.4166	-9.0821	-13.5095
-12.7015	-10.7048	-4.8592	-5.0461	-0.8051	2.4644	2.0822	-1.7394	-4.4565	-5.0784	-8.4735	-10.2205
-14.7797	-8.0015	-5.0297	-5.3036	-1.0131	1.6455	2.0446	-1.2415	-5.6292	-4.9603	-6.6996	-15.5904
-10.0012	-7.0320	-4.5802	-5.0490	-1.7189	1.6727	1.6857	-2.4323	-6.4176	-5.2106	-7.4214	-10.9323
-10.7330	-7.3568	-5.2733	-5.1681	-1.3741	1.7048	1.3331	-2.8078	-5.3511	-5.5349	-10.1595	-11.8201
-12.4506	-7.3288	-4.6796	-5.4309	-2.3927	1.7009	2.1444	-0.8185	-7.5222	-6.4559	-6.1580	-11.4591
-14.6975	-10.6453	-6.0586	-5.2404	-1.2021	2.7522	2.5784	-0.8867	-7.4714	-5.4665	-9.0444	-12.8394
-15.8951	-7.9127	-5.0330	-6.6274	-2.0645	1.7154	1.7714	-0.6157	-4.8607	-6.5930	-8.8486	-10.8387
-10.7887	-7.7527	-4.7319	-6.7350	-1.8714	1.8901	1.3171	-1.5066	-4.4542	-4.8845	-6.9449	-9.7650
-15.2496	-8.5792	-4.6749	-5.3276	-2.0647	1.6146	2.1184	-1.9822	-7.1658	-5.1131	-9.1138	-10.7160
-10.9255	-8.0717	-5.6763	-4.4055	-2.1364	1.5020	2.1595	-0.3681	-4.6672	-5.4604	-8.5539	-11.1057
-10.7564	-9.6950	-5.3745	-5.2100	-2.5451	1.6860	1.6024	-1.1751	-4.2240	-4.8353	-8.0323	-11.3633
-14.0901	-8.3364	-5.4452	-5.1417	-1.6700	2.1763	2.1684	-2.3593	-6.1448	-5.6439	-7.2125	-11.6020
-15.6585	-8.8971	-4.7725	-4.1334	-1.5095	1.7262	1.9349	-1.1551	-4.5181	-4.1012	-7.2449	-12.1328
-15.8676	-6.5561	-5.7446	-7.1489	-0.9094	2.1160	2.3119	-1.9210	-6.5843	-5.9016	-8.0392	-11.4345
-13.6949	-9.6224	-4.8002	-4.9643	-2.6031	1.6749	1.7321	-2.3062	-5.6958	-4.6917	-7.2466	-14.9052
-14.4463	-6.5566	-5.8769	-5.9997	-1.1872	1.8341	1.7464	-2.4030	-6.1237	-4.6051	-7.7956	-11.4704
-12.4072	-12.8500	-6.0317	-4.9252	-1.0687	2.0697	2.0167	-1.6026	-6.7172	-3.8887	-7.6863	-13.7812
-10.5714	-7.7451	-4.7115	-4.9057	-1.4793	1.8827	1.9642	-1.4041	-4.9673	-3.8416	-5.9310	-12.1176
-8.2511	-5.8607	-6.7053	-4.3129	-1.2465	1.6480	1.5317	-1.9952	-6.2823	-5.6221	-7.1508	-12.7694
-11.4877	-8.6809	-5.7832	-6.6152	-1.8836	1.5105	1.5892	-2.1826	-6.2981	-4.7299	-7.4024	-10.9893
-11.5383	-7.7109	-5.6940	-5.3987	-2.9413	2.0806	2.4907	-2.0210	-8.7305	-6.0158	-6.9302	-10.6230
-11.3328	-8.0540	-4.8732	-5.5217	-2.5059	2.2098	2.3708	-1.6647	-6.0676	-5.2452	-8.8170	-10.9425
-12.9297	-6.3673	-5.0825	-6.0248	-0.9808	2.1221	2.2586	-1.1202	-4.6688	-4.3376	-7.0984	-11.8121
-12.0735	-8.1127	-6.3883	-5.2755	-1.3539	2.2267	1.8535	-1.8142	-5.5510	-5.4141	-8.5190	-12.6417
-15.1502	-7.9070	-5.8091	-5.9823	-0.7042	1.8232	2.0062	-1.8014	-5.3372	-4.3336	-8.3508	-15.1275
-9.2078	-6.5201	-5.8282	-7.3475	-1.8280	1.5421	1.5222	-1.2903	-5.3747	-5.5565	-8.1182	-9.0527
-17.8939	-8.3844	-6.6805	-5.3512	-1.1597	0.9643	1.3480	-1.0052	-5.1273	-5.8941	-8.0055	-12.3520
-8.7101	-6.4998	-6.6071	-5.3867	-0.5308	2.1123	1.2246	-2.5535	-5.0721	-5.4365	-9.9634	-11.9645
-10.3018	-7.4787	-4.9105	-5.2128	-1.2885	2.4921	2.2213	-1.9763	-4.8921	-3.9322	-8.2181	-11.5668
-11.6288	-7.4798	-5.1325	-5.0347	-2.6170	0.6701	1.8105	-1.3884	-5.2022	-4.1307	-9.1093	-13.6776
-11.5662	-8.2143	-5.3487	-4.9012	-2.1901	1.4574	1.8657	-2.3827	-4.1362	-4.6587	-8.8478	-9.2460
-10.7552	-8.3482	-5.5689	-3.9469	-1.3957	1.5401	1.5670	-1.3751	-5.5562	-4.9206	-9.8416	-16.5067
-12.7253	-7.5774	-5.4645	-7.7400	-1.1840	2.7699	2.4882	-1.3623	-4.9976	-5.9234	-10.3562	-13.1613
-10.3216	-8.3221	-5.5568	-6.1673	-1.8773	1.9464	2.0250	-1.8375	-5.3733	-4.2511	-8.0785	-11.5030
-10.5510	-5.4954	-3.8102	-5.2583	-2.3431	1.3081	1.8839	-2.8497	-5.4686	-4.8061	-7.6924	-14.1621
-13.0716	-7.1510	-3.9779	-5.7579	-2.0388	1.5606	1.8086	-1.4115	-4.6746	-4.4978	-10.7103	-13.7531
-11.4747	-7.6176	-4.1924	-5.5168	-1.3598	2.8276	2.5479	-0.3129	-5.5116	-4.8441	-7.4595	-13.4207
-13.5927	-7.7583	-3.5140	-3.8675	-1.2427	1.7501	1.5307	-1.3606	-5.4376	-6.1687	-8.2989	-10.6626
-15.1092	-8.0050	-5.4426	-4.9077	-1.7786	1.8513	1.6965	-0.8427	-3.9950	-6.7845	-8.9964	-11.8306
-10.9543	-6.5159	-3.7943	-4.6197	-1.6183	1.7233	2.2674	-0.7844	-4.3852	-5.3014	-8.7009	-10.7419
-12.0134	-8.4037	-4.5652	-7.8504	-1.8104	2.0622	1.6648	-1.8322	-6.0193	-5.1425	-8.0075	-9.8870
-18.6974	-8.6431	-5.5750	-4.6737	-1.0400	2.1268	2.3082	-1.6601	-6.9023	-5.1971	-9.5875	-12.3789
-11.0591	-6.7764	-4.6687	-4.1554	-1.6160	1.6250	1.4508	-2.5323	-5.3473	-4.8797	-8.8034	-8.9531
-12.2537	-7.5807	-4.8282	-6.9065	-1.8043	1.3377	1.3501	-1.5688	-5.7874	-5.5420	-7.8306	-11.9079
-9.8252	-5.9809	-5.6031	-7.4208	-1.3761	2.2184	1.3102	-2.2273	-6.6968	-6.1039	-6.6100	-12.4810
-13.8122	-7.0570	-3.9708	-5.1153	-1.5272	1.8176	2.3078	-1.1261	-5.5929	-5.1991	-7.6912	-13.2626
-12.8118	-8.8377	-5.0275	-3.5163	-1.7581	1.6095	1.8919	-1.6656	-7.2827	-5.3265	-7.3481	-14.7216
-10.8520	-7.2510	-4.7265	-5.7681	-1.2566	1.6151	1.1306	-2.5646	-5.9300	-5.5769	-7.6828	-15.9699
-14.2159	-7.7951	-5.5318	-4.1333	-0.8100	1.5395	1.9131	-1.4162	-6.2914	-7.2067	-10.2058	-12.5330
-12.7170	-7.7804	-4.7385	-6.2214	-0.9822	2.5925	2.3893	-0.8689	-4.9910	-4.4931	-9.4398	-9.5076
-14.5758	-7.2638	-4.5554	-4.2076	-1.9028	1.4073	1.3324	-2.9909	-5.8024	-5.9766	-6.8060	-10.8888
-9.4391	-6.7044	-4.7434	-5.4666	-1.8960	2.0369	2.1342	-1.1985	-4.1088	-4.3803	-6.9629	-12.1054
-9.9121	-9.3131	-5.7983	-5.8188	-1.5875	2.1191	2.0062	-2.1298	-4.9836	-5.1921	-6.8584	-14.7554
-16.4006	-7.9469	-4.9287	-4.9505	-0.3606	2.2803	1.9306	-3.1030	-7.8967	-4.8595	-7.8462	-15.3779
-13.3418	-7.7772	-4.1096	-4.7736	-1.8522	1.8126	2.1255	-1.7174	-7.1906	-5.6825	-8.4039	-15.0520
-10.1806	-9.3029	-5.5637	-5.6809	-2.4021	2.0391	2.3347	-2.2524	-6.5681	-3.9463	-7.7954	-10.0539
-15.6275	-8.1316	-6.2196	-5.3487	-1.7970	1.6221	1.0156	-1.9907	-4.5071	-4.3493	-7.1091	-20.1221
-9.2909	-8.9712	-5.2103	-4.5259	-0.8908	2.4360	1.9373	-1.0659	-4.3460	-5.5028	-8.7363	-15.1466
-13.9810	-5.5115	-4.2332	-6.4810	-1.3420	2.0103	1.9901	-1.5302	-4.9256	-4.3473	-7.5152	-8.9227
-13.2317	-7.2853	-7.1475	-7.0869	-1.3540	2.6729	2.4637	-1.0275	-3.8552	-5.9248	-11.0610	-13.2780
-11.8559	-6.4850	-5.8441	-5.1162	-0.8403	1.9408	1.8786	-1.2259	-5.4996	-5.1787	-10.0335	-13.7324
-16.7378	-7.0350	-4.2929	-6.3029	-1.0625	1.8498	1.7044	-1.8391	-4.9713	-4.4300	-8.0544	-11.4694
-13.6026	-7.5221	-4.6267	-6.3194	-2.6926	2.6165	2.5321	-0.7503	-4.7573	-5.5224	-8.4668	-10.8467
-10.5703	-7.2419	-5.7520	-6.0567	-1.3516	2.3966	1.5962	-1.4146	-3.8524	-4.0009	-9.4781	-18.2886
-12.4450	-7.4551	-4.9690	-4.9234	-2.4776	1.1620	1.6551	-1.7183	-5.4901	-6.1833	-6.4710	-11.0603
-15.5007	-11.1612	-6.2908	-6.0725	-1.4194	1.7386	2.1341	-1.2826	-7.0001	-5.3798	-7.9819	-12.8347
-12.3985	-7.3676	-4.1811	-4.7885	-1.9772	1.6205	1.8302	-1.6749	-4.6513	-3.9364	-7.9896	-13.6946
-13.1575	-7.9972	-5.8378	-5.9605	-1.7945	2.4301	2.2495	-2.4244	-6.8015	-4.5068	-8.0233	-12.6468
-13.8482	-7.0683	-4.1922	-6.1688	-2.6973	1.6241	2.0496	-1.2684	-8.0826	-5.5786	-8.4142	-15.6853
-13.5022	-11.3568	-5.4457	-5.9317	-1.4788	2.6101	2.2388	-0.6543	-3.7691	-4.9358	-9.6984	-11.2928
-16.5146	-9.4551	-6.0546	-5.9612	-1.1838	2.4331	1.8993	-1.5191	-4.9832	-4.7705	-7.8236	-11.0420
-10.6738	-8.6349	-4.7830	-5.0847	-2.4456	1.6539	1.8328	-2.2688	-5.8805	-3.7119	-6.5020	-16.9477
-14.3799	-8.2795	-5.1979	-4.0782	0.1985	2.0124	1.4388	-1.2646	-5.3925	-5.8452	-10.7018	-15.4401
-13.3337	-7.5931	-4.2695	-5.5737	-2.3643	1.2566	1.9787	-1.4955	-5.0414	-5.5260	-9.9374	-11.7511
-14.4738	-8.7381	-4.7770	-6.4147	-0.9303	2.6946	2.4633	-1.2614	-3.7580	-4.8027	-7.9195	-14.2720
-12.2119	-10.7697	-6.9637	-6.4164	-1.3261	2.0326	2.2063	-1.9500	-5.3700	-3.9959	-7.2706	-14.8618
-14.3906	-8.2042	-4.8278	-6.7453	-0.1827	2.9253	1.9147	-1.8930	-4.5078	-5.8886	-8.4226	-9.4315
-9.7036	-6.7642	-3.7354	-4.5604	-1.8087	1.5348	1.4473	-1.3941	-5.5381	-5.4228	-6.4276	-12.9234
-11.7584	-9.4624	-5.6783	-5.5971	-1.1496	2.0119	2.4023	-1.0605	-5.8947	-5.0174	-7.7895	-13.9135
-12.4373	-7.1410	-4.5805	-6.1216	-2.7025	1.6915	1.4087	-2.0090	-5.4548	-4.8861	-6.3422	-10.6856
-10.7203	-8.7729	-5.3159	-5.7234	-1.2221	1.7328	1.5381	-1.3913	-5.8508	-4.7929	-8.1781	-12.7328
-10.3560	-11.4069	-4.3280	-5.4092	-1.8199	1.8530	1.7718	-1.1899	-5.8279	-4.2672	-5.8259	-14.2357
-16.6844	-9.6646	-5.2539	-4.8885	-1.2569	1.9827	1.9581	-1.1433	-5.8337	-5.6862	-8.7351	-12.8543
-12.7909	-6.2023	-4.3112	-6.8591	-1.5377	2.6532	2.8447	-1.5300	-4.6872	-6.3822	-10.9370	-13.3883
-14.0315	-8.6261	-4.3399	-6.4717	-2.9888	1.2971	1.8078	-0.7395	-5.7362	-5.4584	-7.6286	-12.9688
-12.6255	-8.0406	-4.8558	-5.2906	-2.9838	1.7242	1.9052	-1.4741	-5.8333	-4.7192	-7.0962	-12.4669
-12.5794	-6.3766	-5.7155	-5.8427	-0.9455	1.8755	2.0064	-1.3630	-6.1244	-5.7881	-9.2708	-12.7124
-11.4960	-9.7632	-5.1328	-5.3550	-1.7509	1.7753	2.3534	-1.2116	-4.9161	-5.0236	-8.2150	-15.4270
-12.9251	-6.9649	-4.9359	-6.9212	-2.0383	1.6113	1.5907	-2.0719	-4.7171	-4.8755	-9.4885	-14.3236
-13.9028	-6.4632	-4.8896	-6.1073	-1.4389	2.0773	2.4406	0.1060	-6.0705	-4.9915	-7.6195	-13.9812
-13.1400	-8.5469	-4.3945	-5.1291	-1.5814	1.9320	2.2967	-0.9975	-4.0250	-5.4926	-11.0680	-12.8287
-12.1717	-9.4041	-6.1948	-6.0915	-1.2714	2.1565	1.8105	-1.0212	-5.2695	-6.2818	-10.1787	-13.2295
-13.7643	-8.6717	-4.8293	-6.6670	-2.4044	1.8811	1.7468	-2.7252	-5.9984	-4.7662	-8.4637	-15.1636
-11.7686	-10.5574	-5.6885	-5.7112	-2.3092	1.6438	2.3557	-0.2557	-5.5614	-6.3075	-11.7803	-15.4710
-12.1502	-6.0970	-4.9235	-6.3921	-1.2026	1.7593	2.2449	-1.3926	-5.4061	-5.5362	-7.2420	-13.3905
-15.0494	-11.0384	-6.7194	-5.4087	-0.9643	1.8158	2.0970	-2.5406	-6.7800	-5.4058	-9.8521	-11.7340
-10.6550	-8.1234	-6.7379	-4.5518	-1.7825	1.6428	1.6498	-2.2210	-5.9945	-3.6841	-7.6290	-10.8693
-13.0243	-10.2332	-5.0705	-5.7103	-1.3620	2.1192	2.2880	-1.1712	-6.3431	-6.8385	-9.0665	-17.7030
-15.1549	-9.1708	-5.2907	-8.3657	-2.2658	2.3535	1.6138	-1.3997	-3.8652	-4.6688	-8.9411	-12.6541
-16.7198	-9.0721	-6.4067	-9.0816	-1.6970	1.7469	2.0164	-1.3882	-6.5099	-4.4852	-7.8128	-13.6703
-13.7603	-6.4130	-4.9522	-4.8991	-0.9995	1.4805	2.2266	-1.7940	-7.1504	-4.8063	-6.5996	-12.8066
-13.2589	-8.5224	-5.1195	-6.5344	-1.2741	2.2003	2.5713	-1.3890	-6.5121	-6.2265	-8.6738	-12.3854
-13.0748	-7.5745	-4.3937	-4.3220	-2.2045	1.2739	1.7439	-1.8267	-5.6107	-4.9715	-9.0128	-11.1914
-14.5723	-9.1954	-5.9609	-6.4722	-1.2715	2.0825	1.7643	-2.1693	-6.3440	-6.5880	-7.3737	-9.2140
-12.3061	-6.7429	-5.9121	-7.3310	-1.6321	2.2726	2.0549	-2.3105	-6.7830	-4.7256	-6.0825	-11.3859
-11.9077	-6.7773	-4.5926	-6.1640	-1.3423	2.3222	1.9971	-0.7709	-5.7582	-5.7804	-8.1794	-11.3903
-11.6788	-7.8706	-6.0581	-6.6034	-1.0524	2.3390	1.8480	-1.3878	-4.5429	-4.0172	-6.9363	-9.6838
-14.3458	-8.3837	-4.4392	-5.2950	-1.5113	2.0942	1.7249	-0.8310	-4.3385	-4.3903	-7.6168	-11.5387
-11.6721	-9.1664	-6.5192	-6.1976	-1.4237	0.9510	1.1802	-1.4215	-5.3441	-5.7368	-10.9406	-17.0126
-11.8113	-8.1028	-6.2733	-6.0531	-1.4064	2.0628	1.0294	-1.7576	-4.2596	-6.4216	-11.2591	-10.3534
-8.3993	-6.1667	-4.4063	-6.6223	-1.4757	1.4337	1.6781	-1.2782	-4.3819	-4.0851	-9.3020	-13.5423
-11.1919	-5.2825	-4.2785	-3.5598	-1.3281	1.9086	1.4922	-1.5836	-4.4233	-5.0585	-9.1329	-12.4218
-12.2818	-7.5964	-5.9075	-5.5524	-1.7964	1.6988	1.8798	-1.7218	-5.2831	-5.4991	-7.5058	-14.3231
-14.8520	-7.3552	-6.1158	-7.2056	-1.5631	2.6824	2.0346	-2.0911	-5.0845	-4.6800	-8.5447	-12.2219
-13.4476	-7.8504	-4.6901	-6.2126	-1.6884	2.4127	2.1001	-2.0457	-6.1280	-4.1938	-6.6500	-13.0792
-12.5982	-9.3506	-4.9481	-4.6006	-1.6150	2.1756	1.8692	-1.6049	-4.8140	-5.1678	-9.0402	-13.3274
-9.9003	-6.4532	-4.8435	-5.0993	-1.5403	1.7315	1.3652	-2.0210	-4.7738	-4.6961	-7.5535	-12.5158
-10.8449	-7.9346	-5.9282	-6.1190	-2.2740	2.1219	2.2778	-1.1236	-5.4029	-5.5090	-7.9119	-13.7585
-12.8359	-9.2754	-6.4936	-6.1590	-0.6680	2.3228	2.0881	-0.5040	-4.8509	-7.5101	-10.2695	-11.8147
-9.8400	-6.8532	-4.5676	-6.1162	-3.5632	1.7861	2.5713	-1.6053	-5.8463	-5.2702	-6.1796	-12.7255
-11.8485	-9.1775	-5.2358	-6.9473	-1.2584	2.0521	1.8819	-0.9726	-4.6234	-4.5114	-8.6109	-14.4922
-14.9099	-7.4651	-6.6804	-7.3465	-1.0647	1.5196	0.6966	-1.7920	-5.4820	-5.0352	-7.7982	-12.4548
-15.7401	-10.2953	-5.5914	-5.1432	-0.8267	2.7675	2.2252	-2.3049	-6.3286	-4.9229	-7.9004	-14.8400
-8.9621	-7.5153	-5.6702	-6.3134	-2.2918	1.4906	1.7462	-1.9589	-7.0380	-5.7098	-8.1560	-12.6732
-13.8981	-9.5832	-4.6273	-4.2607	-0.9557	2.8250	2.2172	-1.8656	-7.4104	-5.4327	-7.4269	-12.8233
-13.7404	-8.5314	-4.5791	-4.7634	-0.8199	2.3775	1.6722	-0.7885	-4.6012	-4.9719	-7.6448	-12.4064
-11.7619	-10.2487	-5.5301	-6.0892	-1.7954	1.5932	1.5228	-2.5313	-5.6400	-5.3198	-7.9605	-17.1840
-12.5381	-9.0713	-5.4006	-4.1914	-1.6542	1.9375	1.9339	-2.4144	-4.5984	-4.6067	-6.7167	-11.8249
-12.5199	-6.2773	-5.5127	-5.4654	-2.6823	1.6278	2.1560	-1.3866	-7.1211	-5.0237	-7.6886	-16.5720
-12.2810	-7.4641	-4.5878	-4.4254	-2.2532	2.0063	2.3237	-1.6368	-6.9283	-6.8217	-7.6700	-13.0763
-11.9488	-5.8449	-4.5484	-5.8517	-2.4840	1.8898	2.2625	-0.7068	-5.3997	-5.2473	-8.6594	-13.4511
-15.2803	-7.5515	-5.3472	-6.0886	-1.9289	2.4279	2.6618	-2.2210	-8.0368	-5.1431	-6.0929	-13.5789
-13.1137	-8.6744	-4.8747	-7.1783	-2.6851	1.9070	2.2025	-1.0678	-4.7920	-5.2810	-8.0287	-13.5860
-13.1364	-8.2824	-5.1572	-5.1849	-1.3754	1.9006	2.3423	-0.8807	-4.7287	-4.3786	-6.5457	-18.0037
-13.1811	-8.8207	-4.5633	-4.6725	-1.1722	2.3635	2.7865	-1.4465	-6.9248	-4.9493	-9.3771	-14.4645
-11.1135	-8.0411	-5.0401	-6.8624	-1.8906	2.9257	2.6849	-1.4559	-5.0514	-5.8508	-8.1009	-12.8577
-11.9632	-7.1955	-6.0530	-6.7366	-1.4718	2.1248	1.9501	-1.6968	-6.6150	-3.9196	-7.2252	-12.7630
-11.9495	-8.1067	-4.7520	-5.4582	-1.8846	1.8248	2.3741	-2.1613	-5.4500	-5.5707	-8.8387	-12.6809
-12.1376	-9.9032	-5.3584	-3.7725	-1.3952	2.0642	1.8966	-2.1890	-4.6643	-5.2190	-9.7944	-12.6207
-13.4918	-7.6556	-5.7318	-5.7874	-0.8492	2.6598	1.6518	-2.6038	-6.3968	-5.5798	-8.8344	-12.0839
-13.3908	-6.8404	-6.1862	-5.2154	-1.5041	2.1992	2.0979	-2.8986	-5.2936	-5.6794	-10.9599	-13.0273
-12.6639	-9.0660	-5.5535	-5.6414	-2.4908	2.0222	2.8575	-1.4046	-6.4473	-4.8675	-9.1981	-14.4031
-11.5839	-9.8722	-6.0403	-4.5020	-2.1835	1.6677	2.1520	-1.4212	-6.8291	-7.6435	-7.6109	-10.0472
-12.6749	-7.2731	-5.2358	-6.2393	-2.4966	2.1850	2.4041	-1.1299	-4.5765	-6.3544	-10.1490	-14.2681
-10.8751	-6.5874	-4.5689	-6.2325	-1.9777	2.0259	2.1226	-1.8449	-5.3704	-5.6500	-9.4408	-17.6895
-14.4907	-8.4715	-4.8888	-6.4809	-1.3204	2.4943	2.1303	-2.1680	-4.3891	-3.7177	-8.5333	-13.6961
-10.1786	-9.8309	-5.7185	-5.7211	0.0451	2.4033	1.3957	-2.1073	-8.6403	-6.0955	-8.3500	-14.3300
-15.8276	-8.6818	-4.9413	-5.6167	-2.7936	1.7500	1.4941	-1.3674	-4.3234	-4.0247	-7.1780	-11.5225
-13.3364	-8.0300	-4.9622	-4.8951	-1.7602	2.2154	2.1526	-2.1333	-6.0915	-5.3983	-9.2211	-12.1380
-12.1268	-7.0943	-5.2888	-4.5954	-1.2924	1.7506	1.6065	-2.1037	-4.6179	-5.1583	-7.4291	-12.4490
-11.9574	-7.8748	-6.4470	-6.7013	-2.0364	1.7071	1.8670	-1.5996	-8.0435	-5.8565	-9.2864	-16.7075
-14.1834	-9.4512	-6.5489	-5.7932	-1.7672	2.0640	1.8842	-1.8380	-4.7435	-4.9172	-6.4548	-11.1279
-13.7718	-6.2208	-5.0347	-4.8475	-0.4130	2.2316	1.9307	-1.6850	-5.6853	-5.1670	-6.1403	-12.0049
-13.7846	-7.6036	-5.2582	-7.8550	-1.1925	2.3393	2.1023	-2.5534	-6.1501	-4.2854	-8.1078	-13.3937
-12.7945	-7.7772	-4.8015	-5.6538	-1.9300	2.0726	2.6082	-1.3932	-5.5143	-4.1579	-7.9611	-9.1077
-12.4672	-6.9372	-4.8400	-5.7498	-1.4574	2.3271	2.3008	-2.0078	-5.7620	-4.6697	-9.1286	-13.5130
-12.1476	-9.0260	-5.0890	-5.4913	-1.5540	1.6483	2.2926	-0.5948	-5.1079	-5.3812	-7.7226	-11.2421
-10.4144	-6.9532	-5.8606	-4.0971	-1.0661	1.4266	1.6593	-1.6544	-4.0953	-4.1933	-7.0800	-18.8633
-11.9013	-9.2986	-6.7919	-5.1946	-0.1565	2.2425	1.7609	-1.6891	-5.3413	-5.5269	-12.0162	-12.6745
-10.9190	-7.7384	-5.7889	-6.1351	-1.9651	1.9695	2.0492	-2.4314	-6.4660	-5.3810	-8.1460	-12.3178
-14.8441	-10.7047	-5.2996	-5.5395	-1.4710	1.6789	1.6612	-1.0918	-5.2269	-5.1972	-8.0976	-17.3007
-12.2754	-6.6771	-3.5975	-4.3834	-1.4002	1.7594	1.3023	-2.2661	-5.1431	-6.2218	-7.5964	-11.0240
-17.8734	-7.5331	-5.4897	-5.1621	-1.2646	1.9812	1.8990	-1.7863	-5.3720	-4.4064	-6.9605	-12.9112
-12.6820	-8.5066	-5.0321	-4.8707	-2.0996	1.9999	1.7871	-2.1908	-5.7465	-4.6644	-7.5939	-10.5366
-9.4692	-7.5550	-5.7147	-4.8688	-2.2839	1.8162	2.1890	-2.0402	-6.4890	-5.6329	-7.8618	-10.7759
-11.5493	-7.5898	-5.2620	-5.9944	-2.5043	1.5236	1.3524	-2.1794	-5.3534	-5.4150	-7.2176	-11.3428
-11.9649	-11.0299	-5.0157	-6.3231	-2.5930	2.0008	1.8689	-2.1449	-5.6333	-4.4417	-8.5733	-12.3155
-9.1515	-5.7319	-4.2971	-6.2490	-2.0146	2.2101	1.9388	-1.9003	-4.5727	-4.3315	-8.0305	-12.4521
-11.4016	-7.7844	-6.4585	-6.9247	-1.2473	2.1897	1.7681	-1.8022	-5.3890	-5.2808	-7.4638	-10.4504
-11.8816	-9.2696	-5.9474	-5.4293	-1.2281	2.0109	1.6687	-2.1085	-5.2448	-5.8737	-8.1906	-12.1574
-14.1299	-8.4672	-5.3544	-5.0982	-1.2760	2.1801	2.4021	-1.6227	-4.4323	-5.4825	-11.8931	-10.6982
-11.9879	-6.5809	-5.0736	-5.6222	-2.4741	1.2681	1.4588	-1.5368	-5.3813	-5.5126	-6.2938	-12.9160
-10.5971	-9.5082	-5.2850	-4.5951	-1.7626	2.0751	2.0997	-1.7672	-5.0365	-5.1060	-8.7030	-10.1078
-13.5816	-9.3197	-5.3505	-6.1889	-1.8255	1.2970	1.4396	-1.3855	-5.8717	-5.9343	-9.5231	-16.8513
-12.4009	-8.2353	-5.0112	-5.5727	-1.1703	2.2193	2.0755	-1.8238	-5.7400	-5.8473	-7.6476	-12.8004
-14.2573	-7.0928	-5.8067	-4.9924	-1.9298	1.6062	1.1952	-2.5538	-4.7777	-4.7136	-7.1599	-12.0152
-13.1554	-9.8936	-4.8669	-4.6332	-1.3073	1.8086	2.6496	-1.0513	-5.2419	-5.0629	-9.6752	-12.2118
-14.0793	-7.1683	-4.3343	-6.3462	-2.0919	1.8559	2.3605	-0.5019	-4.2962	-4.2173	-7.6215	-12.4378
-12.0215	-7.6521	-6.2617	-7.6334	-1.8138	1.7577	1.8057	-1.6783	-5.7069	-5.6663	-8.2787	-10.7052
-12.3359	-7.8002	-5.6705	-4.2538	-1.3950	1.3821	1.2838	-1.2319	-4.3409	-5.0545	-8.1676	-9.7170
-12.2795	-7.5946	-5.4853	-4.4798	-1.6714	1.6975	1.4435	-1.7272	-5.0985	-4.4401	-6.1330	-13.6835
-16.5583	-8.6255	-4.1593	-5.4043	-0.7062	2.3658	1.5743	-1.5060	-5.6317	-4.9430	-10.2357	-13.6216
-9.2083	-7.7543	-6.0120	-4.7972	-0.8518	2.0001	1.5231	-2.3428	-4.9810	-4.3840	-7.8157	-14.1296
-9.3397	-9.0459	-4.5862	-4.6571	-0.9278	2.0199	1.4836	-2.1231	-4.2302	-3.8559	-5.9771	-10.9926
-11.4053	-7.6855	-5.8727	-5.6308	-1.8776	1.1254	1.4860	-1.1875	-5.0106	-5.2171	-11.3232	-14.7495
-10.2947	-7.9101	-7.0641	-6.6712	-1.7272	1.5253	2.2605	-1.5702	-6.3909	-5.2775	-8.0534	-14.6042
-12.5829	-8.3066	-4.5901	-6.3297	-0.8823	2.9804	2.4582	-0.5281	-4.6823	-5.1537	-5.6174	-12.1353
-12.4970	-6.9289	-4.2265	-5.9909	-1.1177	2.1322	2.0481	-1.4212	-5.3141	-5.0285	-6.1596	-10.3757
-13.2890	-7.3438	-5.0567	-5.7013	-1.9391	1.0807	1.4253	-1.7799	-4.6157	-4.8233	-7.2946	-12.1038
-13.7409	-12.1443	-7.0233	-5.4952	-1.3753	2.4625	2.6083	-1.5397	-5.1320	-4.6450	-9.1443	-11.6672
-15.2103	-8.7053	-5.8426	-4.7661	-2.2370	1.6180	2.5052	-0.8273	-7.0756	-6.8119	-9.8865	-15.9772
-11.1066	-5.3267	-4.1244	-5.5090	-0.7313	1.8834	1.8558	-1.7351	-4.4161	-3.8554	-7.2799	-12.7788
-12.6329	-7.2176	-4.5296	-5.9936	-2.0429	1.7396	2.5655	-0.3267	-5.2515	-5.5574	-9.4062	-12.9695
-10.9139	-9.2585	-6.5434	-7.0447	-1.3965	2.5168	2.2124	-1.4385	-5.6564	-5.2257	-9.9759	-11.9816
-14.0469	-7.5426	-4.2654	-5.5077	-2.3833	2.2450	2.1536	-2.3582	-5.8930	-4.5441	-7.2815	-13.4174
-10.1637	-7.3567	-5.8991	-6.2230	-1.5232	1.6631	1.7459	-1.4773	-5.0094	-4.2595	-7.8754	-12.4716
-10.4257	-7.6837	-4.8530	-5.7456	-2.2124	1.6382	1.3444	-2.4908	-4.7159	-4.6036	-8.9973	-10.1277
-11.8104	-9.1859	-5.3458	-6.4045	-1.5956	1.8645	1.8685	-1.2426	-5.8695	-4.9042	-8.7843	-14.4504
-12.9058	-8.4178	-5.3915	-5.2618	-0.8905	1.9426	2.2987	-1.8285	-7.3683	-4.1951	-8.8330	-10.9178
-13.3018	-6.4510	-4.7291	-6.6749	-1.8026	1.2325	1.5055	-1.0778	-4.6159	-5.8720	-10.6883	-14.9907
-12.4211	-10.0016	-4.3587	-5.2307	-1.8542	1.8199	1.6099	-2.5820	-6.7932	-5.3871	-8.0710	-15.0653
-12.8001	-6.3810	-4.6993	-6.5061	-2.0467	1.7485	1.5933	-2.1185	-5.6986	-5.3621	-6.3123	-11.0844
-11.4375	-10.5124	-6.1280	-4.4697	-1.1123	1.8837	1.9243	-2.2796	-5.6573	-5.0345	-7.0829	-10.7404
-13.6066	-9.1026	-5.0165	-6.0349	-1.8904	1.8490	2.2354	-1.3850	-5.4494	-7.3825	-11.7526	-11.8444
-12.4946	-8.3010	-4.9545	-5.4744	-1.6652	1.8325	1.8931	-1.6841	-5.4668	-6.5635	-11.4775	-15.0967
-10.5492	-7.8968	-6.2440	-6.0088	-2.0019	2.0949	2.8344	-0.4538	-6.7706	-7.0605	-7.8926	-11.3175
-10.9817	-8.6736	-5.1844	-5.6053	-2.4346	2.4177	2.2229	-1.0736	-5.9304	-5.1769	-8.7628	-15.3188
-12.3473	-9.3418	-4.8376	-5.4571	-2.1721	1.7507	1.6376	-1.2814	-4.4305	-4.3215	-7.4163	-12.6221
-15.3006	-9.1986	-5.3210	-4.6886	-1.2020	1.8653	1.4551	-2.0796	-3.9781	-4.1434	-6.5908	-14.6597
-12.0895	-7.7325	-4.9760	-5.4181	-2.1568	1.9569	2.1686	-2.1046	-5.2314	-5.0621	-8.5420	-11.9429
-13.7204	-7.0379	-6.0890	-6.3174	-2.3089	2.4653	1.6985	-1.8973	-4.4987	-4.6209	-6.0661	-13.5560
-12.3059	-8.5673	-5.7830	-5.3167	-1.6544	1.8495	2.2805	-1.0562	-5.7743	-4.9720	-6.6180	-10.8423
-11.6851	-7.5269	-4.6012	-5.9026	-0.8752	1.7126	1.5734	-1.7177	-5.4145	-4.8578	-7.7984	-11.9757
-10.3662	-7.1408	-4.5454	-6.9227	-2.5875	2.1520	2.0910	-1.2353	-6.1436	-4.3106	-5.6059	-11.8267
-9.5163	-8.5435	-5.5796	-5.1633	-1.4393	2.2326	2.3596	-2.0539	-6.4917	-5.6567	-6.9163	-12.4409
-14.9614	-8.0111	-4.4422	-4.2224	-1.1568	2.5189	2.4051	-2.0176	-7.4589	-4.9753	-6.7860	-10.9384
-13.3258	-5.7319	-4.5586	-5.9694	-2.2006	1.5459	1.4631	-1.6614	-5.0226	-6.3226	-11.3917	-14.0572
-13.2039	-8.5942	-5.0099	-4.8836	-1.6709	2.0604	1.9043	-2.1756	-5.6565	-5.2057	-7.2221	-14.9101
-11.6343	-7.4516	-4.9927	-5.3174	-1.4954	2.6876	2.7033	-1.3844	-5.3905	-6.2509	-10.4657	-9.9970
-12.0285	-6.4869	-3.6236	-8.1644	-2.0156	2.7779	3.3017	-0.8686	-7.1303	-5.8565	-8.6471	-12.1734
-15.4071	-9.6693	-4.8590	-4.9318	-1.1142	2.5304	2.5155	-1.3530	-6.5859	-4.2103	-6.5337	-12.5190
-13.4617	-8.6453	-5.7327	-6.6699	-1.5081	2.1626	1.9254	-1.2255	-5.3922	-5.0658	-9.6752	-15.2447
-11.0414	-8.7988	-5.8373	-4.4609	-1.1452	2.2517	2.2740	-2.3008	-5.1204	-5.6119	-8.4496	-11.4027
-15.8892	-6.7042	-6.3872	-5.9550	-1.5370	2.1967	1.9759	-1.5496	-4.6564	-5.1042	-7.7611	-17.3727
-13.7549	-7.7211	-4.0431	-6.8014	-1.2670	1.7116	1.7238	-1.5306	-6.4271	-6.1720	-7.3493	-10.7920
-18.3131	-8.2644	-4.4911	-5.6010	-0.9163	1.8143	1.6898	-2.4207	-6.9023	-5.5382	-8.4133	-12.8726
-15.6377	-8.4372	-5.2492	-6.4757	-2.4300	2.1766	1.8909	-2.1778	-5.9334	-5.4935	-9.7487	-11.7385
-14.0767	-7.9381	-4.4009	-4.1319	-2.5304	1.7293	2.3395	-1.9520	-5.4712	-5.0724	-8.1993	-13.3409
-14.1722	-7.6935	-5.1751	-6.4571	-2.1692	0.9632	1.2929	-1.8435	-4.3234	-4.0398	-7.9057	-11.0595
-12.2663	-7.0120	-5.0425	-6.2543	-1.5853	2.5099	2.4743	-1.4867	-7.1449	-4.5433	-8.6323	-13.0608
-10.9860	-8.8768	-6.1360	-6.3261	-1.9345	1.8233	1.8000	-1.2288	-4.8072	-4.3539	-8.1700	-16.1410
-15.2545	-7.7244	-3.9512	-3.2847	-1.0038	1.5190	1.5000	-2.4284	-7.5474	-4.4131	-6.2330	-10.9681
-16.0239	-8.1054	-5.6057	-6.2343	-0.7762	2.0529	2.1542	-0.3234	-4.1423	-5.1171	-8.2910	-13.5964
-12.0958	-7.5714	-6.1615	-7.1444	-1.8920	2.5641	2.5709	-2.0130	-5.7467	-5.9625	-9.2880	-14.2280
-11.7233	-9.3358	-5.7811	-5.7724	-2.0232	1.7092	1.7411	-1.9105	-6.7409	-5.5649	-7.2365	-11.1455
-12.6806	-8.8785	-5.1350	-5.2389	-1.2418	1.6986	1.4507	-2.8604	-5.4104	-5.7406	-10.0206	-15.7730
-9.3301	-7.1458	-6.4441	-7.3330	-1.7831	2.0020	2.0913	-0.6144	-7.0922	-5.7492	-7.2748	-11.2699
-12.6070	-6.6776	-5.2662	-6.2427	-1.5167	2.0675	1.7620	-2.5065	-5.9753	-4.5429	-7.5888	-13.7259
-10.3819	-6.3972	-4.3864	-5.9289	-2.9260	1.8018	2.1314	-1.7938	-6.8125	-5.1209	-7.8409	-10.7447
-10.2938	-6.9713	-3.4218	-5.0011	-1.1702	1.8878	1.6087	-1.2289	-6.1440	-5.9751	-9.4701	-12.8375
-13.8339	-8.1703	-6.3926	-6.6265	-1.5396	2.3617	2.5127	-0.5626	-5.3739	-4.7275	-6.4101	-13.3431
-15.2597	-9.1434	-5.7128	-4.7999	-1.1285	1.7849	1.4302	-1.0771	-4.9140	-5.7554	-8.4466	-10.7533
-14.0162	-8.4700	-5.6341	-7.1898	-1.3641	1.9924	2.0579	-1.2721	-6.1018	-4.3292	-8.8477	-14.0492
-11.0099	-8.6467	-4.9104	-5.6884	-1.2991	2.7571	2.7484	-1.7338	-7.4781	-4.1972	-5.4977	-11.0914
-15.1727	-7.7707	-6.4009	-5.5900	-1.6010	1.8598	2.3672	-1.1077	-5.6760	-5.8301	-8.4733	-14.4176
-13.1842	-7.8791	-4.1194	-7.0781	-2.4505	1.2794	1.6337	-1.2981	-4.2967	-4.9346	-8.9679	-12.0443
-14.3165	-7.1671	-4.5194	-5.9907	-2.3677	1.5137	1.4106	-1.5297	-4.4131	-4.0056	-5.5038	-15.1873
-17.9601	-7.7577	-4.5480	-4.5251	-1.1310	1.8460	1.8826	-1.9866	-5.1871	-4.0042	-7.5475	-11.2283
-13.6634	-9.2305	-5.5327	-5.7313	-1.4916	1.4083	1.7518	-1.0474	-5.4942	-5.9869	-7.3962	-10.4687
-11.6003	-7.3337	-3.9524	-4.0625	-1.0497	1.2392	1.8459	-2.0174	-8.2847	-5.7802	-7.5544	-9.9969
-11.1770	-7.8345	-5.0021	-4.9520	-1.7400	1.9760	1.1710	-1.8889	-4.6562	-5.3668	-8.1965	-14.1785
-12.5595	-7.3402	-5.6703	-7.3930	-1.8519	2.1004	1.9890	-2.0458	-4.8329	-5.8433	-9.6991	-14.5472
-10.3406	-6.2147	-5.8806	-6.2245	-2.1742	2.2088	2.4266	-2.1338	-4.9496	-4.8898	-6.3387	-11.1188
-16.6324	-7.1824	-5.8591	-5.8541	-1.3232	1.7740	2.1351	-1.0154	-5.9823	-5.1798	-6.2641	-15.3498
-11.6272	-9.3295	-4.9769	-5.4725	-1.6094	2.4232	2.1441	-2.5510	-5.6739	-5.9455	-8.1067	-12.9987
-12.6627	-8.0198	-6.8265	-6.8185	-2.1170	1.3890	1.4317	-2.2934	-5.4526	-4.1044	-8.1929	-14.1832
-15.8200	-8.6331	-4.9454	-5.1044	-1.6016	1.7120	2.0823	-2.1502	-6.2454	-4.4371	-8.8167	-15.8969
-15.1982	-8.2792	-5.5566	-5.1780	-1.1296	1.8949	1.7139	-1.6313	-6.4090	-6.1842	-7.5132	-11.9981
-10.3329	-8.2285	-6.8079	-6.4109	-1.1614	2.1350	2.3959	-0.0084	-4.7896	-5.1354	-7.5642	-13.3094
-13.0252	-7.8865	-5.9061	-7.9449	-1.6930	2.2373	1.8336	-1.4781	-5.2830	-5.3607	-8.3622	-16.7974
-17.3671	-7.7428	-4.3207	-5.6702	-1.0766	1.9654	2.1567	-0.7724	-4.6458	-5.2476	-9.5083	-11.5244
-10.7651	-6.6053	-5.2493	-7.2508	-1.7388	2.3377	2.2514	-1.3164	-5.3136	-4.7964	-5.7092	-10.6115
-13.5392	-7.9467	-4.8160	-7.3808	-1.0168	2.2394	1.5601	-1.3315	-4.8845	-5.1288	-7.1752	-13.2039
-10.3158	-8.8714	-6.4235	-5.3355	-1.7723	1.9525	1.9440	-1.5389	-4.1947	-5.3047	-9.6897	-11.2788
-14.3050	-8.4872	-5.6111	-6.8568	-2.2415	1.7770	2.2001	-0.8065	-5.3400	-5.3889	-8.3792	-13.8070
-13.5026	-6.8894	-3.7772	-4.0523	-2.0074	1.7596	2.2733	-1.1471	-5.6692	-4.4397	-7.4001	-14.2177
-13.4439	-9.2520	-4.8206	-4.6492	-1.8183	1.8452	2.0262	-2.2633	-6.4239	-5.0141	-8.0569	-13.0233
-10.5978	-6.9622	-5.1749	-6.3969	-1.3679	1.8255	2.4275	-2.1648	-6.3215	-5.3810	-9.5396	-17.0607
-13.0328	-8.4352	-6.6251	-5.4866	-0.9595	1.8018	1.6212	-2.2448	-5.3984	-5.9396	-10.1170	-12.1612
-13.1098	-8.2937	-5.4120	-5.8276	-1.4062	1.1602	1.5249	-1.1850	-4.9335	-4.3624	-7.7032	-13.7129
-11.5543	-6.1518	-5.7039	-6.7803	-1.4583	2.4647	1.9429	-1.5336	-4.5274	-5.7470	-8.5302	-11.1928
-12.6689	-8.0617	-3.8190	-4.1149	-2.1929	2.1965	2.2529	-1.4784	-4.3281	-4.4757	-7.3231	-13.7935
-14.0531	-7.4576	-4.9572	-6.0990	-0.5741	2.4667	2.1493	-1.7555	-6.8028	-6.0845	-7.8980	-10.5054
-9.4578	-8.5049	-4.9944	-4.6973	-0.4223	2.4554	2.2939	-0.8385	-4.7663	-6.2747	-9.6596	-10.2449
-14.0142	-10.3488	-5.9092	-4.5821	-1.3177	1.5976	1.5723	-1.9085	-5.4927	-5.5043	-8.8806	-12.3744
-12.0228	-8.8374	-5.8096	-6.6649	-0.8388	2.2389	2.3747	-0.6399	-5.5423	-5.3561	-8.8633	-12.2144
-11.1329	-8.3331	-5.2805	-4.9057	-1.3368	1.6857	1.7902	-2.2086	-6.4266	-4.9112	-6.4680	-13.8676
-12.0461	-6.7520	-4.6351	-6.5303	-1.9284	1.5993	1.4295	-1.5111	-5.0556	-5.5494	-7.6258	-10.7272
-12.5765	-8.3345	-4.8616	-4.4638	-1.8096	1.8788	1.9819	-2.3177	-7.5229	-6.2579	-7.0148	-10.9460
-11.1734	-7.7955	-4.5480	-4.3499	-1.9968	2.3035	2.2105	-1.9018	-6.2533	-6.5241	-5.4097	-7.8820
-13.5056	-9.2891	-5.6816	-6.4334	-1.5680	2.3605	1.9486	-1.2212	-5.5239	-4.8161	-7.5704	-10.7283
-12.9580	-7.7631	-4.9446	-4.8061	-1.4013	2.3460	2.0269	-1.0685	-4.5322	-4.9633	-7.1138	-12.4215
-13.5623	-8.7805	-4.4764	-5.0242	-1.8618	2.4595	2.8363	-1.4833	-6.6008	-4.4674	-8.4952	-16.5748
-13.7995	-8.3391	-4.5824	-4.9241	-2.7159	1.0054	0.9836	-2.8440	-6.4473	-5.5703	-9.4594	-15.4712
-13.0398	-8.8609	-5.9052	-5.3749	-1.8536	2.2080	2.0821	-1.8333	-5.3316	-4.6661	-8.7284	-14.1830
-10.0801	-6.8141	-5.7275	-6.9177	-1.3372	2.3751	2.2482	-2.6297	-6.3457	-4.2625	-9.4168	-12.1241
-13.3600	-10.6748	-5.0341	-5.2920	-2.4175	2.1055	1.9327	-2.5164	-5.5232	-4.2351	-8.1361	-13.6712
-11.3327	-9.6102	-5.3668	-4.9886	-1.4925	1.5908	1.4751	-2.1565	-6.3047	-4.7098	-7.7978	-11.3292
-11.2331	-8.4088	-5.3951	-5.4623	-2.1561	1.3933	2.0183	-1.1024	-5.1381	-5.2832	-8.0231	-14.4792
-14.2971	-9.1321	-4.9726	-4.8055	-1.4509	1.6735	1.6559	-2.0032	-5.8498	-6.3206	-6.6293	-10.8213
-14.3509	-8.0262	-5.8385	-6.8558	-1.0748	2.8443	2.5891	-1.8420	-5.6588	-4.7462	-8.2733	-14.2864
-14.2862	-9.9867	-5.6103	-5.6113	-2.1229	2.1387	1.8053	-1.4284	-5.3836	-4.8317	-5.8601	-14.7085
-12.3788	-6.5271	-4.7647	-5.9870	-1.2000	2.1206	1.9921	-1.8250	-4.7491	-4.7299	-9.3489	-14.6648
-12.1904	-9.3061	-5.2948	-4.7177	-1.4213	1.6062	2.2757	-1.5091	-5.0250	-5.1346	-9.5297	-17.7099
-11.4493	-6.6940	-4.9321	-6.8691	-1.1935	2.4115	2.2117	-2.4070	-5.2046	-4.6252	-8.6556	-12.7237
-10.7166	-7.0693	-6.1166	-6.0998	-2.2556	1.5917	1.9115	-1.4823	-5.6050	-6.5752	-9.6174	-11.5050
-11.7890	-7.1722	-5.7548	-4.8714	-1.7344	1.4418	1.8791	-2.2879	-6.1193	-5.2036	-7.4293	-9.5522
-16.5526	-8.9076	-6.7695	-5.4087	-1.7969	1.4037	1.7262	-1.8559	-4.0544	-6.0429	-9.1356	-14.7346
-17.8681	-7.8474	-6.8483	-5.0974	-1.8327	1.7556	2.4655	-1.4777	-7.1714	-5.6382	-7.9338	-10.7523
-13.8683	-6.3989	-4.0478	-7.9553	-1.6186	2.1761	1.9674	-1.2653	-7.5649	-4.6607	-6.4874	-15.8684
-19.0531	-8.2405	-4.3477	-6.4257	-2.2132	1.6864	1.4179	-2.5048	-4.9581	-4.0149	-7.1078	-12.4556
-17.7228	-14.3306	-5.3685	-6.0116	-1.4903	2.2261	1.6247	-1.3912	-5.1482	-5.3904	-7.3871	-15.6690
-15.0623	-6.7153	-4.3923	-5.1858	-1.5404	1.7786	1.8258	-1.6412	-5.1447	-4.3991	-7.5619	-9.3711
-11.0734	-6.9049	-4.3707	-4.0363	-2.1535	1.8748	2.2623	-0.9380	-5.1687	-5.3554	-9.5834	-10.9234
-12.8203	-9.2750	-4.3090	-6.2819	-1.8791	2.1106	2.2502	-1.9177	-5.7420	-4.8347	-8.2931	-9.6276
-10.9336	-8.2108	-5.8530	-7.9405	-1.2502	2.3409	2.0903	-2.7662	-6.4495	-6.7425	-10.5528	-14.1533
-14.0052	-7.1974	-4.8854	-4.1870	-1.8064	2.1321	1.9836	-2.2306	-5.1682	-4.6866	-7.4647	-12.2123
-11.4752	-7.5352	-4.8250	-6.5371	-1.2677	2.1906	2.7290	-0.8970	-6.5712	-5.6178	-6.7811	-17.2975
-11.1346	-8.2265	-3.8872	-3.9576	-1.7444	1.2396	1.6825	-1.2622	-4.6121	-3.8795	-5.8921	-13.1871
-10.6087	-8.3665	-6.3709	-5.2802	-1.2556	2.2205	1.9031	-2.9714	-7.2536	-4.0212	-8.7272	-18.1052
-12.0964	-5.5215	-4.1297	-3.9408	-1.5723	1.0281	1.4189	-1.1428	-6.5767	-5.1969	-6.2322	-10.8660
-11.1090	-8.0482	-4.1015	-6.3455	-0.8820	2.0836	1.5440	-1.2264	-5.2215	-5.1977	-8.2189	-13.7550
-18.5905	-9.4942	-4.0780	-5.3083	-0.6480	2.8154	2.2705	-2.1293	-4.7568	-5.1277	-6.7538	-10.0408
-14.7811	-8.6216	-6.3226	-4.8868	-1.4988	2.2828	2.6509	-1.4619	-7.4340	-6.7263	-9.6803	-11.2965
-14.7154	-9.7514	-4.7505	-5.4726	-2.0011	2.2059	2.0543	-2.0324	-6.0181	-4.5429	-8.4105	-15.6315
-11.7743	-8.3738	-5.2540	-5.3391	-1.9991	1.3643	2.2775	-1.1612	-7.3732	-5.3771	-8.0367	-10.8417
-14.4855	-7.9322	-4.7905	-4.5324	-2.5149	0.9038	1.7029	-1.8737	-6.3648	-5.2860	-7.4779	-11.9976
-12.2683	-6.9952	-5.6290	-7.5346	-2.4184	2.4633	2.5965	-0.9086	-6.6543	-5.8801	-6.9356	-11.6952
-15.4670	-8.6213	-5.9732	-9.0696	-2.5555	2.0411	2.0902	-1.8533	-5.8989	-5.0037	-7.8914	-12.4980
-10.8857	-7.7247	-4.8522	-5.3639	-1.8969	1.2422	1.3984	-1.8162	-6.1586	-5.5265	-9.1606	-14.2446
-13.7337	-8.4927	-6.3533	-6.2587	-1.6069	1.8687	1.7450	-1.8482	-4.6798	-6.1707	-7.9948	-13.2491
-12.7475	-8.7495	-5.2301	-7.1373	-2.0715	2.2009	1.7400	-2.4785	-6.4939	-6.5155	-6.8162	-14.0301
-12.0778	-7.9916	-5.8487	-4.9100	-1.6502	1.7397	2.0861	-1.3784	-5.5212	-5.5785	-7.5047	-11.5051
-17.8339	-8.2459	-5.4747	-6.8136	-1.5797	2.2082	1.5351	-1.3569	-4.7699	-5.3451	-7.5925	-13.9168
-16.7982	-9.0887	-4.5936	-4.6403	-1.8246	1.4080	1.9078	-1.6679	-4.3452	-4.5384	-9.5294	-17.1474
-13.8039	-6.3158	-3.9768	-5.8205	-1.6184	2.0743	2.2872	-0.8640	-6.2976	-5.9574	-5.5264	-10.8860
-12.8670	-8.4749	-4.6181	-4.9885	-0.7104	2.0285	1.7220	-2.6767	-7.3540	-5.6245	-6.9151	-11.4711
-15.7212	-8.5018	-4.0731	-7.0412	-1.4352	2.4186	2.4487	-2.3249	-6.5041	-6.5244	-8.6712	-13.9056
-11.3547	-6.5661	-4.9581	-4.6571	-1.3097	1.7927	2.3256	-1.5240	-5.0910	-4.6169	-6.7584	-11.7126
-12.9522	-7.4265	-4.4631	-6.1869	-0.3619	2.0044	2.3324	-1.0881	-6.5914	-5.3246	-7.5376	-11.1712
-13.0454	-12.5068	-5.2661	-5.4091	-1.3155	2.2843	1.8872	-1.8426	-6.1385	-6.5226	-8.5961	-12.9093
-8.8762	-7.8452	-6.0770	-5.6303	-2.1157	1.2899	1.4165	-2.8289	-6.4285	-3.9465	-8.0640	-14.5310
-13.0398	-11.0096	-5.7931	-6.6649	-1.2756	2.0386	1.9017	-1.1603	-6.5369	-4.6010	-9.6994	-15.8081
-12.0771	-6.7999	-4.5584	-5.7904	-2.2881	2.1423	1.5027	-2.0086	-4.5779	-5.3735	-6.6929	-11.4403
-14.4414	-9.7154	-4.1794	-8.2226	-1.2129	2.5592	2.1260	-0.9205	-6.0564	-4.4512	-8.4125	-17.1246
-10.8710	-8.8164	-4.5988	-6.4985	-1.6754	2.3010	2.0366	-1.6654	-5.1605	-4.2141	-11.0014	-15.6131
-12.8981	-10.3340	-5.6926	-5.1368	-1.9084	2.0881	1.8883	-1.4874	-5.3142	-5.9646	-8.9185	-12.6184
-12.4712	-11.4237	-6.1342	-5.9446	-1.5811	1.8263	1.4992	-1.5031	-3.3728	-4.8581	-8.9042	-17.6476
-11.7242	-7.8806	-5.8918	-5.0447	-1.3705	1.7213	1.8363	-1.4611	-5.1946	-5.3599	-7.2575	-13.7752
-10.5958	-6.6767	-4.7948	-5.7508	-2.0565	1.3779	1.7963	-0.8582	-6.5279	-4.6726	-6.2716	-14.4300
-14.5343	-7.4878	-5.1065	-6.4173	-2.6756	1.4819	2.0481	-1.0358	-4.2979	-5.3414	-8.3946	-14.0783
-13.0205	-9.5207	-5.4725	-6.3440	-2.2771	1.7743	1.9464	-2.3888	-6.1968	-4.9046	-6.4498	-13.4209
-14.5807	-7.5763	-6.0900	-6.4563	-1.2000	2.1340	1.9417	-0.8413	-5.4283	-5.6038	-8.6944	-11.4330
-11.4897	-10.8720	-6.5683	-5.5440	-1.6922	2.1941	2.5967	-1.4688	-7.9697	-5.0847	-8.0379	-12.6962
-11.6568	-7.2630	-5.4825	-8.5481	-2.7250	1.7831	1.6287	-1.2540	-6.5320	-4.6466	-7.5916	-11.7558
-11.7023	-9.0132	-5.1973	-5.6716	-2.3320	1.0063	1.6215	-1.0919	-6.6261	-4.7820	-6.8637	-12.6938
-11.0732	-8.5538	-4.8284	-7.1819	-2.1774	1.1415	1.9789	-1.3994	-7.5431	-6.5263	-8.3887	-11.5140
-10.3093	-7.4616	-6.6394	-5.6935	-2.2051	1.8400	2.0477	-2.0819	-6.0451	-5.4629	-8.8563	-12.8843
-10.9291	-8.2855	-4.2841	-4.6703	-1.3845	2.0795	1.7408	-1.2308	-6.1641	-5.7521	-9.7347	-12.4961
-14.0693	-8.8743	-6.2712	-7.7623	-1.8108	1.6226	1.7823	-1.6674	-7.0606	-5.9023	-9.1351	-12.0613
-12.8575	-6.4238	-4.0516	-5.9087	-2.4026	1.3256	0.8807	-2.0483	-5.4115	-6.8704	-9.1003	-15.5148
-13.5264	-7.3904	-5.1022	-4.0083	-0.4322	1.6855	1.5528	-2.0280	-6.0230	-5.2858	-8.4144	-13.9747
-11.0912	-7.4935	-6.9758	-5.3266	-0.9112	2.0247	2.1452	-1.4088	-5.7734	-5.3106	-12.0315	-14.4771
-15.4193	-9.4337	-5.3646	-6.3609	-1.2127	1.9905	2.1138	-1.2606	-5.6515	-4.7345	-7.9140	-12.1434
-13.0689	-11.4283	-6.0188	-6.2640	-1.2578	2.3180	2.5107	-0.5611	-5.9345	-4.3360	-8.2669	-14.3693
-10.3097	-8.7791	-6.1452	-7.3184	-2.5755	2.0730	2.1894	-1.9035	-7.7004	-5.0549	-10.0334	-12.5832
-9.1951	-7.5630	-3.9405	-6.0330	-1.8448	2.1127	2.4252	-0.7369	-6.2364	-5.9081	-8.5394	-14.1132
-14.2998	-8.1613	-6.1159	-5.5947	-1.5010	2.0075	1.8475	-1.8745	-5.6024	-5.7564	-9.8564	-13.8314
-13.1908	-9.8337	-6.9183	-5.3192	-1.6109	1.5664	1.8414	-1.3653	-5.9116	-5.5982	-8.1907	-12.8301
-12.7462	-7.6434	-4.7718	-6.0999	-1.5441	2.1959	1.7305	-1.3824	-4.6565	-4.6864	-8.7386	-14.0294
-13.0891	-5.0111	-4.5435	-6.2796	-1.1626	2.3731	2.3640	-1.3313	-5.5858	-6.5936	-7.0122	-8.5373
-16.9883	-9.2205	-5.7688	-7.0679	-2.1156	1.7702	1.7452	-1.9450	-5.9927	-5.6199	-8.7965	-14.0046
-14.8129	-7.6190	-4.6299	-6.7252	-1.2998	2.3232	2.0518	-2.2977	-5.7461	-5.3098	-7.7294	-16.2414
-12.4208	-7.2252	-4.4192	-6.9596	-1.4936	2.2317	1.7733	-1.8794	-5.9418	-6.1336	-8.4898	-11.2281
-13.8450	-7.8049	-5.5518	-6.0945	-2.1577	1.7738	2.7021	-0.9326	-5.8174	-5.0000	-8.9315	-15.3581
-14.4262	-7.0619	-4.7131	-3.5804	-1.3265	1.9738	2.5164	-1.1275	-4.9331	-5.8701	-8.6309	-11.7472
-13.9834	-6.6632	-4.7220	-6.6248	-2.2656	1.6648	2.3095	-2.0916	-7.6263	-5.5727	-8.7064	-12.7982
-13.9676	-7.2195	-5.3719	-6.3725	-1.2151	2.2263	1.9760	-1.2681	-5.4352	-4.5902	-7.8655	-14.5273
-14.6206	-6.6773	-5.1064	-5.5575	-1.1892	2.1468	2.1221	-1.4727	-6.1906	-7.6361	-9.0672	-11.4821
-14.1670	-9.6730	-5.4067	-4.6710	-0.9840	1.8591	1.9083	-2.1018	-6.9654	-5.9245	-10.8450	-18.5529
-11.5222	-6.1436	-4.7000	-6.4606	-1.8623	1.4637	1.8285	-2.4524	-6.0972	-4.4964	-9.2087	-13.9723
-12.8387	-8.3228	-5.8906	-5.9931	-2.6674	1.5648	2.0902	-1.6948	-7.7006	-5.2774	-7.9884	-11.2832
-14.7374	-10.0848	-5.8316	-6.0330	-1.4644	2.4034	1.9903	-0.9023	-4.6613	-5.6823	-8.5807	-13.3209
-13.6662	-6.8190	-3.9481	-6.0577	-1.6999	1.8050	2.2256	-1.1380	-4.6389	-3.7762	-9.7465	-12.8407
-11.0856	-8.7380	-5.4137	-3.8709	-0.8177	2.4083	2.5420	-1.4822	-5.2944	-5.5119	-9.1600	-9.8980
-11.7397	-8.7259	-5.8453	-5.5212	-2.0236	2.2076	2.4404	-0.9785	-4.6051	-4.7620	-7.5168	-14.6602
-10.6694	-9.4175	-5.5527	-5.7391	-2.1326	1.4082	1.6111	-1.3090	-5.9780	-6.0295	-8.1717	-12.8999
-12.2195	-9.0191	-4.9432	-4.6349	-1.6203	2.9092	2.6449	-1.5474	-5.0731	-4.9489	-7.6654	-13.8213
-12.4708	-7.7402	-5.0317	-4.6184	-2.0733	1.7617	2.0977	-1.8296	-5.2237	-3.7745	-7.7696	-8.9894
-11.1319	-10.1920	-6.0682	-5.2533	-2.5472	1.9444	1.9581	-2.2845	-5.7193	-6.1821	-7.2494	-10.8167
-11.2020	-9.5452	-6.0213	-4.6416	-2.2788	1.7196	2.3914	-1.3602	-6.0208	-4.0056	-6.5660	-11.6380
-13.2804	-8.9267	-4.2641	-4.3807	-1.8692	1.6264	1.5176	-1.7302	-5.0627	-5.3611	-7.0362	-15.2596
-11.6255	-10.8821	-4.5277	-4.7236	-2.0998	1.5110	1.5613	-1.9345	-4.8951	-5.1145	-8.3192	-16.1828
-19.0153	-6.8334	-5.0689	-5.4068	-1.2170	2.1191	1.8284	-1.8237	-5.0346	-5.1319	-7.5883	-12.2530
-13.7109	-8.0926	-4.3910	-5.5104	-1.5832	1.9846	1.5840	-2.6611	-6.4094	-5.4932	-7.8414	-12.1814
-12.9110	-7.5545	-5.4161	-5.5955	-1.9084	1.9412	1.7157	-2.1418	-6.1484	-5.4492	-9.2274	-13.0864
-13.2795	-6.6232	-5.8944	-6.2155	-1.1474	2.0317	1.9055	-1.9627	-6.2132	-4.7589	-9.1270	-12.0818
-14.0976	-9.8667	-4.6348	-4.7009	-1.7605	1.0050	1.3253	-0.9237	-5.0504	-5.6158	-9.2079	-16.6743
-11.4077	-8.0441	-6.3507	-7.7010	-1.4190	2.1563	1.8232	-2.1786	-5.1902	-5.0295	-7.5737	-12.5070
-11.2807	-9.4288	-5.7791	-4.5088	-0.3847	1.5782	1.3407	-1.8245	-6.2361	-4.5143	-6.7968	-11.6600
-12.0148	-7.2586	-4.4923	-5.9991	-1.6636	2.3215	1.8796	-1.6558	-4.1731	-6.2536	-8.5955	-18.9056
-18.7869	-9.0740	-4.8114	-5.5251	-0.7048	1.8744	2.0655	-0.6712	-6.6855	-5.9213	-8.2485	-12.9877
-12.4742	-6.9660	-5.7317	-6.7070	-2.8752	1.0132	1.3423	-1.6459	-5.2784	-5.9055	-9.3263	-13.2680
-12.5009	-9.0659	-6.3768	-6.2255	-0.7806	2.6994	1.8393	-1.3061	-5.1751	-5.5461	-7.4778	-10.5593
-13.1762	-7.6067	-4.9043	-6.1046	-1.3411	2.5601	2.2165	-1.7518	-4.7072	-5.4105	-8.3170	-13.9482
-13.0970	-8.7722	-4.8766	-4.3314	-0.6351	2.3400	2.0819	-2.0802	-6.5896	-4.7699	-7.5344	-11.6636
-10.5951	-8.0520	-5.2470	-5.9186	-2.1250	1.7405	1.5136	-1.8199	-5.1729	-5.3347	-8.9953	-12.2789
-12.3459	-7.6599	-5.0931	-3.1828	-1.2069	1.6107	1.6632	-1.3288	-5.1898	-5.3594	-6.7684	-14.0475
-13.6051	-8.9796	-4.8436	-5.4579	-2.2685	1.8382	1.4321	-3.1557	-5.9268	-5.1394	-8.1317	-17.3707
-14.0973	-6.9170	-4.2662	-4.2422	-1.3182	1.1532	0.7877	-1.8130	-4.0104	-4.2603	-8.2213	-12.9477
-13.0645	-8.8074	-5.6345	-5.2046	-3.2389	2.1390	2.8824	-0.9531	-5.3146	-5.6061	-7.9288	-11.2268
-12.7057	-8.7107	-5.2626	-6.5908	-1.7575	2.4839	2.4186	-1.9239	-5.1523	-5.7920	-7.4046	-13.0390
-13.0700	-7.1615	-4.9026	-5.6070	-1.4754	1.9935	1.7821	-0.9076	-5.7894	-6.0061	-9.8006	-12.7572
-13.4379	-6.2599	-3.6370	-4.4756	-2.7743	1.1731	1.9261	-1.0566	-6.7453	-5.6126	-6.9926	-14.7942
-12.0222	-10.8026	-5.0038	-5.1289	-1.4980	2.1133	1.9845	-0.9420	-4.2143	-5.8804	-7.3686	-11.2266
-13.5624	-6.2095	-3.5788	-5.4249	-2.5355	2.0052	1.7915	-1.9625	-5.4455	-4.9636	-8.5018	-13.9328
-15.1577	-7.5306	-5.0422	-5.0338	-1.1640	2.7629	3.1634	-1.1030	-6.1341	-4.6751	-10.4863	-15.8888
-11.9126	-7.5548	-5.0727	-4.7552	-1.4063	1.7086	1.6790	-1.9197	-5.1452	-4.7270	-7.4765	-16.2345
-12.6326	-9.3980	-5.6755	-6.3784	-2.1221	2.2462	1.7492	-2.0416	-5.4388	-5.6912	-7.3067	-15.6903
-13.1880	-8.3263	-5.1495	-5.1593	-1.5927	1.6482	1.5730	-2.1836	-6.2868	-5.4816	-8.6579	-13.7475
-16.7702	-8.7997	-4.8570	-6.9050	-1.2308	2.9250	2.1214	-1.9396	-5.0337	-5.7110	-8.3778	-13.8037
-16.3606	-8.7922	-5.5014	-6.0602	-1.4220	2.1679	1.9551	-1.7954	-5.8429	-6.3569	-8.2023	-10.1667
-17.3339	-8.2124	-5.6595	-7.1039	-2.2219	2.3503	3.1523	-0.4429	-6.6541	-4.7914	-8.3713	-21.0339
-12.0986	-9.1845	-5.0783	-6.3781	-1.9955	1.9152	1.6829	-2.3761	-5.7439	-3.2703	-8.3906	-16.0200
-14.6000	-6.8397	-4.9529	-4.5150	-2.4374	1.3325	1.6622	-1.7815	-4.2848	-4.9287	-8.1025	-9.2932
-14.1142	-8.6881	-5.0787	-3.7733	-0.9725	1.7304	1.6473	-1.6450	-7.2144	-4.7081	-8.5257	-22.5939
-14.4032	-8.0255	-4.5686	-3.5647	-1.5309	1.3742	1.4811	-1.5897	-4.9694	-5.4051	-7.7334	-13.1008
-12.7245	-9.1386	-4.9365	-5.1610	-1.9034	1.9746	1.5198	-1.6167	-3.3524	-4.7077	-9.4402	-12.3911
-13.3505	-7.2260	-4.8523	-6.2448	-1.7904	1.7446	1.6039	-1.2564	-5.1089	-6.5470	-9.6820	-14.5473
-12.0260	-8.2130	-5.3593	-6.0221	-1.6997	2.1441	1.9863	-1.1925	-5.2878	-4.7660	-9.8598	-13.7391
-12.2307	-7.9747	-4.4471	-5.5114	-2.5955	1.9004	2.1145	-1.3499	-4.5588	-5.3436	-8.5151	-11.2028
-11.7071	-6.7893	-4.6724	-6.6508	-0.8752	2.2537	2.1135	-0.5697	-3.8030	-4.0914	-5.4322	-11.3118
-13.2177	-8.4954	-5.7175	-5.4306	-0.9809	2.2806	1.5926	-2.6217	-4.8364	-4.6735	-9.1832	-10.3569
-12.7618	-6.0835	-4.7621	-5.1546	-1.3936	0.7146	0.9682	-2.0480	-4.5567	-5.3117	-8.5580	-10.4590
-9.0610	-7.0786	-6.2277	-5.5393	-1.2229	1.7477	1.7066	-1.1303	-5.4507	-5.0663	-8.3519	-13.9697
-12.6978	-7.5511	-4.9085	-6.4129	-1.3548	1.2246	1.3056	-1.9585	-5.6523	-5.6588	-9.5386	-14.0743
-11.3714	-7.7142	-5.4143	-4.6411	-2.0715	2.1068	2.7719	-1.2019	-6.2711	-2.9954	-7.3979	-11.5192
-11.7644	-7.5569	-5.5442	-6.6383	-0.7813	2.7284	2.4983	-1.9331	-6.6003	-5.4112	-8.3971	-12.6186
-13.6627	-7.6687	-4.0517	-4.7694	-2.5337	1.5251	1.7054	-1.5748	-4.3358	-6.1890	-8.6691	-12.4010
-12.7150	-7.3733	-4.9449	-4.7879	-1.8394	1.2452	1.5864	-1.1726	-4.8571	-5.4219	-7.5909	-12.4708
-9.0667	-6.2441	-5.3530	-5.1122	-0.6400	2.3206	1.9875	-1.8879	-4.4853	-5.1168	-8.8959	-12.4782
-11.1113	-9.3451	-4.6132	-4.1265	-1.6368	1.2069	1.7241	-0.9819	-3.8530	-4.9314	-6.8061	-10.1380
-15.3327	-7.1122	-5.4224	-5.3655	-1.4414	1.8074	1.9110	-1.3831	-4.3506	-4.5513	-7.1390	-10.2116
-15.4019	-10.8816	-6.2343	-5.8534	-1.5802	1.4721	1.9498	-1.8128	-5.9065	-5.8694	-10.3087	-13.4977
-10.6088	-8.1423	-6.6920	-6.0667	-1.3740	1.8017	1.7367	-1.2682	-3.1260	-4.7708	-9.3247	-13.7585
-12.2976	-10.1768	-5.6236	-5.4446	-1.2765	2.2625	2.0732	-1.6874	-6.3021	-5.5869	-7.7669	-10.6068
-20.7329	-6.5727	-4.9644	-6.1540	-0.8152	2.5452	1.7799	-2.3917	-6.3598	-5.0004	-9.5270	-13.9551
-13.7141	-6.0675	-4.0520	-5.8714	-1.8402	1.5968	1.0817	-2.1120	-4.4925	-5.5581	-8.7732	-12.0494
-14.0624	-7.7246	-4.5902	-5.3529	-1.8531	2.2008	2.0537	-2.4775	-7.4268	-4.6448	-6.8001	-14.5997
-12.4139	-9.9053	-6.1725	-5.4140	-1.5271	2.0508	2.7190	-1.0181	-5.4669	-3.8624	-7.5319	-12.2656
-12.6330	-8.6338	-4.2540	-4.7908	-1.8622	2.1725	1.9290	-2.8982	-5.4657	-4.8367	-7.2322	-10.6177
-13.2494	-10.3731	-5.5944	-5.3687	-1.5386	1.7819	1.2929	-1.7779	-4.9191	-5.3383	-8.1567	-13.7198
-11.5451	-8.5995	-5.1575	-5.0105	-1.7248	2.2199	2.2952	-1.8892	-6.9071	-4.9096	-8.0823	-10.0490
-10.6638	-6.6759	-4.2364	-6.5054	-1.6312	2.1203	1.4272	-0.7168	-3.5773	-3.8666	-6.4500	-14.2887
-10.9284	-6.4519	-4.4019	-6.2623	-1.3790	1.5806	1.7479	-1.5226	-5.3044	-5.3334	-8.2090	-14.9704
-11.7527	-6.9005	-4.3683	-4.1565	-1.1931	0.8557	1.0267	-1.9395	-5.9606	-5.8296	-8.9041	-13.9325
-14.5628	-8.5852	-4.6997	-7.2020	-2.1898	2.3506	2.8577	-1.4016	-6.0764	-5.5888	-8.0925	-12.5910
-11.0541	-9.2363	-4.1659	-6.3795	-1.4632	1.8608	1.5618	-1.6763	-6.2473	-5.0052	-6.2988	-11.9098
-11.7999	-6.7613	-5.0514	-5.3755	-2.7390	1.0959	1.4639	-2.3531	-5.6158	-6.1679	-8.5186	-11.7443
-11.3100	-8.2395	-4.9636	-6.9768	-2.3147	2.6481	1.9120	-2.9998	-7.0289	-5.0845	-7.8809	-11.3552
-11.5276	-8.3831	-5.5328	-6.6199	-1.7644	1.9606	1.6293	-1.8647	-4.8189	-4.4017	-6.0369	-12.9380
-7.8179	-8.3184	-5.0953	-4.3839	-1.5539	1.9732	2.4228	-1.0511	-4.8111	-3.9611	-8.0585	-13.1186
-11.8663	-6.6176	-4.4686	-8.7800	-2.1000	1.8616	2.3698	-0.6922	-5.3506	-5.7189	-7.8749	-11.0233
-14.8723	-8.5934	-5.3396	-5.5920	-2.6174	1.5993	1.3157	-1.4350	-4.2940	-5.3038	-8.8418	-10.3565
-14.4780	-9.3594	-5.7360	-5.9027	-1.2524	2.4096	2.4136	-1.0166	-6.5789	-5.3643	-7.5234	-11.6062
-12.1358	-7.4744	-4.4887	-5.3662	-1.5203	1.9093	2.3997	-1.4007	-5.6118	-5.8672	-8.5584	-12.4482
-13.2282	-9.3285	-5.2567	-5.8581	-1.8593	1.6857	1.8404	-1.4562	-5.3562	-4.8102	-7.7774	-16.1596
-14.0128	-6.9181	-3.6634	-4.8330	-2.0579	1.9611	2.3193	-1.4417	-4.1179	-5.4951	-9.0045	-10.9919
-13.9574	-10.7712	-5.4229	-6.4268	-1.8652	1.6577	1.2142	-1.4377	-4.4837	-4.3216	-5.8033	-14.8776
-14.1850	-6.5562	-5.1350	-6.1503	-2.3085	1.1935	0.9529	-2.3250	-5.5689	-5.7551	-9.6936	-16.4983
-11.6095	-10.3051	-6.3612	-6.0380	-1.1361	2.2655	1.9683	-1.0570	-5.9677	-5.6543	-10.5927	-18.0882
-16.8439	-9.8581	-6.3963	-5.9246	-1.3495	2.3110	1.5760	-1.4074	-5.3424	-5.7044	-6.6782	-12.2806
-10.9775	-8.6004	-4.6794	-6.3813	-2.1617	2.3140	1.9590	-1.6328	-4.5193	-3.9738	-6.3780	-12.4608
-13.1970	-6.8616	-3.6149	-5.1520	-1.7157	1.6701	1.7738	-2.1476	-8.1698	-5.7483	-8.2657	-9.5689
-9.7763	-5.6514	-5.0862	-7.7870	-1.3533	1.7681	1.9638	-0.5698	-4.2547	-5.3877	-9.3563	-12.8214
-12.7622	-8.1728	-5.2321	-6.2927	-1.7651	2.3783	2.0226	-2.5099	-7.0262	-5.8516	-6.3970	-10.5154
-12.7406	-8.5735	-5.8160	-5.7726	-1.6673	1.4797	1.1157	-1.5797	-6.0911	-5.8717	-7.7670	-12.1395
-11.8891	-8.3933	-6.4935	-5.2537	-0.7495	2.6874	2.1436	-1.6331	-5.3916	-4.5136	-6.7513	-12.8043
-9.6993	-7.0412	-5.8733	-6.7317	-1.2235	2.1230	1.7053	-1.8223	-5.8028	-4.9100	-7.9127	-9.4136
-11.0626	-6.6872	-5.7108	-5.3798	-1.0838	1.5571	0.9365	-1.7159	-4.6124	-5.7320	-7.1687	-13.0608
-11.4095	-8.1111	-4.1924	-4.8396	-2.5718	1.1315	0.9448	-3.5249	-4.9365	-3.6349	-6.6560	-12.4884
-12.6365	-9.9797	-4.9791	-4.5329	-2.4824	1.3667	1.5710	-2.1810	-6.0469	-5.3531	-8.4252	-12.3851
-11.0237	-7.5018	-4.8492	-7.8292	-2.1593	2.4978	2.2311	-1.8791	-6.6018	-5.0973	-7.4678	-16.6228
-14.8575	-9.0868	-4.7257	-6.3472	-2.2833	2.3010	2.3102	-2.6247	-6.7909	-7.4374	-7.9043	-13.3484
-13.7185	-9.7070	-4.8052	-6.9725	-1.8278	2.3718	2.1639	-2.0069	-5.8361	-4.2287	-6.7240	-13.6471
-12.7382	-9.4924	-5.6210	-7.3388	-1.8676	2.8532	2.4051	-0.7202	-3.8669	-6.0912	-7.3199	-12.4044
-13.8206	-7.4236	-4.1596	-5.9075	-1.3505	2.5785	2.3718	-1.6375	-6.6890	-5.3141	-7.4332	-11.9607
-10.5513	-6.3662	-4.9160	-6.2854	-2.1517	1.4319	1.4044	-2.0768	-5.5349	-5.6505	-8.1874	-15.5840
-12.9612	-8.2105	-4.9789	-5.6031	-1.5717	2.1202	2.8389	-1.2376	-6.9459	-5.6858	-9.7597	-13.7309
-11.1853	-8.9809	-5.7115	-4.9444	-1.2516	1.9127	2.1966	-1.5059	-7.2661	-5.9301	-8.3395	-15.4096
-16.4719	-7.3268	-4.8691	-5.2822	-1.4522	1.6215	1.7916	-1.5478	-6.9431	-4.8621	-8.3311	-14.9423
-12.3228	-8.5037	-5.8455	-5.7068	-2.2346	1.5916	1.9421	-2.1017	-6.9056	-4.5616	-7.3694	-11.1842
-18.9463	-9.3451	-4.4187	-4.8486	-1.2991	2.3611	2.7182	-1.8086	-6.5347	-4.5408	-9.7747	-12.0722
-10.3105	-7.7076	-5.9734	-6.8055	-1.7640	1.8943	1.7412	-2.5491	-6.0082	-5.2266	-8.1682	-11.2180
-13.4899	-9.9675	-5.2848	-7.8336	-2.4166	2.6178	2.4030	-1.4325	-3.5243	-3.9533	-8.6638	-17.5591
-17.4780	-8.4665	-5.2522	-5.3960	-1.5906	2.0687	2.1316	-2.8197	-5.9486	-4.0759	-7.6096	-12.4663
-11.5988	-8.6889	-5.1001	-5.7942	-1.6476	1.4155	2.1036	-1.5946	-5.6514	-6.3667	-10.2026	-16.4812
-12.9094	-6.8194	-5.2418	-7.2923	-1.6769	2.0990	2.3591	-0.9882	-6.3102	-5.0698	-6.4581	-11.7160
-14.3305	-8.3342	-5.9328	-5.3883	-0.6909	1.3438	1.0100	-2.5650	-5.5938	-3.8623	-6.7235	-16.3993
-12.9906	-8.4823	-4.8730	-5.3029	-0.8272	3.1922	2.9743	-2.3443	-5.9837	-4.8605	-8.2974	-14.1986
-12.3439	-7.6551	-5.3055	-6.0040	-1.5594	2.3519	1.8900	-2.2458	-4.7252	-4.6362	-7.3609	-12.5782
-12.1918	-8.2672	-4.1804	-4.3878	-2.1019	2.1126	2.6057	-0.7391	-4.2262	-5.2326	-8.7332	-13.6476
-15.7215	-9.1990	-4.9064	-4.7389	-1.2956	2.5761	1.7141	-2.0002	-4.9637	-4.9803	-9.7097	-12.4580
-18.7760	-8.5216	-5.1911	-5.9373	-1.3079	2.1796	2.4981	-0.8425	-6.4612	-5.6476	-6.3506	-15.2172
-12.5416	-9.0997	-4.9572	-4.3487	-1.5686	1.9116	1.6659	-1.7088	-5.1468	-5.7550	-10.2780	-12.1293
-10.7649	-7.3437	-4.9104	-5.6774	-1.7274	2.2134	2.2576	-1.6337	-5.6434	-4.5629	-7.9640	-9.6350
-15.2881	-7.2682	-4.4700	-5.1310	-2.6787	1.4419	2.0190	-1.2783	-6.8640	-6.0482	-7.8468	-11.9763
-12.9026	-7.7304	-4.7213	-4.6472	-1.8157	2.0375	1.9240	-1.6636	-5.6510	-3.3166	-7.8885	-12.9411
-12.3676	-8.8823	-5.4127	-5.6631	-0.9335	2.1662	1.8427	-1.6266	-6.0286	-3.9060	-7.7429	-12.7670
-10.8875	-9.3722	-4.8388	-6.4551	-1.3353	2.1700	2.0615	-1.1608	-6.6652	-5.3953	-6.8978	-12.7385
-11.3402	-8.0114	-5.9691	-5.8833	-1.2806	2.4521	1.7707	-2.2812	-4.7521	-4.0051	-7.2927	-16.9332
-14.1010	-8.5576	-4.8782	-5.6183	-1.6745	1.9302	1.8940	-1.2025	-5.3837	-4.9460	-10.4413	-10.7508
-10.6565	-7.5756	-3.9552	-6.3716	-1.7269	2.1465	1.4817	-2.4716	-4.9976	-4.1637	-8.8522	-10.2731
-15.0809	-11.3250	-6.7134	-6.0159	-1.1151	1.7826	1.7361	-1.6163	-5.4954	-5.0144	-7.8281	-10.7518
-8.5637	-8.3899	-3.3479	-5.6450	-2.7755	2.3244	2.7326	-1.4876	-4.4310	-4.7109	-7.9785	-11.6232
-11.9054	-5.9279	-5.6024	-5.7165	-1.6317	1.4278	1.7572	-2.0262	-7.3134	-4.9163	-8.3307	-17.8945
-11.1649	-7.4233	-5.0647	-6.3160	-1.9721	2.0138	1.8343	-1.7402	-5.3057	-5.6539	-9.0456	-11.2304
-13.4948	-8.4228	-5.7255	-7.1917	-1.4681	2.2043	1.8003	-2.2526	-6.9817	-4.5520	-7.3587	-13.0074
-11.1517	-8.2082	-5.6141	-5.8192	-1.6852	1.4066	1.6615	-1.2297	-5.3879	-4.1411	-9.7691	-14.1462
-11.0204	-9.0931	-5.3662	-6.5716	-1.5518	1.9310	1.5117	-1.0152	-5.2916	-5.9143	-6.8553	-9.7239
-14.0273	-7.7853	-4.1440	-6.7471	-1.8556	2.5448	2.2469	-1.4721	-5.7589	-5.4045	-9.0776	-11.9640
-12.8816	-9.0786	-4.9138	-4.9210	-1.8943	2.1556	2.2642	-3.2105	-7.5490	-4.3763	-7.2272	-14.4401
-12.2799	-7.6002	-5.3488	-6.2439	-1.9433	1.9038	1.4759	-1.7572	-4.2369	-4.8322	-8.6400	-13.6186
-15.4674	-7.0771	-5.0664	-5.8939	-1.6397	2.0889	2.0271	-1.3285	-5.5975	-5.0300	-9.3411	-10.6714
-10.6769	-7.4133	-5.0668	-6.0398	-1.8393	1.7638	2.2059	-2.0235	-6.1543	-4.7575	-9.1806	-13.1624
-17.3965	-7.9556	-5.5353	-5.3143	-1.8816	1.9217	2.1633	-1.8323	-5.7794	-4.9203	-8.7799	-12.4168
-12.8215	-9.4572	-5.4835	-5.4711	-2.7829	2.1254	2.4659	-1.8113	-3.9086	-4.1553	-7.6901	-14.6507
-12.2309	-11.3471	-4.9006	-6.1873	-1.1534	2.0988	1.6558	-2.2113	-5.6801	-4.7452	-6.9192	-11.4131
-10.0245	-7.8655	-4.8890	-6.2840	-2.7079	1.1353	2.0661	-1.4451	-5.6317	-7.3167	-9.9289	-11.6402
-16.1630	-8.0103	-5.2237	-4.1415	-0.3105	2.5316	1.8607	-2.1382	-5.7607	-5.6267	-8.0700	-12.2855
-12.3427	-6.0654	-4.8574	-5.6717	-2.1558	1.7399	1.4570	-2.2368	-4.2971	-4.7195	-8.0251	-13.0438
-15.9161	-10.9988	-6.6301	-6.6605	-1.2825	2.2600	2.0955	-1.4329	-5.2480	-5.5349	-11.5160	-11.9104
-11.7529	-8.5337	-6.0644	-7.2303	-2.1540	2.5217	3.1511	-0.5064	-6.3440	-4.8478	-7.0542	-14.9243
-13.6076	-6.2283	-4.5459	-6.2919	-1.2620	2.7807	1.8670	-1.9201	-4.6099	-4.9422	-7.3022	-12.3378
-14.4041	-10.2665	-4.5098	-4.0998	-2.0469	1.1343	1.7932	-1.3725	-6.7678	-5.1405	-6.3929	-14.6422
-11.0931	-6.4610	-4.9703	-6.7645	-1.7081	2.1893	2.3588	-1.4885	-7.5188	-4.8709	-6.0074	-11.1100
-11.5236	-5.8110	-4.6129	-5.7405	-0.9179	2.6701	2.0668	-2.5390	-5.0447	-4.7056	-8.9671	-12.0936
-12.2369	-7.0553	-4.0840	-7.2620	-2.6822	2.7278	2.2597	-1.9762	-5.3031	-4.9838	-6.7605	-12.8696
-9.0241	-7.5666	-3.3628	-5.4904	-2.4721	1.8604	1.7714	-2.8990	-5.8509	-4.3270	-7.2677	-11.1993
-11.5592	-7.0240	-4.3969	-5.5754	-1.8074	1.6693	2.1579	-1.4701	-7.0041	-4.8593	-8.3351	-14.5655
-14.2528	-6.5974	-4.8975	-6.7155	-1.6687	1.8994	1.7668	-1.3096	-5.6201	-6.0167	-9.0200	-11.2914
-11.2474	-6.9657	-4.7449	-5.9665	-1.3496	1.5546	1.6643	-1.2610	-4.7150	-5.0353	-9.0471	-13.0807
-12.3217	-6.9924	-5.4774	-5.7434	-1.9043	1.8486	2.0405	-1.3230	-6.6676	-4.8196	-7.9652	-8.5513
-11.4907	-7.4298	-5.6351	-4.6014	-0.7444	2.6928	2.7555	-0.9392	-4.0012	-5.1924	-9.1711	-12.7746
-12.0849	-7.0914	-5.6937	-5.8143	-2.8760	2.0516	2.0452	-1.3521	-6.3348	-5.9678	-7.0499	-11.8193
-10.6270	-9.6718	-5.5893	-5.7468	-2.5755	1.9885	2.2372	-2.2160	-6.9974	-5.9973	-8.3991	-14.2166
-12.3025	-6.2981	-5.0405	-5.6007	-1.3511	2.3964	1.7955	-2.1175	-5.8515	-5.8464	-7.4461	-9.1184
-14.9648	-6.4028	-5.2505	-5.4485	-1.8528	1.4561	1.5688	-1.5089	-4.3340	-4.6621	-7.8669	-13.4542
-11.2069	-7.1622	-6.0745	-6.6887	-1.7812	1.7858	1.9960	-1.4576	-6.2003	-4.9672	-6.0774	-10.4993
-15.9102	-8.0640	-5.1329	-4.6374	-1.3895	1.5785	1.7455	-2.2357	-5.3527	-4.5437	-8.2297	-16.2157
-12.7217	-8.6396	-5.0152	-5.9273	-2.0129	1.7492	1.4920	-3.4576	-4.8040	-4.7314	-9.4461	-12.0284
-12.8051	-7.7755	-5.2118	-4.8704	-1.5590	1.7639	1.9022	-1.1830	-4.2903	-4.6979	-8.4014	-11.6861
-14.7282	-7.9989	-5.7439	-5.7505	-1.5791	2.1549	1.6977	-1.9144	-4.3501	-4.1083	-7.4519	-11.5398
-12.1645	-5.9967	-4.4583	-6.4091	-2.4403	1.8445	2.1025	-1.3968	-4.7478	-6.0807	-8.5640	-9.3889
-12.3373	-8.7430	-4.3589	-5.4363	-2.3921	1.7537	1.8225	-1.7695	-5.9500	-4.8399	-6.3379	-11.6049
-13.6039	-9.4743	-6.0309	-6.7245	-1.6746	1.9380	2.4945	-0.8724	-5.1532	-5.8490	-9.7075	-14.1432
-15.1400	-10.4313	-3.9455	-6.2240	-1.8329	1.9217	1.8415	-2.0963	-6.9747	-6.0237	-11.0701	-14.3223
-13.9248	-9.3640	-4.5494	-4.7372	-1.8041	1.8525	1.9093	-1.8783	-5.7778	-5.3395	-9.8658	-21.6461
-13.9837	-10.2466	-5.4962	-4.1099	-0.5137	2.5568	2.2343	-1.4939	-4.6274	-4.4397	-7.4606	-11.1482
-11.0519	-9.3360	-4.7232	-6.5077	-2.0607	2.2145	1.9992	-1.9063	-4.5648	-4.8172	-6.7451	-9.6323
-10.1281	-8.8364	-5.4077	-4.7208	-1.4109	1.8618	1.6334	-2.0872	-4.7713	-4.0832	-10.1841	-25.8827
-11.5981	-7.5865	-5.0998	-4.1475	-1.5018	1.5119	1.6417	-1.3685	-5.1823	-5.1159	-8.3145	-15.1431
-13.3725	-6.0848	-3.9379	-4.4307	-1.3318	2.2505	2.3268	-1.0005	-6.4673	-5.4985	-7.3825	-10.3435
-17.7004	-6.9582	-3.7909	-4.3866	-1.5214	2.2857	1.8385	-1.3003	-4.4433	-4.7251	-8.8307	-10.7098
-11.5828	-7.9229	-4.2083	-4.3203	-2.1444	2.1541	1.9271	-2.3458	-4.8995	-4.2935	-7.6769	-12.5572
-10.8446	-8.3263	-4.5470	-5.8035	-1.1791	1.4190	1.3755	-2.0907	-6.5063	-5.1466	-6.8265	-12.1427
-11.4517	-7.3309	-5.2891	-5.6435	-1.5180	1.7345	1.9280	-1.4915	-4.4716	-5.6902	-7.0429	-11.4536
-12.1159	-8.1893	-4.4015	-4.2363	-0.9096	1.4630	1.4632	-1.3014	-5.4798	-4.9886	-6.9314	-13.1731
-8.6678	-6.7066	-5.2633	-3.9503	-1.1764	2.5502	2.4147	-1.8531	-5.9432	-4.6776	-8.7670	-11.0086
-13.6049	-7.6738	-4.6452	-5.7346	-1.8620	1.6002	2.2387	-1.1888	-6.3565	-5.7755	-7.9341	-12.6114
-13.1561	-8.9275	-4.9465	-4.7304	-2.5613	1.4754	1.6354	-1.4599	-5.6690	-4.9026	-7.3750	-12.8127
-13.9765	-8.1662	-5.2674	-6.1021	-1.6888	1.9233	1.1712	-1.6315	-4.1378	-5.2765	-9.0449	-11.6853
-13.9562	-7.3627	-6.4475	-7.0144	-1.4299	2.1042	1.2823	-1.6862	-3.6089	-5.7531	-11.1936	-13.9993
-10.7964	-7.1630	-5.3212	-5.3517	-1.2591	2.1036	1.9241	-1.3536	-4.8042	-4.8132	-9.1299	-12.8273
-12.3737	-7.6767	-4.5467	-4.5507	-1.1767	2.0367	1.6817	-1.4857	-5.7116	-5.0623	-8.9364	-12.6667
-10.6058	-7.5694	-4.6075	-4.5893	-0.9764	1.9229	2.3392	-1.3885	-6.8744	-3.4725	-6.9470	-12.9026
-14.0156	-5.1711	-4.4302	-7.5085	-1.9099	2.2870	1.8212	-1.6397	-4.7206	-5.5553	-7.5027	-16.7001
-12.5847	-7.2162	-4.7434	-7.9271	-1.6491	2.1390	1.4521	-1.8259	-4.1748	-5.6184	-7.2879	-12.6010
-12.1791	-7.4810	-5.2946	-5.6827	-0.8276	2.3861	2.0789	-2.1261	-6.4936	-5.6579	-7.2800	-10.0432
-12.0574	-6.2948	-4.4156	-4.2374	-2.1252	1.5361	2.2016	-1.8850	-6.4537	-5.0328	-7.9055	-10.3671
-15.3595	-7.7643	-5.5807	-6.7571	-1.8611	1.9966	2.5135	-1.1249	-7.4595	-5.6813	-8.7058	-14.2216
-13.6716	-6.6568	-5.0988	-5.7377	-0.9100	2.4485	1.9629	-1.1287	-5.0508	-5.6203	-8.9513	-9.3132
-12.0301	-8.7860	-6.4420	-6.0888	-1.7117	2.1755	2.4639	-1.8673	-7.0641	-4.9480	-6.5938	-12.9090
-11.9619	-8.3646	-5.3650	-6.1054	-2.1144	2.1862	1.8769	-1.9570	-5.6540	-5.2102	-6.2172	-12.1879
-8.7396	-5.8205	-4.8341	-4.6420	-1.0197	1.4946	1.5153	-2.3915	-4.0729	-4.1422	-8.0000	-13.7758
-12.2754	-7.0342	-3.8613	-5.2964	-1.7590	1.5471	1.4823	-2.6007	-6.1179	-4.0978	-7.2567	-13.3385
-14.3975	-7.1507	-4.1363	-5.8731	-1.7508	2.1703	1.9749	-2.1066	-4.6508	-5.3889	-8.6086	-12.6350
-10.6152	-5.4780	-5.1518	-6.5268	-2.7674	1.8457	2.5007	-1.9310	-8.1552	-4.5495	-7.1144	-12.5940
-13.2755	-7.3008	-5.4826	-6.5558	-2.5294	1.8515	1.7361	-1.5470	-5.7591	-4.1690	-7.2096	-12.1916
-14.3906	-9.1877	-5.9147	-5.6669	-1.6728	2.1557	1.9870	-2.3483	-5.3979	-3.9900	-6.5351	-9.9991
-15.0554	-8.5228	-4.3043	-5.1533	-1.1445	2.4625	1.3323	-2.6459	-6.7090	-5.1500	-7.6381	-15.0040
-15.8292	-7.1896	-4.7162	-4.8786	-0.7484	1.3915	1.3058	-1.9462	-5.8145	-5.7382	-9.3212	-15.3699
-13.1181	-9.9135	-4.6207	-5.3482	-1.6060	2.0628	2.6608	-1.5037	-6.5643	-5.6906	-7.5942	-15.6823
-11.2655	-9.3303	-5.1127	-3.7996	-1.8986	1.9591	2.2910	-1.9207	-6.5417	-5.9668	-9.4814	-13.6461
-10.6921	-8.2329	-5.3227	-5.5372	-1.3589	2.0280	1.9021	-2.1900	-5.5140	-4.9947	-8.8691	-14.7168
-14.0654	-9.1358	-4.6307	-6.7572	-1.7042	2.3690	2.5029	-1.1622	-7.6452	-4.6509	-5.7832	-11.6847
-10.7537	-8.0378	-4.9303	-6.9208	-0.9974	2.2720	1.6693	-1.7527	-6.4100	-5.5833	-7.1397	-10.7181
-9.1434	-8.9100	-4.6201	-4.8904	-0.8417	2.6280	2.3238	-1.6932	-5.5033	-5.3591	-8.1923	-13.6192
-12.9178	-9.5436	-4.4064	-5.1554	-1.0824	2.2566	1.4696	-2.3042	-6.3248	-5.2688	-9.2560	-9.3677
-13.3625	-8.4281	-4.5028	-6.5967	-2.3860	1.1826	1.1042	-2.2712	-5.6007	-4.3616	-6.1530	-10.4578
-12.8232	-4.6856	-3.8273	-8.0279	-2.2072	1.4392	1.8806	-1.6649	-6.1300	-5.6040	-8.5872	-11.9679
-13.6553	-7.8566	-5.4074	-6.4891	-1.8321	2.1588	1.7696	-1.6253	-6.6005	-4.7917	-6.8954	-11.5584
-13.5679	-7.8617	-4.2423	-6.2370	-1.7940	2.2561	2.0440	-0.6811	-4.2860	-5.2802	-8.2876	-16.6330
-10.7815	-6.7934	-4.7864	-6.3156	-1.7203	2.0988	1.9811	-2.8094	-6.5643	-4.2996	-10.0659	-12.5812
-13.8234	-9.0170	-5.3098	-4.3556	-1.1336	1.9591	2.3150	-0.3330	-4.0721	-6.1871	-11.2992	-12.9402
-13.6661	-7.9311	-5.3438	-5.4628	-2.4458	1.7238	2.1580	-1.2341	-5.3929	-4.8138	-8.9801	-16.4342
-12.4348	-6.5662	-4.9874	-5.4442	-1.4538	1.6610	1.7244	-0.6858	-5.1344	-5.9598	-7.5295	-12.7350
-12.6733	-7.7992	-5.2450	-6.0307	-2.7123	1.8379	2.0395	-1.6684	-4.4537	-4.3254	-6.7366	-15.6635
-14.2097	-7.9127	-6.3964	-6.4425	-2.0686	1.5546	1.9613	-0.9657	-3.5158	-5.3604	-7.9210	-11.6851
-14.1013	-8.3462	-4.8382	-5.4804	-1.5522	2.2928	2.4386	-1.0601	-5.5351	-5.8570	-7.0691	-10.3338
-14.9924	-9.4325	-5.4458	-6.3124	-2.0359	1.5595	1.9790	-0.6664	-3.5032	-5.4839	-8.1438	-13.0653
-12.5649	-5.7834	-4.0844	-6.1156	-2.6224	1.5916	1.6794	-1.4905	-5.1936	-5.5370	-8.5573	-13.8156
-11.8100	-7.4807	-4.6861	-6.4898	-1.7948	2.6832	2.2335	-2.3020	-5.9342	-4.3375	-6.1962	-13.6219
-11.5810	-8.0569	-4.4547	-5.5670	-1.4947	2.0200	1.6057	-1.3894	-4.8682	-4.5511	-7.0326	-14.1737
-12.2841	-8.5023	-4.8436	-5.1368	-1.9509	2.1124	1.8986	-2.1119	-6.1635	-5.2744	-8.6075	-12.1463
-16.5100	-10.2816	-5.9204	-6.0929	-1.0047	2.3966	2.3957	-1.0398	-6.3897	-4.9098	-5.5896	-13.1927
-14.7840	-8.3760	-5.3471	-5.7954	-2.0705	2.0383	2.0132	-1.1427	-3.9252	-4.8513	-7.2346	-14.1366
-13.3550	-7.0843	-4.9301	-6.6370	-2.2014	1.6820	1.8253	-1.9736	-5.2236	-4.4109	-9.1939	-12.4702
-14.2770	-7.3072	-4.9628	-6.0658	-2.0173	1.7421	1.6150	-2.3654	-6.4666	-6.0528	-7.9575	-13.5391
-12.8859	-9.0799	-4.8910	-7.1488	-2.2497	2.2645	1.8164	-2.0631	-4.9666	-4.7753	-8.0441	-9.3379
-14.6153	-10.1030	-5.1910	-5.2578	-0.7529	2.4681	2.0674	-2.4712	-6.2777	-5.3819	-9.1836	-12.6262
-11.3525	-9.3254	-4.7518	-4.7408	-2.0765	1.5379	1.4700	-2.2836	-5.9171	-4.7315	-5.9023	-11.7654
-11.6148	-7.3383	-3.3131	-3.6245	-1.0197	2.3622	2.3143	-1.7224	-6.8357	-5.2683	-7.1263	-11.7590
-13.8509	-8.2196	-3.8362	-4.5495	-1.8294	2.4507	2.1721	-1.6006	-5.3964	-4.3389	-6.9936	-11.6599
-12.7168	-7.9996	-5.0372	-4.9629	-1.2046	2.3680	2.0341	-1.2990	-6.4506	-5.8379	-10.0382	-14.0262
-12.9462	-8.1102	-5.0338	-5.6697	-1.1253	2.0664	1.5432	-1.7050	-6.0622	-5.5349	-8.1315	-10.8202
-11.3747	-6.0784	-3.9518	-4.2388	-1.5043	1.8792	1.0745	-2.1205	-5.2125	-5.3069	-7.2001	-10.4785
-9.4914	-5.9897	-5.5342	-6.3873	-1.3708	2.0093	2.0288	-1.6687	-4.9467	-5.0538	-9.2486	-14.5749
-11.2489	-8.5935	-5.8885	-5.6895	-1.5267	1.6562	1.4302	-2.0954	-5.5369	-5.6235	-9.7663	-10.9345
-15.2449	-9.6772	-6.0830	-4.2541	-1.2467	1.8805	2.2810	-2.1368	-7.7519	-5.5606	-8.5205	-10.6974
-13.6686	-9.3051	-6.1327	-7.2947	-1.6894	2.0974	1.9403	-1.6697	-5.2776	-5.5569	-7.4197	-9.9793
-11.5648	-5.4289	-4.2442	-6.0740	-1.7111	2.2034	2.5179	-0.4381	-4.9906	-4.9290	-8.1441	-12.3166
-11.2400	-7.2509	-4.9667	-4.8308	-1.7803	1.7410	2.1835	-1.6083	-5.9339	-4.9659	-8.8595	-12.4427
-15.5770	-9.1908	-5.2627	-5.1823	-2.2330	1.3014	2.2426	-1.0443	-6.4645	-4.0159	-5.4524	-16.4180
-14.8069	-7.5213	-4.6508	-6.9235	-2.2964	2.0071	2.1700	-1.6306	-6.9517	-5.0145	-7.7197	-17.2266
-11.5413	-8.2839	-5.0101	-4.5913	-1.7876	1.8638	2.1686	-1.7549	-6.2575	-5.7525	-8.5156	-13.8208
-15.7151	-6.4378	-5.0463	-3.8563	-1.0204	2.1721	2.1627	-2.3324	-6.9660	-5.6217	-7.3100	-14.4306
-12.7465	-9.3164	-5.5621	-5.7887	-1.3027	2.2161	2.3433	-1.3478	-5.3520	-5.3448	-7.1879	-12.4515
-17.9972	-8.9884	-4.6561	-5.2078	-2.0260	1.2978	1.3716	-2.2611	-4.9199	-4.8505	-9.4525	-16.0562
-12.4592	-8.9103	-5.1107	-5.5699	-1.9540	1.1217	1.4876	-1.8439	-7.9915	-4.3506	-6.0561	-14.4336
-14.5164	-9.9761	-5.1351	-4.4431	-0.7496	2.4840	2.0873	-0.9822	-4.0372	-4.1459	-8.1032	-12.9030
-11.3096	-7.0556	-4.7663	-6.7188	-1.7959	2.0576	2.1806	-1.5748	-5.9995	-4.6977	-6.6017	-14.5482
-9.0263	-8.4976	-5.5341	-5.5756	-2.5488	1.2905	1.5196	-2.3639	-6.7690	-5.6510	-6.8305	-12.7789
-11.4145	-8.1407	-4.8289	-5.0059	-0.9495	2.0254	1.1950	-2.0675	-5.8391	-4.7300	-6.9903	-13.9370
-11.3024	-6.9200	-5.2961	-5.6799	-1.2457	1.9904	2.0934	-1.7903	-7.0475	-4.3198	-7.1835	-12.5924
-12.5131	-7.5767	-5.5167	-5.7858	-1.9004	2.1275	2.1828	-1.5290	-5.9621	-6.3839	-7.5394	-15.4435
-15.4113	-9.3880	-5.1203	-5.3691	-1.4423	2.2697	2.3807	-0.9523	-6.2757	-5.3581	-6.1401	-12.0899
-11.8982	-8.2031	-4.6918	-5.0543	-1.5400	1.7718	1.3006	-2.0547	-3.9891	-4.0644	-8.0057	-14.9446
-10.0520	-7.2815	-5.9303	-6.7006	-0.9827	1.9573	1.8546	-1.7926	-5.7273	-4.8105	-5.5961	-15.5327
-10.3834	-6.8212	-5.1504	-6.2707	-2.6717	1.8179	1.7190	-1.6385	-4.8174	-4.1122	-6.5754	-12.1680
-10.2090	-7.5478	-4.7839	-5.7356	-1.8668	1.7973	1.6972	-1.8056	-5.7984	-4.5543	-8.3687	-15.8291
-9.7874	-7.2568	-4.9764	-6.1613	-2.8289	2.1444	2.3110	-2.1413	-4.7535	-5.1009	-9.9636	-14.5426
-13.2356	-6.9206	-4.6945	-4.1600	-1.4293	1.2459	1.7453	-1.7668	-6.7001	-5.1988	-8.2546	-10.7111
-12.6400	-6.9136	-4.9268	-4.9805	-0.2660	2.2839	2.3678	-1.2101	-7.6167	-6.4083	-7.0451	-12.2916
-11.1564	-7.1410	-5.6842	-4.8896	-0.7101	1.1474	1.5987	-0.3458	-5.0912	-4.5811	-5.5883	-16.1593
-11.2600	-6.8276	-5.1751	-5.2564	-1.5299	2.4774	2.8001	-1.5673	-5.6834	-4.7944	-8.4457	-9.8835
-10.7100	-6.8988	-4.1565	-5.8032	-1.2197	2.0830	1.7963	-1.8802	-6.3826	-6.1987	-8.7657	-10.8234
-13.9316	-8.2495	-5.6794	-4.7461	-1.1322	1.4645	1.7958	-0.9950	-4.0165	-5.5364	-7.5645	-12.4458
-13.0388	-7.3119	-4.1409	-6.6798	-2.0906	1.9619	1.5589	-1.5225	-4.1297	-4.6624	-8.2267	-12.3262
-13.6740	-6.8521	-4.5361	-5.8878	-1.1174	2.3390	2.7524	-1.5651	-7.1410	-6.1612	-8.5948	-13.6293
-11.3333	-7.8841	-6.2767	-7.3075	-1.0234	1.5952	1.6442	-1.3536	-5.7249	-5.1044	-5.7474	-9.9365
-17.6609	-8.9066	-4.8580	-7.2783	-1.7579	2.1956	2.1216	-1.2899	-5.2680	-5.3968	-8.2144	-12.1160
-13.8443	-8.8110	-4.7324	-5.8589	-2.5349	1.9474	2.1815	-1.2799	-4.8406	-5.1859	-8.5024	-14.0515
-9.0840	-6.7660	-4.8546	-4.9611	-0.8203	1.6790	1.1872	-1.8025	-5.7696	-4.6705	-8.1583	-11.2590
-17.9639	-8.5825	-5.1452	-7.1240	-1.3239	2.3593	2.0962	-1.4465	-5.8830	-5.3163	-8.2964	-11.7526
-15.9672	-9.3076	-5.5769	-6.5202	-1.9997	2.2140	1.9055	-1.4113	-6.7071	-4.8671	-6.4628	-13.2443
-13.8130	-9.0020	-5.9034	-5.6505	-1.4857	2.4014	2.3450	-1.6969	-5.9163	-4.8848	-9.3948	-14.2775
-16.9481	-7.0257	-4.5824	-4.4439	-1.6276	1.9592	1.3461	-1.7935	-5.9338	-4.1161	-8.0992	-9.7523
-12.3157	-8.4931	-5.4412	-5.4178	-1.0490	2.0191	2.0707	-1.5659	-6.4034	-4.7891	-8.5126	-12.9552
-11.6070	-7.6679	-4.8083	-5.3305	-2.2708	2.1944	2.3087	-2.6210	-5.1425	-5.2313	-8.8299	-11.2708
-10.9523	-6.1237	-5.0568	-6.2033	-1.9164	2.1499	2.1168	-1.3187	-5.9659	-6.3135	-9.1139	-12.0231
-12.3424	-7.6494	-5.8572	-5.7890	-1.1625	1.8549	2.1114	-0.9041	-5.2582	-5.0530	-7.0301	-9.7720
-13.3967	-5.8285	-4.9699	-6.9331	-1.3936	2.4098	2.2237	-1.5153	-5.7448	-5.5021	-6.6710	-14.1126
-10.2650	-8.3574	-4.2545	-5.1462	-1.9023	1.6277	0.9967	-2.0230	-4.3143	-4.4689	-7.0952	-10.4359
-16.3116	-7.9093	-6.0651	-6.9529	-1.5578	1.9475	1.8605	-1.8142	-4.5257	-4.4959	-9.8050	-13.6035
-13.4871	-9.3499	-5.2029	-7.2602	-1.3545	2.4411	2.3465	-1.3341	-5.6388	-5.1746	-7.4622	-12.0085
-11.9877	-9.4989	-5.4427	-4.7231	-1.9467	1.7775	2.1595	-1.8898	-5.7550	-5.2642	-7.7573	-13.8732
-13.4015	-7.5181	-5.5225	-6.6537	-2.2495	2.0332	1.8788	-2.4808	-5.6694	-4.9622	-8.8758	-15.8322
-13.7214	-8.4077	-5.5983	-6.3808	-2.2399	2.4704	2.5468	-1.5740	-4.3740	-4.7161	-8.4284	-11.1184
-14.8613	-8.1972	-5.1271	-4.3649	-1.8018	1.3753	1.6991	-1.7530	-6.7464	-5.0147	-6.9737	-13.2047
-12.9036	-7.7453	-5.1970	-6.2740	-2.3923	1.5523	1.9170	-1.8560	-5.8203	-4.4669	-5.7867	-10.9318
-12.8078	-7.1484	-5.6836	-8.0353	-2.7198	1.0866	1.9369	-1.5791	-5.3701	-5.0033	-7.2660	-12.4162
-14.9060	-8.7428	-4.9738	-4.6374	-1.0175	2.0783	1.6839	-1.4299	-5.5147	-7.2478	-9.7283	-12.5676
-11.8140	-7.7311	-5.1733	-6.7972	-2.2832	1.9919	2.3462	-1.3135	-6.1075	-6.5601	-10.9118	-17.1428
-11.4373	-8.0979	-5.4242	-6.8508	-1.6836	2.6417	2.0554	-1.6248	-5.2952	-6.9101	-11.4534	-14.5872
-11.8416	-8.0688	-5.6318	-6.7348	-2.0253	2.3849	2.4112	-2.2912	-7.4069	-5.3152	-9.3912	-12.4809
-13.4522	-7.7724	-5.1717	-5.1880	-1.7394	1.4603	1.8052	-1.5241	-5.9989	-5.4380	-8.8206	-14.1063
-12.2033	-6.6365	-4.1009	-4.1299	-1.5046	1.8466	2.6929	-1.3977	-6.8220	-4.0376	-6.6628	-15.6099
-11.6582	-10.0527	-4.7836	-5.5559	-1.7906	2.4519	2.7531	-1.2742	-5.5265	-5.0326	-8.1803	-10.2254
-10.8209	-7.7781	-5.1053	-7.1383	-2.2795	1.9249	2.1067	-0.5973	-4.7761	-5.8544	-7.3667	-13.9727
-11.0444	-6.4718	-4.7982	-5.7577	-1.7027	2.1217	2.1001	-2.7052	-7.5744	-5.2125	-9.7359	-11.6526
-15.1498	-8.4540	-4.2437	-3.7654	-1.2610	0.9509	1.7267	-1.5018	-5.4809	-5.7494	-7.0866	-8.7544
-12.2938	-9.9726	-4.4240	-3.9628	-0.4499	1.9421	1.8198	-1.7671	-4.9580	-4.0736	-6.7785	-15.6195
-12.8644	-8.6527	-5.1422	-5.2679	-1.1680	1.6873	1.4014	-0.8316	-3.9673	-5.3731	-9.7636	-16.4351
-10.3923	-7.3685	-5.3537	-6.1670	-1.8465	1.8736	2.3747	-1.9303	-6.1531	-5.4157	-9.7123	-11.0925
-12.3307	-8.8939	-5.4510	-6.2768	-1.4082	2.2266	1.7586	-2.6325	-6.1581	-5.8354	-9.3360	-17.0623
-11.0660	-8.1508	-5.6058	-6.7949	-2.8577	1.9141	2.2220	-1.9586	-5.2148	-5.0142	-7.1570	-11.1967
-14.3036	-7.8774	-5.8772	-7.4041	-1.2051	2.1921	2.0028	-1.6879	-5.0926	-5.8984	-8.7443	-11.7874
-14.2138	-8.8762	-6.2013	-6.0181	-1.6445	1.5324	2.2024	-1.0044	-7.0222	-6.2070	-10.3204	-13.9592
-15.7341	-7.4434	-5.4642	-6.0892	-1.3980	1.9877	1.4828	-1.8558	-6.0834	-5.8814	-7.4159	-12.2002
-13.2880	-10.1772	-4.6667	-5.7984	-2.8042	1.8919	1.9717	-1.7009	-4.9280	-5.6028	-8.9929	-13.4468
-14.0083	-7.8143	-4.4543	-5.0264	-1.5041	2.8843	2.1959	-1.4207	-4.9786	-4.2082	-6.8227	-10.7319
-13.0688	-7.5780	-5.0484	-5.5906	-1.7982	1.7860	2.0224	-2.4819	-6.7009	-4.7420	-7.9492	-11.1540
-9.8367	-7.5980	-4.2072	-5.5657	-1.4870	1.9308	2.2084	-1.0611	-6.4438	-5.6223	-6.9831	-10.8924
-14.7480	-9.0056	-5.7277	-7.1462	-2.1763	1.8009	2.1772	-1.5946	-6.0791	-6.9396	-8.5070	-12.0492
-10.5799	-6.7755	-4.9053	-6.2570	-2.0638	2.0985	1.6104	-1.9410	-5.0905	-4.4724	-7.2612	-12.8558
-10.5652	-10.1058	-6.3272	-6.7584	-1.0383	2.3638	2.0868	-1.6314	-4.1265	-4.1584	-8.6599	-11.4728
-9.5964	-8.7000	-6.8194	-5.4666	-1.4822	2.4991	2.6460	-1.8212	-4.6899	-4.8180	-8.3259	-14.5471
-13.8879	-7.7574	-4.4429	-6.8629	-1.9676	2.2010	2.3003	-1.6136	-6.6057	-5.8426	-9.2017	-14.3982
-13.5607	-8.5109	-4.8183	-5.5366	-2.0433	2.0074	2.3852	-1.2059	-4.4421	-5.6736	-8.5241	-10.9133
-14.1727	-7.8369	-4.5114	-5.4030	-1.7931	2.2478	2.8004	-0.8976	-6.6418	-5.8239	-9.7896	-16.2867
-11.7388	-7.4888	-4.6759	-5.6869	-1.1979	2.3443	1.8347	-1.6186	-4.8951	-4.4289	-7.3388	-10.2471
-11.5054	-7.6995	-4.4951	-4.9437	-1.7960	1.2196	1.7408	-0.5376	-6.0733	-5.3631	-5.9892	-10.0062
-12.5662	-7.0542	-4.5496	-4.7213	-1.5889	1.7887	2.2437	-1.8249	-6.2473	-4.7801	-7.0467	-11.2265
-11.8633	-7.8414	-5.1605	-5.1519	-1.0718	1.4517	1.2780	-1.9822	-5.2265	-5.8134	-9.4704	-16.3277
-12.2391	-7.4137	-4.5054	-4.8659	-2.3073	2.0779	2.0621	-2.2309	-5.1604	-5.2965	-8.2945	-10.6068
-14.3245	-7.0257	-5.0431	-6.0509	-1.0679	2.0309	1.9356	-1.7114	-6.2593	-5.2354	-8.3889	-13.0146
-8.4650	-7.0966	-5.5327	-6.5133	-1.9917	2.0672	2.0877	-1.5104	-5.5806	-5.4169	-8.7078	-13.9591
-10.1530	-11.0129	-5.9616	-4.3137	-0.6849	2.5997	2.5737	-0.7540	-4.0103	-4.8867	-9.2804	-13.9734
-12.1504	-6.6219	-4.3960	-5.0456	-1.7711	2.1384	2.1066	-1.0869	-5.4810	-5.8030	-8.5899	-11.6314
-12.6677	-7.5232	-4.4391	-5.8445	-2.1363	0.9882	1.7280	-0.9446	-5.4040	-4.6955	-6.7470	-14.4302
-9.8037	-5.4367	-4.4999	-5.4638	-1.4245	1.8569	2.3944	-1.4937	-5.1719	-5.1018	-7.8764	-9.5750
-13.6870	-8.6448	-4.2615	-6.2013	-1.7454	2.4348	2.7869	-0.5710	-5.9758	-4.0971	-5.6358	-14.2870
-13.1677	-7.2745	-4.1977	-5.2296	-2.2873	1.9949	2.7158	-1.3216	-5.1118	-5.9566	-8.8212	-10.0866
-13.6319	-7.7607	-4.8002	-6.7319	-1.1886	2.9131	2.4868	-0.7959	-4.1336	-5.1879	-6.5145	-15.2289
-15.1299	-7.3992	-4.6816	-4.6541	-1.1799	1.2268	1.6921	-2.0588	-8.0750	-6.6884	-9.0440	-10.9832
-16.3538	-9.0906	-5.6955	-5.0132	-1.9904	1.6467	1.7032	-1.4349	-3.6514	-5.0036	-8.4566	-16.1103
-14.0391	-6.9558	-4.4768	-5.0327	-1.9738	1.7621	1.7938	-2.3072	-6.3385	-4.9706	-8.2403	-11.1920
-16.0875	-7.9176	-5.4858	-10.0802	-2.1900	2.3025	2.4187	-0.5403	-5.6028	-4.6361	-5.8292	-13.3597
-11.0961	-12.3057	-5.3586	-5.6339	-0.7686	2.0108	1.4255	-1.3473	-5.1000	-5.3308	-7.7521	-11.1346
-14.4496	-7.0209	-5.1821	-6.1337	-2.1284	1.3654	1.8356	-1.2895	-4.2897	-6.2564	-8.5805	-11.6389
-9.9984	-8.0992	-5.9393	-4.8078	-1.2589	1.9994	2.1465	-1.7074	-4.9466	-4.7728	-9.6570	-13.0985
-8.5544	-6.5715	-4.8743	-7.6359	-1.7101	1.6190	1.4716	-1.9818	-4.7395	-5.1639	-8.5968	-15.7559
-12.8482	-8.7909	-5.4292	-5.1993	-1.5433	1.7069	1.7086	-1.5545	-4.8544	-4.7003	-7.7438	-11.4111
-13.0236	-10.1373	-5.6826	-4.3395	-1.6433	1.2116	1.0996	-1.6713	-5.3774	-4.5907	-8.6540	-13.9842
-10.4170	-7.5026	-5.3263	-4.7635	-0.9636	2.1615	1.9767	-1.6882	-5.1376	-4.3789	-7.4943	-10.5976
-13.8742	-6.7716	-2.7077	-6.3736	-1.5393	2.5951	2.0894	-1.7787	-5.8891	-5.5132	-7.7349	-11.1168
-12.4880	-6.7609	-4.6928	-5.6206	-2.2072	1.5507	1.9285	-0.9103	-4.8533	-4.7338	-6.0911	-11.6770
-24.7321	-7.6552	-4.7012	-7.1281	-1.3956	1.7839	1.0952	-1.5980	-4.1119	-5.6984	-7.3574	-11.9547
-19.4797	-11.7519	-5.4571	-6.9567	-0.9813	2.3568	1.7721	-0.9572	-5.3603	-5.7923	-9.0216	-14.6821
-10.8826	-6.3447	-5.3520	-5.3583	-1.9795	1.9476	2.1718	-1.6681	-5.5569	-5.4219	-6.0639	-12.4358
-14.5586	-6.8388	-4.4370	-6.2546	-2.0086	2.2944	1.9746	-2.4338	-4.9497	-4.7596	-8.6600	-13.9010
-11.6135	-7.0665	-5.3503	-6.3222	-1.6349	1.5193	1.6838	-1.2150	-4.3596	-4.0593	-9.3791	-11.3284
-10.3819	-8.7169	-5.8255	-6.2892	-0.7814	2.4032	2.6387	-2.1404	-7.6908	-4.9362	-8.6466	-11.1146
-16.5710	-8.1653	-4.2739	-6.1008	-2.5704	2.1552	2.1609	-1.5285	-5.2544	-5.1551	-8.7068	-9.6025
-13.2884	-7.8594	-5.5217	-6.8347	-1.7705	1.6246	1.9489	-1.9663	-6.6060	-5.9897	-9.2613	-12.5841
-15.7410	-9.3627	-5.1007	-4.6449	-1.4019	1.6928	2.1557	-1.8562	-6.8147	-5.5250	-7.0086	-12.8028
-12.8553	-7.1854	-4.8400	-5.4142	-1.4210	1.8146	1.6746	-1.8417	-5.7815	-6.7933	-6.9991	-13.2310
-10.8887	-9.0804	-6.2142	-6.9228	-1.1582	2.6811	1.8654	-1.0960	-3.3499	-4.6644	-6.1268	-9.7740
-13.2206	-7.2993	-5.1305	-5.2298	-2.1416	1.7290	2.2430	-1.9224	-6.1035	-4.8669	-7.7941	-11.2165
-12.0952	-7.8708	-5.2143	-4.4703	-1.1786	1.6717	2.0208	-0.5888	-4.4833	-5.4039	-7.6458	-15.1145
-11.8689	-7.6227	-4.6966	-6.1030	-2.0958	1.4419	1.3126	-2.0291	-5.3428	-4.3164	-6.0036	-12.1748
-12.6921	-6.7394	-5.4055	-5.1031	-1.3703	2.3335	1.9913	-1.7305	-4.7057	-4.5958	-9.3792	-10.8338
-9.8337	-6.3021	-5.7532	-5.3636	-0.1474	2.3235	1.5328	-2.5499	-4.8639	-5.5235	-6.5463	-8.9811
-9.8702	-6.7477	-5.3253	-8.0487	-2.5382	1.3214	1.5186	-1.7250	-5.9918	-5.0170	-11.4329	-12.8933
-11.1187	-6.8763	-4.4201	-4.8582	-1.6905	1.6935	1.8474	-1.6519	-5.9379	-4.8322	-6.1100	-9.9221
-12.7018	-8.2778	-5.8730	-5.0246	-1.8962	2.1691	2.5370	-1.0695	-7.5130	-6.5081	-7.5575	-13.8893
-12.7738	-8.8256	-5.9375	-5.0838	-1.7886	1.4931	2.1012	-1.7531	-7.1263	-4.9417	-7.6940	-9.0873
-12.1244	-7.8367	-6.1989	-6.0629	-0.5173	3.0008	2.3032	-1.3812	-4.8224	-5.1161	-9.4975	-15.4242
-14.7250	-7.7572	-4.1143	-5.4420	-0.3867	3.0373	2.5049	-1.3602	-6.4647	-4.4440	-4.9267	-10.8907
-10.8826	-7.9956	-5.6284	-6.4233	-2.0264	1.7228	1.9799	-1.7059	-5.4032	-4.2170	-7.8738	-11.0631
-14.3075	-6.8253	-4.7374	-5.2705	-1.1318	2.5706	2.2348	-2.3364	-6.6000	-4.6631	-9.5865	-18.8326
-16.1320	-7.0664	-4.6864	-4.4823	-2.0790	1.3152	2.4106	-0.6094	-6.5971	-5.8952	-9.1528	-13.1082
-11.2291	-8.4275	-4.2578	-5.3940	-1.6266	2.0133	2.1087	-2.2953	-6.3139	-4.3732	-9.1138	-14.2657
-13.2172	-7.3691	-5.8738	-7.1432	-1.7779	2.3767	1.9650	-2.2184	-5.0432	-4.1133	-7.1984	-14.2275
-12.8453	-8.3776	-6.6287	-6.3505	-1.3464	2.4847	2.0789	-1.7242	-5.3000	-5.2919	-9.1519	-16.5341
-11.7645	-6.6630	-4.1343	-7.1841	-2.0190	2.1276	1.9269	-1.4647	-3.3872	-4.1424	-8.0471	-12.3031
-15.6392	-10.2716	-5.4265	-3.8775	-2.0627	1.9746	2.1113	-1.1481	-4.0295	-4.1778	-7.1602	-10.8457
-12.2174	-7.2755	-5.2236	-4.2890	-1.4721	1.9498	2.0337	-1.8516	-4.8522	-4.5256	-6.7670	-11.1871
-11.2234	-7.0183	-4.2080	-4.8494	-1.1718	2.6017	2.3108	-2.0613	-6.5243	-4.3900	-6.4084	-14.3130
-12.4274	-6.6334	-4.7428	-6.2622	-2.2628	1.0518	0.6801	-2.0297	-4.9385	-4.7781	-6.4395	-13.6770
-11.3604	-8.0459	-5.0059	-5.9765	-2.3302	2.3765	2.7377	-1.8128	-6.6130	-5.0397	-7.6827	-12.9865
-12.6511	-10.0115	-5.0126	-3.6675	-1.7781	1.4118	1.4249	-1.3134	-5.1057	-4.5542	-7.0416	-16.2497
-12.4360	-7.7243	-4.1147	-5.3542	-1.0032	2.3952	2.0455	-1.4725	-6.4109	-4.4570	-6.7702	-15.1696
-16.4891	-8.2329	-5.0253	-7.7638	-1.6544	2.1432	1.5793	-2.2551	-5.4460	-5.1081	-7.1281	-12.6634
-11.5072	-6.4299	-5.0425	-5.8719	-1.7320	1.6265	1.5065	-2.0699	-4.8842	-4.4535	-7.6542	-11.0976
-15.8229	-8.5157	-4.9936	-4.3372	-1.8434	1.9679	1.5154	-2.2813	-4.7113	-4.9798	-6.5883	-12.2001
-11.9808	-6.3098	-5.1669	-6.5348	-2.1772	1.4339	1.5126	-1.1759	-4.9333	-4.8673	-7.2736	-16.8661
-16.6617	-7.4812	-5.1582	-5.4196	-1.4450	2.2305	1.5141	-2.6789	-5.5679	-5.0372	-8.8468	-13.4416
-17.4781	-9.3363	-5.3889	-6.4294	-2.2831	2.1505	2.3689	-1.3543	-5.6432	-5.2869	-8.4035	-11.5159
-11.6621	-8.8348	-4.8033	-6.0718	-1.3898	2.3596	2.0902	-1.3414	-6.0774	-5.5194	-7.7497	-14.9443
-9.1406	-5.5589	-4.7964	-5.1354	-1.4506	2.0646	2.2065	-1.6943	-3.8347	-4.2482	-6.3231	-12.0607
-10.0936	-7.1080	-4.7988	-5.4817	-2.0631	1.8115	1.8994	-2.3153	-5.5168	-4.9326	-6.0082	-10.8403
-10.5396	-7.4535	-4.5620	-6.3659	-2.1042	1.5641	1.5985	-1.0555	-4.3487	-4.6344	-6.5990	-16.8075
-12.7860	-8.8571	-5.1346	-6.2501	-1.7410	2.5400	2.7577	-1.4589	-4.4276	-5.2163	-9.1976	-16.0553
-11.5906	-10.9017	-5.2111	-5.4093	-2.1074	1.5652	1.9873	-1.0523	-6.0053	-5.8582	-9.4343	-18.2493
-15.5528	-10.2507	-5.9319	-7.7422	-1.6001	1.9836	1.5655	-1.7957	-8.8960	-6.8945	-7.7682	-12.5741
-15.9076	-8.4849	-5.0796	-5.5353	-1.0035	1.9883	1.2354	-2.4231	-5.7370	-5.3709	-9.8402	-14.0761
-9.6443	-7.4757	-4.7634	-4.7932	-2.0426	2.0513	2.5826	-1.1577	-3.8989	-4.1789	-8.0594	-11.6657
-11.0157	-8.6194	-4.8857	-5.0371	-2.0319	1.9311	2.1418	-1.5395	-5.6655	-5.7249	-9.2196	-14.8449
-12.3162	-7.6493	-5.2540	-5.2063	-1.1842	2.2427	2.0476	-2.0775	-4.5232	-6.0193	-12.3284	-16.6036
-13.4336	-8.6005	-4.5879	-7.0842	-2.4302	2.0271	2.5090	-1.8895	-6.0188	-4.0488	-7.0554	-10.7554
-15.8711	-8.4917	-4.2397	-4.6365	-1.7561	2.2221	1.9969	-2.1322	-6.4849	-5.8569	-8.5818	-9.6737
-10.0344	-9.4548	-6.4733	-4.9965	-1.7119	2.2842	1.8854	-2.4859	-5.6386	-5.1810	-8.0744	-10.8637
-15.8810	-6.5868	-4.0698	-4.3791	-1.8644	1.4735	1.6301	-2.8574	-4.8527	-4.3256	-8.1790	-15.4641
-11.5265	-7.9513	-5.6368	-6.7909	-2.3311	1.6406	1.6285	-2.0622	-6.5615	-5.3466	-8.2624	-11.4893
-13.7397	-5.9448	-4.7604	-5.6645	-1.6387	1.8955	1.1002	-2.6381	-4.5407	-5.3072	-6.5353	-11.9085
-15.7588	-8.9014	-4.0301	-4.4657	-1.2769	1.2335	1.7403	-1.1052	-5.6004	-7.5146	-10.1747	-12.8774
-10.5071	-10.3353	-4.9062	-4.9167	-1.8682	1.9619	2.2736	-3.1563	-5.2797	-5.3189	-10.0551	-11.1447
-15.8691	-9.0563	-5.8571	-4.8723	-2.0627	1.4862	2.2459	-2.0714	-6.4358	-4.1936	-6.8310	-12.0166
-10.0144	-6.9028	-5.6464	-6.3004	-3.0846	1.4580	1.9613	-1.2559	-6.0603	-5.8916	-6.8981	-11.7428
-18.5015	-7.7150	-5.6666	-5.7468	-1.7601	1.9531	2.7261	-1.2042	-5.6233	-4.0960	-5.4371	-11.3138
-13.2477	-6.8468	-4.2024	-4.8271	-1.2524	2.4752	2.2864	-1.7454	-8.3957	-5.5206	-5.7573	-14.1559
-14.0543	-6.8990	-5.6659	-6.1281	-1.3617	2.6127	2.6066	-1.1865	-4.0048	-3.9715	-6.3362	-11.7979
-9.1512	-9.0484	-5.8015	-6.9344	-0.9551	2.4411	2.2043	-0.6656	-5.3672	-5.0730	-7.7818	-13.7658
-13.9025	-10.1715	-4.8382	-6.0006	-1.4135	2.3970	2.0272	-2.4634	-5.3996	-4.8581	-8.5926	-9.6811
-11.5392	-7.2717	-3.4720	-4.6539	-2.0424	1.3967	1.7906	-1.3265	-6.4364	-5.6973	-6.7069	-11.1375
-7.9092	-6.6542	-4.3916	-5.5959	-1.9109	2.3286	2.0829	-0.5239	-4.4563	-4.7468	-8.2656	-14.1255
-18.8045	-9.5045	-6.1793	-6.9056	-1.8011	2.0196	1.5842	-1.1584	-5.4218	-4.1504	-7.0277	-10.9411
-14.2800	-6.2634	-4.5382	-6.3382	-1.5798	1.7163	1.5125	-2.0643	-4.3073	-5.6876	-7.3816	-9.2527
-15.6744	-8.6809	-5.1433	-7.1540	-2.3042	1.3045	1.4644	-0.7036	-4.0488	-5.4957	-9.4486	-12.6054
-11.7212	-8.1559	-5.8100	-5.4060	-1.2759	1.2784	1.4960	-1.5775	-6.0631	-5.3622	-8.2093	-17.7213
-13.0864	-6.2758	-4.6500	-5.4731	-1.8915	2.2655	2.1681	-1.3919	-4.7617	-6.0165	-9.7460	-18.0916
-12.6712	-6.1596	-5.7232	-6.5998	-0.9821	2.4825	2.3240	-0.8200	-4.0069	-4.2722	-7.8492	-12.5172
-14.1047	-8.4903	-5.0068	-5.2117	-1.4056	2.2742	1.7598	-1.7801	-4.7200	-5.7019	-8.7118	-13.7830
-11.4054	-8.7112	-5.1950	-6.3658	-1.7260	2.4079	1.5786	-1.7444	-6.2890	-3.6581	-6.3458	-16.5917
-12.0886	-7.3551	-4.7287	-6.7610	-2.3890	2.0976	1.9189	-1.9737	-6.0620	-5.7280	-6.7601	-10.5096
-11.1649	-7.3131	-4.4872	-6.0502	-0.8024	1.8121	1.8253	-1.0820	-7.2235	-4.4655	-5.5756	-15.5880
-11.3553	-6.4799	-4.2627	-3.9707	-0.8544	2.6519	2.4492	-1.5453	-5.3623	-5.0486	-7.6530	-13.7565
-15.9512	-8.4826	-5.6914	-4.1490	-1.4019	2.3786	2.2387	-1.7111	-6.4070	-5.3163	-9.1105	-12.0666
-14.9366	-7.4367	-6.0907	-5.6121	-0.7660	1.9424	1.9689	-1.6706	-5.1092	-4.9716	-7.2304	-11.0362
-9.4586	-6.7636	-5.4689	-6.4023	-1.9253	1.7453	0.8771	-1.0562	-4.2857	-4.3450	-7.2966	-12.0175
-12.4137	-6.4670	-4.9894	-5.8054	-1.6257	1.6750	1.5002	-1.4888	-6.4833	-6.7844	-10.2594	-14.4966
-13.6594	-7.0555	-4.3336	-5.7186	-1.5651	1.6952	1.6740	-1.1186	-4.6405	-5.2614	-7.1559	-11.5873
-11.5995	-9.1647	-4.6558	-4.2974	-1.2169	1.8561	1.9409	-1.3368	-6.0228	-5.0645	-7.2556	-11.0722
-9.4982	-6.0807	-4.3389	-5.9707	-1.7666	2.2174	1.8320	-1.9849	-5.6598	-5.7907	-8.6007	-12.5924
-12.0111	-7.4031	-5.0233	-5.7248	-1.9247	2.2440	2.3120	-1.3808	-6.4672	-4.6310	-8.8781	-11.0623
-13.2365	-11.1093	-6.2635	-5.2079	-1.1712	1.9861	1.9108	-1.4343	-4.5565	-4.2448	-8.5507	-12.7542
-10.4928	-7.0508	-4.9642	-5.2076	-2.0216	1.9862	2.2629	-1.2368	-5.6326	-6.8206	-6.7731	-10.6251
-11.0567	-6.3928	-5.0409	-7.1120	-2.1382	1.7880	2.3672	-1.3467	-4.3230	-4.6698	-9.4765	-16.8529
-12.1043	-7.9688	-4.6394	-5.9647	-1.5762	1.7274	1.1007	-2.6726	-5.2339	-5.1075	-6.5860	-12.4382
-12.8874	-8.2756	-6.1567	-4.9364	-1.3924	2.1669	2.3264	-0.5569	-6.1862	-5.6875	-8.3859	-11.4711
-15.4625	-9.0139	-6.1304	-5.1965	-2.1744	1.7759	2.0046	-1.4231	-5.0259	-5.4449	-7.5657	-13.6079
-13.6114	-8.1438	-3.8990	-4.5360	-2.7264	1.7156	1.7248	-1.6123	-3.6928	-4.3272	-10.9561	-11.0333
-10.3723	-7.1223	-5.0186	-6.9256	-1.9169	2.1654	1.9194	-1.8359	-5.1620	-5.5406	-9.0177	-13.3480
-11.7113	-6.7391	-4.6776	-5.9865	-1.6976	1.4591	1.7618	-1.2395	-4.1319	-4.9468	-8.0906	-13.5929
-14.2876	-10.6443	-5.0826	-5.0417	-2.0163	1.6851	1.9564	-2.4355	-5.7824	-4.1177	-7.4150	-14.6571
-12.8413	-7.8457	-5.4325	-6.1402	-1.7156	1.9169	2.3097	-1.0974	-6.2945	-4.0388	-8.0275	-14.7466
-14.0408	-9.4218	-5.5471	-5.4978	-1.7045	2.4320	2.2276	-1.9026	-6.1083	-5.1383	-8.9981	-14.5433
-12.9344	-8.5929	-5.1381	-6.9463	-1.9242	1.9964	1.7133	-1.3334	-5.7231	-4.8988	-7.5465	-13.6133
-11.8821	-9.6081	-5.0906	-4.3061	-1.0155	2.0498	1.9731	-1.9984	-6.2432	-5.1229	-8.5577	-16.8482
-13.2126	-9.6760	-5.4549	-4.4333	-1.2534	2.1686	1.7473	-2.2849	-5.6822	-5.3302	-6.7965	-12.5194
-13.1251	-8.1479	-5.4439	-5.9686	-1.2312	2.3788	2.4709	-0.5509	-5.1263	-5.4681	-7.5177	-13.4977
-12.4020	-8.2893	-5.7015	-6.7264	-1.5214	1.8080	1.7075	-1.3765	-5.5242	-4.6263	-6.6951	-20.4286
-13.2952	-8.2596	-5.5841	-6.7426	-1.3831	2.1560	1.5064	-2.4031	-5.0673	-3.7885	-8.8414	-15.0485
-13.1112	-7.7661	-4.2719	-5.4645	-2.1547	1.6420	1.6795	-1.3256	-4.5202	-4.0724	-9.5786	-12.7799
-10.9544	-6.3806	-4.9292	-7.2645	-2.6763	1.3025	1.8392	-1.3385	-5.3495	-5.9702	-8.7481	-11.5510
-12.9337	-8.6092	-4.9910	-4.5091	-1.6454	1.6803	1.0440	-1.9093	-3.9049	-5.5252	-9.6420	-10.7644
-10.6405	-7.8009	-5.6979	-5.4698	-1.1418	2.2377	1.8738	-1.6583	-4.5215	-3.6152	-8.4504	-18.2036
-9.6395	-11.3446	-5.6547	-5.2002	-1.8394	2.1485	1.7767	-1.3317	-5.0922	-6.2430	-6.2743	-11.3149
-17.2670	-7.0824	-4.3849	-6.6332	-1.3232	2.5118	2.3026	-0.8553	-5.3430	-5.6770	-6.9147	-13.9209
-11.9039	-11.0886	-6.1119	-4.7592	-1.7162	2.0702	1.6723	-2.4298	-4.7307	-4.6202	-8.2802	-9.4838
-10.9827	-6.8821	-4.6865	-5.4597	-1.0456	2.6214	2.6646	-0.8323	-4.6773	-6.3788	-10.9132	-14.3799
-12.5180	-6.9290	-5.2533	-6.5012	-1.9772	1.7439	1.8496	-1.4774	-6.2738	-5.7885	-7.4073	-13.3996
-12.5104	-8.2506	-5.2919	-6.3359	-1.4998	2.2457	1.9151	-1.4900	-5.5683	-5.0626	-6.8562	-15.4178
-18.0139	-9.9249	-5.4965	-4.3128	-1.9962	1.3302	1.4801	-1.8047	-5.6487	-4.4354	-7.9040	-11.4337
-10.4373	-7.9574	-4.3030	-6.6209	-2.0334	2.3586	2.2738	-1.4066	-5.2102	-5.7682	-7.7147	-10.6217
-16.4980	-8.8667	-4.0963	-6.4073	-2.5182	1.8899	1.9666	-1.6907	-7.6073	-6.1434	-7.9930	-11.6601
-12.0619	-7.6964	-5.3293	-8.7379	-2.5124	2.0222	2.7117	-1.5317	-7.1018	-5.5143	-8.0200	-12.7856
-11.5597	-12.3608	-5.9582	-5.7887	-1.9635	2.2425	2.4011	-0.7719	-4.8821	-4.7684	-10.0898	-16.8269
-15.4793	-6.4134	-5.6345	-6.0111	-1.1265	1.6075	1.7276	-2.0116	-6.0745	-4.9134	-8.8001	-10.2521
-13.3381	-8.4658	-4.1928	-5.8417	-1.8568	2.1863	1.9166	-1.9493	-6.2594	-4.4351	-6.5084	-14.5918
-12.1813	-8.9886	-6.1406	-6.1081	-0.9100	2.3828	1.8253	-2.0500	-5.3817	-4.7368	-6.8737	-11.1610
-11.7352	-7.9456	-4.4451	-4.8422	-1.9795	2.0053	2.1473	-1.9204	-5.1946	-4.2156	-7.9895	-17.8306
-10.9079	-6.7216	-5.0797	-6.3763	-2.2112	1.7708	1.6944	-1.8008	-5.8843	-5.0148	-9.0522	-17.2813
-17.4063	-8.8601	-5.5140	-5.5494	-0.7507	2.2978	1.4790	-1.5482	-4.8163	-5.7221	-11.3334	-12.4847
-12.0835	-7.1270	-5.9367	-6.2610	-1.8298	2.1963	1.9055	-1.4665	-5.4115	-4.9667	-9.4629	-10.1603
-11.9161	-7.9721	-4.1359	-4.9119	-2.3951	1.7464	1.8128	-2.5174	-5.8882	-4.8741	-8.4200	-10.4310
-15.6614	-7.5090	-6.1107	-4.7748	-1.8370	1.4339	1.9932	-1.1528	-4.5527	-4.5200	-9.2653	-17.1224
-10.3279	-7.0470	-5.2738	-6.8160	-2.0548	1.8940	2.0247	-1.0226	-5.2761	-4.5108	-7.9836	-12.0271
-12.9726	-6.5025	-4.4654	-5.4569	-0.9488	1.6221	1.7412	-1.4582	-6.3630	-5.5745	-9.1681	-15.0596
-16.8934	-10.0529	-5.2390	-5.7890	-1.0597	2.7611	2.2649	-1.8648	-5.2384	-5.8296	-7.9327	-14.3896
-12.9205	-8.6441	-5.9516	-6.1411	-2.3354	1.6647	1.8435	-2.1291	-6.6048	-5.4275	-7.4656	-15.3825
-14.4560	-6.9987	-6.0903	-7.5112	-1.3757	2.4435	2.6181	-1.4323	-7.6762	-7.0908	-8.0779	-8.8850
-9.6770	-5.4030	-4.4844	-3.8587	-1.9413	1.3306	2.1400	-2.0338	-5.5714	-4.4607	-7.2455	-12.0127
-13.4791	-8.4136	-4.5302	-5.7613	-1.8336	1.7668	1.7842	-2.0001	-5.3532	-4.8293	-8.8962	-15.7592
-15.2723	-10.7967	-7.0414	-4.5154	-2.0328	1.2326	1.3171	-1.1501	-5.5117	-6.9539	-9.2780	-13.1424
-14.5875	-7.8149	-5.7979	-4.8996	-2.2142	1.7059	2.3536	-1.8306	-6.2572	-6.5704	-8.9385	-12.2229
-13.6048	-9.2901	-5.2699	-7.7718	-1.4446	2.1662	2.0764	-2.3012	-5.6049	-5.4212	-8.5284	-12.5534
-13.8269	-8.1715	-4.3006	-4.8259	-0.6094	1.9868	1.3401	-2.2088	-6.1065	-6.7574	-9.6806	-15.3787
-10.0844	-7.0743	-4.8422	-4.6019	-2.0240	2.0270	2.5853	-1.1956	-6.1943	-5.0024	-7.1271	-15.3883
-10.8008	-9.8361	-5.2137	-7.2817	-2.2437	1.6408	1.8981	-1.0680	-5.2178	-5.6092	-7.6820	-11.3940
-11.3104	-9.4744	-4.7689	-5.3290	-1.6191	2.6609	2.4624	-1.9009	-6.3183	-6.3844	-9.8751	-14.1508
-14.9336	-6.2732	-4.2564	-6.6483	-1.9131	2.1847	2.2413	-1.9381	-4.9811	-4.6084	-9.9620	-15.0408
-11.6212	-7.7636	-6.4993	-6.7621	-1.3354	2.0878	1.4037	-2.0261	-5.1936	-4.8891	-6.1895	-11.5009
-14.8591	-9.6575	-5.4654	-6.7375	-1.5121	1.4394	0.9924	-0.9872	-4.7376	-6.7842	-8.0305	-13.8593
-15.2254	-9.5630	-5.6257	-5.6306	-1.4496	2.2915	2.1961	-1.4610	-5.4333	-5.2953	-7.7562	-12.4227
-15.7412	-10.2906	-4.8630	-5.9223	-1.9212	1.4398	1.4219	-1.6186	-5.4070	-5.4009	-7.6221	-11.0606
-10.0713	-6.0343	-4.4240	-6.3962	-2.2112	2.0452	2.1595	-1.9288	-4.9475	-5.6524	-6.4709	-11.1594
-13.6432	-7.2219	-6.1301	-6.0413	-0.8641	1.3182	0.9195	-1.4997	-4.7999	-4.6025	-7.2805	-11.2308
-11.9887	-8.7662	-5.9320	-6.3940	-0.9522	1.9532	2.2277	-0.7698	-5.1681	-3.2748	-7.5862	-12.1991
-14.0038	-9.5282	-5.7881	-4.7182	-1.4887	2.0947	1.7345	-1.2196	-3.6621	-4.5705	-6.9567	-10.3280
-10.9781	-9.6275	-4.6187	-4.1166	-2.0605	1.6075	1.8988	-2.1305	-4.6403	-5.7541	-9.5745	-11.2715
-9.9532	-6.3212	-5.1061	-5.1556	-1.3756	1.6262	1.7124	-1.5115	-4.6201	-6.0555	-12.2371	-10.9219
-10.5514	-9.9877	-6.5401	-6.4304	-1.1120	2.1992	1.8991	-1.5042	-5.4021	-3.9814	-8.4779	-9.5764
-12.9697	-7.8240	-5.3412	-6.2176	-1.8844	1.5975	1.6369	-1.3644	-4.1096	-3.6042	-6.8951	-12.9308
-14.4388	-9.4323	-5.1852	-6.0594	-1.4997	1.5148	1.5181	-1.1366	-4.0931	-5.6711	-8.2036	-12.5219
-10.9077	-8.2341	-5.0149	-5.1288	-2.0568	1.2136	1.9829	-2.4686	-7.2690	-5.0049	-8.2781	-15.6476
-14.0971	-8.3574	-5.7830	-6.8848	-1.9309	1.4158	1.5830	-0.8382	-4.8016	-4.3952	-8.0838	-13.9020
-12.9364	-8.5221	-4.3023	-7.0880	-2.0410	2.3832	1.9236	-1.5353	-5.5585	-4.4119	-9.0846	-13.0169
-9.8280	-6.7816	-5.0703	-5.4133	-2.2271	1.4349	2.1388	-1.8433	-5.3143	-4.9400	-7.9010	-17.4088
-11.8063	-6.0997	-5.4200	-6.2656	-1.6889	2.2081	2.4673	-0.7156	-4.8643	-4.6834	-9.1866	-16.5067
-10.9346	-7.6293	-6.6352	-8.4509	-1.3974	2.5653	2.1822	-1.8666	-5.4095	-5.1603	-6.3674	-11.3946
-10.1217	-9.1676	-5.4561	-5.4223	-2.2460	1.6285	1.6313	-1.5817	-5.2410	-4.5535	-6.9907	-13.3395
-11.3466	-9.2807	-4.6358	-4.1746	-1.2018	2.3828	2.0533	-1.3659	-5.3146	-5.2660	-9.9481	-12.5426
-15.3157	-6.9990	-5.1704	-6.0289	-1.9837	1.7270	2.1104	-1.6795	-7.0009	-5.5049	-8.3458	-12.9700
-11.5080	-7.1360	-3.5121	-5.5713	-2.2251	1.7059	2.4910	-1.4093	-5.9129	-4.3543	-6.5812	-12.2237
-8.3384	-5.7477	-5.0181	-8.6054	-2.4428	2.3519	2.0526	-1.9715	-6.0085	-6.2147	-9.4918	-13.4895
-12.3460	-8.7006	-5.3847	-4.1380	-1.4099	2.6319	2.1553	-2.0940	-4.9395	-4.3154	-6.8465	-12.3321
-9.8411	-7.9398	-4.8283	-8.2582	-2.7643	1.8276	2.0046	-1.9303	-6.5317	-6.0921	-8.1699	-9.7537
-14.1735	-9.7798	-6.3891	-4.5370	-1.1264	1.8388	1.8885	-1.7433	-5.7051	-5.2373	-7.8878	-13.9875
-16.6422	-9.1207	-5.3057	-3.8069	-2.0757	1.4961	1.4475	-2.4028	-6.8329	-4.8868	-6.1902	-12.7103
-17.7014	-6.5930	-4.8006	-6.0936	-1.4669	1.6917	1.8054	-1.5902	-6.5615	-4.4862	-7.4282	-10.9560
-13.5616	-5.6866	-4.2241	-6.2162	-2.2126	2.5397	2.4212	-1.6366	-7.3930	-6.2817	-6.4805	-15.0175
-14.6551	-6.4759	-4.2293	-6.1759	-1.9070	1.7616	1.7662	-1.6458	-5.7174	-4.0364	-5.4384	-9.8044
-11.9490	-9.5050	-4.9246	-5.6643	-1.1269	2.1719	1.8008	-1.1520	-5.0273	-5.1446	-8.9971	-14.7319
-12.7321	-6.3744	-4.2990	-8.4761	-2.2209	2.7460	2.3467	-1.1231	-6.0935	-7.0335	-11.2290	-15.0994
-11.9867	-9.6822	-5.6915	-4.4052	-1.1735	2.3244	1.8125	-1.5387	-5.8322	-5.7316	-7.7652	-11.3462
-14.2671	-6.8331	-4.4846	-6.6773	-2.0740	2.4982	2.5274	-1.4395	-5.4344	-5.2816	-8.0613	-11.5629
