-6.8002	-1.2503	-1.8002	-5.0922	-2.9919	-4.6387	-4.4853	-2.5738	-1.9764	-1.2652	-1.8023	-5.3026
-3.3097	-2.8584	-1.6631	-3.6860	-3.1653	-2.3669	-3.2186	-5.8791	-2.5620	-0.5860	-1.6689	-8.4714
-3.7422	-1.8163	-0.9737	-4.9816	-4.3742	-1.9097	-2.5388	-3.8575	-1.9928	-1.2920	-2.6881	-5.6509
-5.0768	0.0096	-2.5338	-5.3407	-2.7169	-1.6270	-2.1893	-2.8330	-2.2151	-2.1560	-0.4085	-5.1549
-5.4925	-2.1789	-2.4297	-2.4255	-3.8873	-4.7098	-1.6467	-0.9523	-3.4444	-2.5224	-1.0259	-5.8116
-5.1259	-1.2397	-2.0196	-2.7957	-2.8183	-2.9805	-2.0904	-1.6510	-2.5401	-4.2552	-1.9276	-3.3567
-5.7446	-2.4362	-1.4738	-0.8813	-3.8848	-3.5153	-4.0878	-1.8264	-2.1983	-2.7632	-1.9306	-2.6060
-6.3273	-2.3584	-0.0739	-2.0665	-2.3472	-2.5206	-3.8316	-2.1540	-3.8146	-3.0723	-1.2354	-4.8706
-5.2069	-1.8072	-1.6273	-4.1897	-3.8432	-3.7401	-2.4447	-2.0724	-2.4798	-0.6273	-2.7132	-5.1595
-8.7143	-1.5917	-2.8305	-3.0137	-2.1709	-3.5336	-3.1630	-2.4629	-3.4538	-1.2926	-1.9823	-5.3349
-4.7177	-0.5883	-2.5796	-3.5498	-3.0378	-2.3125	-3.3362	-4.1413	-3.3438	-1.9882	-1.3631	-6.1297
-7.0669	-1.9042	-0.7521	-2.0537	-5.6180	-4.1600	-1.9925	-2.2066	-3.2362	-2.9818	-1.2244	-6.0273
-4.1364	-2.1618	-2.2006	-5.3682	-2.9692	-1.8476	-2.4437	-2.6582	-4.1246	-2.3907	-1.2492	-4.6247
-7.9618	-0.8733	-0.1915	-3.5361	-5.2644	-2.7643	-1.9027	-2.7834	-4.2399	-3.8211	-0.2320	-3.4576
-5.9203	-1.1929	-0.6842	-3.2159	-5.8001	-3.1238	-1.9927	-3.8841	-5.1736	-1.5400	-1.5382	-4.8671
-5.0134	-2.3541	-0.6679	-2.0094	-3.5113	-3.1960	-3.8977	-1.8176	-1.9080	-3.4590	-2.3717	-3.8545
-5.4093	-1.5852	-1.6182	-3.7934	-2.7622	-2.1981	-3.1353	-2.6360	-2.3574	-3.4190	-1.2808	-5.3893
-6.7665	-1.4158	-2.0633	-2.6500	-2.5641	-2.1843	-4.0891	-5.5344	-3.8119	-1.8172	-1.4580	-7.7757
-6.8773	-0.6505	-2.0660	-4.2864	-2.7385	-2.1803	-1.8050	-2.2266	-2.6636	-2.1368	-2.4176	-6.4030
-4.9945	-0.1930	-1.9427	-6.9072	-3.2832	-1.1936	-2.1909	-4.5819	-3.5979	-3.6506	-1.3383	-4.5917
-5.9459	-1.7759	-0.9908	-2.5841	-3.5287	-4.1383	-4.6244	-3.6422	-1.7041	-2.9344	-1.3872	-3.2337
-4.2531	-2.3634	-2.3642	-2.2024	-2.0606	-3.3703	-2.3559	-3.8630	-4.2268	-0.9885	-1.8992	-7.0138
-4.5372	-3.4280	-1.1962	-1.6880	-3.9759	-2.3953	-1.3249	-4.8494	-4.0688	-4.2802	-0.9227	-4.1107
-4.4373	-1.0352	-2.3535	-3.3841	-2.7973	-1.9461	-2.8686	-5.0089	-3.7022	-1.0549	-1.3609	-5.3774
-5.3297	-0.7517	-0.1570	-2.2062	-3.8191	-3.8226	-2.0325	-2.9446	-2.3766	-0.6916	-2.4028	-6.2128
-5.9323	-0.9975	-1.2987	-4.0245	-2.5711	-2.9562	-2.7453	-1.6780	-2.5157	-3.2187	-1.6195	-4.7716
-5.2655	-1.2207	-2.2394	-3.9184	-3.5712	-5.0421	-4.0534	-2.8574	-2.7447	-1.3759	-1.5854	-7.1484
-4.1993	-2.1565	-3.4914	-1.7785	-3.3789	-3.4417	-2.9466	-3.4154	-3.8480	-3.8989	-2.3952	-5.3312
-7.4988	-1.2060	-0.0385	-3.1575	-6.1210	-5.6142	-4.3942	-2.4175	-0.6980	-0.7611	-2.5275	-5.8415
-5.4742	-1.3933	-2.1347	-3.3192	-2.9176	-2.9137	-2.7333	-2.8111	-2.7839	-2.9031	-1.1088	-4.4500
-6.1125	-0.9581	-2.0297	-5.1319	-5.4949	-1.2331	-1.2640	-5.6603	-3.1282	-0.9850	-1.4390	-6.3383
-6.7035	-1.5198	-1.6250	-4.2488	-2.3252	-2.2297	-3.6701	-4.7329	-3.0175	-1.9692	-2.6071	-5.7531
-5.9812	-1.3669	-1.6868	-3.9123	-3.8434	-2.2442	-2.4887	-3.2222	-3.2340	-2.0126	-2.9962	-4.3009
-8.5269	-1.4177	-0.5222	-2.8310	-2.7596	-3.3824	-4.8237	-3.4983	-2.5051	-1.1059	-2.8911	-7.5602
-5.8905	-1.6740	-2.1247	-2.1601	-2.1580	-3.2943	-3.4112	-2.4589	-2.9610	-1.2009	-1.5759	-6.0595
-5.4693	-0.5604	-1.5764	-5.1564	-3.0412	-2.0329	-2.1333	-4.2534	-4.7329	-2.8865	-1.8846	-6.0589
-3.3827	-3.3234	-1.3322	-1.3356	-3.3301	-5.6488	-2.4811	-1.4634	-4.8349	-2.0292	-0.9153	-5.7304
-8.0462	-1.9421	-0.7767	-1.5451	-4.4418	-4.8577	-3.2714	-1.9136	-3.6164	-3.3748	-1.9186	-5.9735
-6.8034	-1.3261	-0.2984	-3.0366	-4.6080	-1.8238	-3.2964	-3.3365	-0.9985	-1.2075	-2.5700	-4.9594
-3.6768	-1.8962	-2.7185	-1.9248	-4.7936	-6.1027	-3.0637	-2.4061	-3.6136	-1.7326	-0.0009	-5.8706
-6.4569	-1.4984	-1.4045	-1.8604	-2.2716	-3.5923	-1.7355	-2.0448	-3.9308	-2.2897	-2.8193	-4.4738
-6.9415	-1.5788	-1.8865	-3.5548	-4.6253	-3.5440	-2.3612	-2.7884	-3.0561	-2.1410	-2.2517	-4.8229
-4.6375	-0.0530	-0.3874	-6.1738	-6.9864	-1.9215	-2.2509	-3.5899	-3.3793	-1.2480	-1.0183	-8.4081
-6.4333	-1.9084	-0.8079	-3.0250	-4.3357	-2.5833	-2.4192	-3.0506	-1.6809	-0.5918	-2.3279	-5.0508
-6.0292	-2.3071	-0.6366	-1.1706	-4.4541	-3.4827	-2.4754	-2.8335	-3.9282	-1.2482	-1.2059	-8.0916
-6.1106	-0.2039	-1.6189	-4.4355	-3.8238	-2.0096	-2.4301	-4.2732	-1.9369	-0.7326	-1.9606	-4.8707
-5.9019	-1.2019	-1.6652	-3.6091	-4.0701	-3.9298	-2.8709	-1.9951	-2.1029	-1.4628	-1.9198	-7.5062
-4.2796	-1.0297	-2.5167	-2.5196	-1.2058	-2.0638	-3.8426	-2.7829	-2.1306	-1.1008	-2.4624	-5.9581
-5.1375	-1.9100	-2.1072	-1.5727	-3.2261	-4.5838	-3.5458	-3.1457	-4.3262	-2.0184	-0.7996	-6.7138
-7.0962	-1.2734	-2.2911	-3.7138	-4.9903	-2.7306	-1.7004	-4.4207	-4.2308	-1.8487	-1.5644	-5.4771
-4.9843	-2.0103	-0.4169	-3.6604	-4.1396	-2.8080	-2.4247	-2.9207	-3.0103	-4.0619	-0.5980	-3.2017
-4.2309	-1.9268	-3.6740	-2.1517	-1.9723	-3.0546	-2.9400	-2.8430	-3.9105	-2.5012	-2.6483	-6.0503
-4.9963	-2.0743	-1.0414	-1.2672	-2.9631	-2.6409	-3.5811	-4.5606	-3.5872	-1.7070	-0.9369	-5.6643
-5.3766	-1.0703	-0.9153	-3.8365	-3.2320	-1.8972	-1.9149	-3.0414	-4.9132	-3.4744	-1.1356	-6.6225
-5.6682	-2.2206	-1.6141	-4.1086	-3.2286	-2.4520	-2.8640	-1.9930	-2.7502	-2.2822	-1.4288	-4.2873
-4.5120	-0.2981	-2.2875	-3.8521	-2.8138	-4.3050	-2.7980	-3.1031	-4.9006	-0.2541	-1.1798	-7.6942
-5.0672	-2.0679	-1.9124	-3.2754	-2.8088	-2.2790	-2.7833	-5.3923	-5.5415	-0.3960	-0.6814	-6.3445
-3.2313	-1.9688	-1.7246	-2.7186	-4.3127	-4.7236	-2.6644	-2.1362	-3.6393	-1.9397	-1.3237	-5.5211
-6.3955	-2.3254	-1.2955	-2.0878	-4.0448	-6.3103	-3.5425	-1.6953	-2.3626	-0.7447	-1.5294	-7.1518
-4.6606	-1.8991	-0.8987	-1.5754	-2.6180	-3.9614	-3.3073	-2.3570	-1.7686	-1.3678	-1.0528	-7.0798
-7.1280	-1.5028	-1.7656	-4.1732	-3.5976	-2.4405	-3.1727	-2.7723	-3.2400	-3.5650	-1.7392	-3.6926
-6.2392	-1.6071	-1.1655	-1.6512	-3.2092	-3.7572	-1.2246	-1.3402	-3.1307	-3.1117	-2.0502	-5.5059
-6.2838	-1.7240	-1.6131	-2.1004	-2.9407	-3.6620	-2.7063	-3.7006	-3.4536	-1.5726	-1.5422	-6.4358
-5.2249	-0.3050	-0.4364	-3.3553	-2.7212	-2.8220	-2.4860	-2.5282	-3.9317	-1.7371	-0.3687	-5.8266
-5.8302	-1.3530	-0.5391	-4.2942	-3.1738	-2.7046	-2.9998	-3.9367	-3.8104	-0.7583	-1.8685	-4.2808
-5.1266	-3.0313	-3.3924	-1.8779	-1.5564	-1.9574	-3.5374	-4.7893	-2.5520	-1.1478	-2.9884	-4.0497
-5.1011	-0.6385	-1.0591	-4.8489	-2.8597	-2.5340	-3.8365	-2.5173	-3.9234	-1.7872	-0.6529	-6.9432
-7.9651	-1.5146	-1.0725	-1.5252	-2.9287	-2.9856	-5.4275	-4.1034	-2.7331	-0.9409	-1.4673	-3.9301
-6.9819	-2.6037	-0.8847	-1.1943	-3.3784	-7.4867	-3.0129	-1.9663	-2.4849	-1.9345	-0.7657	-4.4914
-4.6549	-0.8925	-0.1734	-5.1976	-3.4995	-1.6170	-2.4348	-3.0630	-2.8464	-2.1574	-1.7293	-5.5903
-7.7581	-1.5337	-1.7698	-4.0367	-3.7946	-5.9727	-2.0908	-1.3870	-5.2622	-2.1897	-0.5784	-4.8053
-4.0441	-0.3849	-3.2393	-3.9649	-2.7250	-3.3434	-5.0857	-3.4171	-1.8341	-1.1098	-1.0667	-5.8188
-4.3787	-1.2620	-0.3989	-2.5263	-6.2276	-3.9096	-3.2568	-2.2469	-2.1020	-1.5537	-1.6279	-7.0343
-5.6682	-1.5859	-2.2308	-1.6749	-1.6097	-2.9069	-3.0519	-4.8960	-2.5620	-0.7902	-2.5191	-4.6086
-5.2964	-2.0752	-1.7339	-2.6499	-2.8432	-3.9787	-3.1350	-3.9487	-3.8623	-2.7249	-1.3339	-4.7767
-5.5928	-0.5690	-2.8910	-1.9595	-1.9600	-3.0423	-3.8855	-2.8500	-1.6983	-2.8254	-2.6727	-4.1001
-4.3275	-2.5788	-1.7379	-1.9750	-2.9820	-3.4592	-2.8177	-2.0779	-2.0673	-1.5772	-1.4724	-7.2884
-4.0331	-2.4153	-2.1241	-2.4171	-1.9293	-4.6140	-4.3052	-1.8780	-2.3616	-1.9430	-1.8084	-5.6502
-7.1923	-1.7298	-1.7416	-4.2868	-4.2849	-2.5482	-3.0275	-4.3899	-6.2330	-1.6928	-0.6161	-6.7487
-4.0839	-3.0077	-2.0061	-2.5607	-1.6326	-1.2974	-3.7784	-2.8344	-3.5005	-2.8800	-0.1682	-5.4432
-5.0362	-0.9725	-2.0038	-4.5303	-2.2824	-1.6217	-4.6726	-6.5795	-3.2126	-1.0831	-0.9145	-5.3675
-7.8594	-0.3700	-0.8787	-2.3631	-4.9726	-3.9140	-1.9330	-2.0573	-2.2323	-2.1700	-2.7653	-5.2767
-4.1127	-0.9687	-2.0303	-2.2234	-0.6657	-3.4379	-5.6185	-2.8232	-1.0432	-0.8603	-2.5152	-5.5000
-3.4048	-3.7466	-1.6871	-2.1600	-3.8691	-3.8360	-2.4326	-3.2208	-3.7049	-1.6364	-1.7897	-5.0440
-7.7835	-1.2528	-1.3234	-3.9392	-3.1655	-2.3363	-2.8662	-2.8977	-3.7008	-1.5680	-2.1105	-5.8484
-6.0195	-1.5095	-0.7145	-3.1548	-3.8456	-5.6947	-2.0594	-2.4041	-4.2782	-2.1715	-1.3757	-4.5293
-6.0066	-1.4735	-2.1616	-3.0597	-2.6833	-2.3977	-2.2372	-2.1663	-3.8937	-2.3345	-0.7791	-3.9523
-4.5945	-1.6609	-2.7986	-2.7425	-1.7966	-3.6316	-2.6625	-1.4448	-1.9957	-1.7429	-1.4165	-6.7225
-6.8498	-0.6424	-0.9544	-3.5165	-3.3205	-2.6856	-2.6324	-5.0036	-4.4100	-0.7465	-1.5954	-4.8385
-3.8198	-0.8593	-3.1116	-4.1358	-2.3824	-3.8168	-2.0384	-1.2720	-2.4277	-1.8166	-2.9851	-5.1378
-5.5711	-2.3224	-1.9147	-1.3253	-1.9952	-5.3209	-5.0744	-2.7297	-1.1577	-1.0659	-3.6559	-4.4983
-4.6677	-1.9767	-1.6300	-2.5939	-3.1263	-4.0007	-4.1934	-3.0968	-2.5321	-1.5869	-2.2664	-5.0875
-5.7028	-1.0974	-2.8151	-3.4028	-2.3716	-3.7015	-3.0632	-3.6401	-3.9107	-0.8760	-0.8774	-6.9038
-4.1823	-2.1169	-2.1671	-2.1379	-3.5112	-3.5861	-3.2281	-4.8289	-4.0193	-2.0156	-1.8563	-6.2046
-5.8673	-0.2384	-1.3252	-4.9306	-2.9742	-3.3557	-3.7862	-2.2862	-1.2545	-1.5183	-2.5466	-4.0463
-8.6724	-1.1563	-0.9914	-3.3032	-2.8841	-2.5757	-3.0505	-4.1448	-3.6888	-0.1701	-1.5903	-6.5658
-4.8771	-1.5766	-2.1212	-3.8636	-6.3913	-3.2500	-1.6921	-4.2483	-2.7857	-1.0300	-1.8176	-8.1730
-5.9210	-1.4707	-0.6210	-4.7002	-4.2008	-1.7137	-2.2036	-1.8349	-2.1526	-2.7956	-1.4541	-4.3968
-5.9923	-1.4048	-2.3850	-1.8588	-1.1777	-4.0020	-3.9062	-1.5869	-1.5166	-3.2324	-2.4439	-3.7989
-5.6986	-2.2082	-2.2358	-4.1340	-4.0590	-2.3258	-1.5659	-3.1173	-2.9294	-1.7434	-1.5161	-6.1607
-4.5287	-1.5588	-2.4498	-3.1986	-2.6301	-1.8256	-3.3193	-4.7950	-3.8017	-1.7282	-3.3547	-4.5368
-4.3069	-2.3726	-2.2843	-3.0716	-5.1970	-3.4836	-1.2830	-3.4205	-3.9311	-1.5063	-2.1330	-5.6294
-7.2163	-2.3327	-1.9632	-1.9479	-1.4808	-3.7980	-5.1802	-2.4039	-2.5640	-2.3590	-0.9720	-5.2571
-6.3754	-1.7055	-1.0271	-1.8818	-4.2804	-3.5960	-1.9625	-2.0906	-5.0537	-2.7068	-0.0660	-5.6815
-3.4666	-2.2617	-1.3793	-2.9256	-1.4698	-2.1368	-2.2138	-2.6722	-2.9471	-2.6264	-1.6944	-5.2155
-5.4820	-2.5474	-1.9094	-3.0168	-3.3427	-2.2301	-2.3217	-3.9457	-3.8986	-1.4997	-1.2915	-4.2381
-3.9363	-3.9728	-2.2774	-3.1453	-3.9741	-5.4382	-3.6390	-2.1947	-3.8886	-2.8005	-1.2479	-5.8722
-6.4983	-2.2303	-1.5416	-2.2831	-2.1438	-3.7883	-3.7790	-3.7199	-2.6559	-1.4000	-2.1678	-4.7065
-4.7759	-1.0043	-4.1409	-3.5769	-1.3308	-3.9991	-5.8183	-1.8301	-1.2965	-2.0722	-1.8968	-5.5437
-6.5917	-2.8162	-2.6613	-2.8223	-2.1525	-3.2676	-3.1557	-1.7185	-2.1707	-2.7734	-1.0552	-3.3640
-6.7425	-1.3731	-2.1857	-3.5846	-2.4208	-2.3178	-3.4921	-3.1136	-4.3369	-1.8583	-0.8654	-6.3844
-6.5275	-2.0837	-2.2148	-2.4510	-2.4587	-2.8175	-2.7915	-2.6468	-3.5630	-0.7761	0.1709	-6.6917
-6.4943	-2.5082	-0.8549	-1.0896	-1.9587	-2.5569	-4.3393	-3.9104	-2.5783	-1.1028	-2.9807	-4.2384
-5.8009	-0.9963	-0.7955	-3.5047	-3.4322	-4.2484	-3.9575	-1.7943	-2.6632	-0.9845	-0.0442	-6.6984
-5.3825	-0.5776	-2.4862	-4.0915	-3.6607	-4.0212	-2.7803	-3.0374	-2.9540	-0.9914	-2.2032	-6.2338
-4.3468	-2.3766	-2.5950	-2.3924	-2.9803	-3.7516	-2.3968	-2.2341	-2.7148	-2.3235	-1.4682	-6.3704
-4.6554	-2.2060	-2.2763	-3.9452	-4.5133	-2.3695	-0.9893	-2.7002	-2.4511	-1.5085	-2.1095	-5.8050
-5.8081	-1.4380	-1.6982	-3.5769	-3.7855	-2.5690	-3.4274	-6.9570	-2.8801	-0.7583	-1.7803	-5.8353
-5.6536	-2.4573	-1.6557	-2.3864	-5.3309	-2.3852	-1.9540	-3.1203	-4.2856	-3.7285	-1.4330	-4.2126
-4.2661	-1.1852	-2.0844	-3.9404	-3.2213	-2.9160	-1.4142	-1.9364	-2.5853	-4.5554	-1.6965	-3.2737
-4.8784	-2.5409	-1.5166	-2.5099	-2.6884	-3.4891	-2.4209	-2.0623	-2.4557	-1.5674	-2.0495	-5.4863
-3.1250	-0.7303	-1.0441	-3.1585	-3.6265	-3.3862	-2.8437	-2.1788	-2.2445	-2.8225	-1.6477	-5.2801
-7.1160	-1.2368	-2.5329	-4.4584	-2.7369	-2.2778	-2.4440	-2.6195	-2.7513	-1.1143	-1.8300	-5.7528
-4.6683	-1.9794	-2.9489	-3.2421	-2.2848	-4.2094	-3.4623	-2.9100	-2.9870	-2.2361	-2.7416	-4.7663
-6.5673	-0.7063	-0.5502	-3.5355	-4.9838	-3.3414	-1.3671	-2.2712	-4.8993	-3.8500	-2.0238	-3.7813
-4.1354	-0.3840	-2.9581	-2.3321	-3.2842	-3.2603	-2.5899	-4.1521	-4.4493	-1.3265	-1.0950	-6.2456
-6.6251	-0.7715	-1.7141	-3.6294	-2.2500	-3.6326	-4.6862	-2.8681	-2.8165	-2.6485	-2.2561	-4.7789
-5.0921	-1.5658	-1.1847	-2.8765	-1.9939	-2.7718	-3.6704	-1.5821	-3.8283	-3.4562	-0.6196	-6.2152
-6.1190	-0.4931	-2.3168	-3.0591	-3.7333	-3.2628	-3.3151	-4.6096	-2.9217	-0.6182	-1.6671	-6.7002
-5.7044	-2.7493	-0.8369	-1.8503	-4.2273	-3.1662	-2.7266	-3.1290	-1.9875	-1.6556	-2.4048	-6.4031
-4.9017	-0.6982	-3.6571	-4.1178	-1.7890	-2.2203	-3.2313	-3.1807	-4.2302	-2.6393	-1.1399	-6.7343
-6.3773	-1.1283	-0.8690	-2.6607	-2.1362	-3.2379	-3.9642	-2.1473	-2.3704	-2.1922	-2.1458	-4.4813
-7.1691	-0.0768	-0.9527	-5.5405	-3.2366	-1.1432	-1.7671	-3.2585	-2.4907	-2.3702	-1.0426	-4.4162
-4.7589	-0.8302	-2.0562	-3.6597	-3.1085	-1.4536	-3.9642	-3.8211	-2.4121	-0.3828	-2.1777	-4.9739
-6.8916	-1.9495	-0.9107	-2.3305	-5.5174	-4.5426	-2.0948	-3.0511	-4.7454	-1.3824	-0.5754	-7.5765
-5.1000	-0.9231	-3.5625	-3.2040	-1.7457	-3.3458	-4.1577	-2.0881	-2.6170	-1.5607	-1.2906	-5.7368
-4.0571	-1.8366	-2.5883	-3.5211	-1.5047	-1.8243	-3.5931	-2.8489	-2.8612	-3.2421	-2.4393	-4.3257
-6.1067	-1.4561	-0.4172	-2.1790	-2.8033	-3.3980	-2.7709	-3.8405	-4.0701	-1.4284	-1.2597	-6.4678
-4.2609	-0.9229	-2.9907	-3.2708	-1.9568	-3.5094	-2.4883	-0.6720	-4.1727	-3.7651	-0.3883	-5.3116
-4.2411	-3.1860	-3.0097	-0.9414	-2.0963	-2.5031	-1.6866	-3.3809	-4.5587	-1.2074	-1.4706	-8.4479
-6.0689	-0.6566	-2.7516	-4.7424	-2.4502	-3.1438	-3.5590	-4.3186	-4.5285	-0.8918	-1.8492	-5.5759
-5.7967	-1.6154	-1.6596	-2.6513	-4.4544	-2.6879	-1.1196	-2.4270	-3.0830	-0.9039	-1.4766	-5.2894
-5.2321	-2.2739	-2.2562	-1.9821	-2.8612	-3.0404	-2.3906	-3.6437	-3.1260	-0.9649	0.1241	-5.4272
-4.8958	-1.4277	-4.2686	-2.4047	-2.7834	-2.7864	-2.1137	-1.8111	-3.4446	-3.0260	-1.2880	-5.8166
-4.1967	-0.5232	-2.0927	-3.7370	-2.6994	-3.3436	-4.0337	-4.3678	-3.1854	-0.8186	-2.2553	-4.7803
-7.1033	-1.8137	-2.9022	-2.2977	-2.2589	-3.2491	-2.1915	-4.0526	-4.4774	-1.3811	-0.2453	-6.2128
-4.5611	-1.7065	-1.3584	-2.8439	-4.2491	-2.9530	-3.6535	-4.0481	-1.3925	-1.3982	-0.8165	-5.8548
-8.2623	-1.6933	-1.5048	-3.0501	-3.3084	-3.2530	-2.6291	-3.0426	-2.9710	-2.0549	-0.9752	-7.3838
-5.6372	-0.9573	-1.6499	-3.8990	-3.0865	-2.9266	-2.2930	-1.8910	-4.4514	-2.0494	-0.1187	-6.7742
-3.7995	-2.9562	-0.4489	-3.8600	-4.2667	-3.0569	-2.7960	-2.4480	-3.6749	-2.1514	-1.5047	-5.0673
-6.4071	-1.5123	-1.5953	-3.3011	-4.6721	-2.2126	-2.4050	-4.2293	-6.6048	-2.5323	-0.5176	-4.1720
-7.3202	-0.7179	-0.2285	-2.0362	-3.5292	-4.0902	-2.1749	-2.6582	-2.2347	-1.6390	-2.3358	-4.8644
-4.9182	-3.1816	-0.8295	-2.1034	-4.9592	-4.4892	-2.5301	-2.6431	-3.0531	-1.7518	-2.2363	-4.6188
-5.2134	-1.6375	-1.9321	-2.3011	-2.7346	-2.3627	-2.7999	-4.4081	-3.7358	-0.8495	-1.0872	-6.6230
-4.9994	-1.0823	-1.6151	-3.1300	-1.5476	-3.3759	-3.3722	-1.9957	-3.1947	-2.0887	-0.3601	-5.5750
-3.2820	-2.5791	-2.4125	-1.9499	-1.9826	-3.7184	-2.8184	-3.1372	-4.8824	-1.2509	-0.3221	-7.7043
-3.7604	-1.1219	-2.8570	-3.3548	-2.9887	-4.5778	-1.6213	-1.3295	-2.3023	-2.3912	-2.6351	-5.2945
-5.0423	-1.9588	-0.9329	-1.2396	-3.4701	-5.3349	-2.7397	-2.0570	-3.6157	-1.4261	-1.7424	-6.1129
-4.1865	-2.1014	-1.6881	-1.8386	-3.6943	-3.5769	-1.9202	-4.6154	-4.2841	-0.0602	-0.8941	-5.4599
-5.2898	-1.0000	-3.1970	-2.3738	-1.6269	-3.5462	-4.5473	-1.3455	-0.7420	-1.8006	-2.1650	-5.3645
-5.2438	-2.3156	-3.4143	-3.9510	-2.6928	-3.2865	-4.2455	-2.3829	-3.2172	-2.1635	-0.4085	-4.4893
-5.0000	-1.5103	-2.1000	-3.2957	-1.3428	-2.5210	-4.4206	-4.0608	-2.5795	-0.5086	-0.9220	-5.6286
-5.8619	-1.5219	-2.8453	-3.6521	-1.6766	-2.0431	-3.9438	-3.1304	-3.8496	-2.4651	-1.1639	-6.7806
-6.3801	-0.8857	-2.1053	-3.1422	-2.8770	-3.1540	-3.0853	-2.3506	-2.6844	-3.0841	-0.4053	-4.3244
-4.9002	-2.4046	-2.3170	-2.3561	-2.1503	-1.8426	-2.5186	-4.6068	-3.2948	-0.4831	-1.2594	-6.7677
-4.1582	-1.1238	-2.4187	-1.8672	-3.2516	-3.7541	-1.5951	-2.3229	-2.9381	-1.0482	-2.6061	-4.1277
-6.0646	-0.3442	-1.7272	-3.9459	-3.3934	-2.5000	-3.5909	-3.3099	-2.3721	-3.0454	-0.7574	-4.6465
-4.5845	-2.2470	-1.4736	-2.2197	-4.0352	-2.8549	-2.0418	-3.4503	-2.9606	-1.6014	-1.5761	-5.1710
-6.2051	-1.8443	-1.4870	-2.5005	-4.5466	-3.3958	-1.2572	-2.1099	-6.1467	-1.9254	-0.6061	-6.3014
-5.8595	-1.5830	-0.2753	-1.3888	-3.5032	-3.5943	-2.0296	-3.5802	-4.6275	-2.8190	-0.5144	-3.9883
-4.6225	-2.7465	-2.4142	-3.6136	-4.0532	-3.3863	-2.5280	-2.8644	-4.0424	-2.0532	-1.0828	-6.2391
-4.6116	-0.9889	-2.0430	-2.4354	-2.9916	-3.9148	-2.2876	-3.3544	-5.2837	-4.1589	-1.5743	-5.3330
-6.0452	-0.4364	-2.1110	-2.5570	-2.4268	-4.3268	-2.4407	-2.1460	-2.8895	-2.0728	-1.6224	-5.9888
-5.0338	-0.8255	-2.0969	-2.7287	-2.5095	-2.2887	-3.0596	-2.8201	-3.4391	-1.1718	-0.5612	-6.8314
-8.9097	-1.2330	-1.1089	-3.5263	-4.1736	-3.4106	-1.8277	-1.6353	-2.1629	-1.6179	-1.6134	-6.9801
-7.3470	-1.2964	0.7465	-2.3896	-3.7967	-4.2300	-3.4220	-2.8080	-2.2918	-1.2902	-3.0861	-5.2546
-3.7636	-3.3420	-2.8957	-1.3029	-1.3189	-2.1343	-3.2075	-3.0914	-2.4785	-1.2863	-1.7866	-6.6277
-6.8338	-1.0685	-2.1308	-2.2313	-3.4901	-4.0226	-1.1291	-3.1313	-5.6138	-2.0855	-1.3856	-5.9197
-6.9092	-0.7182	-1.3126	-3.7773	-2.8123	-1.9168	-1.9185	-3.8508	-3.2647	-0.0943	-1.7372	-7.3027
-6.4221	-1.4949	-1.9757	-3.4367	-2.4598	-2.2674	-3.4494	-4.1519	-2.6288	-1.1699	-1.9128	-4.2726
-4.9827	-2.1490	-2.9885	-2.2516	-3.0542	-4.6068	-2.3800	-2.5047	-4.8372	-2.8932	-1.2022	-5.1273
-5.7937	-1.0752	-2.8469	-3.5486	-2.2064	-3.4150	-3.1512	-3.4086	-3.5391	-0.7324	-2.2043	-6.4346
-4.3114	-1.1670	-0.8452	-3.6184	-4.0487	-3.6259	-2.9678	-3.6548	-2.2981	-1.0345	-1.1863	-4.1221
-6.9835	-0.9577	-0.9160	-3.3653	-5.1470	-5.1019	-3.0678	-2.0652	-2.5658	-3.1225	-3.2943	-5.1520
-9.4986	-1.8747	-0.6097	-2.9447	-4.9779	-4.2601	-2.7813	-1.4289	-1.9309	-1.7943	-2.2708	-5.4499
-5.1289	-2.3874	-1.4833	-2.5177	-2.5625	-3.2751	-2.3921	-1.9098	-2.0408	-1.8855	-1.5490	-4.7148
-4.4328	-0.1761	-1.7593	-3.3474	-2.3611	-1.7377	-3.1761	-2.3026	-3.6522	-2.1372	-1.1921	-5.3023
-6.3580	-0.8045	-3.6957	-3.5742	-2.7511	-2.8289	-2.1463	-2.9896	-2.7630	-1.2723	-0.6593	-7.0724
-5.1865	-2.0514	-1.5995	-2.2053	-2.4344	-3.1274	-1.8973	-1.9501	-4.0585	-1.8775	-0.9407	-3.3102
-5.6886	-0.8443	-2.3918	-3.7399	-2.1806	-3.9975	-3.2895	-2.9446	-4.6203	-1.7854	-0.4034	-6.1964
-4.2884	-1.2901	-1.5673	-2.1180	-4.8192	-4.4737	-1.8570	-3.3988	-3.9877	-0.8680	-1.5383	-8.3270
-4.1680	-2.1427	-2.0705	-2.6247	-2.4419	-1.7781	-4.6746	-4.6883	-2.3848	-0.2984	-0.3899	-5.7218
-5.9333	-0.2736	-1.0555	-5.1112	-3.8570	-2.6430	-2.8926	-2.8358	-2.2691	-2.7842	-2.0356	-5.3266
-4.5344	-1.7769	-2.9011	-2.8029	-2.2554	-3.4841	-3.0373	-2.4005	-3.3778	-1.2587	-0.5762	-5.5821
-5.7018	-3.2459	-1.0636	-2.1113	-2.8804	-2.9603	-2.4481	-2.2967	-4.5542	-4.1986	-0.8959	-5.0624
-4.7100	-2.2391	-2.3420	-3.3278	-5.2186	-2.0024	-2.1004	-5.7303	-2.5477	-0.1440	-0.4689	-4.8448
-6.1875	-2.1045	-0.1357	-3.8036	-6.3803	-3.1156	-2.6706	-3.9227	-3.9142	-1.7104	-1.8226	-7.9163
-6.2932	-1.3371	-2.1846	-2.9820	-2.5324	-2.3554	-3.8128	-4.6669	-3.7610	-2.9436	-1.1265	-6.0632
-8.3852	-1.1822	-0.9398	-3.2709	-3.5534	-3.7998	-3.6172	-3.8410	-2.5615	-2.1512	-1.5706	-5.9369
-6.1035	-1.5365	0.1354	-3.6405	-6.5857	-2.3582	-2.6703	-4.5406	-2.0465	-0.7575	-1.2116	-3.8711
-4.2245	-2.1104	-0.6210	-1.6650	-2.0308	-2.3887	-3.3895	-2.3684	-3.6673	-3.3085	-1.1574	-4.3114
-6.6630	-1.3200	-2.0379	-1.7984	-2.2213	-3.1482	-3.9451	-3.4635	-4.2172	-2.1768	-0.6695	-8.0010
-7.2609	-1.1897	-0.6642	-2.9148	-5.1215	-3.9114	-1.8126	-3.1042	-4.4854	-1.5890	-1.5248	-5.6964
-7.2747	-0.4214	-1.1202	-5.2959	-3.7948	-3.6315	-2.1417	-1.7351	-1.7522	-2.7022	-2.0276	-5.4148
-4.8758	-0.9570	-2.0712	-4.4179	-3.0756	-1.7938	-2.0337	-4.9424	-2.7836	-0.0666	-2.7749	-6.0622
-6.9028	-2.0803	-2.2127	-3.3041	-2.1992	-2.4276	-4.0700	-4.5350	-1.8869	-1.1103	-1.8761	-5.4298
-6.6051	-1.0628	-1.3484	-3.4488	-3.9905	-3.1802	-3.8591	-2.7100	-2.1308	-1.7118	-1.3448	-4.4654
-3.6395	-1.6877	-3.9115	-2.9255	-1.4774	-2.8648	-4.7728	-2.8735	-2.6548	-1.8613	-1.7505	-6.6866
-5.9217	-1.0015	-1.2003	-3.7954	-4.0504	-2.9255	-3.6113	-3.0602	-3.6453	-1.4389	-0.7278	-7.4423
-5.6085	-2.1532	-2.3460	-3.7604	-3.5408	-1.4491	-2.1927	-3.3811	-3.2782	-3.1902	-1.0354	-3.5235
-8.4804	-2.4227	-0.9697	-0.8682	-4.5193	-5.3455	-2.8448	-2.5607	-4.9467	-4.0567	-0.8750	-5.6547
-6.1092	-1.2159	-0.7938	-1.8416	-3.7434	-3.9704	-3.5329	-2.6066	-2.4617	-3.4865	-2.3137	-6.2697
-3.8810	-0.8529	-6.0562	-6.3936	-3.2569	-2.1430	-2.6952	-2.6794	-2.5063	-1.2722	-2.1157	-6.4035
-5.4272	-1.0379	-1.7751	-4.8964	-3.0955	-1.9356	-3.2358	-3.4924	-2.6550	-2.2992	-2.1952	-5.7811
-4.6941	-0.8054	-3.1097	-4.9757	-2.3694	-1.9641	-3.2407	-4.0172	-2.9290	-1.7440	-3.4077	-5.1365
-6.4116	-2.1781	-2.3454	-4.5625	-2.5631	-1.8996	-2.9557	-3.1348	-2.0846	-1.5083	-1.7949	-5.4869
-6.7140	-2.5508	-2.0777	-1.8227	-2.4569	-5.0968	-4.9811	-3.2955	-1.3757	-1.0741	-2.4990	-5.3941
-6.8035	-1.4986	-1.5743	-3.5976	-3.5105	-1.6726	-0.4370	-2.1872	-4.3108	-3.0468	-1.2483	-4.0131
-4.5467	-2.0530	-2.7705	-2.2697	-3.0093	-2.0118	-2.5386	-3.6528	-4.5502	-3.1601	-0.6870	-5.3447
-7.1938	-1.3334	-1.6618	-3.2608	-2.8600	-1.6086	-3.9944	-5.1600	-4.4444	-1.0010	-0.1901	-6.9920
-3.8817	-1.9171	-3.8657	-3.9232	-2.6840	-1.6877	-1.9088	-4.5512	-3.6969	-1.5474	-0.9490	-5.5985
-4.0565	-2.8516	-0.9671	-2.4964	-2.9889	-2.2763	-4.7931	-3.8426	-3.8343	-2.0911	-0.3401	-5.3074
-4.7963	-1.3889	-2.7295	-4.5855	-4.6894	-2.5643	-0.8312	-1.0797	-2.1555	-1.6946	-2.7607	-5.9622
-3.4154	-2.2505	-3.3563	-2.7738	-3.0384	-3.4181	-3.2912	-1.4939	-2.5626	-2.6259	-1.8765	-5.4057
-5.9296	-2.3049	-2.4769	-2.0194	-4.2621	-4.5822	-2.2920	-3.5380	-2.1857	-1.1578	-2.3439	-5.5012
-5.2133	-1.0783	-1.2904	-2.7681	-2.6404	-2.8255	-2.2001	-2.2954	-3.6253	-1.7204	-0.8719	-5.1169
-3.6532	-1.9135	-0.4964	-1.8353	-4.3238	-3.2671	-1.8133	-3.9657	-3.9029	-0.8169	-0.7279	-4.9827
-4.9850	-2.0439	-2.4265	-2.4330	-3.4581	-5.1475	-2.6552	-2.4449	-4.6971	-2.8551	-1.5923	-5.7261
-5.5523	-0.7026	-1.5946	-2.4832	-3.7405	-3.9710	-3.2651	-2.6200	-1.6249	-1.1574	-3.3745	-4.4229
-4.2747	-2.8557	-1.2095	-1.7383	-2.7232	-2.6615	-1.8713	-2.4966	-3.0882	-1.0247	-0.4822	-7.2191
-6.3902	-1.4168	-2.3787	-4.5579	-3.7062	-2.2487	-1.7354	-2.6339	-4.7901	-2.4300	-1.2074	-4.8701
-7.9298	-2.3614	-1.7734	-1.6072	-3.7396	-5.0893	-3.1434	-3.4687	-1.9694	-1.7134	-2.3519	-5.2590
-5.3975	-0.6181	-1.0179	-2.8572	-3.1882	-3.1867	-3.0887	-3.1509	-2.6551	-2.2594	-3.0113	-3.2632
-5.3540	-1.5671	-1.7489	-1.8281	-2.3563	-3.4922	-2.3135	-2.2991	-2.6968	-2.1881	-2.5083	-4.2688
-5.5938	-1.2187	-3.0133	-2.6870	-2.1336	-2.3141	-5.1295	-3.6927	-2.2528	-1.1272	-2.5320	-7.1374
-6.5703	-1.1046	-1.0703	-2.5366	-3.9879	-2.5814	-1.9912	-2.7850	-2.8342	-2.0579	-1.3512	-4.9745
-6.1426	-0.6794	-1.1461	-4.0493	-2.9549	-2.9231	-2.5960	-2.2455	-3.1843	-0.9367	-2.8321	-5.3076
-5.8862	-0.5754	-1.4827	-4.8740	-2.3951	-3.1526	-3.7165	-5.5363	-3.7613	-0.5191	-1.9576	-6.4464
-5.8056	-1.3456	-0.3632	-2.3304	-3.9203	-3.2248	-2.3459	-2.2163	-3.9803	-2.8202	-0.8039	-4.2439
-6.7555	-1.4650	-2.1958	-4.0254	-4.2979	-3.6099	-2.5857	-2.9992	-2.1235	-0.5755	-2.1025	-8.3564
-5.1824	-1.0167	-3.2804	-4.7706	-2.6196	-2.2003	-3.4378	-4.1935	-2.9748	-0.1513	-1.3038	-5.2526
-4.6556	-2.2775	-2.0584	-2.5191	-3.1028	-5.1072	-3.3984	-1.4962	-2.7614	-1.1441	-1.1581	-8.6746
-4.5278	-1.5739	-1.5150	-5.0543	-4.1992	-3.4007	-2.8404	-3.2989	-3.2153	-1.7114	-2.4447	-5.2576
-4.4367	-1.3612	-3.8469	-3.5761	-3.0645	-1.7088	-2.1896	-3.7820	-3.7411	-1.7479	-1.4678	-5.9041
-5.4153	-1.5093	-3.4022	-3.2774	-3.1034	-3.1016	-1.9612	-3.5471	-4.1725	-2.5613	-0.7023	-5.6944
-3.9533	-2.6731	-1.0401	-2.8196	-4.6664	-2.6460	-2.9239	-4.2468	-2.9291	-0.6580	-2.5268	-4.9587
-6.2353	-2.1275	-0.5791	-3.0291	-4.2645	-2.4891	-2.3818	-3.1950	-2.0479	-1.1545	-1.7345	-7.7724
-4.9908	-1.7611	-2.1395	-2.0087	-4.4475	-3.1920	-1.3839	-1.6029	-4.8106	-2.0590	-0.4931	-4.7733
-6.4491	-1.0893	0.1498	-1.4338	-3.2348	-5.8518	-3.4339	-1.9331	-3.2088	-2.4261	-1.9535	-5.7490
-7.0030	-1.8276	-2.3977	-3.0320	-2.3068	-3.0573	-3.6689	-3.0106	-2.1562	-1.3294	-1.6706	-7.2000
-5.5828	-1.9650	-1.5298	-3.8239	-4.2097	-1.6824	-2.3797	-2.9281	-2.5025	-1.7497	-1.0218	-4.5214
-4.9287	-1.7702	-2.8609	-2.7320	-2.2510	-2.6296	-3.8442	-5.6333	-2.8669	-0.0775	-2.5595	-4.9706
-5.8867	-1.8633	-1.0501	-1.7151	-4.1087	-3.0174	-2.7756	-1.8941	-2.6875	-2.1298	-3.2099	-3.7499
-4.2847	-3.0620	-0.6324	-3.2021	-4.5231	-2.8458	-2.9568	-3.8402	-4.5298	-0.9393	-2.0817	-6.5481
-5.6923	-1.8770	-2.0744	-2.1686	-4.3169	-2.3585	-2.9704	-4.4107	-2.6437	-1.5931	-1.8949	-7.7507
-4.6986	-0.9788	-2.6169	-4.8590	-4.3289	-3.0981	-2.9675	-4.0752	-2.7069	-1.1657	-2.0474	-7.2447
-7.6237	-1.7109	-0.9887	-2.5591	-3.3999	-3.8948	-3.5662	-2.3690	-2.3412	-2.4605	-3.5503	-3.8182
-7.1131	-1.1630	-2.4356	-2.3975	-2.7802	-2.0348	-2.9146	-6.1298	-3.4648	-0.6004	-1.1241	-6.6164
-3.7460	-1.2783	-0.7869	-4.3733	-4.1583	-1.4721	-2.2283	-5.3229	-5.8694	-0.3261	0.1647	-6.8488
-5.7237	-2.7804	-1.9146	-3.1708	-2.4145	-2.5320	-4.1086	-3.0615	-3.2344	-1.1977	-2.0410	-6.0055
-3.2729	-1.0188	-4.7138	-3.3267	-2.2374	-1.2179	-3.0114	-4.3955	-2.6398	-2.1278	-2.7156	-5.5632
-5.1899	-1.7899	-1.1535	-4.2086	-4.0499	-2.1039	-2.5835	-3.7937	-3.1079	-1.1913	-1.9855	-8.1679
-6.1387	-1.2681	-1.1996	-2.5148	-3.2756	-3.1481	-3.4853	-2.4292	-2.9265	-2.6244	-1.0669	-6.4079
-6.1722	-1.2750	-2.4296	-2.1551	-1.8477	-4.5392	-3.4761	-2.5241	-3.8524	-1.8182	-0.8398	-5.6644
-6.2814	-1.3407	-2.3573	-2.4982	-2.0221	-3.0108	-4.1292	-2.9342	-2.2711	-1.5664	-2.2141	-4.5646
-6.4469	-0.1154	-1.1860	-2.9783	-2.7441	-3.8621	-3.3783	-3.3446	-2.6969	-1.8011	-2.3224	-4.5960
-6.4797	-1.7718	-0.3026	-1.0775	-4.1137	-3.7543	-1.8921	-1.6681	-4.2185	-2.8016	-0.1537	-5.7600
-4.3223	-1.7163	-2.8200	-3.5464	-3.2230	-1.6017	-3.0290	-3.3008	-1.9290	-1.9917	-2.0138	-5.6213
-7.4815	-0.7621	-0.3517	-2.8391	-2.8277	-1.9669	-2.7847	-2.2670	-2.5003	-1.0356	-2.4788	-5.6869
-5.1250	-0.5067	-2.3138	-3.4856	-1.7381	-2.7877	-4.0437	-4.3201	-2.4985	-1.3243	-2.0382	-5.3015
-5.4131	-1.6139	-1.1370	-3.2655	-2.7370	-1.5329	-2.4732	-3.9268	-3.1878	0.0922	-1.0607	-6.9415
-3.7389	-1.6091	-2.6680	-1.7749	-2.0657	-5.0759	-4.8684	-1.4483	-1.4196	-2.9211	-2.4452	-4.1943
-5.5878	-1.4952	-1.3769	-2.4398	-2.5874	-5.1813	-3.7779	-2.1983	-3.8513	-1.9651	-0.4824	-5.3772
-4.8250	-1.3599	-3.3490	-1.8896	-2.0752	-1.6117	-1.8489	-3.7211	-5.5369	-4.4577	-0.9352	-4.2081
-4.6937	-0.8626	-2.2657	-1.9567	-3.7480	-4.6192	-1.8431	-2.1366	-3.9336	-3.8912	-1.7187	-4.7159
-4.1277	-1.3447	-1.1356	-3.1123	-5.0869	-5.7580	-3.4632	-2.8087	-2.0906	-1.7581	-2.2027	-5.5908
-5.5012	-3.3909	-1.0579	-1.6772	-4.2107	-4.3137	-3.5052	-1.7159	-1.7477	-2.7317	-2.5330	-4.1834
-5.2305	-2.6228	-1.3211	-2.2009	-3.1291	-3.6400	-2.9829	-2.8241	-5.8545	-1.5263	-0.1494	-8.0622
-5.8325	-1.0811	-2.1672	-2.3531	-4.2694	-3.1964	-3.7121	-2.9200	-3.6881	-1.0542	-1.5175	-6.4064
-6.1570	-0.8341	-2.2405	-3.5280	-2.8164	-3.8098	-3.8421	-5.1263	-3.6586	-1.5954	-1.9411	-6.5887
-4.7612	-0.9968	-1.4808	-3.7008	-3.0971	-3.8905	-4.4404	-1.3403	-3.2226	-4.3558	-0.7046	-4.4805
-6.7371	-0.7801	-0.8982	-3.5930	-4.2165	-3.6265	-1.4049	-2.2635	-4.1095	-0.6526	-2.3046	-4.7292
-5.5481	-1.4767	-1.9074	-4.1300	-3.9713	-4.4970	-3.9043	-1.1572	-1.4858	-3.6967	-2.2239	-2.4631
-6.5607	0.0597	-2.5340	-3.6646	-3.5327	-2.4143	-0.8802	-2.6220	-3.5090	-1.2495	-1.3073	-3.4417
-4.2701	-3.1333	-1.4013	-2.9435	-2.4864	-2.7631	-2.1520	-2.5329	-3.5865	-1.1535	-2.5711	-4.8747
-5.9323	-2.6388	-1.4522	-2.5139	-5.0189	-3.4113	-0.8691	-3.1128	-3.5149	-0.5081	-1.2028	-4.0669
-4.9625	-2.4936	-1.2732	-3.7208	-2.4566	-1.9015	-3.0518	-3.3212	-4.5041	-2.1304	-0.7574	-3.8063
-6.2130	-0.9248	-2.0203	-3.0838	-3.5181	-4.0503	-2.8423	-2.0515	-3.5009	-3.4993	-1.6597	-3.7684
-4.9920	-0.2075	-4.5381	-3.9265	-2.0007	-3.4892	-3.9877	-2.8170	-2.3436	-1.6301	-0.6879	-6.7273
-5.2531	-0.5703	-2.2055	-5.3263	-3.4587	-1.8920	-2.4560	-3.4255	-3.1820	-0.9725	-0.6734	-5.6700
-4.4841	-2.2061	-1.9663	-1.9042	-1.5229	-2.5850	-4.9732	-3.9381	-1.1927	-0.9208	-2.0581	-7.4629
-4.0542	-3.0076	-1.6940	-2.1559	-2.2776	-2.1682	-3.1924	-5.2245	-2.3258	-1.0148	-0.7866	-6.7919
-6.2529	-0.7897	-2.1844	-3.5820	-3.1119	-2.4199	-4.0947	-4.1965	-2.7222	-0.6237	-0.7256	-7.9955
-8.3621	-0.6382	-1.7547	-3.4232	-2.4728	-3.4067	-3.6531	-2.3849	-2.0951	-0.7458	-1.8941	-7.8284
-5.5884	-2.0170	-1.2496	-2.0337	-3.9956	-4.2151	-2.3924	-2.0630	-3.3382	-1.4594	-1.1556	-4.8412
-8.0268	-1.2816	-1.8652	-2.9900	-2.1308	-3.5836	-4.1912	-3.5718	-2.5470	-1.7116	-2.2439	-6.5180
-6.3081	-2.3737	-2.6653	-4.1506	-2.9809	-2.5762	-1.8434	-2.8561	-4.3322	-0.9655	-0.5932	-6.1733
-6.1785	0.0607	-0.3943	-3.3790	-2.3100	-2.8591	-3.9861	-3.4655	-2.0158	-1.5638	-2.3280	-5.6173
-7.2484	-0.6336	-1.0912	-5.2102	-4.2469	-2.7634	-2.6071	-3.8306	-2.8676	-0.5382	-4.3796	-2.7518
-6.4536	-1.5425	-1.8262	-2.1420	-3.4575	-3.9810	-2.3847	-3.0274	-4.3720	-0.9227	-0.2395	-7.7426
-6.2652	-0.9398	-1.1373	-2.4628	-3.2158	-4.8737	-4.6890	-2.6936	-2.8812	-1.7060	-2.1669	-5.0451
-7.1433	-1.9994	-2.1799	-3.2424	-2.1504	-2.5874	-3.9973	-3.1832	-1.5710	-1.0133	-2.8210	-4.3713
-4.1278	-3.3859	-0.4039	-3.1764	-3.6894	-2.1057	-3.8212	-6.2257	-3.6297	0.1025	-2.3903	-5.5173
-4.9848	-1.2934	-3.2895	-4.0020	-3.6787	-3.3570	-2.0892	-3.7585	-6.7742	-2.5896	-0.8504	-5.9275
-5.6412	-2.1183	-2.4496	-2.7784	-2.6692	-3.2778	-2.1587	-1.6872	-4.0124	-3.1834	-0.6882	-5.1190
-4.1848	-1.3186	-2.7438	-3.7500	-1.1220	-2.5947	-5.3928	-5.2476	-1.5100	-0.2316	-1.9749	-6.8816
-7.1282	-1.5867	-1.5489	-3.0341	-2.6217	-2.7780	-2.5104	-2.7910	-1.9724	-1.0240	-1.0845	-6.1009
-7.6124	-0.3260	-1.2816	-6.0476	-3.6849	-1.7797	-2.5325	-4.6177	-2.5197	-0.7400	-1.8254	-6.1326
-5.0767	-2.1647	-1.9013	-3.2439	-3.1001	-2.3934	-3.5049	-3.2528	-3.0532	-1.8279	-1.1455	-7.0295
-4.3001	-1.3849	-4.8990	-3.7030	-2.1476	-2.2228	-3.6973	-3.3022	-3.1497	-2.7435	-1.2458	-4.6898
-5.3641	-1.4938	-2.6163	-3.1522	-2.5349	-2.9320	-2.4329	-2.3730	-1.8785	-2.9184	-3.8411	-4.3743
-5.3901	-0.8925	-1.1996	-2.9169	-5.0033	-3.0319	-1.7496	-3.3036	-5.6938	-2.4516	-0.8064	-5.8785
-4.4286	-1.9510	-2.1974	-2.1790	-1.5761	-3.1722	-4.1364	-2.8584	-3.1934	-1.7637	-1.8604	-6.2983
-4.5674	-1.1068	-3.0803	-3.4109	-1.7772	-4.3754	-3.7397	-3.2556	-3.3722	-0.3920	-0.8463	-5.9643
-4.7196	-1.6311	-2.3954	-2.2183	-2.2459	-3.9203	-1.0596	-2.2039	-4.2429	-3.3092	-0.3548	-4.9054
-6.1566	-1.4651	-2.2327	-3.6643	-1.8973	-2.2390	-3.3342	-4.2751	-2.9067	-1.3644	-2.4707	-8.9475
-6.5985	-0.9095	-2.3218	-3.3427	-3.5443	-2.9629	-5.2852	-4.0787	-2.1392	-0.9248	-3.1670	-4.8609
-5.9058	-1.1814	-2.8294	-2.8673	-3.4652	-2.9767	-2.1092	-2.9161	-2.8010	-1.2617	-2.1388	-6.2064
-6.0853	-1.5359	-2.0438	-4.4425	-3.1837	-2.1509	-2.1601	-1.3372	-4.4734	-3.6566	-0.5956	-4.7840
-5.2981	-4.1239	-1.3136	-1.0593	-3.0226	-3.9007	-2.3275	-1.8269	-3.3484	-2.6114	0.0199	-5.1244
-5.0023	-1.7241	-2.3967	-3.3265	-4.2519	-4.8849	-2.9265	-2.2381	-2.1167	-0.0163	-1.0345	-6.9559
-7.1566	-2.0370	-1.3658	-1.0396	-3.5407	-5.1453	-2.5324	-1.9256	-2.5628	-0.8452	-3.1641	-6.3278
-4.4321	-3.1476	-0.8314	-3.5320	-4.7208	-3.1869	-1.7998	-4.1856	-2.4640	-1.1382	-1.6567	-5.3031
-4.0883	-1.6482	-2.2516	-2.6875	-2.7718	-2.9774	-2.1903	-2.0901	-4.2663	-2.1281	-1.8836	-4.8891
-4.5883	-2.0646	-1.8597	-1.7206	-3.0127	-3.0730	-2.0805	-1.2811	-1.9480	-2.7711	-3.0541	-5.1889
-5.6474	-1.2022	-2.1327	-3.3378	-4.3991	-3.3952	-2.2092	-2.4812	-1.9722	-1.7626	-0.9250	-6.1085
-11.2235	-0.8168	-0.0853	-1.9834	-2.5850	-3.2072	-3.6081	-2.9978	-3.3511	-1.6388	-1.9045	-3.5623
-5.9305	-1.7650	-2.2625	-4.0587	-3.1564	-2.7981	-3.1165	-3.1640	-2.2008	-1.2215	-1.1420	-8.1788
-5.7996	-0.3520	-1.6602	-4.0310	-2.6648	-4.0979	-3.2007	-3.5706	-2.4638	-0.3137	-3.9901	-3.7341
-7.5859	-0.3148	-1.9232	-2.2981	-2.3895	-4.4176	-4.1473	-3.5418	-2.5426	-0.6855	-2.8966	-4.6829
-5.5661	-0.9164	-1.1118	-2.6226	-3.5521	-3.2474	-2.6320	-3.0371	-3.1401	-2.4239	-1.2509	-4.8233
-4.3668	-0.6894	-1.9495	-7.0638	-3.8486	-2.0738	-2.6389	-3.6553	-2.6421	-1.8468	-2.9942	-4.2899
-8.4115	-2.6538	-1.1735	-1.0065	-2.5482	-3.9519	-2.8538	-3.3490	-3.0639	-2.3651	-2.0929	-6.9629
-8.0068	-1.6440	-0.1884	-1.8731	-4.2869	-3.1798	-1.8409	-4.5688	-3.9947	-1.2403	-2.8008	-5.5565
-6.0803	-1.4836	-1.6503	-2.8788	-4.9545	-2.4452	-2.7196	-1.8933	-3.1278	-3.5594	-1.0686	-7.5852
-6.3048	-1.2496	-0.7429	-4.5294	-6.1901	-2.9529	-2.3624	-4.6191	-3.5004	-0.5670	-1.2282	-6.6971
-4.5702	-1.9266	-4.2339	-3.6374	-1.7693	-1.0316	-2.4796	-5.7988	-3.2891	-0.8807	-2.1387	-7.5659
-3.2108	-0.6114	-3.0846	-3.2644	-2.1916	-2.3940	-3.3971	-2.9073	-4.2813	-2.4817	-1.6564	-5.1223
-5.5843	-2.2430	-3.1303	-2.1416	-1.4192	-2.2232	-3.4581	-2.8282	-3.9944	-2.2845	-0.5623	-5.8389
-3.7854	-1.9808	-3.0664	-3.0181	-3.8393	-3.5326	-2.7155	-2.6278	-4.3083	-2.4459	-1.4836	-6.7217
-5.7414	-1.7933	-0.6488	-2.4085	-2.9820	-2.8964	-4.1429	-3.7861	-2.6030	-2.5458	-1.2270	-6.5467
-5.1240	-1.5819	-2.2319	-3.8739	-4.3011	-3.6514	-2.2946	-3.4594	-2.2140	-2.4190	-1.7229	-7.1480
-4.8273	-0.6758	-4.2872	-3.8300	-1.5528	-1.9342	-3.2733	-3.1893	-2.9327	-2.3500	-3.8194	-4.2512
-6.5095	-0.8279	-2.9453	-2.5789	-2.2868	-6.2827	-3.6733	-1.9586	-2.1504	-2.1662	-1.2668	-4.8938
-5.0163	-0.4403	-2.0818	-3.7347	-1.6886	-2.2071	-5.7314	-4.3481	-3.1560	-1.6636	-0.7872	-5.2318
-6.5223	-2.5492	-1.6421	-2.1024	-1.9999	-3.4435	-4.3682	-2.7568	-3.5037	-1.6693	-0.8478	-6.2117
-6.8890	-1.4084	-1.1164	-4.2824	-5.3179	-2.9583	-2.5354	-3.6543	-3.1740	-0.9948	-1.2858	-5.8937
-5.6109	-1.7423	-1.1717	-2.4552	-2.9771	-3.8080	-3.3392	-2.6799	-2.4231	-1.3890	-2.4822	-3.0945
-6.3444	-0.8483	-2.5835	-4.4900	-2.4331	-2.3998	-5.1168	-4.9334	-1.4856	-2.0371	-2.3156	-4.6609
-6.9788	-1.6374	-2.0174	-3.4327	-3.1784	-2.0837	-2.2658	-2.5792	-4.3441	-3.3661	-1.0351	-4.4597
-8.8325	-1.7280	0.4466	-0.6083	-3.6686	-4.2325	-2.5465	-4.4689	-4.1778	-1.3360	-1.0324	-7.4889
-6.8201	-1.7534	-0.0972	-1.4167	-4.3204	-4.4236	-3.6360	-2.2263	-1.7036	-2.1640	-1.4256	-5.7796
-4.3645	-3.0150	-0.0460	-1.2259	-5.0184	-4.9666	-3.0996	-2.2289	-2.3629	-1.6722	-0.9247	-7.7712
-5.4316	-1.4537	-1.6309	-2.3512	-3.5426	-2.9057	-1.7849	-2.6036	-3.5814	-2.3830	-1.4401	-4.7257
-5.6720	-0.6922	-1.5747	-2.4819	-2.5761	-5.6317	-4.4435	-3.2868	-3.0376	-0.6432	-1.8194	-6.8142
-6.2270	-0.9418	-1.7153	-5.2220	-2.1774	-1.3442	-3.4794	-4.5835	-2.0664	-0.8963	-2.5438	-5.4200
-3.5382	-2.7464	-4.0902	-2.4754	-2.0687	-2.2637	-2.4645	-2.8596	-3.5509	-1.2255	-0.9308	-6.3148
-6.1214	-1.5021	-2.1677	-2.2469	-2.3655	-2.1273	-1.2231	-3.0267	-2.8432	-1.0248	-4.4981	-4.5181
-5.2072	-0.9099	-1.5164	-3.9843	-2.8581	-0.7685	-2.8681	-4.7491	-2.2545	-1.6058	-1.5587	-4.2626
-5.1805	-0.9011	-4.0420	-3.8952	-2.0417	-2.3228	-3.3610	-1.3443	-2.2627	-2.4662	-1.2496	-5.3036
-4.8710	-3.4304	-1.0250	-2.8051	-4.6901	-3.0581	-2.4112	-2.5779	-3.0327	-1.1801	-2.5717	-3.6325
-4.8695	-2.6546	-1.7902	-3.0691	-2.4022	-2.0646	-2.5427	-3.8200	-2.8493	-1.8176	-1.2271	-5.4821
-7.1266	-0.9392	-0.5458	-3.1318	-3.1363	-2.6753	-2.7786	-3.6859	-3.3519	-0.5389	-2.1207	-4.5953
-5.4435	-1.7485	-0.9995	-1.9620	-3.2475	-3.5244	-2.9895	-3.4004	-4.1594	-1.6511	-0.2289	-6.3658
-4.5810	-1.5306	-3.4054	-2.5872	-1.0272	-3.0535	-5.4498	-3.7455	-1.9675	-0.3559	-2.1182	-6.3526
-6.0296	-1.2363	-1.8175	-4.0831	-3.0107	-3.2920	-3.6711	-1.7253	-2.5894	-2.2546	-1.9432	-3.0758
-5.4392	-1.4796	-2.0410	-3.4930	-3.7811	-4.2438	-3.2757	-2.6529	-1.8903	-0.7568	-1.2195	-6.0148
-3.1915	-4.0691	-1.7406	-1.5850	-3.0078	-4.1761	-2.4714	-2.8634	-3.2506	-1.2515	-1.8084	-6.9270
-7.3453	-2.3020	-0.7306	-3.3216	-4.2626	-3.3029	-1.8833	-2.7398	-4.5667	-1.8203	-1.4802	-4.8945
-3.5538	-1.7859	-2.8991	-3.7900	-2.5928	-3.5833	-2.6639	-3.1939	-3.6295	-1.1111	-0.8968	-5.6975
-6.5581	-1.1686	-1.5721	-3.9801	-1.8903	-1.4868	-4.9557	-3.4001	-1.9072	-1.2685	-2.1765	-4.4981
-5.6353	-1.1172	-0.8823	-4.1742	-2.8026	-2.5068	-4.4466	-5.0859	-1.6534	-0.0193	-2.7005	-6.9802
-6.1703	-2.8666	-1.2298	-2.4976	-3.1049	-4.9048	-3.4886	-1.9128	-4.6618	-1.5922	-0.4551	-6.3162
-4.2595	-0.7787	-2.8618	-3.4922	-2.4453	-4.0558	-2.7009	-2.7467	-5.4028	-3.2292	-1.7074	-4.5926
-4.7093	-1.2813	-1.5928	-4.9312	-3.4804	-2.0941	-3.7004	-3.5922	-2.5284	-1.8834	-1.7331	-4.0495
-7.6880	-1.6215	-1.2558	-4.1360	-4.3422	-4.0753	-2.8924	-2.6775	-4.0951	-2.2629	-2.2809	-2.7117
-6.2463	-1.4800	-2.4439	-2.6986	-3.3663	-3.1608	-1.8959	-3.1595	-3.9248	-0.1787	-1.3375	-8.0161
-5.8391	-1.1865	-3.3533	-3.3905	-2.6766	-2.3693	-1.7021	-3.7726	-3.9055	-4.8753	-0.6815	-3.2689
-3.6983	-1.0462	-4.3457	-4.1666	-2.9197	-2.0250	-1.7515	-3.6349	-3.4708	-2.9081	-1.6057	-5.0988
-5.0003	-1.5246	-2.0201	-3.3702	-2.6907	-3.7443	-3.1307	-2.9363	-3.2262	-1.6215	-2.5189	-5.6335
-5.5569	-1.8444	-1.0733	-3.7341	-2.8855	-2.2406	-3.0643	-3.7918	-3.2881	-2.1872	-0.4799	-4.4517
-5.1933	-2.3537	-2.0818	-2.4007	-2.7224	-3.9629	-2.7820	-3.2207	-2.9633	-0.0848	-2.1629	-5.7933
-5.8006	-1.9448	-2.0334	-2.6413	-2.8725	-3.7413	-3.7987	-2.5051	-2.7338	-2.6610	-1.0500	-5.6479
-6.0830	-0.0956	-0.2808	-5.0541	-6.0424	-2.3484	-1.2788	-3.0021	-2.9892	-2.5022	-1.7916	-5.0935
-2.8073	-1.7717	-2.6510	-2.7340	-2.3920	-2.5275	-4.0877	-4.3457	-3.0904	-2.5886	-0.9701	-5.3957
-5.6229	-1.7680	-1.6318	-2.2560	-2.8027	-3.8194	-3.6026	-2.0321	-3.0803	-2.0566	-2.4778	-2.7285
-5.4984	-2.7633	-1.5734	-2.3704	-3.7441	-4.4033	-2.8438	-2.0422	-3.8200	-4.1520	-1.1286	-3.2915
-7.6896	-0.7575	-0.9968	-3.6632	-4.1538	-3.8022	-2.9824	-2.5324	-3.9379	-2.0400	-1.6149	-4.9158
-6.4878	-1.4023	-2.2446	-3.6032	-3.3914	-2.6693	-3.5731	-3.2916	-2.7535	-1.9839	-0.9400	-6.3450
-4.1884	-2.3150	-1.3804	-3.1756	-3.6988	-4.6085	-4.5128	-2.4967	-2.9618	-2.1202	-1.7800	-5.0373
-3.9601	-1.0869	-5.0014	-3.4656	-2.8775	-2.2174	-2.2620	-4.6358	-5.2370	-1.8909	-1.0707	-5.1154
-4.3149	-3.2802	-2.1919	-1.4352	-2.2743	-3.4016	-2.7907	-3.2380	-2.7400	-1.0810	-1.5313	-6.3271
-5.4384	-2.9085	-3.1987	-2.4445	-1.8147	-3.1508	-4.2457	-4.5574	-3.7650	-0.9999	-1.3597	-5.6391
-7.5427	-1.0140	-2.6975	-4.1948	-2.7652	-1.6106	-4.9282	-4.3617	-2.2052	-2.2808	-2.1911	-5.5736
-4.1226	-1.4400	-1.0078	-6.5267	-4.7117	-2.3309	-3.2262	-4.1411	-3.9832	-3.0251	-2.5632	-6.4713
-8.3401	-2.1721	-0.2329	-2.6875	-4.7090	-3.7561	-3.0180	-2.8678	-4.4181	-2.6573	-0.3760	-6.1764
-6.2307	-2.8201	-0.6182	-1.7581	-4.4359	-3.7600	-2.7350	-2.0231	-3.1917	-1.2211	-1.1900	-5.9867
-4.4163	-0.9235	-2.1410	-4.9232	-3.9069	-1.9321	-1.5851	-3.2455	-3.6108	-1.1592	-1.0089	-6.6314
-5.0790	-1.2881	-2.2979	-2.6512	-3.6382	-3.6932	-2.4639	-2.9332	-5.0991	-1.7400	0.0242	-4.0856
-4.1064	-0.9981	-2.7710	-3.8015	-2.9837	-2.0078	-3.3648	-2.9833	-1.6080	-1.9703	-1.1957	-4.6584
-6.1550	-1.6413	-1.2605	-2.3910	-3.4764	-2.3941	-2.3574	-2.8604	-3.7895	-1.4200	-0.9435	-5.2778
-4.5838	-2.6209	-1.3761	-2.6296	-2.2418	-3.2557	-4.2449	-2.5752	-1.6859	-1.5380	-2.5387	-5.9015
-7.1110	-2.5503	-2.5800	-3.0338	-2.6989	-3.8973	-5.1753	-2.6286	-1.6845	-2.1652	-2.7193	-4.4943
-5.0042	-2.6059	-2.7539	-1.0336	-2.8918	-3.0978	-3.8569	-3.5939	-2.8550	-2.5922	-2.3665	-4.4180
-3.3508	-2.1620	-2.0464	-3.0524	-2.5969	-2.4124	-4.4074	-3.5482	-1.3010	-0.4870	-2.7279	-4.0297
-4.5860	-1.8875	-3.2588	-2.3931	-1.6647	-2.8344	-5.3765	-3.3765	-1.1739	-1.8999	-1.4942	-5.2896
-5.9363	-0.6579	-2.3600	-5.7137	-3.0515	-1.4667	-1.8685	-4.0748	-3.4549	-1.2056	-3.1658	-4.3964
-5.7187	-1.5372	-2.1650	-3.6519	-3.2385	-1.7415	-2.6632	-5.4745	-4.4419	-1.1455	-0.4627	-4.3631
-5.7540	-1.7817	-2.7036	-2.5085	-1.7417	-5.0018	-2.4792	-0.8646	-2.4388	-1.7677	-1.7923	-6.1450
-4.5722	-1.3876	-1.5478	-2.6867	-4.1453	-2.6377	-1.7986	-4.0796	-5.0075	-1.9323	-0.3675	-5.7382
-3.8999	-3.0784	-0.9556	-2.4466	-2.9526	-3.6129	-3.1339	-1.3683	-2.8211	-1.7264	-0.4651	-6.7743
-5.0520	-2.1633	-2.4623	-2.4179	-2.1815	-2.5064	-4.4675	-4.0698	-3.4399	-2.2428	-1.5967	-5.5553
-6.6592	-1.9601	-0.7394	-2.7641	-3.1460	-1.4912	-2.5060	-3.7335	-3.9469	-1.0815	-1.4418	-6.5494
-3.5570	-2.2679	-0.3571	-1.1316	-3.7162	-4.0718	-2.6683	-2.5765	-2.6305	-1.9484	-1.0728	-4.1197
-3.8839	-2.4228	0.5310	-2.0370	-5.3440	-3.0173	-1.9709	-3.2782	-3.4223	-1.5476	-1.9045	-6.3707
-7.9090	-0.9546	-2.0479	-4.1770	-2.0980	-3.0608	-4.5959	-2.6736	-3.4267	-2.2322	-1.0473	-6.1670
-6.1405	-1.5265	-2.0884	-3.9009	-4.0589	-4.0936	-3.0007	-2.3184	-3.4083	-1.7704	-0.6979	-8.2077
-2.7624	-1.4769	-2.9531	-5.1753	-3.1427	-0.7653	-2.3312	-5.0577	-4.1435	-2.1107	-2.1147	-4.1214
-6.6265	-2.4492	-1.3975	-3.3678	-2.3002	-2.9979	-3.5574	-1.4180	-0.9700	-1.1695	-2.8209	-5.4489
-8.8063	-0.8498	0.2313	-2.4575	-5.4620	-3.5404	-1.9435	-2.3805	-2.5567	-1.5478	-1.2401	-7.2166
-2.6520	-3.2003	-1.6778	-1.7991	-5.2608	-5.0262	-2.5404	-2.2286	-2.0465	-1.0381	-2.2801	-7.2060
-4.6775	-1.9113	-2.6512	-3.7027	-2.8654	-2.5086	-3.0696	-4.4277	-3.8673	-1.5303	-1.2839	-5.9076
-4.9767	-2.3544	-1.1071	-3.8202	-5.2945	-1.8118	-1.7847	-3.8213	-3.2951	-1.4026	-3.5795	-4.5502
-5.9429	-2.1801	-0.0102	-2.6704	-3.6245	-2.5624	-3.6088	-3.3703	-2.2972	-1.3995	-1.6489	-7.0928
-8.9350	-0.3829	-0.5433	-4.0395	-4.0433	-4.2623	-2.4774	-1.2084	-1.9458	-3.0526	-1.8070	-6.3281
-6.0629	-0.1984	-0.8390	-5.6388	-2.9313	-1.6389	-1.9190	-4.5122	-3.9392	-1.0118	-2.3369	-4.4943
-2.6468	-2.3977	-2.4771	-3.8976	-2.6870	-1.6418	-2.9178	-2.8612	-2.8169	-2.1800	-1.0895	-6.9724
-4.8347	-1.1862	-2.4797	-3.6830	-2.2213	-2.9150	-2.9267	-3.2104	-3.3038	-2.5705	-1.7975	-4.0440
-7.3216	-1.7716	-1.6922	-3.0222	-2.1322	-3.6364	-2.9585	-2.4335	-3.6683	-1.6650	-1.5286	-4.8104
-7.4410	-0.4527	-1.5933	-5.3827	-3.8367	-3.0004	-1.6080	-2.6558	-4.4111	-2.3958	-1.1706	-5.6600
-8.8284	-1.7277	-0.8831	-1.2812	-2.2414	-3.6641	-3.6604	-2.6514	-4.5612	-1.1007	-2.3359	-3.1348
-5.5376	-0.8647	-1.5286	-5.0244	-3.1945	-3.2471	-2.9697	-2.2733	-3.9592	-3.1120	-1.7512	-6.6274
-4.4179	-3.7410	-1.5395	-2.0996	-3.3418	-5.7104	-3.7793	-1.7308	-2.7082	-1.7250	-1.2051	-5.1800
-5.4645	-1.3850	-1.1448	-3.1803	-4.6632	-5.2002	-2.3932	-2.6266	-2.2007	-1.6102	-2.0649	-3.8858
-5.5252	-1.5212	-1.4337	-3.7745	-4.7307	-2.6627	-2.8357	-2.6002	-2.8437	-1.4754	-1.5894	-6.5782
-7.3932	-1.2374	0.0973	-1.9697	-5.0754	-3.1471	-3.5549	-3.5262	-1.9233	-0.4612	-1.1172	-8.3090
-5.4512	-0.9640	-2.1324	-2.2609	-3.7091	-4.0059	-1.2833	-2.0510	-3.8146	-3.7511	-1.5985	-5.2434
-5.5543	-2.1072	-2.1486	-3.3308	-3.3021	-3.2970	-2.3403	-5.0165	-5.5817	-2.1426	-0.9702	-5.2277
-4.2009	-1.0060	-1.5803	-3.4803	-4.4024	-2.5817	-1.9135	-2.7709	-2.1599	-2.7446	-2.4573	-5.8650
-6.1712	-1.8820	-2.4977	-3.5365	-2.7575	-2.4965	-2.9309	-2.8315	-3.8337	-2.7348	-1.8244	-4.4307
-6.3432	-1.2059	-1.2881	-2.3163	-2.5361	-4.4566	-3.7534	-2.1772	-3.4435	-2.3263	-0.8570	-5.9636
-5.7057	-2.6501	-1.3467	-2.7727	-4.1184	-2.3196	-3.4520	-4.4674	-3.5716	-2.3587	-0.2124	-4.9438
-5.9658	-1.3005	-0.9034	-2.0832	-2.2398	-3.8003	-3.4531	-1.6610	-1.2952	-0.8939	-1.5268	-5.3894
-5.2604	-1.1999	-2.1169	-3.6074	-2.6307	-5.1211	-5.2074	-3.0817	-2.2403	-1.3714	-3.1334	-5.8321
-6.0225	-1.8403	-1.4087	-3.5962	-2.3338	-1.9099	-3.8255	-3.3706	-1.8952	-1.3460	-2.7971	-4.2631
-6.4503	0.0175	-1.5682	-4.2251	-4.5514	-2.9512	-1.8940	-4.0997	-3.2299	-1.7582	-1.1792	-4.0346
-3.3928	-2.4047	-2.4940	-1.7664	-1.9786	-4.1538	-3.6343	-2.6151	-3.0688	-1.9735	-2.0609	-5.6636
-2.0605	-0.5925	-4.0393	-4.0148	-2.7421	-2.1307	-3.1954	-2.8662	-2.0301	-1.9324	-1.4659	-4.0339
-5.5552	-1.2231	0.0270	-3.5457	-4.5244	-2.0284	-1.8228	-3.3785	-5.1941	-1.2626	-0.7094	-6.1812
-5.0036	-1.1303	-2.6963	-1.9486	-3.4042	-3.1606	-2.6453	-2.3469	-1.6997	-1.8576	-2.9461	-5.2186
-4.8004	-2.8750	-1.2738	-1.1828	-4.6720	-5.9998	-1.8366	-2.0506	-3.4438	-2.5409	-0.9744	-4.7972
-5.1592	-2.1946	-2.7142	-2.4709	-2.2050	-2.1584	-2.7835	-4.4453	-4.9480	-0.8332	-0.1069	-7.6669
-5.4039	-0.7384	-2.4487	-3.6100	-4.1230	-3.1062	-1.7789	-3.2860	-3.3379	-1.3846	-2.7503	-5.5862
-4.7247	-1.3090	-2.9790	-3.9149	-2.1368	-2.7238	-4.7171	-4.3783	-2.2709	-0.5708	-2.4695	-5.7011
-3.3066	-2.6780	-1.7932	-3.1672	-1.8291	-2.4460	-2.7896	-3.5802	-3.2196	-1.8024	-2.5561	-6.0535
-4.2601	-0.7310	-3.4913	-4.1356	-3.1853	-2.6883	-2.0582	-2.7559	-4.2392	-2.2505	-0.1111	-5.2088
-7.6117	-0.9820	-1.8590	-4.2110	-3.7522	-2.3519	-3.1071	-4.6623	-2.6559	-0.7874	-2.1581	-4.3205
-6.3134	-2.2222	-2.9249	-2.6019	-1.9517	-3.0748	-3.6984	-2.2194	-2.5025	-3.5933	-1.9682	-5.4710
-5.6866	-0.5279	-2.0342	-3.2012	-3.8439	-2.3634	-1.5065	-2.9773	-3.4922	-1.5477	-1.6355	-3.6090
-6.5082	-1.8025	-2.2903	-3.2373	-2.3510	-1.4750	-3.3288	-5.2883	-2.4140	-1.3128	-3.0861	-4.6226
-4.7888	-0.4113	-2.9664	-2.9063	-1.8687	-2.0798	-4.1816	-5.4459	-2.5788	-1.1785	-0.6426	-6.4135
-5.9006	-0.3981	-1.8015	-3.8438	-5.3035	-3.5689	-1.8381	-5.0133	-2.5372	-0.8227	-2.8331	-7.8707
-6.5106	-1.4498	-1.2286	-2.7308	-3.1394	-4.2848	-3.7468	-2.3116	-2.5477	-1.2981	-1.2267	-4.1228
-5.6919	-1.5642	-1.6086	-5.5222	-2.3323	-1.6793	-3.0620	-3.3868	-2.6065	-1.5223	-1.5145	-5.5357
-6.2955	-0.5145	-2.8778	-3.5707	-2.2659	-2.5590	-3.2266	-3.0387	-2.1264	-0.8366	-1.9803	-5.3889
-5.0198	-0.6830	-1.4364	-3.1414	-3.1568	-2.7302	-2.5259	-3.4519	-3.2955	-0.8328	-2.1635	-6.7889
-5.7465	-1.6591	-0.6918	-3.3755	-5.4387	-2.1908	-1.8593	-3.9939	-2.6242	-1.3554	-1.8886	-5.0683
-4.8280	-0.5960	-2.2076	-4.6795	-2.4926	-1.4015	-4.0630	-4.1816	-2.4778	-1.7089	-0.5684	-5.5944
-5.3532	-3.1913	-1.3629	-2.4732	-3.9057	-4.4497	-3.1225	-2.6675	-2.7086	-2.9571	-1.0374	-4.9255
-5.7406	-1.2487	-1.6823	-2.8759	-3.8697	-2.6718	-1.0976	-2.1969	-3.0726	-2.1104	-2.7735	-5.0465
-2.6434	-1.9851	-3.8534	-3.2441	-3.2258	-2.3558	-2.5085	-4.0899	-5.0982	-2.7987	-1.0572	-5.3714
-4.5738	-0.1808	-3.7881	-5.4648	-1.0139	-0.7061	-3.9227	-4.2201	-2.5304	-1.4183	-2.7913	-4.9104
-4.6162	-1.7137	-2.2173	-3.3710	-3.1991	-2.0710	-1.9616	-4.5472	-3.9291	-1.4167	-2.3618	-4.9942
-9.5735	-2.0382	-0.1321	-1.5036	-2.6566	-3.8479	-3.7658	-2.4625	-2.4563	-2.4847	-2.1706	-6.0819
-5.8039	-1.0669	-1.3635	-3.1600	-2.6296	-1.7753	-3.5794	-3.9906	-3.4882	-1.8291	-1.7399	-4.8715
-3.3855	-3.8256	-1.9188	-2.1857	-2.1586	-2.9322	-3.5206	-2.9510	-2.8749	-2.4601	-0.9677	-6.2766
-7.1595	-1.3613	-1.2047	-4.1556	-4.1735	-4.5503	-3.7871	-3.3500	-1.7477	-0.9331	-2.1912	-6.1063
-3.6076	-1.6965	-2.9297	-1.6809	-1.8063	-3.6374	-6.1749	-2.9022	-1.8016	-1.9329	-0.7854	-4.1732
-6.1419	0.0584	-1.7885	-5.3508	-3.7068	-2.7830	-2.4141	-2.5046	-5.7818	-3.0992	-0.5460	-4.2666
-9.2307	-0.6019	-1.0595	-4.2629	-5.0219	-3.1774	-2.7625	-4.2502	-3.1942	-1.6073	-2.1888	-7.6890
-6.7837	-0.9761	-1.1474	-3.1189	-3.0153	-2.5820	-3.1147	-2.1185	-2.1679	-1.2320	-1.3492	-6.4208
-4.4466	-2.4356	-1.3208	-1.1132	-3.2188	-5.3462	-3.7002	-3.3751	-3.1740	-2.2974	-1.9498	-5.6667
-4.0971	-0.8506	-2.9515	-3.7547	-3.4649	-3.5561	-1.8234	-1.2291	-3.1808	-3.3309	-0.9456	-4.1692
-4.7572	-3.9366	-0.9824	-2.2434	-3.6027	-2.5713	-3.1466	-3.1653	-3.4967	-2.0398	-2.0214	-5.5175
-6.2783	-1.2253	-0.9456	-3.4921	-3.1169	-2.4713	-3.3086	-3.0751	-2.9092	-1.5284	-1.4723	-5.6918
-6.6375	-2.3693	-0.4345	-3.4670	-4.3042	-2.8878	-3.7473	-3.6671	-2.5144	-0.8057	-1.8284	-6.1177
-8.3638	-0.0897	-0.1802	-4.3819	-4.5733	-2.7963	-2.9823	-3.0334	-1.9634	-0.7244	-2.2661	-5.0737
-5.7534	-2.8094	-2.0594	-2.2791	-1.9653	-2.8313	-2.6104	-5.0233	-5.2678	-1.5147	-1.6826	-4.8449
-4.9009	-1.9283	-1.2846	-3.4638	-3.1041	-3.2735	-3.5094	-2.3318	-2.2245	-0.8427	-2.3102	-6.0150
-6.1285	-1.3579	-2.6854	-4.1376	-3.2009	-1.7495	-3.4257	-3.7667	-3.5791	-2.4260	-1.1525	-4.1602
-3.8985	-2.2235	-3.3461	-2.9355	-3.3726	-3.9446	-3.7688	-5.2548	-3.5976	-0.7874	-2.0744	-6.3342
-5.9531	-1.6678	-0.6286	-1.6258	-3.0120	-3.3570	-4.6965	-3.0494	-1.2604	-2.0991	-1.7478	-5.6177
-4.7887	-1.9587	-2.0720	-2.2033	-1.9036	-2.3991	-4.4638	-1.9157	-2.3799	-2.6191	-1.8374	-3.7109
-4.5996	-1.4234	-1.4230	-3.5554	-3.5090	-2.2141	-1.2412	-2.5411	-2.7287	-1.1896	-1.7306	-6.6669
-4.4381	-1.9999	-0.9128	-3.6051	-3.1709	-3.4379	-5.3238	-5.1561	-2.7480	-0.5139	-1.6926	-6.1135
-4.8334	-1.7261	-3.9091	-4.3898	-1.3881	-1.6514	-3.1554	-2.8566	-2.9147	-3.2216	-2.7209	-3.7476
-6.5214	-1.5654	-1.7441	-2.5991	-2.3812	-2.0534	-3.9546	-3.3676	-0.8225	-2.8910	-3.0406	-3.7909
-5.0629	-0.4761	-0.9716	-4.5251	-2.3916	-2.0235	-3.3563	-2.8266	-3.2015	-2.5587	-0.2397	-5.2935
-4.0391	-2.6766	-0.3092	-2.9285	-3.7387	-2.5160	-2.7142	-2.7795	-4.4884	-2.3580	-0.3340	-6.3477
-4.4286	-0.4137	-3.3390	-3.5881	-2.4755	-3.3558	-4.5627	-5.2431	-2.0419	-2.2906	-0.6950	-4.0256
-5.5250	-1.3987	-1.6960	-1.4166	-2.8261	-5.2331	-1.8639	-0.5069	-3.2887	-3.5752	-1.1650	-4.5757
-3.9600	-0.7020	-3.8592	-2.9621	-2.6386	-4.7812	-4.3576	-3.0769	-2.0120	-0.6804	-3.1183	-5.5845
-4.9305	-1.3375	-2.0835	-5.5271	-3.8339	-1.9643	-3.9985	-2.6661	-2.6051	-2.7297	-2.6001	-5.2787
-6.0785	-2.7326	-1.0988	-1.8176	-4.0525	-4.7514	-3.6592	-1.4379	-2.5242	-2.4839	-1.4060	-6.1987
-7.1044	-0.3304	-1.0665	-2.0925	-2.9893	-3.2152	-3.4055	-3.2419	-1.3388	-1.6655	-2.2134	-7.8021
-4.2440	-1.6107	-2.7155	-2.7363	-2.0317	-1.8582	-3.1811	-1.9582	-1.7453	-1.7819	-2.4726	-7.0993
-5.6832	-1.9746	-2.3040	-3.0081	-2.1544	-3.3755	-3.8235	-2.0409	-2.1931	-1.8117	-1.3659	-6.5364
-5.7162	-0.8597	-0.6305	-4.6701	-4.3099	-2.9187	-3.6863	-4.6437	-1.6200	-1.6346	-3.5087	-6.0668
-5.6067	-1.2066	-0.4014	-1.3519	-4.2833	-4.9676	-1.5884	-0.8317	-3.3713	-2.7911	-1.4858	-4.5019
-6.5660	-1.8857	-1.7676	-4.3581	-3.7515	-2.4750	-2.8712	-4.6378	-3.7718	-0.6663	-1.8138	-7.9251
-6.7554	-1.0966	-1.0604	-2.6552	-5.6647	-3.4742	-2.4714	-4.0311	-2.7689	-0.9586	-2.0065	-6.3697
-5.2214	-0.8847	-1.2751	-2.8898	-3.0362	-3.5996	-1.9826	-2.4563	-3.8117	-1.8435	-2.1011	-5.6090
-7.3565	-0.3164	-1.1364	-5.0053	-2.4110	-1.7326	-1.9832	-3.0975	-3.6652	-1.4209	-1.6655	-4.1399
-6.3338	-0.9871	-0.7993	-1.1697	-2.8167	-3.7249	-3.4050	-1.8376	-5.2033	-1.6010	-0.1990	-6.0971
-5.2153	-2.1965	-0.7480	-2.7772	-3.7051	-2.0085	-2.7398	-2.4085	-3.2354	-2.6165	-2.0051	-4.5456
-5.6439	-1.4871	-3.4438	-4.7744	-3.0586	-1.7578	-2.6915	-5.7581	-2.9014	-0.6046	-2.0252	-5.3019
-6.1269	-2.5475	-0.9239	-3.3848	-2.9899	-2.9401	-4.2977	-3.0743	-3.0609	-4.4699	-1.7017	-4.2493
-7.5352	-1.0136	-2.6785	-2.9439	-2.3999	-1.6657	-3.5737	-3.1656	-2.6677	-1.9735	-1.4423	-3.7802
-4.8360	-2.7708	-1.5665	-2.1294	-3.6091	-1.8637	-4.3038	-4.3810	-1.7782	-1.4289	-1.1672	-5.3033
-6.1250	-2.3344	-1.9595	-3.7610	-4.3545	-3.3637	-1.9802	-3.1727	-4.7679	-1.5746	-3.4847	-3.7171
-4.9269	-0.2738	-2.7806	-4.8906	-2.8025	-1.4814	-2.7633	-3.7688	-2.1987	-2.8145	-1.4981	-4.0440
-6.0086	-1.7800	-1.4288	-3.3789	-4.1826	-1.7881	-3.9776	-3.7328	-4.5764	-4.1088	-0.6383	-4.6660
-5.4062	-0.9935	-1.3381	-2.9095	-3.5762	-3.2583	-2.0860	-2.3831	-5.6276	-1.4129	-0.5527	-5.0079
-3.7318	-3.0459	-1.2207	-3.3670	-3.4045	-2.6397	-2.3465	-2.7462	-3.4399	-3.2210	-1.0500	-4.1717
-3.8148	-1.0944	-3.2052	-4.3265	-3.8669	-2.5168	-1.8714	-2.6439	-4.0986	-4.1465	-1.7657	-4.1324
-6.0262	-1.5479	-1.9594	-2.8427	-2.7062	-2.6228	-3.1961	-3.9284	-2.8618	-0.5509	-2.2302	-6.0473
-4.3029	-2.5060	-1.4446	-4.4458	-4.0172	-3.3719	-3.7157	-1.9715	-1.4345	-1.5193	-2.4988	-4.9863
-5.3123	-2.7164	-0.4639	-2.8633	-3.7582	-3.2453	-1.8180	-2.9546	-3.1110	-1.4005	-1.7217	-6.0008
-5.6378	-1.2764	-2.1770	-4.5854	-2.1857	-2.2504	-4.6487	-2.8955	-2.4891	-2.1029	-1.3634	-4.2658
-6.1403	-2.3724	-1.1833	-4.1217	-4.0181	-2.2298	-2.4676	-2.7071	-4.1673	-1.8078	-2.3977	-4.1705
-5.5016	-1.6406	-0.9058	-2.4546	-2.5205	-2.9176	-3.5106	-4.3152	-3.6171	-0.5025	-1.9882	-6.5498
-5.2084	-2.1433	-2.3353	-2.8682	-2.5010	-3.3638	-4.0005	-4.0593	-2.1486	-1.8428	-1.8378	-4.5662
-6.7167	-1.4209	-2.6079	-3.3785	-2.1144	-3.6969	-4.5628	-2.1440	-2.6481	-2.9423	-1.6435	-5.2624
-5.2787	0.2079	-1.9948	-4.8107	-2.9755	-2.4688	-1.8993	-2.0234	-4.9092	-1.5569	-1.1146	-5.3844
-5.9263	-1.6954	-3.5587	-1.5081	-2.1608	-3.2562	-3.3251	-3.9361	-3.9206	-1.2898	-2.0008	-4.5147
-5.7819	-0.8402	-2.5235	-4.5057	-2.4005	-0.8271	-3.4317	-5.4598	-2.8401	-1.4324	-1.4359	-6.0142
-8.3449	-1.3091	0.4950	-1.6843	-2.6538	-4.7996	-3.1664	-2.8119	-2.5004	-1.6987	-3.1723	-5.8609
-5.4652	-0.6637	-2.0464	-1.4642	-1.6898	-3.4995	-3.9280	-4.6174	-2.9077	-0.5702	-1.7990	-6.7762
-5.8486	-1.8663	-2.2467	-1.6587	-2.0705	-4.1221	-3.5474	-2.4908	-2.4524	-2.0060	-1.9930	-3.2374
-5.2877	-2.2814	-2.1117	-2.8132	-2.8950	-2.4622	-2.2942	-2.3226	-3.4944	-2.4655	-0.7855	-5.2673
-8.1971	-0.8885	-0.6909	-2.8169	-2.0183	-3.2852	-3.2229	-2.5986	-3.9472	-1.4913	-0.6407	-5.2714
-4.4868	-1.5358	-2.7614	-1.6693	-3.3130	-4.0626	-4.4059	-3.2530	-1.9383	-0.5251	-2.1993	-6.5412
-6.1494	-1.4778	-2.5800	-3.2375	-3.1936	-3.6403	-3.9716	-3.8018	-3.5310	-1.1481	-0.9958	-6.5853
-6.2241	-1.5359	-1.4005	-1.8581	-3.7025	-2.4788	-2.9627	-4.7029	-1.7004	-0.4210	-2.4642	-8.3109
-4.8147	-1.4820	-2.0278	-2.4012	-1.6352	-2.9780	-6.2470	-2.4633	-2.9131	-2.1958	-1.7596	-6.5139
-4.4195	-2.6500	-2.4595	-2.3810	-3.4135	-3.9014	-3.3909	-2.3131	-3.5201	-3.9585	-1.3648	-5.5319
-7.8179	-0.2097	-2.1094	-3.1491	-2.9073	-2.5785	-3.2844	-4.1068	-1.1024	-0.2465	-2.1700	-7.0641
-6.2587	-1.4174	-1.4315	-2.7542	-3.1166	-2.9526	-1.5494	-2.1513	-3.8387	-3.4229	-2.0038	-4.0292
-5.6902	-1.1197	-0.9484	-3.1405	-3.0503	-2.8965	-3.9124	-2.8629	-2.0870	-2.2132	-1.0462	-4.3105
-6.2081	-2.4715	-1.8168	-2.5429	-2.7338	-3.2020	-2.7073	-3.8943	-3.6182	-1.4150	-1.0958	-6.9022
-4.3790	-2.6108	-1.2420	-1.9639	-2.3313	-4.3619	-2.2392	-2.1794	-6.1015	-4.1105	-0.0744	-4.5621
-3.8996	-0.7928	-2.1655	-3.3626	-2.9784	-2.0428	-2.1062	-4.6031	-3.3506	-1.1646	-2.2302	-4.8313
-5.7854	-1.8958	-1.0971	-3.6866	-4.1861	-3.0668	-2.9233	-2.8959	-3.2860	-3.1661	-1.8769	-5.4105
-6.4547	-0.5306	-2.3439	-4.0719	-3.9005	-2.5307	-2.1280	-2.6169	-2.1834	-1.1493	-1.8621	-5.1526
-6.0509	-1.5836	-0.9324	-4.9145	-5.5447	-2.0135	-2.5534	-2.8704	-3.2089	-2.7110	-2.1085	-5.1706
-5.3565	-1.6567	-2.5311	-4.0507	-2.2380	-1.9335	-2.8332	-2.9731	-3.3967	-1.0577	-1.3099	-6.4803
-3.7569	-2.9278	-0.2827	-3.3193	-3.1777	-1.8717	-5.3181	-5.7902	-3.0705	-0.6808	-3.3523	-4.7830
-3.9980	-0.2866	-2.3819	-2.5816	-3.6768	-3.9941	-2.8822	-2.3416	-2.3730	-1.4168	-0.6075	-6.9142
-5.3526	-1.4222	-2.3646	-3.1964	-3.1589	-3.9078	-2.5913	-2.4759	-4.6132	-2.1577	-0.3509	-5.2104
-5.0646	-1.8013	-0.4661	-1.8363	-2.7290	-2.5274	-1.8439	-3.1717	-5.5943	-1.6452	-0.8524	-6.5802
-7.5390	-0.8032	-1.2610	-2.5796	-0.9047	-2.8280	-5.2145	-3.9160	-1.5465	0.4479	-2.7166	-5.7502
-5.8635	-2.0391	-1.6308	-2.9791	-2.8897	-2.1035	-3.6648	-5.0881	-2.7162	-1.2885	-1.5903	-5.4670
-6.5032	-1.1881	-1.5810	-2.6065	-4.5043	-4.1294	-3.2488	-3.6989	-2.6450	-0.9347	-1.7709	-5.2490
-4.3213	-3.4618	-0.8114	-1.0698	-2.7468	-4.5033	-3.8890	-4.1648	-4.3189	-0.1034	-0.2239	-4.8938
-5.0890	-2.7766	-2.7192	-2.8493	-1.7769	-3.0693	-5.5586	-4.2466	-1.3361	-0.6922	-2.0658	-5.6110
-4.5938	-1.1784	-1.8274	-3.2478	-4.6669	-1.1810	-2.5345	-4.8365	-2.1527	-0.5084	-1.3806	-7.4815
-4.6918	-0.8849	-4.9317	-2.7681	-2.6437	-3.5112	-2.9778	-2.8660	-1.8954	-2.0302	-3.1404	-4.5331
-6.3239	-1.6443	-1.2901	-2.2627	-2.8556	-2.7131	-3.3634	-3.4121	-2.0216	-1.6991	-3.7134	-4.6226
-4.2762	-2.5716	-1.2197	-1.5924	-3.1650	-3.4916	-2.4320	-2.7148	-4.6291	-2.8828	-1.6315	-4.8460
-7.4536	-0.8242	-0.0041	-2.8395	-4.1127	-3.7276	-1.9506	-1.9537	-2.1830	-1.6118	-2.9588	-5.9950
-4.8299	-1.6475	-1.9076	-3.3113	-1.9840	-2.8046	-3.3249	-2.5804	-1.8890	-1.9427	-1.9463	-4.9614
-4.8652	-1.7902	-1.5950	-4.7163	-4.5812	-3.2739	-3.0365	-3.3969	-2.9140	-1.4504	-1.1361	-5.1844
-3.1056	-2.1776	-3.2336	-2.5674	-2.5762	-1.8717	-1.5386	-4.2990	-5.6769	-1.2284	-0.8314	-4.9638
-6.4679	-0.4461	-1.7155	-4.3311	-2.2233	-3.2917	-3.8850	-3.3497	-1.6247	-1.2804	-2.7411	-5.1101
-4.9591	-1.6732	-1.5422	-3.0964	-2.3546	-2.1481	-3.0441	-2.8535	-2.8691	-1.3249	-0.4339	-5.7942
-3.5395	-2.0157	-3.3212	-2.8279	-1.1897	-1.3192	-2.1238	-3.8249	-2.2362	-1.4427	-2.0920	-5.0151
-5.2282	-1.8980	-1.4156	-1.8832	-2.8672	-2.6164	-2.4423	-3.5128	-2.2117	-2.2178	-1.6472	-3.5587
-5.9395	-2.2297	-1.8066	-3.0016	-2.7211	-3.2250	-3.5015	-2.2683	-3.1317	-1.6347	-2.1222	-4.4851
-4.6417	-1.2256	-0.8857	-4.5600	-5.8284	-2.6119	-0.5365	-2.3944	-3.5718	-1.6329	-1.0406	-4.4392
-4.8878	-1.2418	-1.2287	-4.1659	-3.1718	-3.4923	-1.9707	-2.9340	-4.1999	-0.5983	-0.0838	-6.4225
-4.0613	-1.1242	-2.9747	-2.0096	-2.2264	-2.3969	-3.2023	-2.2217	-3.0558	-2.7835	-1.7602	-5.4849
-5.2035	-2.2281	-3.0586	-2.5979	-3.1560	-3.7052	-1.4838	-3.0872	-4.0809	-2.0153	-1.8853	-4.4514
-4.3709	-2.3982	-2.0160	-2.8665	-2.5766	-2.0606	-3.4866	-3.9626	-1.7092	-1.1820	-3.8085	-4.1891
-4.3417	-1.2086	-3.2918	-2.3421	-2.3461	-3.7623	-3.5123	-2.5872	-2.7494	-1.6192	-1.5025	-6.5299
-4.5076	-2.2801	-1.2796	-1.8179	-4.6109	-4.8585	-2.5903	-1.4810	-2.9303	-3.7573	-1.5135	-5.4181
-6.0574	-1.6624	-1.2990	-3.7314	-2.2756	-2.1064	-3.3778	-4.1872	-3.1701	-0.4985	-0.8580	-8.8219
-6.5851	-0.7886	-2.0669	-3.8641	-4.9395	-2.4916	-2.7160	-4.2185	-2.7291	-1.3992	-1.3936	-5.6234
-4.6634	-0.2573	-4.6872	-4.2628	-1.4593	-2.7232	-2.1752	-2.9392	-3.3297	-1.9471	-0.3364	-6.4393
-8.6704	-2.0816	-1.2548	-1.2925	-3.1964	-4.5401	-2.5747	-2.0875	-4.0766	-1.3073	-2.3860	-7.1672
-6.9705	-0.9010	-1.0741	-3.3642	-3.4544	-4.5647	-5.0567	-3.3082	-2.5286	-1.0339	-1.2227	-6.4175
-6.3608	-1.8202	-1.4087	-2.8705	-3.3389	-3.3821	-2.0169	-3.1222	-4.8380	-2.3749	-1.0869	-5.8354
-4.9127	-2.0803	-2.4517	-1.1621	-0.8216	-3.5565	-4.1707	-3.3539	-1.8078	-1.5465	-1.7473	-4.8183
-7.5197	-0.2190	-0.9338	-2.9394	-3.6304	-3.6555	-3.0922	-2.9764	-2.5878	-0.8811	-2.7134	-5.5763
-5.8442	-1.5031	-1.5624	-2.3435	-2.0535	-3.3226	-2.7676	-1.7406	-3.5040	-2.4619	-0.7008	-3.8819
-7.6136	-0.2784	-2.5350	-5.7675	-1.6439	-1.0797	-2.7608	-4.4579	-3.4857	-1.8915	-0.1492	-4.7285
-4.3727	-0.2372	-1.9471	-5.5661	-6.1440	-2.4422	-1.4401	-3.4757	-2.8996	-2.8675	-1.7008	-4.3535
-5.9260	-1.2367	0.2353	-2.5843	-4.0800	-2.3020	-2.7202	-4.5422	-2.7758	-1.6979	-1.6844	-6.4292
-5.3346	-1.8991	-1.6372	-3.1146	-4.8954	-2.4987	-1.4897	-3.5264	-2.5731	-1.7283	-1.5130	-5.2207
-4.0344	-0.0718	-3.0437	-2.6457	-1.7773	-3.3681	-3.0504	-2.7449	-3.5075	-2.1159	-3.1869	-4.4025
-7.3150	-3.1860	-1.4993	-2.7524	-3.8471	-2.4195	-2.6901	-4.2209	-4.2646	-1.2988	-0.2770	-4.6791
-3.7658	-2.0516	-3.1789	-2.2883	-2.6168	-3.4980	-3.6295	-2.4106	-1.0877	-1.2500	-0.7457	-8.2243
-5.0384	-0.4347	-1.2975	-3.3046	-5.4020	-2.5618	-2.2751	-2.5551	-2.0073	-0.8121	-3.2449	-4.3707
-10.5535	-1.3651	-1.2651	-3.3438	-2.8751	-1.7464	-1.5867	-2.7935	-3.1457	-2.7135	-1.1659	-4.7565
-4.1555	-0.9917	-2.5058	-5.3586	-2.5257	-2.1141	-2.3497	-3.7605	-2.8253	-0.6620	-1.5664	-6.6265
-4.8913	-1.6758	-2.2414	-2.7193	-1.4681	-2.0766	-4.3423	-5.1692	-2.5185	-1.2656	-2.5319	-6.8526
-5.6656	-0.8697	-3.0563	-3.9309	-2.2463	-0.6021	-2.3759	-4.8928	-4.6417	-2.2161	-1.3664	-6.0637
-5.5992	-1.2768	-2.2513	-4.0399	-3.0797	-3.2750	-3.5151	-2.0670	-1.1674	-2.7798	-2.5888	-6.3976
-5.5142	-0.4968	-1.3184	-4.2115	-2.9831	-2.9699	-2.8947	-4.6860	-5.2627	-1.6699	-1.4440	-5.4621
-4.5999	-2.4601	-1.1729	-2.3006	-2.7235	-3.8614	-4.9744	-5.3585	-2.9881	-1.1305	-2.7755	-6.5202
-4.7492	-2.7308	-0.9750	-3.1350	-2.6271	-2.0542	-5.4917	-4.7203	-1.6040	-0.1779	-0.4978	-6.8334
-4.4124	-1.8687	-0.7515	-2.2560	-5.0778	-4.7718	-3.1500	-2.3810	-3.3486	-2.6711	-1.9151	-3.6023
-4.8606	-2.6539	-0.9646	-2.1597	-3.2943	-2.2281	-2.4702	-6.0637	-4.1378	-0.1458	-1.5373	-4.8350
-5.2696	-0.6487	-2.5450	-3.2328	-2.1409	-2.9344	-3.3689	-3.7230	-3.1094	-1.1980	-0.7669	-5.8016
-3.9659	-1.6916	-1.8094	-3.9562	-3.2427	-3.8026	-3.3263	-3.1578	-2.2639	-1.7906	-2.0650	-8.1119
-5.2209	-2.6846	-3.0979	-3.3106	-2.9299	-3.2658	-2.9408	-3.1035	-3.7011	-2.3122	-0.9628	-4.5434
-8.2482	-1.3267	-2.1732	-4.4007	-2.3128	-4.2208	-4.0765	-5.6076	-3.7919	-0.8039	-2.7832	-6.3201
-4.1014	-2.8648	-3.4267	-4.0163	-1.0372	-1.4395	-2.6060	-2.8252	-5.4155	-3.0405	-0.5601	-6.5380
-4.8372	-2.2053	-1.2091	-0.9550	-2.4587	-3.1024	-2.1408	-4.7494	-3.6725	-1.2869	-2.3969	-5.9972
-6.2092	-2.5206	-0.2746	-1.3665	-2.6063	-1.2617	-4.2069	-4.6186	-2.5426	-1.6838	-1.6759	-5.4007
-5.9696	-2.2453	-0.7327	-2.6629	-4.6996	-2.9240	-1.6087	-2.9494	-3.5476	-2.8220	-2.2200	-4.0954
-5.7315	-0.7617	-2.2450	-1.6404	-2.3249	-3.3192	-3.4540	-2.9908	-1.7485	-0.6747	-1.4563	-5.3597
-6.5274	-2.1309	-1.9372	-1.9265	-2.2714	-2.6307	-5.7337	-4.0891	-2.1112	-1.7278	-1.2486	-5.2505
-5.0260	-0.9369	-2.8087	-7.3080	-2.6282	-0.8619	-2.6237	-2.6207	-2.7614	-2.3441	-0.8578	-4.5881
-4.9613	-1.6941	-1.6377	-2.4045	-3.1726	-2.7576	-2.6647	-3.9939	-4.0910	-1.1694	-0.6265	-6.8214
-5.6119	-1.7630	-1.7581	-1.7171	-2.1427	-4.7239	-4.3044	-2.3357	-1.5636	-1.5310	-2.4883	-5.0723
-6.1022	-0.9667	-1.5057	-3.9517	-3.0210	-3.1554	-3.5744	-4.0697	-2.8730	-1.0114	-1.5405	-4.2641
-4.7848	-0.7514	-2.8907	-1.9668	-2.2939	-2.6700	-3.1386	-5.9332	-3.7364	0.2267	-0.3300	-7.4358
-5.7112	-0.8562	-0.4138	-2.2747	-4.2563	-4.2482	-3.4393	-2.4813	-2.9014	-2.0208	-1.6138	-4.1304
-5.3076	-0.7030	-1.4223	-4.6845	-5.7360	-2.5990	-2.7738	-4.8686	-3.4809	-1.0718	-1.1804	-5.7223
-4.3595	-0.5862	-2.4991	-3.3508	-3.6114	-5.4438	-2.2467	-1.7880	-4.1455	-1.5548	-0.5479	-6.4064
-6.8300	-1.0670	-0.0848	-2.4781	-4.0309	-2.6224	-3.4924	-3.4465	-2.6905	-1.3896	-1.9391	-8.2993
-6.9326	-1.3137	-1.2967	-1.9340	-1.5536	-2.6070	-4.7829	-3.1312	-3.4924	-3.4368	-1.3267	-5.5033
-6.5444	-0.6960	-2.0815	-4.3649	-1.9663	-1.3640	-2.4164	-4.1317	-4.2129	-2.0002	-1.7051	-5.5950
-6.3625	-3.7889	-1.5051	-1.5956	-2.3030	-2.5756	-3.0137	-3.4473	-4.1034	-3.3003	-1.3757	-5.3369
-6.8019	-0.7763	-1.4431	-1.1675	-4.6200	-3.5450	-1.5353	-2.7001	-2.9547	-0.7563	-1.0025	-6.5467
-4.2576	-1.8833	-2.0938	-1.1631	-2.3553	-3.6609	-2.2087	-1.0970	-2.6258	-3.4512	-0.5498	-3.6062
-4.7155	-1.2826	-2.3825	-2.1451	-3.4454	-4.7064	-3.6093	-1.1355	-2.5502	-4.6519	-0.5509	-2.9670
-4.7675	-0.7072	-0.4891	-4.5081	-4.3248	-1.7501	-1.6787	-4.8676	-4.3894	-1.2279	-1.5898	-6.0475
-5.0909	-1.0862	-0.8831	-2.9367	-3.1804	-3.0646	-3.5489	-2.8343	-2.7516	-0.5776	-1.5284	-4.5915
-3.6320	-1.1310	-2.1900	-2.1382	-2.9097	-3.3408	-2.7119	-2.5140	-3.3940	-1.5381	-1.2904	-5.2439
-7.1763	-1.7214	-1.1758	-2.3993	-3.1494	-3.5926	-2.9703	-2.4392	-4.2985	-3.0074	-1.2395	-4.7434
-4.5788	-0.9592	-3.2928	-2.6810	-1.8366	-2.8720	-4.0182	-6.5679	-4.2848	-1.1163	-1.3179	-6.6605
-5.0117	-0.5744	-2.2013	-3.5456	-2.1132	-2.6285	-4.5092	-4.1292	-3.0210	-0.5021	-1.0482	-6.4042
-5.6300	-1.7571	-2.7706	-4.1403	-2.5496	-2.0613	-3.9639	-3.7227	-3.6230	-2.8397	-1.4222	-4.7738
-5.7566	-1.1589	-2.2768	-3.7783	-2.0007	-2.2027	-4.3268	-5.5964	-3.4332	-0.5094	-0.9135	-6.4904
-5.4969	-1.5808	-1.2651	-3.4471	-4.3022	-2.2584	-2.0321	-3.0109	-2.8107	-1.1643	-1.2964	-5.4286
-5.5845	-1.8524	-2.0491	-1.5927	-2.6424	-5.1571	-2.8512	-1.8018	-4.4962	-4.3882	-1.0752	-4.4108
-5.0863	-2.3579	-0.6075	-4.0135	-4.3782	-3.4724	-2.3484	-2.5256	-2.6038	-1.5544	-1.8507	-6.8842
-4.6186	-2.4358	-3.0690	-2.5650	-2.1475	-2.5339	-4.8896	-2.5457	-3.0362	-1.6412	-1.3914	-5.6497
-8.4065	-1.1741	-1.6419	-4.2990	-2.9872	-2.4610	-2.9342	-2.1680	-3.3635	-3.4139	-1.3407	-5.4160
-6.3913	-1.7492	-3.1797	-2.9047	-2.3084	-3.0805	-3.0894	-1.2629	-3.0668	-4.0997	-1.4349	-5.5099
-4.5034	-3.5552	-2.7202	-2.7232	-2.6874	-3.0212	-2.3792	-2.1469	-2.5071	-1.8953	-1.2775	-4.9130
-4.8758	-3.6579	-2.5175	-2.5172	-4.2701	-3.1030	-2.7528	-3.2439	-3.9989	-2.6343	-0.5908	-5.3868
-6.2187	-0.5937	-1.5757	-3.4924	-3.8219	-3.6233	-2.4825	-4.7963	-2.4161	-0.4501	-2.5777	-7.1562
-5.5235	-0.4551	-1.0522	-3.0908	-5.3055	-2.9312	-1.8856	-3.1593	-3.8554	-2.5598	-0.9650	-5.2267
-5.6914	-2.1683	-2.3869	-3.5359	-4.0375	-3.5928	-2.8709	-2.1136	-3.3375	-2.3844	-0.2823	-5.0356
-8.1790	-0.5606	-0.3711	-5.0279	-7.7647	-2.4204	-1.7126	-2.0816	-2.4471	-2.1955	-2.5625	-3.4170
-5.3121	-1.4824	-0.8376	-3.4308	-4.4435	-3.9798	-2.9405	-2.0680	-2.8446	-2.6298	-3.5737	-5.2137
-4.2562	-1.7484	-1.5925	-2.6449	-2.9946	-2.4667	-2.5336	-4.9774	-3.0058	-0.3096	-1.0271	-6.0710
-8.1744	-0.7453	-0.0161	-2.8011	-4.5335	-6.3530	-2.6429	-1.0880	-2.1097	-2.2188	-1.9275	-5.7956
-4.2276	-3.6292	0.0080	-1.7282	-7.4752	-5.8363	-2.2244	-1.4671	-2.4197	-2.0355	-2.6774	-4.2577
-8.3146	-0.7573	-1.3015	-4.0755	-4.4446	-3.4603	-2.4559	-2.8305	-2.4941	-1.6570	-2.2936	-7.5141
-4.1401	-1.5228	-0.4246	-3.2197	-4.4597	-3.1015	-2.0307	-1.2235	-1.8335	-4.5391	-1.4653	-2.9416
-6.2665	-2.7949	-1.6241	-3.0677	-3.1914	-3.2370	-3.8143	-2.9573	-2.0050	-0.8555	-2.8414	-4.4343
-5.6771	-1.1383	-1.9145	-3.4137	-3.1119	-1.6748	-1.2517	-3.9084	-6.0679	-0.8735	-1.3017	-8.9579
-5.5158	-1.7640	-3.5250	-2.3481	-2.1604	-3.3560	-4.5246	-4.4300	-2.4095	-0.7930	-1.4151	-6.2780
-4.7791	-1.2932	-2.4730	-3.8486	-2.2924	-3.1959	-5.7327	-3.0624	-1.9373	-1.0588	-1.4611	-5.8688
-9.7749	-1.9870	-2.7311	-1.7283	-1.9692	-3.7056	-4.2867	-3.7376	-1.9374	-1.6703	-0.9496	-6.5871
-3.7160	-0.4912	-4.5756	-2.7767	-1.7504	-3.6312	-3.2469	-2.0008	-3.1265	-2.1477	-1.3722	-5.2239
-3.7593	-1.1755	-2.5178	-3.7861	-1.9801	-1.5645	-3.9074	-3.9160	-2.5025	-1.8225	-1.0587	-5.1669
-5.9406	-1.4132	0.1109	-2.2087	-4.6976	-6.7673	-3.2190	-1.7200	-1.3920	-2.0587	-2.7086	-3.9711
-5.0065	-2.2076	-1.4524	-2.1146	-3.4752	-2.8598	-2.4102	-3.1271	-3.7407	-2.7343	-1.3150	-3.2320
-6.6887	-1.2452	-0.4713	-3.4675	-3.8979	-3.2139	-3.0473	-2.6220	-2.2707	-1.6797	-3.3263	-4.6221
-6.1266	-2.6325	-1.7309	-3.8600	-3.3312	-2.2716	-2.4584	-3.0759	-3.6796	-2.7417	-2.2119	-5.6152
-3.8102	-3.3478	-1.5922	-2.2410	-1.1976	-2.8544	-7.8777	-5.2831	-1.8332	-2.8618	-1.9784	-4.1739
-5.5472	-1.5170	-2.4386	-2.4703	-1.5673	-2.8561	-4.1689	-2.8718	-2.7696	-3.3787	-2.3412	-4.6370
-4.0122	-1.1582	-4.1960	-2.5215	-2.0963	-3.1915	-2.8986	-2.3810	-2.1411	-2.0146	-1.8633	-4.5522
-3.8731	-2.6765	-2.2079	-2.5932	-2.5495	-3.4629	-2.4068	-1.4678	-2.1994	-2.6623	-0.8187	-5.0226
-5.1284	-0.6756	-2.6032	-5.5956	-1.9006	-2.3131	-3.3123	-1.9490	-2.2491	-2.9502	-1.2646	-5.1743
-5.2256	-0.8382	-3.1011	-4.0415	-2.8898	-3.9675	-3.7913	-2.6449	-2.6410	-1.3219	-1.6784	-4.8856
-7.9405	-1.2081	-1.6335	-4.0848	-2.4646	-2.4564	-3.7247	-3.5744	-3.1702	-1.3974	-1.7429	-6.6342
-5.1997	-1.8615	-1.3317	-2.8382	-3.9873	-4.5458	-2.7945	-1.3324	-2.1154	-1.0696	-1.7549	-6.2175
-3.7618	-1.8087	-2.6851	-1.7864	-2.1839	-4.4993	-5.1964	-3.0721	-1.4042	-1.2202	-2.3300	-6.1076
-4.4767	-2.3409	-4.5852	-2.3428	-1.1377	-1.9713	-3.9063	-3.7760	-4.4181	-2.3962	-0.1379	-5.0873
-4.7641	-0.6701	-3.1851	-5.2337	-3.2285	-1.8854	-2.3165	-4.8487	-2.7107	-0.9374	-2.3358	-5.5642
-4.9605	-1.6997	-3.1580	-1.8681	-3.4604	-3.7863	-2.3090	-2.0394	-3.0229	-1.9332	-1.4471	-7.0250
-4.4244	-0.3522	-2.4477	-4.3810	-5.1934	-3.4657	-1.8164	-4.4039	-3.8747	-2.3674	-1.2575	-4.3679
-5.9162	-1.6303	-1.9430	-3.3710	-3.6642	-3.4065	-2.9041	-2.5130	-4.2938	-1.9813	-0.7571	-4.8255
-2.7259	-2.5878	-1.6507	-4.1963	-3.9357	-2.3963	-1.2658	-2.8361	-2.9391	-0.6079	-0.5418	-8.2683
-4.9995	-0.8271	-2.5570	-4.3326	-0.9059	-2.0073	-4.4486	-3.2876	-2.6656	-0.9263	-1.2936	-6.2977
-4.5169	-0.8167	-2.2711	-2.5248	-1.8362	-2.6056	-3.6675	-3.2311	-2.9851	-1.5665	-2.3155	-4.7003
-6.7293	-1.0726	-1.1328	-3.0741	-1.7760	-3.4102	-4.5692	-4.2155	-2.8627	-1.1031	-0.7123	-5.1076
-5.2205	-1.3023	-1.8182	-2.6378	-4.0010	-2.8013	-1.0012	-2.1016	-5.4648	-2.9913	-1.4355	-5.8198
-3.9825	-2.7915	-3.4635	-2.0231	-2.8986	-3.7667	-3.1047	-2.7459	-3.6261	-2.5263	-2.0356	-4.1768
-7.2394	-1.1454	-0.9868	-2.6732	-2.1333	-3.9422	-4.6614	-3.0789	-2.5517	-2.5587	-1.1180	-5.4730
-4.9444	-1.8340	-3.5468	-3.3465	-2.2618	-2.3256	-3.0091	-3.4173	-2.0644	-2.2168	-2.4332	-5.8848
-5.7829	-2.0950	0.3164	-2.9741	-6.1948	-3.3373	-2.4936	-3.6821	-4.6608	-1.8264	-1.1000	-4.9395
-6.8772	-1.0572	-2.9634	-4.3058	-2.8816	-2.5247	-4.0376	-3.2695	-2.4199	-2.3635	-1.8692	-6.1205
-5.4536	-3.3506	-1.9326	-1.6384	-2.9427	-4.5292	-4.2754	-3.0165	-2.1239	-1.7157	-1.7832	-6.4504
-3.4518	-0.6348	-2.7646	-3.1627	-3.9946	-2.4385	-2.2593	-3.3273	-2.4889	-1.2739	-1.9827	-5.7816
-6.4914	-2.9153	-1.4106	-2.0699	-5.9972	-4.1060	-2.0217	-1.9708	-2.3117	-3.3020	-1.1561	-5.1160
-6.3980	-2.3010	-2.2196	-2.8545	-1.5789	-1.7856	-3.3977	-4.3800	-4.1382	-1.3230	-0.6377	-6.9303
-5.9897	-1.8498	-1.6623	-3.4607	-3.1796	-3.9997	-3.5457	-2.2711	-2.0920	-3.1450	-2.5326	-4.2429
-6.5978	-2.2437	-1.8221	-3.0768	-3.2075	-2.3101	-3.0369	-5.1674	-5.0240	-1.0819	-0.7743	-5.4633
-5.2385	-0.4895	-3.8271	-2.1456	-2.7247	-5.0316	-2.8715	-2.2167	-2.5657	-2.1730	-1.5394	-4.6254
-4.5378	-1.3112	-2.0185	-3.6516	-3.2102	-1.8174	-4.4999	-4.2310	-2.5021	-1.2009	-2.4274	-7.8648
-6.9075	-1.9901	-0.7299	-3.2546	-4.5993	-2.8913	-2.6544	-3.7508	-4.2460	-1.7747	-0.6622	-5.7264
-4.7040	-1.5638	-1.8910	-3.7379	-3.3143	-2.6701	-2.2866	-2.5453	-3.1143	-2.4516	-1.4695	-5.2536
-5.9955	-2.2972	-2.0587	-2.1981	-1.1935	-2.8969	-5.3570	-3.7148	-3.8892	-1.5256	-0.9137	-7.4107
-3.5468	-2.2095	-3.3234	-3.6712	-1.9855	-1.6180	-3.0935	-3.7293	-3.6969	-3.8995	-0.8242	-3.7955
-5.5913	-0.9061	-2.1338	-4.2790	-3.8097	-4.6927	-3.1765	-1.8542	-3.2720	-0.8265	-0.8325	-4.5128
-4.9322	-1.2068	-2.3791	-4.0887	-4.4965	-4.4955	-2.6044	-2.3158	-2.4841	-1.9338	-1.9131	-4.0950
-5.5647	-2.9055	-2.2376	-2.8447	-2.8444	-3.2847	-3.2110	-3.2190	-1.9989	-0.7611	-2.5647	-5.2816
-6.5526	-1.6478	-2.0746	-2.6699	-2.1233	-4.1763	-3.6602	-2.2090	-1.6150	-0.9959	-1.5779	-6.9584
-5.0071	-0.2430	-2.2313	-3.4628	-3.8607	-3.3860	-3.7106	-3.5539	-1.2331	-1.9319	-2.9931	-3.4041
-7.3109	-0.7634	-2.0023	-2.9589	-2.9111	-2.9522	-2.9136	-2.8295	-2.5441	-1.9615	-0.9679	-6.1106
-6.4896	-0.7627	-1.4091	-3.6099	-3.2360	-1.3686	-1.7966	-4.0002	-2.4215	-1.6115	-2.1013	-4.5030
-4.5479	-2.5642	-3.2143	-4.2961	-3.2707	-1.6300	-3.2732	-3.7563	-3.7152	-1.2773	-1.0434	-5.5900
-6.5513	-0.8291	-1.1324	-3.0571	-2.3727	-1.6899	-2.6135	-3.0348	-3.7355	-1.4708	-0.3345	-5.1120
-7.1994	-1.3868	-2.1274	-4.7807	-3.0963	-2.0988	-2.8164	-2.9533	-2.2899	-1.1891	-1.0365	-5.9947
-4.5903	-2.8561	-0.9775	-2.5918	-4.3297	-5.1795	-3.7293	-1.0995	-2.7168	-2.6880	-2.0938	-5.3767
-6.6749	-0.7498	-1.5323	-1.8434	-2.9437	-4.9256	-2.2585	-2.1237	-2.3504	-2.7187	-2.5796	-5.6081
-2.6727	-4.2848	-1.5081	-2.5355	-5.4820	-2.9028	-1.8813	-3.1504	-3.3673	-1.9731	-1.3929	-5.6141
-4.6807	-0.7405	-1.8063	-2.3953	-3.4467	-5.0595	-2.5633	-1.6928	-3.3118	-3.1804	0.0226	-5.4186
-6.6893	-3.0532	-0.8692	-4.3177	-4.2699	-4.4932	-4.6344	-2.5127	-2.6466	-3.8746	-2.9481	-5.0403
-9.0340	-0.5711	-0.3011	-3.2074	-4.9622	-3.3271	-2.1675	-1.4227	-2.0196	-2.1608	-1.4704	-5.7843
-4.6407	-0.8239	-2.4412	-2.4067	-0.1327	-2.6728	-6.4733	-4.6359	-2.4425	-1.3788	-1.4545	-5.0188
-5.3620	-3.0102	-2.0844	-3.6032	-3.3247	-1.8107	-3.1842	-5.1827	-2.4292	-1.8032	-1.9423	-4.4326
-8.0018	-0.7983	-1.1811	-4.0931	-3.9795	-4.1832	-2.1933	-1.6887	-4.3562	-2.0341	-0.2977	-6.4364
-4.7188	-0.1180	-0.8708	-2.3584	-1.4144	-3.0334	-4.2033	-1.7716	-2.0319	-2.1754	-1.9173	-5.6597
-4.2666	-1.9833	-2.6532	-2.4384	-2.7147	-4.3797	-4.6730	-3.2621	-3.1865	-1.7195	-1.1566	-6.4131
-3.7224	-1.2139	-4.0219	-1.9597	-1.7327	-3.1113	-2.7161	-4.3447	-4.2324	-1.6327	-1.4286	-7.9172
-5.0701	-2.7300	-1.6069	-3.1142	-2.5909	-1.0981	-2.7738	-4.7906	-4.6517	-0.9759	-1.1374	-5.4007
-6.1024	-2.4932	-2.6526	-3.4158	-2.4607	-1.9929	-2.8009	-3.0199	-2.2024	-2.1482	-1.6418	-6.3970
-4.2456	-2.2050	-3.2663	-2.6399	-1.0767	-2.5891	-6.2641	-3.7180	-0.9794	-1.5685	-3.2429	-6.2630
-4.3429	-2.3177	-1.7065	-2.9802	-4.0127	-3.6242	-2.2551	-3.5429	-4.0580	-1.6948	-0.8202	-5.8171
-5.8474	-0.2649	-2.8363	-4.3579	-1.7642	-2.2960	-3.6499	-2.4829	-2.3616	-2.1318	-0.8176	-5.0122
-5.7259	-1.1199	0.3143	-3.1934	-4.2265	-2.9537	-3.0651	-4.9362	-3.2912	-0.8770	-0.6801	-5.6568
-5.6224	-2.6132	-1.0593	-2.5323	-4.7240	-5.5252	-3.4660	-2.2847	-1.9335	-3.8156	-1.4344	-4.7261
-3.2816	-2.8625	-1.3108	-2.1066	-2.3368	-3.5581	-4.9059	-3.5080	-1.0870	-1.0300	-2.1455	-5.9593
-3.6219	-0.9288	-3.2428	-1.5011	-1.8047	-5.0165	-2.9493	-3.5706	-3.3703	-0.6669	-1.4239	-6.8351
-5.5357	-1.5922	-1.3260	-2.9965	-4.1208	-3.8067	-3.0117	-2.3828	-3.2745	-1.4720	-1.6100	-5.6479
-8.5897	-2.6008	-1.5570	-2.8632	-2.3811	-2.4671	-5.6187	-6.3856	-4.4693	-1.6857	-1.3242	-6.1939
-6.1506	-0.7353	-1.3457	-2.9356	-3.0715	-5.8141	-4.3172	-3.2757	-2.5558	-3.4121	-0.6081	-5.3102
-5.8826	-1.3384	-2.8943	-2.8060	-2.0193	-4.2418	-2.9290	-2.4141	-3.2360	-1.9752	-1.8986	-5.1077
-4.8872	-0.5121	-2.7302	-4.2245	-3.6899	-3.5108	-1.6771	-2.1562	-2.2823	-0.9891	-1.4282	-5.7988
-4.3525	-3.2166	-2.1061	-1.6564	-2.9123	-4.1972	-4.3568	-1.5835	-2.7273	-2.1198	-2.3668	-5.4820
-5.6075	-2.1836	-1.2942	-3.0788	-2.8722	-2.5761	-3.4118	-3.4598	-2.5562	-1.3090	-2.3790	-5.8065
-4.2815	-3.0014	-2.0017	-2.0883	-3.3029	-3.0023	-2.9997	-4.1515	-1.9848	-1.2223	-1.2617	-5.4529
-5.9486	-2.5446	-3.0409	-2.0901	-3.1972	-5.9644	-2.5574	-1.6274	-1.8444	-3.1999	-2.6060	-4.9565
-3.6356	-1.5207	-1.5459	-3.3708	-3.0943	-2.3253	-2.7573	-2.3945	-2.2753	-2.1344	-3.2003	-4.1036
-5.9703	-0.2114	-1.7991	-4.7115	-5.1967	-3.4365	-3.9722	-3.5766	-1.5811	-1.1912	-1.1152	-5.8485
-4.6379	-1.6986	-3.9163	-3.8200	-2.3938	-1.8994	-4.2235	-4.1703	-2.0357	-2.0593	-1.8656	-5.8084
-3.6666	-2.0366	-1.1836	-1.9209	-2.5774	-3.7407	-2.9616	-3.7804	-3.1143	-0.7413	-3.0537	-6.4897
-4.9705	-2.7226	-3.2649	-2.9735	-4.0554	-3.3657	-1.7675	-2.8067	-3.7946	-2.5723	-0.6520	-5.5760
-5.8122	-1.9835	-0.9473	-3.0063	-3.6386	-2.8545	-3.6509	-3.9965	-2.1924	-0.8602	-1.9802	-6.5434
-5.6577	-2.0528	-2.7951	-3.0654	-2.4764	-2.6352	-2.9900	-2.0048	-2.7080	-2.6685	-1.2734	-4.0373
-3.5453	-0.0826	-3.1394	-4.4181	-2.9247	-1.7005	-2.7453	-3.0503	-2.7638	-3.2808	-1.4898	-4.5958
-5.4914	-0.9204	-1.1355	-2.0641	-2.7835	-1.8709	-1.3220	-2.5528	-5.3598	-1.9000	-1.0420	-4.7541
-5.4497	-1.5108	-2.0967	-3.7872	-2.8491	-3.9759	-2.9910	-3.8010	-4.2424	-2.6194	-1.2534	-5.3663
-3.9151	-3.5145	-1.3622	-1.6438	-3.3740	-3.7371	-4.3286	-3.7952	-2.2431	-1.5882	-1.8839	-6.6986
-6.0223	-2.5606	-1.6606	-3.6588	-3.7724	-1.9519	-3.2126	-2.7695	-2.5699	-0.5706	-1.5717	-5.5369
-4.6172	-1.0613	-2.1053	-3.5424	-3.8686	-3.0879	-2.0183	-1.8457	-3.5371	-3.8097	-0.6102	-3.8424
-4.0350	-0.7316	-2.2073	-3.4010	-4.1729	-2.1681	-2.0748	-3.1108	-3.0551	-2.5592	-0.8386	-4.8471
-4.4991	-2.9853	-1.8893	-1.9454	-3.5252	-2.1251	-2.2275	-2.9003	-2.8047	-2.3053	-0.9751	-4.1333
-5.9324	-1.8551	-1.9945	-3.2770	-5.0129	-4.2251	-2.6138	-3.7917	-2.4671	-2.3567	-1.2631	-4.5648
-3.6557	-2.0328	-2.9859	-3.7683	-2.6676	-3.9859	-4.1867	-3.5276	-3.8676	-2.7378	-1.4108	-5.2515
-4.9976	-0.7961	-3.2292	-3.7027	-2.3570	-3.5724	-4.3899	-1.6906	-2.7306	-1.1844	-0.2125	-6.8796
-5.3472	0.2048	-2.1644	-5.1728	-2.9551	-1.9705	-3.8764	-5.7123	-2.5295	-0.7992	-1.5345	-5.8454
-5.8463	-1.5776	-1.4537	-3.8793	-2.8879	-3.1289	-3.2037	-1.9078	-3.3806	-2.3944	-1.4893	-5.3707
-3.8689	-3.5815	-4.0962	-2.5061	-2.6954	-1.7156	-1.6629	-3.3381	-4.2028	-2.0200	-0.3165	-4.7280
-5.8073	-1.3337	-1.8944	-2.7108	-2.0921	-2.8140	-3.5016	-3.6961	-3.1876	-0.0967	-0.4761	-5.9420
-4.9071	-1.2312	-1.8838	-3.0195	-2.3895	-2.7485	-4.7757	-4.0377	-2.1024	-2.2645	-2.3844	-5.6499
-5.9451	-1.2487	-1.7670	-5.5398	-3.9741	-1.8680	-3.8596	-4.1782	-2.6153	-1.0621	-2.3658	-8.1572
-5.2611	-1.3897	-1.9662	-3.8287	-5.3618	-3.3790	-2.9219	-3.7830	-3.2277	-0.5740	-1.1053	-5.3801
-7.0694	-1.2930	-2.7976	-5.1567	-1.6676	-2.1181	-3.0544	-2.7428	-4.2645	-1.4519	-0.0693	-5.7843
-6.0208	-0.6418	-2.0279	-5.6713	-4.2489	-1.8867	-2.3090	-4.5329	-3.9010	-1.1963	-0.7483	-7.4739
-6.2198	-0.3469	-2.4511	-4.1572	-2.4215	-1.7767	-4.5709	-4.2832	-3.1455	-1.5377	-1.4781	-6.9578
-5.6137	-0.5467	-1.3091	-4.9588	-3.0282	-3.8474	-3.0915	-1.9357	-2.5990	-2.8885	-1.7386	-4.1280
-5.8292	-1.0770	-1.9411	-3.3085	-3.7635	-3.1833	-2.1401	-3.6355	-6.0372	-1.5853	-1.5065	-5.9625
-4.8351	-2.0828	-1.5289	-3.1450	-3.6674	-2.2530	-2.0543	-4.5301	-2.8688	-1.1575	-2.6311	-5.8209
-5.3195	-1.3607	-1.5915	-4.1728	-3.8408	-2.3659	-2.5812	-3.5801	-2.3490	-1.1162	-3.1091	-6.0096
-3.7186	-2.2178	-2.0257	-2.0865	-1.6835	-4.5159	-3.7504	-2.0090	-1.2712	-2.3954	-2.0607	-6.6385
-4.3968	-0.1404	-2.0514	-4.3948	-2.9757	-3.0538	-2.5476	-1.7354	-3.1893	-1.7079	-2.2821	-4.5068
-5.6925	-2.3630	-3.4940	-2.1454	-2.3455	-3.8528	-4.2655	-3.3490	-2.5280	-1.2375	-2.6475	-4.5169
-6.5552	-1.5294	-3.4383	-3.1480	-2.3276	-2.4547	-2.4972	-2.4686	-2.1299	-1.2041	-1.8560	-6.1969
-5.3121	-2.3402	-2.2467	-4.0675	-3.1813	-1.5959	-2.3430	-3.7430	-4.4399	-1.7256	-2.1421	-5.8354
-5.4671	-2.1208	-1.2040	-1.4459	-3.7611	-5.6315	-2.6114	-1.5604	-3.2988	-3.0145	-0.3974	-3.9926
-4.5003	-1.5638	-2.4770	-3.5765	-4.3705	-4.2005	-2.3562	-2.9770	-4.6438	-3.5416	-0.7310	-5.0898
-5.9051	-0.1248	-2.2302	-4.5558	-1.9172	-2.5331	-4.6265	-3.4722	-1.5290	-0.8965	-1.7172	-6.4663
-3.9734	-1.3215	-1.7741	-3.0754	-3.8627	-5.7862	-2.2069	-1.8945	-3.5526	-1.1366	-1.5506	-7.1938
-5.9790	-2.0162	-0.8145	-2.3878	-4.2263	-4.5194	-3.5530	-2.6609	-2.9645	-2.5232	-0.8156	-5.7976
-6.7635	-0.3472	-2.2251	-4.1216	-1.2734	-2.3221	-4.1617	-4.2495	-3.3241	-2.5810	-1.5273	-4.4080
-5.0734	-0.8078	-2.6183	-3.0044	-2.4642	-3.2889	-4.1253	-3.4324	-3.0713	-1.0891	-2.1618	-4.3905
-6.7142	-2.6638	-1.1512	-3.9159	-3.2867	-2.6223	-3.1080	-2.8205	-3.8534	-1.0268	-1.0466	-6.3631
-10.0050	-2.8566	-0.5443	-1.7375	-3.3139	-3.1320	-3.0167	-3.1030	-2.9698	-2.0476	-1.8794	-4.1340
-3.9665	-0.8576	-4.2542	-2.5858	-2.9863	-3.3723	-3.3749	-2.5269	-2.0323	-2.3260	-1.3412	-7.2214
-5.3517	-1.9965	-1.3821	-1.9858	-2.7548	-5.0335	-3.3508	-1.7910	-2.1246	-3.2492	-3.2967	-4.1335
-5.6762	-0.9175	-1.3272	-5.2269	-2.1353	-1.3161	-3.7527	-4.6423	-2.6140	-2.4321	-1.9275	-4.5656
-4.6498	-1.2976	-1.1429	-2.6064	-3.6696	-4.2018	-2.5610	-2.0773	-4.4828	-1.7079	-1.6622	-7.8197
-6.5271	-0.7200	-1.4645	-2.8726	-3.7595	-5.9239	-2.3925	-2.3417	-3.4792	-1.2943	-1.2386	-5.8960
-6.2435	-1.0648	-2.3104	-6.3927	-3.4071	-2.1799	-3.1254	-1.8159	-3.9318	-3.5814	-0.9645	-6.0929
-6.4729	-1.1572	-1.1880	-5.7612	-4.2263	-2.4555	-3.9968	-3.1729	-2.6217	-2.3051	-1.7680	-5.8778
-5.7261	-1.2373	-0.4587	-2.0836	-3.8437	-3.7102	-2.1237	-3.2719	-3.8603	-1.4712	-1.1757	-5.2203
-6.4068	-1.7056	-0.4097	-3.4535	-4.0148	-2.6721	-2.9653	-3.2032	-2.3957	-0.9754	-2.1484	-5.0554
-6.9405	-0.9333	-1.9578	-4.6882	-2.8614	-2.2759	-2.7153	-2.1997	-1.8304	-2.6972	-2.3757	-4.0876
-5.2470	-1.5835	-3.7411	-1.3666	-1.9671	-2.8657	-4.2415	-3.1229	-2.2244	-1.6401	-2.9303	-4.5945
-6.0314	-2.7654	-2.2799	-1.8100	-2.3175	-3.1819	-2.4377	-1.7842	-3.8538	-2.0481	-0.6010	-6.9219
-5.4136	-0.8378	-1.5663	-3.4784	-3.9356	-2.5130	-3.2487	-4.2221	-1.7452	-1.2282	-2.9089	-6.4004
-4.8879	-1.8948	-2.4474	-5.6738	-4.2980	-2.6369	-1.1028	-2.3480	-4.3191	-1.5683	-1.8606	-5.6450
-5.3571	-2.6950	-1.1649	-2.7339	-2.4071	-2.2339	-4.8702	-4.5055	-1.7584	-1.4387	-1.8558	-3.7855
-6.8100	-1.0946	-0.4121	-3.7274	-5.9487	-3.3689	-0.8772	-1.9835	-5.2386	-2.3143	-1.0196	-5.2480
-5.2747	-0.6778	-3.3740	-2.8977	-1.5608	-2.2928	-4.0811	-3.5783	-2.8177	-1.3534	-1.4020	-5.6909
-3.5823	-0.8924	-2.3999	-3.8317	-2.3658	-1.3602	-2.9177	-3.7472	-2.7847	-1.7916	-1.9864	-3.4395
-5.0465	-1.5732	-0.7446	-3.7996	-3.8654	-3.1089	-4.7801	-2.9814	-2.3045	-3.0268	-2.0885	-4.6173
-5.7252	-0.7248	-1.8697	-4.3439	-2.4430	-1.0614	-2.2847	-5.0689	-5.7267	-1.1159	-0.1291	-5.3433
-5.6424	-0.7590	0.1774	-3.8372	-4.2886	-1.8117	-3.5854	-3.2311	-1.8877	-1.0725	-2.4382	-5.5971
-6.3039	-0.8876	-1.7155	-3.5615	-4.2410	-2.4698	-1.6263	-2.8084	-2.1272	-1.2646	-1.1967	-2.9221
-5.6858	-1.8689	-2.7767	-2.9533	-2.3526	-2.5174	-4.1864	-4.6567	-4.4561	-1.6574	-0.7169	-6.4765
-4.7678	-2.0736	-2.0357	-4.5744	-3.0253	-2.9660	-3.2070	-1.0791	-3.3497	-4.0482	-1.3999	-4.7939
-4.6103	-2.3269	-2.3236	-2.6687	-3.1538	-4.3517	-3.6208	-3.6031	-3.1209	-1.2516	-2.5094	-4.0892
-5.1838	-1.1401	-2.2595	-3.4877	-3.8620	-3.2618	-3.4486	-4.1463	-2.8013	-0.9424	-1.7852	-4.0927
-6.6773	-0.8875	-1.4993	-2.8902	-4.6402	-4.1106	-3.0083	-2.1598	-1.6347	-5.1020	-2.1698	-3.6396
-6.2240	-2.4658	-0.6522	-2.0783	-2.7593	-3.2639	-5.6339	-3.6606	-2.5656	-1.8616	-1.6256	-4.8030
-6.4621	-2.0207	-1.1196	-2.3056	-4.8331	-3.1649	-2.6461	-3.2382	-3.0185	-3.1751	-2.1512	-4.7439
-6.7219	-0.1998	-1.0482	-4.1629	-5.8867	-4.0542	-2.7932	-3.4094	-2.8073	-2.2920	-2.3785	-5.2279
-8.1423	-1.4977	-0.0446	-3.3545	-4.6958	-3.2896	-3.9690	-3.6845	-1.9292	-1.0358	-0.7250	-6.8277
-6.7460	-1.2015	-0.2230	-3.4773	-5.0437	-4.4885	-3.8915	-2.3573	-4.5428	-1.6006	-1.4491	-5.8454
-4.2938	0.0415	-3.3443	-4.1631	-1.7175	-2.3034	-2.9072	-3.4426	-3.4575	-2.3429	-1.8714	-4.8881
-3.7449	-1.7184	-1.1276	-2.8712	-4.3007	-3.5823	-2.8199	-3.2382	-4.2317	-0.7412	-1.5129	-5.8426
-6.5986	-0.4507	-1.4653	-2.8117	-1.9183	-2.9231	-6.0400	-4.8437	-2.5408	-1.8339	-2.0746	-6.4962
-7.3201	-0.9062	-1.2869	-2.7055	-1.6807	-2.6261	-4.1728	-2.7691	-3.5684	-2.0427	-0.3923	-7.2319
-4.0379	-1.3814	-3.4872	-3.4097	-1.6649	-2.1763	-2.3569	-2.6440	-3.8107	-2.2498	-1.2897	-4.4335
-7.0914	-1.4918	-2.3369	-4.3771	-2.0032	-1.9899	-3.8550	-3.4607	-2.6577	-2.1919	-2.8721	-4.2379
-7.3555	-0.6076	0.1814	-2.1708	-4.9903	-3.1538	-2.8939	-3.8412	-2.6474	-0.1031	-1.9387	-7.9468
-4.0336	-1.4881	-2.1870	-2.8552	-1.6000	-2.4168	-3.3743	-4.6177	-3.1071	-1.0380	-1.3869	-6.9431
-5.9590	-1.2508	-0.2932	-1.7513	-2.5622	-3.0546	-3.8265	-3.6348	-4.4660	-1.4409	-1.0688	-5.4679
-4.5319	-3.1360	-1.8503	-2.6687	-3.4762	-2.3301	-1.3188	-2.0878	-4.1962	-2.1603	-1.4931	-5.4895
-5.4980	-0.2710	-2.0372	-4.3174	-2.6202	-2.4108	-4.8757	-4.2037	-2.3664	-1.6407	-3.0831	-4.4775
-3.8739	-2.0066	-5.0064	-3.6019	-0.8474	-1.3961	-3.8970	-2.7747	-3.0449	-2.2616	-2.0063	-6.2400
-7.0164	-1.2861	-1.0965	-4.9476	-4.0891	-2.8179	-1.4736	-2.2130	-5.2759	-1.7349	-1.4773	-8.5599
-5.0194	-1.6722	0.6645	-1.2512	-2.5425	-2.3173	-3.7659	-3.3220	-2.1459	-1.8181	-3.3172	-6.4849
-5.6102	-3.0485	-0.9273	-3.3033	-3.7406	-5.4882	-3.2983	-2.3137	-2.3786	-0.0246	-3.0730	-5.4419
-6.2520	-0.8198	-0.6765	-4.6484	-3.9032	-2.9734	-3.5183	-5.0828	-2.1815	0.3097	-2.4769	-6.0673
-6.2613	-1.5988	-3.0585	-2.5048	-3.5916	-2.4650	-1.9207	-2.2997	-4.2114	-2.6518	-1.4818	-4.6705
-5.5496	-2.7000	-2.3262	-1.3492	-2.2074	-3.6486	-4.4030	-3.6692	-3.2651	-1.7297	-1.8704	-6.0928
-5.5572	-1.4342	-1.7453	-3.6250	-2.6077	-1.9068	-1.8044	-2.6371	-3.4616	-1.2896	-1.2591	-5.9160
-5.7258	-0.7763	-1.2194	-2.8976	-4.4375	-4.7602	-2.4087	-3.2361	-3.8600	-0.5562	-1.7676	-4.9680
-5.9936	-2.8490	-1.7279	-0.8505	-3.0158	-5.1610	-2.2156	-1.6753	-3.7081	-2.5793	-1.5265	-4.4666
-4.1671	-1.4497	-0.8918	-3.6074	-3.1321	-2.1031	-4.2822	-3.4938	-2.6235	-2.7406	-1.3830	-5.8812
-5.7677	-2.4598	-0.6625	-1.1912	-3.3372	-2.1669	-3.4100	-3.8625	-3.7515	-2.0799	-1.7825	-4.2639
-4.9290	-1.9699	-2.4056	-1.6054	-3.0473	-4.9874	-3.5947	-3.5968	-3.6553	-1.6758	-0.9495	-6.1607
-3.3284	-0.5042	-2.7860	-5.7530	-1.2390	-1.1077	-2.9829	-3.5749	-3.7656	-2.9425	-0.7956	-5.0300
-4.6156	-1.8390	-3.1210	-3.0616	-3.8674	-2.9243	-3.0205	-1.3439	-2.7277	-2.7778	-1.1749	-4.5779
-5.4641	-2.1190	-0.7373	-1.2441	-2.9773	-3.8723	-3.4487	-2.8063	-2.7924	-2.7150	-1.4257	-3.9459
-5.0518	-3.1184	-2.9964	-2.0091	-1.8982	-3.0168	-2.3647	-3.3777	-2.8616	-0.9807	-1.2841	-8.0995
-4.9847	-2.4768	-1.9658	-2.1944	-4.1029	-2.7362	-2.3908	-4.2733	-3.4198	-2.0151	-2.5459	-5.2701
-4.7190	-2.5077	-2.1935	-1.6748	-2.7562	-3.1902	-3.6617	-4.0176	-2.1679	-1.7030	-3.5074	-5.9814
-7.5930	-1.6080	-2.7254	-1.9466	-2.9193	-2.9932	-2.4893	-3.5740	-3.8704	-1.4470	-0.0269	-6.8147
-4.3264	-2.4615	-0.7032	-3.2492	-3.7411	-3.4137	-2.4355	-2.8091	-2.0501	-0.2869	-1.8403	-7.2213
-4.4291	-1.3923	-3.7596	-4.4001	-3.6171	-3.5544	-2.0222	-3.1001	-4.0602	-2.0010	-0.3013	-4.0257
-5.2153	-1.9953	-0.8568	-1.3764	-3.8119	-4.0293	-2.6266	-2.4842	-4.3551	-2.3802	-0.7781	-7.4673
-5.4860	-1.3003	-2.0327	-2.3851	-3.6760	-4.1143	-2.3259	-1.8311	-3.2751	-2.1945	-0.5221	-5.7113
-4.8810	-4.1714	-1.4353	-2.6543	-3.9506	-2.6861	-3.4086	-3.0904	-4.0361	-2.4596	-1.0204	-6.6175
-5.2280	-0.6338	-4.2367	-3.7034	-2.3756	-1.8914	-3.1632	-2.9650	-2.7974	-1.9788	-1.3133	-6.5273
-4.2822	-1.4314	-1.7440	-2.3142	-2.5521	-3.7340	-3.4704	-2.7340	-1.3574	-1.8806	-2.7193	-5.0929
-3.9440	-1.8820	-1.4797	-1.6939	-3.7833	-3.7934	-3.1310	-3.9024	-4.0194	-1.8860	0.0484	-4.5147
-7.0872	-1.0353	-1.5525	-1.2719	-2.4695	-1.8496	-3.4224	-2.5221	-3.1249	-2.2900	-0.0044	-4.1322
-6.2759	-0.8629	-0.1049	-2.9072	-5.2740	-3.8452	-2.2193	-1.9545	-2.9693	-3.0043	-0.7741	-5.6703
-5.9915	-2.5847	-1.7383	-3.0069	-3.8156	-3.0202	-3.3149	-2.8929	-2.0800	-1.8272	-1.9007	-5.7975
-6.1732	-0.9333	-1.9499	-4.0852	-4.2796	-4.5552	-1.6874	-2.1050	-1.9979	-1.5572	-0.6855	-4.7292
-5.4280	-1.9438	-1.2369	-2.4268	-3.6518	-3.1953	-2.9075	-4.4527	-2.6311	-0.2634	-2.0737	-6.3255
-5.8330	-1.7573	-1.6963	-2.2996	-2.1390	-3.1057	-5.8293	-2.9782	-1.3302	-0.8044	-2.1736	-5.3696
-4.3925	-3.7788	-1.3436	-1.2922	-4.2798	-3.5062	-1.4757	-3.0832	-3.9051	-1.6827	-1.6939	-4.1199
-5.8221	-2.1387	-0.7422	-1.9981	-2.4674	-2.7276	-3.1897	-2.9832	-2.3184	-0.4742	-1.1022	-8.3659
-4.2248	-1.1028	-2.4345	-3.4693	-5.3157	-2.8574	-2.2975	-2.3056	-2.3792	-2.3705	-1.5962	-5.7574
-6.3110	-1.4852	-2.0657	-5.0110	-3.8158	-2.3870	-3.9996	-3.4531	-2.5094	-2.3936	-2.7864	-4.3032
-3.9767	-2.0617	-3.0448	-1.6465	-1.7336	-1.9710	-3.0192	-3.2393	-3.7791	-1.5936	-0.7997	-7.3400
-4.0893	-3.1829	-0.4605	-1.5741	-3.2935	-4.3451	-3.0166	-3.6206	-2.7849	-1.0269	-2.5962	-6.6569
-3.4825	-2.1892	-4.5480	-2.5767	-1.4990	-2.6310	-2.5477	-2.7726	-3.8139	-1.9003	-0.5407	-5.7998
-6.2007	-1.2319	-3.1985	-1.3612	-2.2620	-2.8944	-1.7831	-3.0043	-3.5687	-0.4057	-0.5175	-7.0444
-3.6395	-2.7437	-0.4137	-4.9425	-4.7152	-3.0633	-4.0665	-3.1629	-3.4500	-1.9840	-1.2223	-5.2965
-4.9090	-1.3344	-1.6749	-4.1147	-3.3655	-3.2012	-2.2448	-2.1491	-4.5945	-3.8928	-0.7153	-4.5076
-4.7783	-0.5074	-3.0862	-3.9475	-2.0120	-2.5566	-3.7797	-3.3012	-2.6016	-0.9378	-1.3737	-5.9711
-6.0449	-1.3945	-1.2884	-2.8962	-2.0528	-2.6846	-4.1749	-3.4063	-3.4251	-1.5834	-1.9991	-3.7691
-5.2442	-1.0785	-2.5657	-4.6827	-2.3438	-2.7382	-4.5240	-2.5621	-2.3819	-1.8592	-1.1789	-5.2720
-8.7933	-1.1876	-0.1184	-3.4846	-6.6325	-5.9597	-3.3405	-2.7055	-3.0702	-1.4679	-0.0590	-5.8792
-4.2532	-1.7109	-1.8461	-2.9812	-3.2877	-2.4033	-2.7680	-2.9823	-3.0372	-2.0184	-1.5569	-5.1422
-7.9126	-0.4112	-0.6890	-3.3176	-2.5321	-3.2043	-2.1245	-2.5287	-4.9160	-2.9843	-1.3794	-4.7292
-4.5379	-0.3297	-2.0986	-4.2710	-3.4200	-2.5245	-2.0713	-4.0549	-3.5538	-0.5976	-2.6794	-4.1861
-4.3155	-2.8719	-1.1298	-2.2923	-1.8850	-1.8324	-2.6569	-3.6229	-3.7910	-0.7334	-1.2948	-7.4539
-3.6286	-0.5280	-4.9854	-4.0644	-2.3693	-3.4563	-2.0843	-1.7910	-4.2067	-2.6892	-1.1399	-5.7715
-5.7744	-1.3999	-1.0779	-2.9375	-3.3142	-2.9680	-2.5922	-2.9954	-4.5948	-2.7262	-0.8594	-5.9124
-5.9803	-0.5705	-1.9259	-6.1899	-3.1951	-1.0859	-1.8344	-3.8442	-5.0484	-1.1104	-0.2065	-6.3081
-5.2735	-0.5294	-3.8671	-3.7682	-1.6439	-3.8293	-3.7184	-3.5249	-3.9768	-0.7702	-1.0679	-4.8341
-4.5970	-3.6648	-2.1593	-2.5257	-2.0854	-1.4827	-4.2572	-4.2117	-2.0024	-0.6080	-0.2700	-5.9990
-6.2042	-2.2297	-2.6425	-2.3218	-2.7664	-4.3728	-3.2298	-3.2994	-2.6584	-0.2116	-1.5254	-6.8685
-4.9576	-0.9381	-0.8451	-3.5941	-3.0287	-4.7592	-1.8950	-1.2354	-3.2566	-3.1675	-0.5295	-4.3541
-4.9944	-1.3986	-2.4219	-4.1540	-3.0193	-2.0798	-4.2067	-4.7212	-2.3993	-0.5319	-1.9401	-5.8493
-4.4192	-0.7349	-2.2998	-2.1833	-4.7865	-3.7112	-2.5760	-1.2494	-1.7369	-2.0445	-1.3855	-4.8598
-4.8497	-0.9891	-3.3074	-4.2578	-3.8101	-2.5754	-1.8989	-2.4534	-2.9244	-0.0701	-1.4812	-5.9203
-7.4691	-2.8417	-0.7406	-2.8289	-4.2412	-3.9574	-3.6514	-1.6287	-1.9743	-2.8813	-2.2894	-5.6267
