-12.3844	0.9701	-8.1039	-2.1932	-3.1937	-2.6249	-2.2660	-3.2240	-1.8524	-4.2872	0.0862	-11.2585
-11.6459	-0.3190	-8.8681	0.3365	-5.2171	-2.3438	-2.3736	-1.8109	-1.4349	-6.2948	1.1217	-12.1415
-11.1077	1.2352	-13.3202	-0.7101	-1.9503	-3.6697	-2.8171	-4.9573	-3.0657	-12.0254	1.3101	-14.4925
-8.2201	-0.0557	-5.1290	-1.1937	-4.6822	-3.0090	-3.4055	-4.0476	-0.8553	-4.4016	1.6617	-11.6052
-10.9274	0.8812	-3.9291	-2.4113	-5.9324	-2.9127	-3.5495	-8.3044	-0.8360	-3.7041	0.0348	-10.5481
-11.9608	1.4737	-11.2993	-3.4426	-4.7982	-2.6750	-3.0985	-5.9535	-1.0625	-5.7999	0.9839	-10.5092
-9.2675	0.7736	-7.1746	-0.5939	-3.1008	-2.9677	-3.1235	-4.3435	-0.7059	-6.9932	-0.1483	-8.8247
-7.7381	2.2561	-3.8379	-1.2644	-5.3256	-3.3410	-2.6148	-2.7795	-0.2890	-8.4422	-0.3022	-16.0754
-6.4807	0.9532	-7.3119	-1.8940	-5.2060	-1.0819	-2.6939	-5.6285	-1.3059	-6.3471	-0.0890	-19.8843
-9.8690	0.2037	-7.1752	-1.3939	-4.9712	-3.4118	-2.4698	-4.4573	-1.8909	-5.6315	-0.1530	-17.7444
-11.0562	2.1436	-10.5932	-2.2125	-2.8686	-2.9860	-1.1279	-1.2061	-2.7108	-7.5852	0.4339	-9.0224
-8.0735	0.4099	-9.2174	-1.2752	-3.5597	-2.2020	-5.2963	-4.6576	-2.2698	-5.4485	1.0244	-16.7336
-6.9348	1.6582	-4.8336	-2.8318	-4.7291	-4.1274	-3.3195	-5.8763	-2.3248	-4.8791	0.4678	-14.9354
-10.2172	0.7103	-6.3226	-1.6216	-1.0233	-3.2143	-5.0831	-6.9118	-1.8686	-2.8738	0.3772	-7.4019
-18.8666	-0.0566	-9.7860	-0.8762	-5.3659	-2.3593	-3.3821	-4.8218	-0.3736	-4.4651	0.6438	-7.9245
-7.7212	-0.0655	-6.4314	-2.0717	-6.0257	-1.3497	-2.6293	-4.3891	-1.8028	-5.6833	0.8761	-8.9952
-13.1972	0.2664	-8.0702	-1.5577	-5.1404	-0.8856	-1.9214	-5.1752	0.3544	-5.7354	0.7599	-7.9177
-8.6347	0.1132	-5.2904	-1.4742	-3.0525	-3.5790	-4.6621	-3.7968	-0.5406	-6.1058	-0.3768	-13.3504
-10.3732	0.5017	-7.1730	-1.5483	-3.8509	-1.5949	-4.0334	-3.2527	-1.6674	-6.8794	0.4113	-11.4577
-14.0972	0.0298	-9.2922	-2.0360	-1.1447	-1.9558	-2.8608	-2.2199	-1.6539	-4.2477	0.0545	-10.7460
-10.1705	0.4410	-7.7629	-3.1354	-3.6363	-3.7826	-4.2251	-3.0411	-1.3821	-5.3065	0.5302	-9.3135
-6.6692	0.2376	-5.3474	-1.9961	-4.6152	-4.6331	-3.7050	-2.2814	-0.7509	-12.0852	1.3844	-8.4324
-8.4621	2.0525	-2.6613	-2.1081	-4.3008	-3.3655	-4.2405	-5.6682	-1.2947	-11.2965	0.5323	-20.4250
-9.6805	0.8721	-5.2166	-0.0538	-4.9844	-3.4453	-5.6210	-5.1857	-0.7645	-14.6999	0.1283	-12.9380
-10.4909	0.0938	-5.9053	-2.4269	-6.0749	-2.8971	-1.4411	-3.6503	-0.9285	-6.6329	-0.3091	-5.1798
-12.0448	0.9419	-6.3388	-1.7004	-3.4324	-3.5720	-1.8966	-2.7038	-1.6477	-4.4734	0.6558	-9.9642
-17.7515	-0.3906	-5.2872	-1.2550	-5.4280	-3.6001	-2.3519	-2.7259	0.2575	-7.2506	1.2092	-6.3344
-10.7454	0.4124	-5.2001	-3.3942	-5.1018	-1.8323	-3.5273	-2.9521	0.0172	-5.3742	0.0541	-10.2094
-7.8471	0.9243	-8.8297	-2.7771	-3.3272	-2.4686	-3.3034	-2.8284	-0.4968	-7.3205	0.9495	-10.3308
-23.4593	0.8078	-5.7913	-1.6090	-5.0689	-4.8755	-5.4526	-2.2564	-2.4467	-7.8575	0.0165	-9.7129
-7.3967	1.6379	-9.3010	-0.5346	-2.0457	-3.5047	-2.7417	-1.5070	-2.0110	-5.7321	-0.8055	-10.9677
-11.5296	-0.0004	-5.4307	-1.2072	-5.6820	-1.4562	-1.7902	-4.6010	-0.0344	-5.9347	-0.7570	-7.9119
-8.6207	0.7852	-4.5225	0.1220	-2.2296	-4.7746	-4.4976	-6.5177	-1.8645	-5.1929	1.2666	-11.7824
-8.9038	1.4247	-7.7587	-2.7217	-2.6957	-3.0213	-1.5035	-2.9740	-0.3046	-4.1975	-0.6715	-9.0159
-11.4933	-0.6714	-6.9524	-1.9617	-6.0265	-2.9468	-6.1098	-7.0215	-1.3626	-2.1406	1.4522	-12.5731
-15.0157	-0.4283	-5.4090	-0.4548	-4.2416	-2.5122	-2.2768	-2.9710	-1.2189	-6.9990	1.4072	-13.0888
-8.2916	1.0652	-11.6944	-1.3659	-4.0003	-2.6570	-3.0529	-3.5236	-2.5218	-6.7354	0.8890	-7.9529
-13.8605	1.2941	-5.0913	-3.2215	-5.4523	-1.5816	-2.3858	-3.4801	-2.7018	-7.2050	0.5972	-12.5242
-19.7891	0.3018	-8.0933	0.2171	-3.9842	-2.5499	-1.8272	-3.8409	-0.8716	-8.0376	-0.3890	-9.7593
-9.9572	-2.1189	-7.8603	-0.4797	-2.7562	-2.0734	-3.0229	-5.8785	-0.6594	-4.1450	-0.5428	-10.9540
-9.5185	-0.3579	-5.3032	0.3865	-3.6910	-3.9044	-4.3537	-4.9186	-1.2442	-4.0946	0.9961	-7.9767
-9.3534	-0.3449	-6.6214	-1.2916	-3.0706	-3.7217	-4.4157	-2.1530	0.1519	-4.6067	-1.5594	-9.9467
-10.8808	0.3404	-4.1430	-3.2379	-3.9278	-3.2204	-1.4667	-2.9891	-1.6819	-3.2031	-0.0207	-8.1664
-7.1553	-0.9933	-5.5357	-0.7104	-2.3010	-3.9423	-4.0903	-3.7031	-1.3353	-7.5654	-1.1631	-12.6886
-10.5175	0.8225	-7.3855	-1.7606	-3.8050	-3.6091	-3.6498	-3.6329	-0.5234	-7.1214	-0.1368	-14.4784
-9.1506	-0.1625	-6.1899	-1.3884	-5.1167	-4.3254	-3.5557	-5.8618	-0.2686	-3.0081	-1.2809	-15.7059
-12.2851	-0.1481	-6.6347	-0.3619	-6.1435	-6.0192	-3.6338	-3.5020	-0.8346	-9.1609	0.0472	-10.8022
-11.8170	0.5725	-5.2275	-2.5193	-4.2507	-5.0034	-2.0915	-5.7059	-2.1662	-5.5879	1.9978	-19.1063
-6.6516	0.1743	-6.9703	-1.3597	-2.2499	-3.6588	-5.0046	-3.4171	-1.6460	-8.3363	-0.5244	-8.2740
-12.1463	0.9660	-9.9068	-3.1137	-2.9241	-1.5990	-4.5375	-2.6304	-0.8797	-6.1453	-0.0490	-13.7156
-13.7661	-0.5082	-5.0156	-1.8981	-3.1285	-2.7150	-2.6869	-4.2443	-1.5032	-5.2197	-0.0073	-9.0577
-15.8881	0.7884	-3.8227	-0.4323	-5.2926	-3.8189	-2.9333	-4.5303	-2.6045	-4.2487	0.3710	-25.1322
-8.1991	1.2297	-5.2828	-1.5824	-4.4578	-5.3539	-1.8636	-3.0762	-0.8511	-4.9995	0.6208	-11.8163
-10.0384	0.3542	-7.4880	-1.1980	-4.1349	-5.0422	-2.4845	-3.0799	-0.6886	-7.6785	0.9999	-12.6478
-6.4981	0.2379	-5.7037	-2.4119	-5.5142	-6.4258	-2.3232	-3.3207	-1.8112	-5.8780	0.0487	-12.2586
-11.9354	2.3594	-7.8754	-1.5659	-5.7723	-3.8616	-2.7795	-5.7166	-0.7506	-8.7323	0.0590	-17.2042
-15.2780	-1.1483	-9.1720	0.5273	-3.8248	-3.2455	-1.7577	-5.3411	-1.3558	-6.5180	0.9157	-7.9526
-12.7489	0.8594	-3.7936	-1.0037	-7.5173	-3.4610	-1.1294	-3.0832	-3.1688	-4.9318	0.6025	-14.9835
-15.5214	-0.5621	-8.7984	0.0625	-3.1399	-3.7182	-2.6000	-5.6626	-3.4750	-5.4578	0.6706	-12.5371
-10.1425	1.1154	-3.8825	-1.4273	-2.3556	-2.0430	-2.8894	-3.3711	-1.1662	-8.9340	0.7456	-7.3572
-6.3124	1.5771	-9.4205	-2.3969	-4.0571	-1.5888	-3.3360	-2.9465	-2.0541	-10.0627	1.1594	-6.1057
-12.1584	1.3458	-9.6944	-2.2074	-6.5278	-2.4752	-0.8140	-3.1670	-2.3779	-8.2478	1.1673	-8.7032
-11.5992	-1.5376	-5.5455	-0.3126	-6.2162	-2.1159	-4.4149	-4.7441	-1.3818	-4.9349	1.6828	-7.3291
-9.7389	0.5731	-5.8197	-1.2874	-6.3045	-2.8433	-1.7126	-4.2701	-3.8090	-4.1236	-1.5176	-9.3568
-9.6990	1.6914	-5.2743	-1.2142	-4.2760	-2.3404	-3.3420	-4.2368	-2.9335	-8.1309	1.6725	-13.5892
-11.9880	0.6502	-6.6892	-1.2250	-4.3959	-6.8667	-2.8087	-2.4111	-0.3354	-4.2486	0.1913	-20.5065
-17.0477	1.2281	-5.2419	-4.0918	-4.9731	-2.1609	-2.4728	-3.7588	-2.9531	-2.9714	0.7668	-8.5834
-7.5461	0.1047	-3.9673	-1.6932	-3.6166	-2.2092	-2.4387	-1.9718	-1.8048	-8.0758	-0.6755	-5.8164
-12.6108	-1.2427	-7.4260	-0.9987	-3.3872	-3.1188	-1.9381	-1.7689	-1.9578	-5.3875	0.6401	-8.8286
-11.7112	-0.8231	-6.5700	-1.7045	-2.8536	-2.3397	-2.9346	-4.8013	-0.9282	-5.5225	0.0209	-9.5266
-14.5641	0.3462	-5.3647	-0.3224	-5.7633	-2.9648	-3.3142	-4.5907	-0.7723	-7.5251	0.5996	-13.6427
-16.5142	-2.5270	-5.4644	-1.1584	-2.0571	-3.1089	-2.5885	-4.8894	-2.1353	-3.1763	0.4494	-9.8775
-14.0790	1.4408	-4.8048	-0.8224	-5.3633	-2.4530	-1.4175	-2.4090	-3.3120	-14.3733	1.3522	-12.8819
-17.0053	1.4490	-6.5274	-0.9423	-1.9131	-1.9235	-3.1158	-3.9070	-1.2867	-5.0884	0.7660	-9.9838
-16.1298	0.0558	-7.1433	-0.5950	-5.3130	-1.3611	-2.2958	-5.9004	-2.2172	-4.2363	0.3081	-5.1575
-7.8829	0.6182	-5.2244	-1.3831	-3.6679	-1.3990	-4.4543	-4.8977	-2.5876	-8.8535	0.4365	-15.4995
-8.2408	0.3013	-8.4742	-3.5590	-2.0175	-1.8153	-2.0762	-2.9859	-2.2353	-5.7655	0.4178	-9.2787
-12.0500	1.3723	-5.8874	-1.7849	-7.4292	-2.6160	-1.6113	-8.7780	-1.6873	-4.0267	1.9762	-8.9741
-9.0504	1.0626	-4.5149	-2.7368	-2.7912	-2.0207	-5.3885	-3.1827	-2.0353	-8.3988	0.0841	-10.5480
-8.7657	1.3379	-10.8168	-2.0280	-3.1998	-2.8723	-5.2692	-4.0609	-1.8914	-5.4727	1.3935	-9.3393
-5.8806	0.4682	-12.8850	-4.5542	-5.4142	-1.9732	-2.6968	-3.4590	0.7334	-6.8111	0.1449	-8.8166
-11.5522	0.2477	-7.1652	-2.0834	-3.9082	-3.4389	-2.4537	-4.7572	-1.9604	-2.9180	0.6330	-8.0120
-16.2253	-0.0086	-3.7967	-1.1729	-5.2923	-4.5081	-1.4213	-2.0095	-3.2611	-6.0554	1.1309	-7.5151
-8.0015	0.8593	-6.0659	-1.2150	-4.7014	-1.3320	-3.6069	-3.1996	-2.4985	-7.0251	0.2211	-15.9985
-6.5854	0.7389	-6.3283	-1.8424	-3.5399	-0.2707	-2.0947	-6.6221	-3.1078	-4.0577	1.1280	-20.8179
-9.3767	1.8020	-4.1920	-3.1583	-3.6342	-2.7818	-1.9060	-5.1535	-1.8761	-3.6370	0.8994	-9.9952
-11.7350	0.3611	-6.4088	-1.8704	-2.4040	-3.4425	-3.4439	-3.6212	-2.7984	-5.1960	1.5554	-7.9340
-10.5222	1.0466	-8.9194	-2.9554	-3.9753	-2.6684	-2.0255	-9.3890	-1.7870	-6.6286	1.6079	-5.7169
-12.4205	1.8994	-11.6660	-1.5871	-7.5546	-1.9682	-1.7392	-2.9287	0.4047	-7.8908	0.2713	-5.0393
-8.9352	0.9521	-6.5728	-2.0425	-2.3501	-1.0428	-0.9046	-4.8806	-4.5444	-7.0713	1.3731	-10.7382
-11.8125	0.9527	-4.5343	-1.6341	-2.9081	-1.9584	-3.3822	-5.2276	-2.4727	-8.8031	1.0458	-16.3006
-8.8662	1.0609	-3.3319	-0.7941	-0.5976	-3.5365	-4.1885	-6.6260	-3.7624	-13.4636	-1.8361	-12.8051
-9.8785	0.9079	-14.8526	-0.9170	-2.8161	-4.9009	-1.2351	-5.6792	-0.7721	-3.8145	-0.0911	-12.0413
-12.0691	1.0683	-7.9863	-1.0065	-3.7500	-2.9430	-1.7983	-3.6937	-1.7700	-8.0221	1.0831	-9.2154
-10.6161	-0.5494	-6.8744	-0.5841	-1.6412	-3.9845	-3.3818	-7.1702	-1.9490	-10.5221	0.3909	-7.0300
-7.8557	0.7037	-7.3175	-2.2103	-3.6323	-4.5545	-2.4611	-4.2393	-1.6776	-5.9705	-0.2899	-9.1588
-9.8218	1.8016	-7.7266	-3.6324	-3.8851	-1.3313	-4.1307	-6.9465	-1.2819	-6.8206	1.5779	-12.8098
-12.7589	1.0318	-9.4685	-1.2052	-2.8662	-3.3223	-4.5638	-7.9191	-2.4820	-5.7914	0.5426	-19.4287
-14.6519	-0.5426	-5.2133	-2.4560	-3.7184	-2.7569	-5.5084	-6.0946	-0.6587	-10.9080	0.5446	-8.2345
-9.4236	1.1605	-5.6578	-2.4782	-4.1567	-4.0353	-3.7180	-4.9088	0.4413	-7.5783	1.1282	-15.3127
-17.1713	0.0886	-4.2817	-2.7627	-3.6080	-0.9348	-2.5938	-3.3287	-0.6634	-10.1292	-0.4827	-11.0187
-9.5702	0.2322	-4.2928	-1.0124	-5.6785	-2.3873	-4.8245	-3.1879	0.2339	-6.8328	0.5759	-11.9650
-26.8350	0.9133	-3.6752	-2.5730	-3.9114	-2.7512	-3.4479	-3.6705	-2.3311	-7.4266	1.4072	-9.9169
-8.3079	0.0312	-8.8300	-2.1829	-3.5087	-3.3219	-2.7717	-2.2785	-1.6256	-4.7082	-0.1561	-7.6265
-12.6667	-0.6749	-6.4507	-1.1128	-6.6950	-2.0546	-0.7866	-3.0824	-2.1832	-4.4251	-1.4652	-10.6214
-9.7605	-0.1244	-7.6032	-0.3996	-4.3066	-2.3764	-1.8336	-6.1550	-2.6529	-8.4408	-0.6179	-10.5500
-9.9858	-1.5314	-6.1088	0.0805	-4.3285	-3.7575	-1.3485	-4.0495	-4.9834	-5.3076	0.9981	-9.9321
-14.3679	-0.5723	-4.8904	-0.9445	-3.3646	-1.9427	-3.1252	-5.0141	-1.4774	-8.2833	1.0499	-12.2267
-11.3373	1.2067	-6.2935	-1.7644	-5.9455	-5.2848	-1.1485	-5.4786	-2.6866	-7.1706	1.1541	-6.7032
-11.9076	1.3500	-7.8007	-2.0708	-4.6720	-2.7356	-0.8626	-3.1811	-2.1746	-3.7464	2.2324	-8.7300
-8.1330	0.6899	-4.7864	-2.6312	-5.8627	-2.1580	-2.0872	-2.6073	-2.8977	-7.6398	0.7321	-11.2745
-12.2310	-0.2593	-4.4423	-0.9756	-4.0378	-4.1172	-2.3597	-4.2042	-0.1786	-5.1046	0.2833	-21.2641
-21.6919	-0.1892	-5.1985	-0.7554	-2.3800	-1.5390	-4.8907	-5.9727	-0.9559	-6.0952	0.4495	-10.9927
-13.7199	-0.8751	-7.3149	-1.3293	-3.1109	-1.9990	-5.0205	-2.1547	-3.0177	-6.5197	0.7712	-8.0325
-9.8090	-2.4350	-7.5854	-2.6044	-0.9892	-2.1199	-2.0610	-2.1993	-1.9239	-5.7386	-0.3226	-7.9368
-6.9382	1.4805	-9.5457	-1.4762	-3.2875	-4.3817	-6.7361	-5.4220	-1.6727	-4.8174	-0.3979	-7.4158
-9.6835	-0.4139	-6.4646	-1.3998	-6.8660	-3.6968	-0.7216	-3.3586	-0.3563	-5.6991	-2.8245	-13.9505
-13.5451	0.3099	-5.1620	-1.3346	-3.5288	-3.3893	-1.2406	-2.4857	-3.1501	-4.4351	0.4772	-8.5290
-18.9905	-0.7643	-5.6641	-2.7212	-4.0956	-4.2515	-2.4303	-5.2067	-1.9378	-4.5433	1.6775	-7.8675
-12.2459	0.8713	-4.2420	-1.6984	-2.3359	-3.2134	-1.8730	-3.9533	-2.6045	-5.8955	0.3979	-26.7260
-6.3688	1.9800	-7.4304	-2.9466	-2.9941	-1.6386	-5.7957	-4.1899	-2.1358	-8.8074	-0.1703	-11.1863
-15.2707	1.9724	-6.1220	-3.1507	-4.4081	-5.1087	-3.2292	-4.2624	-2.3953	-7.8592	1.6751	-4.9075
-20.5211	0.2991	-9.8033	-1.6133	-3.0977	-2.4771	-3.5809	-6.8052	-1.2562	-4.8396	0.4909	-11.0554
-19.2503	-0.0287	-4.9361	-1.3016	-3.4731	-2.8378	-2.7139	-3.9039	-2.6374	-5.5814	0.2954	-12.3239
-13.1279	0.0542	-7.1788	-0.2011	-2.8365	-3.8425	-2.4439	-4.7688	-3.9221	-8.1222	-0.1271	-11.1058
-19.8462	-0.4685	-8.5790	-1.2738	-3.9250	-0.5150	-3.3153	-2.4043	-0.7347	-11.0770	1.2365	-5.7642
-14.1149	0.5469	-4.4282	-2.4242	-1.6218	-1.3539	-1.9458	-2.9691	-2.3447	-10.4480	0.4963	-12.3874
-15.4185	1.9755	-6.7261	-2.8304	-2.3304	-1.8984	-2.8864	-3.2047	-0.8459	-6.3215	-0.2800	-7.1512
-19.7028	0.4963	-7.8884	-1.9195	-3.7245	-1.8742	-2.8994	-2.9956	-0.7231	-10.3893	0.4301	-11.1285
-14.7190	0.8487	-4.3934	-2.7157	-7.9780	-3.5012	-1.3661	-6.0377	0.3986	-8.4126	-1.1041	-11.2642
-13.2085	-0.6642	-7.1187	-1.3258	-3.8298	-0.9156	-2.9971	-3.1998	-0.7006	-4.8952	-0.1429	-6.2480
-11.1475	0.9037	-5.2733	-0.2019	-4.5407	-4.9097	-6.0980	-3.5004	-2.7069	-6.8467	1.1147	-16.7652
-9.4509	1.0071	-8.3174	-1.1566	-4.3106	-3.3763	-2.0079	-5.7063	0.2295	-7.0408	-0.0428	-21.4825
-9.3007	0.6549	-5.2028	-0.1045	-4.0925	-2.7590	-3.0815	-1.9666	-0.6882	-9.7515	0.5442	-9.5853
-12.5549	0.8692	-5.8121	-1.5821	-7.0090	-1.9397	-1.2654	-5.4342	-2.2204	-9.6497	1.5398	-12.4770
-12.1294	0.4406	-4.5889	-0.5559	-4.0210	-3.3502	-3.0774	-4.4622	-2.0598	-8.2957	0.6784	-8.6825
-9.8001	0.6936	-4.9827	-2.3171	-4.6501	-1.8517	-4.8077	-7.1141	-1.8631	-4.7614	0.3964	-12.0143
-17.2515	0.7437	-5.7221	-1.2862	-4.4808	-4.3188	-2.7610	-2.1475	-1.4223	-3.0115	-1.3505	-10.8052
-7.4697	0.4401	-4.0194	-3.7664	-2.0470	-3.5097	-2.3046	-4.1204	-1.7956	-6.8670	0.1034	-12.9561
-8.4720	-0.0196	-8.7890	-3.2944	-2.7882	-1.2430	-1.2523	-2.1958	-3.4910	-8.3158	-0.1262	-17.7932
-8.0860	0.6358	-5.9482	-2.9832	-4.3722	-2.5347	-2.3796	-3.0735	-0.7225	-7.2291	0.9856	-19.8001
-9.2079	0.8155	-6.6554	-1.9483	-6.8492	-1.1751	-6.0125	-12.6195	-0.7523	-2.2086	0.8905	-6.8378
-7.0503	0.0193	-5.2302	-1.6584	-5.7541	-2.6660	-2.4754	-6.4218	-0.1655	-9.4539	1.0038	-14.8475
-12.3246	0.2689	-5.3883	-1.6430	-2.2547	-3.1821	-1.5146	-2.9307	-3.9122	-5.9812	-0.5827	-12.4233
-15.1650	0.5899	-5.4516	-3.0049	-1.7725	-5.1513	-3.3979	-3.5110	-1.5458	-6.8275	0.6610	-13.9768
-10.1222	-0.7879	-2.9470	-1.0816	-6.0175	-4.2582	-2.2051	-2.5865	-0.8538	-7.8264	-0.9144	-24.3499
-15.5403	1.7282	-11.0671	-1.9545	-6.0814	-4.2534	-2.2392	-2.6052	-1.6765	-6.1521	-0.3359	-9.3507
-17.9283	0.7724	-4.3730	-0.4850	-4.1545	-2.4415	-4.5243	-3.9254	-0.4653	-11.0583	0.1159	-12.4901
-10.2344	-0.0491	-5.4222	-0.2830	-3.6108	-4.8940	-2.3374	-4.6137	-1.2080	-6.8852	0.0576	-13.0567
-10.7757	0.9801	-6.4145	-2.3003	-2.4799	-0.5955	-2.2306	-4.4780	-2.0573	-6.4990	0.2565	-12.9800
-8.0087	0.0698	-8.0387	-2.2615	-4.0507	-1.3272	-1.5824	-3.0732	-0.4850	-10.1901	0.4600	-13.5360
-14.4518	1.5244	-10.0599	-2.6440	-2.3677	-3.9085	-4.3635	-2.3635	-1.2044	-7.2878	2.2574	-11.3628
-8.0062	0.8515	-8.5016	-2.0461	-2.8911	-5.6400	-3.8448	-1.7705	-3.1226	-7.0993	1.2910	-8.6882
-8.3246	0.9029	-5.8053	-1.8337	-3.1435	-4.9996	-2.0206	-3.6183	-1.6144	-5.1512	-0.4781	-7.8816
-14.7394	0.1962	-3.8763	-0.8413	-4.5243	-1.8177	-2.2921	-3.9679	-0.9014	-5.4582	1.3015	-12.1061
-10.1807	1.3685	-5.2872	-0.8666	-5.3271	-1.8814	-3.2188	-2.8417	-2.0605	-7.4259	0.4206	-9.0874
-13.3001	1.5494	-4.7439	-4.9570	-2.8360	-1.1477	-3.4933	-3.2149	-1.8912	-7.4554	0.6124	-9.2560
-7.9216	1.0719	-6.6374	-0.9811	-4.4243	-2.8948	-4.0484	-3.1671	-1.5129	-6.7316	0.6862	-8.3626
-10.7897	-0.2093	-5.2288	-2.8768	-3.4682	-2.6269	-2.2268	-2.3893	-0.5286	-4.3030	0.1348	-14.4950
-7.8735	-0.4424	-6.7512	-2.4894	-1.9950	-2.1644	-1.7976	-2.2936	-1.5523	-4.4138	-0.0037	-7.4826
-12.7228	0.7548	-5.2253	-2.3431	-2.9158	-1.9964	-4.2764	-2.0488	-1.2322	-7.9477	1.8475	-10.4910
-7.9737	0.8630	-4.7039	-1.3354	-7.4605	-1.7312	-2.9757	-4.1074	0.2525	-9.9088	-0.3735	-7.8534
-6.7495	0.4026	-5.2568	-0.7244	-4.7958	-1.9652	-3.6272	-5.9161	-2.1489	-5.4870	0.5254	-16.0887
-9.7295	0.3156	-6.8695	-2.2744	-6.8199	-3.1973	-1.7094	-2.7865	-0.7839	-3.6497	0.4112	-6.0371
-11.0819	0.2527	-5.8898	-2.2178	-4.3003	-2.1246	-3.1157	-7.3089	-2.5032	-6.3774	1.6613	-8.9416
-13.7934	0.5674	-6.7654	-0.0338	-3.1586	-2.4905	-0.5006	-4.3796	-1.4205	-14.9532	-0.0388	-15.9260
-9.8234	-0.3617	-8.5813	-2.5719	-1.0471	-2.2330	-2.5308	-4.6076	-1.6263	-4.3879	-0.0115	-10.2238
-9.0427	-1.0026	-4.4329	0.0993	-4.6765	-2.5173	-1.0639	-4.9230	-1.9372	-5.4992	0.0711	-13.4673
-10.9983	-0.2894	-4.7478	0.3504	-3.7886	-2.4470	-1.5104	-3.3024	-3.1033	-7.9286	-1.4135	-11.1229
-10.4505	1.1760	-4.0002	-3.1063	-5.3393	-2.4785	-1.5878	-4.7391	-1.4007	-10.6545	0.3636	-10.0357
-10.1951	-0.2458	-10.9843	-0.9722	-2.2026	-4.4819	-3.1918	-2.6682	-0.8661	-5.6386	0.9379	-19.2614
-9.4162	1.5091	-7.3405	-1.7764	-6.0098	-5.5401	-4.7405	-3.5040	-1.4700	-5.1439	1.2557	-9.1307
-9.5727	-1.0376	-9.6305	-1.7031	-7.6468	-3.6126	-2.1746	-1.5492	-1.4598	-5.5328	2.2582	-6.2212
-9.7887	-0.0053	-11.1950	-1.1336	-3.0771	-1.5269	-2.8152	-4.3348	-1.6030	-5.8936	1.0083	-9.0838
-8.1569	0.9346	-4.8376	-1.4392	-5.5028	-4.1835	-2.2035	-4.2131	-1.0951	-9.5635	0.8888	-12.2091
-20.9935	-0.5061	-3.7234	-1.6142	-2.0593	-1.8186	-5.0026	-5.0732	-3.2543	-4.3174	0.7487	-13.8333
-7.8796	0.1127	-4.8731	-1.0697	-4.7142	-2.9239	-3.7464	-4.4417	-2.7946	-5.4276	0.6813	-12.5256
-9.5195	0.6054	-5.3829	-1.6539	-2.4533	-3.6094	-4.1152	-3.6069	-2.3828	-6.7193	1.9528	-7.1236
-9.0808	0.6545	-7.8268	-0.0279	-5.8074	-3.2986	-2.4918	-3.9706	-2.3114	-6.6542	-0.3882	-13.0562
-9.4910	1.0971	-9.4915	-1.7927	-3.0889	-3.5831	-4.5324	-5.5515	-0.6729	-4.9999	0.4646	-12.8344
-11.1013	0.3998	-4.1937	-0.5564	-6.4579	-3.0054	-2.8479	-5.4576	-1.1465	-7.3449	2.5132	-10.9050
-6.8869	0.9202	-3.9885	-3.9327	-2.3264	-0.5496	-2.8188	-5.5761	-3.4678	-6.1836	0.9092	-5.3374
-9.8403	-1.6018	-5.8716	0.0056	-6.6614	-4.0243	-4.9085	-3.8604	-0.9307	-11.4427	0.6778	-7.9758
-34.4054	0.6826	-6.2605	-1.6108	-2.3247	-2.9982	-4.7218	-2.9332	-3.7493	-4.5545	0.7312	-12.4711
-7.7068	0.6442	-9.4903	-1.6101	-1.5047	-2.9518	-1.2270	-3.0222	-1.8980	-14.8493	0.0561	-10.8562
-6.9446	1.5862	-4.5160	-1.4984	-2.5249	-1.5385	-8.9408	-8.8526	-2.8849	-12.1444	1.3359	-17.4630
-13.8537	0.7612	-4.8957	-1.1449	-6.7728	-2.2054	-1.6171	-3.9712	-2.0136	-6.3266	-0.5515	-10.2911
-4.7106	0.5435	-14.9164	-2.4081	-4.5583	-3.5022	-3.6008	-4.7132	-0.8160	-10.6343	0.8755	-11.6465
-12.2511	0.6810	-4.6983	-2.8874	-4.3374	-2.8075	-2.6863	-2.1821	-0.7767	-3.7754	0.3740	-10.1610
-12.0206	0.2369	-3.3956	-2.6209	-3.0966	-1.2405	-3.3271	-4.1035	-2.3417	-8.1218	0.5874	-6.4690
-11.0600	1.0301	-3.8419	-1.3566	-7.2609	-1.8823	-1.6927	-2.9268	-0.8391	-6.4257	0.8012	-15.1170
-13.3973	-0.8853	-6.9081	-0.3695	-4.8504	-2.9988	-2.7396	-5.0289	-1.8571	-4.2503	1.3470	-12.2550
-9.9067	1.2247	-9.1454	-1.3658	-4.7783	-3.4113	-3.1775	-1.0982	-0.8116	-11.9393	0.8050	-9.8947
-13.9890	0.6984	-4.2947	-1.3986	-1.6977	-1.6957	-3.5625	-3.8981	-0.1931	-9.7903	-0.4373	-11.7034
-4.8368	1.0151	-3.2259	-0.1863	-4.0769	-7.1995	-5.0939	-6.6933	-1.9369	-9.1800	2.0948	-9.6977
-11.0328	1.9033	-4.9939	-1.5983	-3.0121	-1.0669	0.2618	-7.9184	-2.0455	-7.2716	-2.6626	-15.9950
-10.0752	-0.4235	-6.0473	-0.3734	-5.3363	-3.4787	-3.2607	-3.8326	-1.7461	-4.6584	0.9813	-8.7972
-16.4960	0.6276	-2.9183	-1.9643	-5.8245	-4.7684	-4.5905	-3.3932	-0.1672	-8.6542	0.5477	-8.9945
-11.4033	0.2699	-5.4902	-0.6961	-5.9077	-5.0848	-2.6383	-7.1232	-2.1493	-3.4328	1.8760	-11.2205
-11.2818	0.9569	-6.7519	-3.3800	-7.7848	-4.2443	-1.9605	-5.6425	-0.9454	-6.9404	1.4113	-16.8446
-17.0673	-0.0057	-5.1109	-0.6881	-5.2080	-1.6556	-1.4966	-3.0284	-2.1025	-7.2710	-1.3045	-19.5231
-9.4245	1.8659	-6.7367	-1.9896	-7.5235	-2.7800	-4.4967	-3.7323	-1.0749	-8.7918	1.3558	-9.4355
-10.3667	1.1220	-6.6478	-1.7409	-2.3874	-3.5087	-5.8612	-2.5227	-0.1671	-9.2200	0.6849	-10.6274
-8.8747	0.8086	-7.3295	-1.4882	-1.9448	-3.3630	-3.9376	-5.8974	-0.8774	-5.9817	-0.7285	-10.1342
-8.7504	-0.1033	-5.0724	-0.0996	-7.5307	-1.4306	-4.8598	-3.9355	-0.7128	-9.2114	1.1302	-13.5157
-8.3268	0.5493	-6.5800	-2.1913	-2.8356	-3.6569	-2.9379	-5.2041	-2.1049	-7.9661	0.8224	-10.3464
-13.4469	-0.0267	-4.6677	-0.8808	-6.5919	-2.9252	-3.1164	-5.2450	-3.6719	-7.3539	1.9639	-8.8710
-11.2391	-0.7055	-6.6576	-1.8219	-4.7612	-2.3148	-4.3932	-4.7105	-1.6172	-11.1482	0.8177	-9.0507
-11.3431	0.1669	-7.4625	-3.2787	-2.2660	-2.5272	-3.3460	-3.2136	-0.9361	-4.8794	-0.7150	-14.5252
-9.6945	-0.1584	-5.8910	-1.9232	-3.8859	-3.8417	-2.5272	-4.4539	-1.0632	-9.3138	-0.3278	-19.3914
-7.0527	-0.2194	-6.2884	-2.1894	-4.7099	-2.1131	-2.7248	-6.3541	-0.2318	-2.8145	0.0617	-7.0543
-9.3824	0.2667	-4.5719	-4.2581	-5.6629	-2.5793	-2.1723	-5.5810	-0.8310	-4.3508	-0.5855	-10.0645
-13.0381	-0.4211	-6.7851	-1.2280	-4.6207	-2.1964	-1.6645	-3.7242	-3.3110	-14.8297	0.0491	-6.5514
-9.6996	-1.4682	-5.5622	-0.3414	-2.9397	-2.9311	-2.3306	-3.5100	-4.3425	-7.9864	-0.5142	-8.4761
-12.8627	0.4464	-4.5661	-2.0843	-2.1447	-1.5123	-2.7960	-5.1696	-1.8521	-4.2511	1.4486	-7.1260
-10.1322	0.6654	-4.4274	-1.3090	-3.4460	-3.5304	-2.0326	-4.1977	-1.8748	-8.0765	0.1900	-12.3412
-8.9849	1.2812	-5.6180	-1.1423	-3.4516	-3.4304	-3.1842	-2.8235	-1.0973	-6.6696	-0.6837	-9.0279
-8.2012	1.4437	-6.3007	-1.9939	-4.5565	-1.9986	-2.1809	-5.1577	-2.3969	-6.6770	0.2987	-15.1668
-11.7016	0.2978	-3.8310	-0.7735	-5.2505	-2.6069	-4.0080	-6.1597	-3.9755	-9.1261	1.8536	-6.2538
-9.1160	-0.4996	-9.3629	-0.8372	-6.7961	-3.2897	-3.3471	-4.1211	-1.5504	-8.9896	1.1369	-9.1463
-9.2680	1.1538	-5.5353	-1.5296	-3.0083	-7.2094	-1.6212	-4.0460	-1.1676	-7.9308	-0.0720	-11.0894
-13.6103	0.9856	-8.1559	-0.6634	-3.8675	-1.8398	-2.1330	-5.2793	-1.6442	-5.2492	-0.1320	-7.8798
-11.2476	0.7672	-4.7249	-2.2639	-3.8735	-2.7398	-3.6975	-5.4729	-1.9775	-6.4330	1.2921	-9.7674
-16.3632	0.5138	-4.1566	-3.5052	-6.3392	-5.2710	-2.2756	-0.9961	-2.6749	-5.3282	0.9132	-11.1064
-14.5850	0.7266	-4.8899	-1.4673	-3.1490	-1.9297	-2.8806	-6.9739	-1.7494	-5.7944	0.9894	-12.0407
-11.8694	0.6215	-9.6868	-2.3005	-3.3720	-2.4789	-0.8468	-3.4418	-0.7983	-5.5502	0.0427	-11.7605
-14.5362	-1.0381	-5.6977	-0.9926	-3.8707	-6.3292	-2.7777	-2.7358	-1.4611	-9.1953	1.2199	-11.9736
-8.6908	-0.1545	-3.4209	-1.6841	-4.1154	-1.3083	-5.1145	-4.3182	-1.2130	-3.5002	-0.2057	-10.2487
-11.8146	1.0007	-3.6731	-1.9793	-5.9898	-4.2985	-3.6539	-4.0003	-2.9585	-8.2387	0.1123	-11.7765
-11.9006	-0.5611	-7.6780	0.4276	-4.1701	-6.3531	-3.9625	-9.4135	0.4787	-4.4154	-0.0008	-19.1865
-8.7698	1.3901	-8.0122	-3.4512	-3.3401	-3.7936	-3.5470	-9.5336	-2.0741	-6.4434	1.8717	-9.9449
-16.3667	-0.0213	-5.0760	-1.2370	-3.4512	-2.0348	-2.3742	-3.6705	-0.7918	-5.2293	0.0029	-14.3436
-9.3127	0.9631	-4.0180	-1.9273	-8.1011	-5.2371	-1.6106	-5.7776	1.1217	-5.1454	-0.4837	-10.3212
-6.2365	1.0953	-5.2035	-2.5759	-0.8165	-3.9732	-3.9863	-2.1387	-1.5249	-5.9913	-1.0093	-12.4679
-7.9088	0.0807	-5.1424	-0.8729	-3.1405	-4.2289	-3.9853	-5.1125	-1.9015	-4.4933	-0.3636	-15.1752
-13.8397	0.7149	-5.1229	-4.6021	-2.8879	-3.9422	-3.3684	-0.9118	-3.8311	-5.0981	1.9438	-8.8808
-10.0966	-0.3175	-6.3217	-0.6210	-4.0653	-2.6680	-3.2200	-6.0098	-0.1771	-6.2544	0.5917	-10.4455
-13.6621	-0.7095	-4.7961	-2.3133	-3.5156	-1.6945	-4.8940	-7.5609	-2.9087	-7.5690	1.7262	-8.0964
-8.5176	1.0660	-6.9037	-1.1017	-3.2717	-4.3582	-3.2741	-2.0992	-2.3480	-10.6948	-0.1927	-12.3225
-7.4195	1.0232	-3.1615	0.1293	-2.9328	-1.7301	-3.1193	-5.3940	-4.2100	-5.1025	-0.1698	-10.0880
-18.6976	0.6424	-8.7803	-0.7536	-4.3836	-3.2473	-1.5878	-4.3665	-2.9853	-6.2202	1.7518	-10.3783
-6.6368	0.9170	-4.7846	-1.0222	-5.8818	-3.5983	-3.3241	-5.7448	-1.6643	-3.1657	-1.0013	-11.8572
-13.1854	0.2939	-3.5821	-1.3659	-6.8872	-2.9807	-3.1216	-4.3658	-0.5248	-4.2084	-0.9193	-11.5047
-11.3865	0.4273	-7.0076	-2.2186	-6.3747	-1.3186	-2.7765	-4.5683	-2.6005	-6.2306	0.3723	-9.2775
-12.6851	0.1017	-4.3394	-0.6296	-2.9764	-1.8161	-2.5602	-4.4679	-1.8809	-5.7142	-0.5971	-8.9058
-9.0931	0.0730	-4.6569	-2.9023	-2.8318	-2.1664	-5.0470	-3.7784	-1.7644	-2.6381	0.7019	-9.7067
-15.9225	-0.0662	-5.2471	-1.0336	-4.0895	-1.8719	-3.3905	-5.9075	-1.9065	-5.0499	-0.4027	-10.1707
-12.4191	0.3950	-7.6464	-0.3983	-7.5511	-3.5306	-1.7645	-4.5653	-0.3370	-8.1832	0.5679	-14.3201
-8.9810	1.1033	-6.6565	-0.6953	-2.4495	-3.5646	-2.2244	-5.7547	-1.3867	-5.5628	1.1102	-10.1992
-12.5389	0.4244	-7.3994	-0.1958	-3.8579	-0.0636	-2.3232	-3.9391	-1.5431	-6.6829	0.2863	-10.6158
-7.5589	1.5176	-4.8490	-0.9621	-4.0385	-4.9989	-1.7949	-10.0285	-1.2892	-10.9135	-0.4546	-11.9004
-7.1459	0.5297	-10.9152	-1.6113	-5.2084	-3.0233	-3.2250	-4.3127	-2.2601	-5.4836	1.3943	-6.0485
-11.8822	-1.1189	-6.0673	-2.4706	-4.3599	-0.6020	-2.9368	-2.0126	-2.3361	-7.3568	0.6170	-7.0007
-15.3923	0.7764	-7.1912	-0.6890	-3.6884	-2.2651	-3.6665	-5.7375	-0.0521	-6.0252	0.7261	-20.8015
-13.2939	-1.5360	-5.5970	-0.8222	-3.1184	-1.6537	-0.8315	-3.4379	-0.3108	-5.3765	-0.3551	-12.5649
-11.4461	0.7674	-5.2352	-2.9067	-3.6030	-2.6825	-1.4219	-2.6529	-5.2266	-5.3035	1.3104	-10.3188
-9.8576	-2.3607	-8.9540	-0.6653	-3.9943	-0.6927	-2.7145	-4.6567	-1.2522	-4.9817	-0.7781	-12.1806
-10.5291	-0.1439	-6.0604	-1.9646	-4.1772	-2.3248	-2.0938	-3.9911	-1.9150	-8.0168	0.6413	-10.7179
-9.4960	1.2218	-6.1040	-2.7280	-5.3095	-1.1544	-5.2050	-2.7636	-2.7805	-7.7387	1.2557	-10.2357
-19.9582	-0.1494	-6.3663	-1.1648	-5.0679	-4.0208	-0.6631	-3.6198	-2.6127	-7.4461	0.5929	-14.4278
-15.0623	0.3681	-8.6855	-1.5946	-4.1927	-2.9675	-2.4732	-3.5645	-2.7863	-6.6217	2.0630	-10.5125
-8.7272	0.7075	-8.6092	-0.4866	-2.6257	-3.1451	-2.1683	-6.0083	-2.9819	-4.5427	0.4461	-13.4332
-13.9884	0.3472	-9.9635	0.1798	-5.9364	-3.4309	-0.6491	-4.7741	-2.5300	-5.8860	-0.1855	-9.4471
-15.0257	-0.2999	-5.3518	-1.7467	-6.6705	-3.4851	-2.9791	-2.5667	-1.7713	-6.3113	0.9164	-9.6154
-22.3698	-0.6378	-6.6792	-0.8789	-6.6372	-6.3862	-3.0362	-2.9509	-0.9407	-6.1078	-1.1490	-7.6900
-10.2193	-0.2881	-9.3681	-2.7680	-4.1341	-2.8141	-2.8317	-3.9118	-1.1459	-2.9486	0.0753	-10.6458
-8.5144	-0.9310	-4.4811	-0.0915	-5.5370	-2.2341	-5.2668	-3.5255	0.1112	-4.7236	1.8791	-10.1300
-9.2879	-0.0467	-4.7213	-0.0783	-3.5765	-2.0072	-1.9403	-3.8077	0.7964	-5.4717	-1.5839	-18.4839
-14.3901	0.5252	-4.4580	-0.7406	-3.4930	-2.7262	-3.0701	-5.9304	-1.1241	-8.4065	0.1925	-7.1742
-16.9725	1.4013	-9.2323	-1.1857	-1.1279	-5.0522	-3.4860	-3.5180	-0.6970	-11.2397	0.7345	-5.6769
-10.1239	0.2552	-4.7953	-1.8859	-4.4485	-2.5921	-4.7843	-5.8732	-2.5264	-10.0900	0.6426	-11.7778
-14.9380	0.1915	-5.9402	-2.7735	-6.0119	-2.1428	-1.6870	-3.7387	-2.9213	-5.1793	1.5076	-13.7964
-16.8312	1.1537	-5.3526	-2.4713	-3.9092	-5.1900	-1.7409	-2.7147	-1.6935	-5.9769	1.1417	-8.5773
-7.6765	1.1949	-7.7501	-3.4472	-3.1012	-5.2044	-2.4977	-2.8602	-2.1595	-6.4702	0.7430	-14.1664
-10.4826	0.5275	-3.3934	-1.2055	-5.0566	-2.5273	-4.3854	-4.1014	-2.4663	-5.8480	0.1120	-12.5999
-10.5946	0.0286	-5.7236	-1.7319	-4.0512	-4.1247	-2.4910	-0.9655	-3.7541	-6.1772	1.0050	-15.7186
-7.1688	0.2833	-8.0255	-3.1120	-1.7470	-0.9303	-5.7612	-4.8877	-0.5104	-7.2247	0.9053	-9.4543
-11.5554	1.1623	-6.7679	-2.2213	-6.8758	-1.6756	-4.1989	-3.5980	-1.4447	-5.8265	0.6220	-9.9695
-10.2719	0.4696	-5.5946	-1.1347	-6.2339	-3.4064	-1.0806	-5.0776	-0.5260	-6.1030	0.0325	-7.8453
-17.1151	1.9385	-5.0601	-5.4175	-4.0198	-4.8003	-1.8772	-7.6023	-1.2927	-4.4307	-0.1898	-14.3815
-7.9693	1.5922	-9.2960	-1.8365	-3.7571	-4.5607	-1.9430	-4.9485	-0.4707	-5.2818	0.4283	-8.5161
-8.0976	1.6634	-5.7111	-1.9458	-4.4592	-4.5380	-1.9056	-3.6457	-3.0651	-6.0723	1.7127	-8.0933
-7.4795	0.5889	-8.0284	-3.4163	-4.6654	-3.4373	-2.2718	-5.8541	-3.3647	-10.6246	1.3918	-10.1929
-7.4287	0.9720	-8.3218	-1.6710	-5.0109	-3.0379	-3.4745	-3.4886	-3.2350	-5.6833	1.5253	-14.8575
-8.6778	1.3500	-5.4288	-0.2169	-5.6922	-4.3298	-4.5025	-4.9235	-0.4930	-7.9523	-0.8577	-10.0354
-10.0100	0.2506	-11.0247	-0.0575	-3.6802	-1.6890	-3.7778	-5.5766	-3.9622	-5.5146	1.5199	-16.1804
-9.5805	0.5699	-5.3068	-1.7454	-9.5377	-3.1456	-4.6805	-4.2299	-1.6181	-3.6797	1.4385	-7.4892
-11.4113	0.2582	-5.2241	-1.8090	-2.1131	-1.7019	-3.1733	-3.3741	-1.1516	-7.8155	0.2354	-9.2098
-11.5356	-0.3386	-4.6137	-2.3611	-2.9831	-1.6481	-4.0733	-4.6395	-3.7269	-3.4499	1.2002	-10.7526
-33.9152	0.6948	-4.1460	-2.9046	-4.6223	-3.6642	-1.6051	-5.7953	-1.7936	-6.0580	-0.6476	-13.0696
-7.8883	-0.2605	-6.3862	-1.4501	-3.7228	-1.0650	-2.4844	-4.0368	-1.3261	-4.0228	1.4578	-14.3895
-15.7089	-0.4483	-8.4991	-0.6476	-3.8561	-3.9356	-2.3087	-2.9463	-0.7630	-4.6529	0.2313	-13.7838
-10.0894	0.2487	-3.5968	-2.3672	-5.1028	-3.6205	-1.7525	-5.2418	-1.2325	-5.1460	-0.4191	-9.5140
-11.1297	1.6373	-4.8659	-0.4832	-4.3899	-3.9759	-3.2437	-4.4972	0.0285	-11.7967	0.3131	-7.1840
-10.4032	1.6978	-6.4518	-1.3697	-4.6346	-2.5018	-4.9250	-2.9524	-2.6534	-7.8947	-0.4625	-13.4371
-9.4256	1.6711	-3.2906	-1.6802	-4.6852	-3.7754	-2.2750	-6.1176	-2.1151	-6.2420	0.6948	-8.4537
-10.7114	0.2308	-6.9257	-2.0835	-3.4429	-1.2342	-2.5451	-3.3590	-2.2430	-3.3542	0.3638	-11.9177
-10.9217	1.3623	-9.5287	-3.0535	-2.3992	-2.2456	-4.1919	-5.7910	-1.4915	-3.5553	0.3643	-9.0694
-12.1224	1.1810	-8.1633	-3.5076	-4.8649	-3.4813	-5.2609	-3.2840	-2.2868	-5.1271	1.7076	-7.7828
-12.8514	-0.1196	-4.2166	-2.1217	-2.0406	-2.0862	-3.9607	-4.0538	-3.5954	-9.4161	0.2840	-10.8119
-11.4282	1.2018	-8.5797	-3.0691	-4.3769	-5.6575	-1.7065	-2.5102	-2.1635	-8.2508	1.7640	-11.2533
-5.0003	1.1482	-11.6778	-1.6662	-3.3803	-3.7202	-3.4011	-3.5550	-1.6388	-4.9666	-0.8368	-12.4580
-12.0903	0.6007	-6.0185	-1.3988	-5.8222	-2.8204	-1.3896	-2.6211	-3.6229	-6.8771	0.0968	-11.4529
-9.9347	1.5553	-7.4513	-1.6628	-5.5141	-3.7634	-2.7368	-4.6259	-1.4009	-6.8975	-0.1235	-18.8487
-11.8724	0.5502	-2.7482	-0.2583	-7.3090	-1.6711	-1.4184	-3.7538	-2.9966	-5.6610	0.8803	-9.4902
-8.3204	1.0359	-6.4008	-1.2844	-3.6656	-1.5985	-4.0687	-5.5124	-0.6162	-3.7267	0.2435	-25.1149
-8.0080	1.3369	-7.3891	-2.2307	-6.0315	-1.3276	-2.6328	-4.0251	-0.3808	-5.7641	0.1057	-18.5124
-22.7550	-0.0005	-6.7637	-0.3531	-3.9294	-2.7538	-1.3999	-1.9536	-1.8714	-7.4720	-0.1811	-12.5460
-17.7455	0.4690	-4.7464	-0.7058	-3.8296	-3.9164	-2.2066	-3.4665	-1.9994	-5.9788	-0.7528	-12.9380
-9.6549	0.6541	-8.2829	-1.9617	-4.6306	-1.1531	-0.8038	-7.8569	-1.9535	-4.6869	-0.7182	-10.2049
-25.2428	0.4301	-7.1559	-1.8850	-3.6478	-2.7975	-2.3462	-6.3829	-0.3174	-6.0882	0.9834	-8.1356
-18.5038	-1.0000	-6.3874	-3.3099	-1.9864	-1.9198	-5.2562	-2.4344	-2.6189	-7.5724	2.0936	-8.0440
-15.3774	0.2208	-4.7578	-0.4742	-3.4861	-1.5875	-3.5802	-4.7618	-0.5989	-6.9928	0.2345	-13.1208
-14.1329	0.7904	-3.3378	-0.3724	-4.3561	-3.5742	-4.3967	-1.5230	-0.6496	-8.3411	-0.1056	-12.8508
-11.9346	0.8713	-8.8459	-1.0333	-2.0788	-3.6562	-4.3851	-5.4846	-1.5716	-11.0188	1.6792	-9.2696
-19.6006	-0.2646	-7.8543	-2.3953	-4.6788	-3.8902	-3.8806	-4.4976	-2.4631	-3.4924	2.5768	-8.7248
-10.7427	0.5573	-7.9389	-4.6639	-6.6944	-4.3355	-3.5412	-3.9773	-0.1498	-2.8944	0.7432	-9.5323
-10.0951	0.1557	-7.4315	-1.9956	-2.5805	-4.6396	-2.1187	-4.5856	-0.5323	-5.3961	-0.5085	-13.8105
-7.8230	-0.5846	-3.1954	-1.1265	-5.0989	-3.0847	-1.9975	-6.0780	-2.0762	-5.7554	0.3497	-33.2070
-12.2539	0.0056	-6.7726	-1.6258	-3.6912	-1.8452	-2.1042	-2.7956	-1.2328	-3.5698	0.6198	-6.8380
-18.4557	1.5128	-12.4945	-1.1891	-3.9706	-3.2943	-3.4654	-4.0569	-1.4940	-6.4498	1.6452	-10.1080
-9.5102	0.4658	-7.0813	-2.1684	-1.6983	-3.8060	-2.6311	-4.4504	-2.1005	-5.0515	-0.3584	-13.0079
-14.1017	0.7868	-7.3860	-0.2112	-3.8688	-1.4362	-1.9250	-2.7823	-2.0756	-7.8571	0.1845	-7.6355
-10.9957	1.5893	-6.5200	-0.5347	-5.1528	-2.5583	-3.3825	-6.6915	-0.0074	-4.7785	0.0803	-14.3753
-8.8702	1.0244	-6.3819	-0.1284	-4.5196	-5.7654	-2.7070	-3.6439	-3.8959	-7.4173	1.4964	-6.3101
-11.0939	-0.8590	-5.7796	-2.3720	-3.3437	-1.7065	-2.6786	-4.3281	-2.9459	-5.5440	1.1704	-6.3856
-13.4435	1.2264	-7.7055	-0.8916	-2.4100	-1.3365	-3.8541	-5.6996	-1.3105	-5.7090	0.1152	-16.7455
-12.4986	0.3878	-5.7918	-1.3368	-2.9305	-3.6999	-4.2748	-4.9616	-0.9983	-7.1617	0.7742	-12.9490
-13.3566	-0.3277	-9.4917	-3.3341	-2.5949	-2.5392	-3.0266	-0.6119	-1.8337	-9.7642	1.5821	-9.4134
-15.6070	-0.9911	-5.3206	-0.8077	-1.9166	-2.5675	-5.8119	-3.0994	-1.2054	-8.0192	-0.1182	-7.4561
-10.1907	0.8169	-8.5704	-0.7659	-2.1649	-1.6631	-2.3525	-5.3433	-2.2262	-6.3935	-0.3875	-12.3112
-11.0867	-0.1299	-5.8069	-2.4834	-5.1327	-4.8120	-3.8391	-5.0463	-1.0190	-5.5013	1.7707	-10.5386
-10.4370	0.6657	-7.4043	-1.9026	-4.1221	-3.4634	-4.4471	-3.4204	-4.0829	-4.9058	0.6089	-10.5566
-6.4929	1.1797	-10.1868	-0.5038	-4.1136	-2.7415	-3.4848	-4.8066	-1.3277	-8.2998	0.3281	-21.3730
-9.4021	0.7784	-8.4023	-4.4576	-2.1269	-2.5670	-1.7132	-4.1830	-2.4662	-4.5419	0.4836	-21.0546
-10.7896	0.3092	-7.4391	-1.1486	-2.6477	-1.5883	-1.7519	-4.9494	-0.9744	-5.8378	1.0442	-12.4858
-16.7616	1.4480	-5.0650	-0.6830	-3.7657	-3.7820	-2.2183	-4.7047	-2.9716	-4.9804	1.8081	-6.6968
-9.5029	1.2928	-6.3399	-4.4895	-6.5795	-3.3127	-3.6068	-4.7424	-2.1742	-8.9284	1.3287	-10.4048
-18.0052	1.2787	-7.8966	-1.0164	-5.0887	-2.1124	-1.9400	-3.7620	-0.7194	-12.4379	0.5033	-8.2018
-6.7170	-0.6575	-5.3357	-0.3356	-4.1088	-3.8435	-2.1857	-4.5139	-1.0432	-6.0945	-1.0341	-7.8910
-6.9509	0.3434	-8.6100	-1.8159	-3.8160	-2.8385	-3.6811	-3.8265	-1.0393	-5.4857	0.8542	-6.3124
-11.6969	1.4934	-6.1363	-2.2666	-3.5033	-3.8760	-0.4731	-4.7106	-1.2873	-12.4246	0.4248	-9.8306
-16.9591	0.9603	-3.6039	-1.5555	-2.3027	-1.9057	-2.5311	-4.0404	-1.4488	-6.2622	0.4284	-14.5070
-9.4540	-0.3383	-3.1463	-0.0531	-5.0677	-4.3732	-4.8170	-4.6075	-1.2695	-6.2886	1.0051	-8.3068
-9.4245	1.0856	-8.1669	-1.3982	-1.5819	-3.2783	-6.2272	-4.4852	-3.3256	-11.4213	1.2778	-10.9416
-17.5879	-0.0343	-5.5165	-1.8384	-3.7128	-1.9354	-2.6163	-3.9264	-2.0530	-7.9158	0.7263	-10.4618
-9.8037	0.4796	-7.2659	-1.0561	-6.8585	-5.3862	-2.9039	-3.5856	-0.0853	-4.3024	0.3239	-9.8181
-10.3656	1.1816	-6.7104	-1.5809	-5.1418	-3.9645	-1.6194	-3.4619	-2.5015	-7.0753	0.5843	-15.1084
-10.8188	0.3589	-6.4228	-2.0531	-4.2430	-4.4058	-1.3863	-4.8638	-0.3105	-6.9456	-1.0294	-12.0446
-13.8995	-0.3067	-7.2662	-1.2557	-2.4613	-1.3722	-5.9313	-4.5325	-0.0201	-4.3473	0.5035	-7.3433
-15.5704	0.2883	-4.7482	-0.9719	-5.8108	-6.2781	-3.5049	-4.8652	-1.1961	-7.2938	0.4833	-8.4885
-13.5313	-0.4085	-5.9783	-3.0144	-5.3207	-3.1500	-3.0828	-4.5216	-0.8028	-5.0001	-0.5541	-7.6584
-11.6300	0.0291	-4.6814	-1.4102	-5.5201	-3.4602	-1.6684	-5.7626	-2.9763	-6.2839	0.3354	-12.0501
-8.6437	0.3067	-5.1346	-0.0383	-3.2847	-0.3437	-2.4388	-3.2863	-0.1527	-8.8729	0.3711	-12.9244
-7.2531	1.4149	-6.2189	-4.5224	-5.0486	-4.0730	-2.4362	-3.3521	-4.3760	-9.2897	0.8945	-9.4398
-11.7600	-0.0061	-8.9552	-0.8435	-2.8782	-3.2340	-3.4017	-4.2640	-0.0252	-6.7836	-0.7033	-6.3097
-10.7579	-2.3181	-6.0502	-0.7669	-8.5449	-1.8347	-2.6985	-3.8691	-1.4794	-4.9773	0.8881	-10.3772
-10.0324	1.6570	-6.2585	-1.9914	-5.0040	-3.8975	-2.3081	-4.4636	-1.6842	-9.6907	0.8357	-17.0326
-8.8548	0.3422	-4.6120	-1.4718	-5.0737	-2.0790	-1.7487	-3.4462	-1.6212	-6.6515	-0.2792	-12.1438
-9.3387	0.4189	-6.5402	-0.7188	-4.9082	-2.8770	-2.6588	-4.8241	0.6153	-8.3147	-0.7817	-17.2293
-6.8209	1.1755	-8.0967	-2.4047	-5.8699	-3.4919	-3.9605	-3.8762	-1.8103	-6.2304	1.9175	-6.7879
-13.4343	1.5824	-6.9024	-1.2306	-5.3940	-3.2195	-2.3365	-4.6665	-0.6351	-7.7216	0.8481	-12.0022
-16.4499	0.3850	-4.2308	-1.3081	-4.5190	-4.3082	-3.6965	-8.2308	-2.4997	-6.0975	1.2495	-5.9094
-8.6901	1.0830	-5.0126	-1.2497	-3.7839	-3.0690	-2.9129	-5.5521	-2.3253	-4.2398	0.8425	-7.5355
-12.6608	1.2602	-6.4163	-1.4952	-6.2842	-3.2862	-2.1024	-5.1738	0.5941	-4.7229	-0.2158	-14.2607
-12.5164	1.2575	-9.1248	0.9943	-3.6731	-2.9013	-5.0716	-7.8474	-0.6481	-8.9089	1.5901	-20.2853
-10.0419	1.1965	-4.6853	-1.2932	-2.8455	-3.3445	-1.3428	-2.3603	-0.8216	-2.7146	0.4130	-7.2214
-7.4910	1.4805	-4.5357	-2.2627	-3.7021	-3.1355	-3.2163	-3.8533	-4.7926	-4.8861	0.7632	-16.3115
-6.5276	1.7098	-5.3683	-3.1968	-3.7253	-5.1437	-3.0862	-3.7273	-2.1739	-7.4139	0.7208	-14.0175
-14.3013	-0.2436	-5.2420	-2.6091	-2.0269	-1.0976	-3.3373	-4.6341	-4.7683	-9.8511	0.7970	-8.3595
-11.4847	-0.2740	-5.5684	-2.6746	-4.9851	-0.6734	-3.9004	-4.9546	-1.9492	-9.5153	1.3612	-12.8559
-9.6030	-0.3273	-4.5712	-1.5516	-4.9109	-2.7923	-2.4055	-4.3820	-1.4074	-4.1814	0.3199	-11.1677
-14.8972	0.7524	-3.9073	-0.8826	-2.8583	-2.8735	-3.1602	-4.2758	-3.9013	-7.9393	0.5057	-12.6932
-8.3762	0.2485	-6.8513	-1.4189	-2.8739	-2.7960	-2.0947	-5.0034	-5.3658	-5.6750	0.1688	-14.3752
-12.2876	-0.7351	-4.2521	-1.4989	-2.7362	-2.2135	-3.0523	-5.0384	-3.9280	-7.3169	0.4263	-10.9009
-22.8954	-1.2594	-5.4875	0.4689	-5.1553	-3.6105	-3.1259	-5.8267	-0.7330	-3.8791	-0.3938	-8.9703
-11.2933	-1.2268	-5.6613	-0.7981	-3.7444	-2.7792	-1.8844	-3.0605	-2.3348	-9.8206	0.5283	-10.7179
-17.3943	0.5766	-6.4638	-2.5049	-1.7585	-2.7079	-3.9272	-1.4987	-1.1426	-4.0566	-0.2607	-14.0565
-16.8106	1.1593	-7.3494	-1.6606	-5.9675	-2.6682	-2.0975	-3.9323	-2.7357	-5.6980	1.7651	-20.6881
-8.8017	-0.1364	-7.7045	-4.2461	-3.1730	-2.1048	-2.1062	-3.7230	-2.2038	-3.5458	0.0892	-9.5069
-6.2693	0.7929	-6.7585	-1.8258	-2.7483	-1.6867	-2.2510	-4.6071	0.4478	-4.3123	-1.4871	-15.3102
-8.7314	0.3194	-6.1046	-1.9616	-1.9391	-5.0923	-2.1136	-3.0853	-2.0554	-5.7890	0.0876	-11.0750
-11.9658	1.2876	-8.3496	-3.0705	-3.9604	-4.4092	-1.2565	-4.8167	-3.4621	-8.4825	1.6018	-14.2387
-8.8678	-0.1341	-6.9280	-1.6371	-5.6125	-1.9600	-3.3960	-2.2989	-0.4902	-4.3304	0.2316	-11.2293
-14.9541	-0.1024	-6.5969	-1.4828	-3.8104	-3.0153	-3.0744	-8.6083	-1.1942	-4.6651	0.2766	-8.6516
-9.7744	-0.8932	-5.5492	-1.5571	-5.8793	-5.4146	-3.8362	-2.2232	-1.0469	-4.5296	-0.8905	-12.0982
-14.7571	0.8636	-4.4071	-1.1714	-3.0434	-3.8713	-2.1195	-5.4366	-0.6704	-4.5152	1.0443	-15.1054
-13.0321	1.3195	-5.2593	-5.1121	-3.2802	-3.3733	-4.9669	-3.0921	-2.6453	-4.8220	0.8952	-15.1539
-7.7940	1.3508	-13.5016	-1.0871	-5.9920	-4.0044	-1.7226	-5.0406	0.0467	-5.1592	0.0957	-9.8399
-10.3337	0.9530	-7.0035	-2.3616	-5.7789	-2.2124	-2.8189	-5.1947	0.1559	-10.8356	-0.0063	-7.5117
-7.4386	-0.1256	-4.4468	-0.4868	-6.5234	-1.6861	-4.0403	-3.3646	-0.7536	-6.0828	-0.7511	-10.3399
-8.7860	0.6940	-4.9355	-0.4744	-6.5569	-3.2111	-4.2542	-2.8107	-0.9363	-5.9791	1.9690	-22.7514
-16.7930	0.5160	-10.2938	-0.1627	-6.2857	-3.1057	-3.6963	-3.6102	-1.3363	-8.5693	1.7164	-16.4485
-8.4298	0.2554	-6.1095	-1.2700	-6.2869	-2.5480	-1.0347	-5.7831	-2.1880	-5.6177	0.0129	-18.0188
-12.3453	-1.0002	-3.7991	-0.9530	-5.3712	-1.8924	-3.4779	-5.0600	-1.2164	-4.8232	0.4496	-13.0328
-15.6770	1.9957	-7.1765	-1.4091	-4.8140	-5.5802	-4.2758	-3.8544	-2.4465	-3.4407	1.5225	-9.6183
-9.8672	-0.5336	-5.4551	0.1821	-8.6307	-2.1365	-2.0650	-4.7383	-2.1464	-7.7906	0.8007	-7.7492
-8.8070	1.8423	-8.9877	-4.2179	-2.3076	-2.6714	-1.7570	-5.3172	-0.8259	-5.5322	-0.0511	-11.5097
-10.1153	1.1942	-4.3418	-1.5512	-0.7788	-2.7465	-2.6138	-5.5596	-3.2903	-9.5155	1.2365	-14.3818
-26.4304	1.6663	-4.5395	-2.5994	-2.6424	-0.9945	-2.5833	-3.7321	-6.4953	-6.3457	1.5317	-7.9932
-17.2958	0.9926	-2.9712	-1.5704	-6.6685	-1.6870	-1.1628	-3.4371	-3.5447	-3.9289	-0.2313	-9.3637
-10.6709	0.6714	-5.8831	-0.6338	-5.6843	-3.5941	-1.5203	-4.7464	-1.2697	-2.8078	0.5116	-11.7991
-16.7149	1.0312	-6.7586	-2.7047	-4.9931	-3.0454	-3.3275	-2.8312	-1.8661	-5.5109	0.2369	-7.7758
-9.5487	-0.2479	-4.0240	0.1332	-5.0122	-5.0535	-3.9166	-2.4197	-1.2203	-3.2896	0.7674	-9.4344
-11.5055	1.0655	-11.1939	-1.8161	-2.4147	-2.7235	-0.0553	-2.1379	-2.2884	-5.5757	0.1710	-13.9563
-30.4784	0.7351	-10.0786	-1.4679	-5.3880	-2.0786	-4.9622	-5.5739	-1.1801	-6.8879	-0.0627	-12.6121
-8.9285	0.3291	-9.3780	-2.6138	-2.6510	-2.4898	-2.6159	-2.6610	-0.9088	-9.1619	0.6898	-13.3263
-11.7150	0.4838	-8.0646	-1.6916	-3.6574	-3.0991	-3.3777	-6.9746	0.0505	-8.3820	1.2314	-15.0767
-14.0818	0.8403	-6.2956	-1.8812	-9.1696	-3.2175	-3.8504	-2.2778	-0.6260	-2.9516	0.3079	-10.7190
-13.7603	0.3907	-9.9882	-3.4177	-2.7700	-2.8799	-1.0586	-3.6193	-1.5051	-6.1666	-0.8717	-22.1029
-9.0001	0.3962	-5.0958	-1.2323	-5.1008	-5.6152	-2.4184	-4.0791	0.1075	-6.0934	0.5538	-7.1425
-5.3111	1.3288	-5.7908	-1.2064	-5.3407	-4.5262	-5.1308	-4.9470	-0.9834	-5.7967	0.1058	-15.4013
-13.9631	0.2577	-8.6263	-1.5713	-6.7693	-4.4526	-2.6336	-6.7281	0.3814	-4.8616	0.2362	-9.9935
-19.5222	1.1558	-7.4445	-2.2069	-4.5302	-2.7548	-0.9225	-5.3256	-2.3316	-6.1519	-0.7073	-12.6318
-12.8637	0.6949	-6.8640	-1.1365	-3.7027	-2.8896	-5.1907	-6.9134	-0.8277	-5.3590	1.3253	-14.8781
-9.4890	1.2960	-4.8062	0.4818	-3.9567	-3.4566	-3.2181	-4.5758	-2.0835	-4.7046	-0.3117	-11.2543
-13.3045	-2.5360	-6.5893	-1.8106	-1.7872	-2.2212	-2.6686	-3.5705	-1.4539	-5.3898	0.6796	-23.7496
-10.1301	-0.0645	-6.1501	-3.0120	-1.5341	-2.9649	-6.7038	-3.8865	-0.0990	-8.9134	1.1959	-12.4963
-14.8944	0.5227	-4.1159	-2.5634	-3.4676	-1.7031	-1.7673	-3.5157	-4.1713	-7.7089	0.5266	-9.6063
-11.6897	0.0620	-4.7794	-1.2175	-3.5418	-3.6195	-2.7534	-4.1576	0.0512	-3.2282	0.0262	-11.2288
-7.1117	0.5203	-6.3916	-2.7760	-2.2586	-1.2352	-2.4466	-3.2791	-0.8762	-5.7282	-0.5223	-15.0416
-12.1229	2.0171	-3.7416	-1.7099	-4.6398	-1.9444	-4.4928	-6.9362	-2.3574	-3.7681	-0.8606	-7.9087
-7.5579	1.0236	-6.9377	-0.4606	-3.8587	-2.9465	-4.8046	-6.6915	-0.2623	-6.5586	1.6130	-5.4481
-10.8290	1.2197	-9.1139	-1.5316	-3.7438	-3.3465	-3.7436	-2.7256	0.1702	-3.5754	-0.4168	-8.4384
-11.1669	0.4405	-7.3753	-1.8518	-6.2025	-3.2153	-4.3413	-6.2090	-1.8835	-2.8374	1.5900	-14.4085
-17.9921	1.3362	-4.4387	-1.1312	-2.8835	-3.3653	-5.5878	-5.8817	-1.5528	-4.0670	0.4886	-6.6513
-10.8162	0.4584	-7.1760	-2.5268	-1.5420	-1.3496	-2.5553	-4.9907	-1.3918	-3.9375	-1.8706	-13.6957
-17.0065	-0.8941	-8.6414	-0.6876	-7.1028	-3.9335	-4.3009	-2.5444	-1.5005	-6.0871	1.0425	-11.1865
-16.2072	0.4629	-7.2655	-0.7803	-1.2735	-4.4588	-4.2141	-5.1758	-2.1687	-3.5263	-1.3331	-13.2766
-10.5893	-0.5310	-5.8223	-1.5740	-2.8920	-2.5510	-5.1991	-2.5016	-1.1259	-3.1718	1.0532	-19.6954
-9.2204	-0.9044	-9.0042	-1.2817	-2.5510	-2.6963	-0.7085	-3.1864	-0.7104	-5.7666	-0.5833	-13.0402
-10.4055	0.0951	-6.3508	-1.1149	-5.1182	-4.4728	-4.8282	-3.2272	-2.5798	-5.5254	1.2592	-12.0106
-9.0198	0.0619	-5.8181	-0.7670	-5.1900	-2.3502	-2.2514	-4.2736	-0.9614	-6.3799	-0.4559	-7.3177
-17.4257	1.3288	-5.8938	-2.3448	-2.5385	-4.0467	-2.5198	-3.4628	-2.9318	-6.8253	0.0362	-6.2304
-8.7133	1.2323	-7.5110	-0.4403	-4.2160	-2.2452	-1.0920	-6.2817	-2.4718	-6.0023	0.5021	-10.0543
-16.9450	1.2452	-7.4646	-3.0422	-1.9927	-4.8229	-4.4211	-3.5550	-1.3990	-12.6358	0.5045	-7.5509
-8.9023	-0.4475	-5.9865	-0.1518	-6.0696	-3.5141	-2.9885	-3.7441	-1.1372	-5.4165	0.4581	-13.5931
-9.5578	1.5724	-4.3813	-1.5898	-5.7603	-3.9485	-2.0603	-4.0067	-4.0485	-6.9862	0.6123	-10.8192
-9.7464	-0.5171	-7.7601	-2.3380	-4.8488	-2.1584	-2.9896	-2.0962	-1.4551	-6.2544	1.9524	-10.1670
-13.7841	2.1088	-6.4425	-1.9393	-4.2769	-4.4047	-3.9507	-6.7954	-1.0442	-4.3549	1.0366	-10.2874
-8.0795	-0.3693	-4.4443	-0.9274	-3.2106	-0.8803	-5.3804	-5.2881	-0.4415	-6.9474	-0.3460	-12.6456
-12.1146	-0.5035	-7.9938	-1.0757	-4.2851	-2.7016	-3.4616	-6.4550	-0.4717	-8.6312	0.3592	-9.0898
-19.2683	0.1017	-7.1559	-1.6361	-1.2756	-2.7500	-3.2940	-6.7394	-3.0815	-6.2737	1.6049	-9.4560
-14.1906	0.1084	-6.4269	-1.1183	-4.0524	-2.9286	-3.3417	-3.6204	0.0140	-5.7778	1.5566	-7.6463
-9.3865	0.2136	-7.8485	-2.7078	-3.8691	-4.0967	-3.9747	-6.7703	-0.2118	-3.8466	0.6540	-7.5331
-8.0273	0.5577	-4.8690	-2.8745	-4.0785	-4.8108	-4.2868	-3.5014	-1.0856	-4.2074	-0.8819	-14.6755
-10.7987	0.7593	-7.3503	-1.2083	-5.0948	-1.8884	-2.9945	-4.9238	-2.3764	-3.9728	0.5081	-8.1222
-20.9178	0.7903	-15.2094	-1.4481	-3.7986	-2.2986	-1.9872	-5.3184	-0.7297	-5.4152	-0.2668	-7.8728
-13.6653	-0.8075	-5.4042	-0.4971	-4.4836	-2.4419	-3.2918	-3.3738	-2.5074	-8.1469	0.8316	-10.4784
-12.6928	1.0546	-5.7391	-0.5858	-4.5265	-2.8017	-2.6510	-4.3176	-2.6384	-4.6806	1.9861	-11.8218
-9.2681	0.0153	-4.9288	-2.4817	-2.9923	-4.2908	-0.4445	-2.4055	-3.1811	-4.7671	0.8616	-8.9024
-9.7722	0.5292	-7.8045	-2.3145	-1.7107	-0.6036	-4.7672	-3.9200	-1.7693	-6.1943	0.6112	-21.3336
-11.9054	-0.3643	-3.8976	-1.3972	-4.5535	-1.8892	-3.2299	-4.5249	-1.6679	-8.3520	0.4451	-13.3234
-6.2443	0.2228	-4.3210	-0.7080	-3.4578	-2.9317	-0.6400	-2.4748	-2.8025	-6.3715	0.3999	-20.2301
-14.1260	0.3687	-6.7534	-1.3558	-1.2100	-2.3766	-2.8354	-1.9043	-2.7187	-4.9918	0.6130	-16.9174
-14.9864	-1.3725	-6.5881	-1.2398	-1.5527	-4.6113	-1.2487	-1.5776	-1.6139	-8.3997	-0.9550	-12.1187
-12.3224	-0.2525	-12.4327	-0.4948	-4.1442	-2.5319	-2.0996	-4.8179	-0.8065	-5.8329	1.3216	-10.8673
-17.0384	0.9461	-5.7578	-2.6180	-2.9728	-1.9422	-2.1075	-2.8542	-2.0778	-7.6006	0.0072	-11.0894
-8.9474	1.7624	-8.7349	-0.4099	-5.0625	-2.4436	-2.2886	-5.5237	-2.9045	-4.7312	0.0927	-14.4431
-12.9580	0.5781	-3.5935	-2.9166	-7.3163	-2.7374	-1.4073	-7.2162	-1.5216	-6.6162	0.5928	-7.5872
-14.7098	1.1787	-4.3481	-1.3597	-4.0718	-1.8373	-4.5937	-3.9440	-3.6158	-5.0370	0.6571	-8.9274
-7.2365	0.3245	-5.5657	-3.7906	-4.7850	-2.8700	-2.2702	-2.9975	-1.2045	-5.9417	0.4667	-10.0875
-8.5526	0.3466	-3.3009	-1.4731	-9.3872	-3.6175	-3.8713	-3.7313	-1.6817	-8.2064	2.3913	-8.4074
-7.5505	1.3750	-5.9912	-0.9134	-5.5944	-1.8777	-3.9601	-3.8817	-2.1543	-6.1507	0.5471	-8.0162
-15.0714	-0.3876	-4.5439	0.3494	-5.1108	-2.2248	-3.6050	-3.9482	-2.1451	-8.5368	-1.0475	-9.0486
-10.5454	0.5210	-3.5138	0.2566	-7.5409	-3.8118	-1.5930	-3.8507	-1.2517	-7.6505	-0.4039	-12.5290
-9.9944	0.8369	-5.4878	-4.4995	-3.9213	-2.2969	-3.2193	-3.1714	-3.0710	-6.7280	-0.4073	-12.1314
-11.5535	1.1694	-7.3939	-1.0574	-4.8975	-4.5216	-2.8456	-3.3568	-2.3672	-13.2134	0.8143	-10.5320
-13.4898	-1.0883	-8.4552	-1.5144	-2.9760	-1.4684	-2.5984	-2.8526	-1.8100	-4.4788	0.6999	-11.7322
-9.8501	0.8388	-7.9821	-2.0469	-3.9092	-1.1144	-5.0417	-6.1454	-2.2320	-4.8574	0.7761	-10.6709
-9.6371	-0.3302	-6.2111	-2.5184	-4.2285	-2.1059	-2.8669	-4.2958	-0.6783	-4.1560	1.2840	-11.9621
-10.4589	0.9069	-9.4134	-0.8022	-3.8983	-3.8321	-2.8555	-5.0071	-2.5952	-6.2829	0.2644	-10.8403
-13.2127	2.0125	-4.0464	-1.4583	-6.0519	-3.0814	-3.5053	-3.9586	-3.9553	-4.0371	1.4363	-12.2512
-16.6235	-0.9595	-4.5548	-0.6095	-2.1861	-2.7818	-6.0326	-5.3964	-1.3485	-3.8012	0.7646	-8.7152
-11.6530	0.0228	-6.3878	-3.8406	-4.8645	-0.8207	-3.3283	-3.3361	-0.9179	-6.9843	0.1333	-11.1932
-9.1737	1.3180	-8.4435	-0.8683	-2.6403	-3.5092	-2.3305	-3.8956	-0.3859	-8.2802	-0.6176	-9.0228
-26.1397	-0.2999	-4.2602	-0.6398	-6.1786	-1.2618	-3.1996	-2.5179	-1.3295	-7.9914	1.0714	-15.1015
-11.1553	0.9217	-5.7773	-0.4461	-3.9640	-4.1217	-4.9672	-1.4280	-4.0272	-7.6670	1.3703	-15.5643
-10.9354	0.5351	-6.6719	-1.7611	-2.0611	-4.0702	-3.4972	-4.4013	-2.4120	-2.4374	1.6036	-12.2986
-12.7915	2.1559	-7.8153	-1.6350	-3.8800	-3.4198	-5.1158	-3.0305	-2.5572	-8.9132	1.5611	-9.6913
-10.4067	0.1733	-4.9983	-2.2688	-2.0968	-3.9812	-3.9849	-4.3854	-1.2599	-6.9398	-0.2069	-9.5089
-11.7188	1.7572	-7.8969	-1.4237	-4.0826	-3.5249	-4.4028	-3.7785	-1.3960	-5.9346	0.2864	-22.4028
-10.6672	1.0636	-5.2155	-3.0299	-4.5788	-4.1658	-3.9686	-4.0091	-0.1661	-5.6172	0.6918	-16.3758
-11.2698	-0.6780	-11.1813	-1.4338	-2.2374	-3.0371	-4.0772	-3.0557	-1.3607	-7.0644	1.4799	-10.3103
-9.6563	0.5098	-12.2641	-2.4997	-4.9827	-2.9700	-4.1544	-3.2889	-0.8937	-4.7507	0.5200	-13.3922
-9.8940	0.4980	-5.0771	-1.3467	-3.1661	-2.6712	-5.1968	-5.6104	-2.2273	-6.9388	-0.3058	-12.0834
-7.8169	-0.1469	-2.4925	-1.1446	-2.2782	-0.8360	-4.2267	-4.1620	-3.1525	-7.2038	-0.0733	-15.2711
-11.9576	-0.3481	-4.4618	-1.8032	-1.9103	-2.9188	-4.4932	-1.8827	-1.0910	-7.9446	0.7650	-17.5152
-7.9566	0.8035	-6.5755	-0.7373	-4.7064	-3.6601	-3.1919	-4.3781	-1.2340	-6.1011	0.5933	-8.9927
-13.1451	0.8287	-5.9641	-2.7054	-3.6336	-3.2978	-2.1259	-4.8509	-1.3942	-6.9397	1.7494	-18.3534
-6.6454	0.8300	-9.3166	-3.1518	-5.4652	-1.8693	-3.6329	-3.7126	-1.6904	-4.8216	1.5543	-9.1452
-6.4561	1.7215	-10.1545	-2.1247	-3.2551	-1.2372	-1.0556	-5.5107	-0.9276	-6.8400	0.6510	-7.8473
-11.0640	0.5444	-5.5222	-1.3849	-3.0849	-3.5739	-3.0536	-4.1531	-0.1247	-7.4083	0.6372	-8.8768
-10.6051	0.9790	-10.7393	-0.9966	-3.8638	-3.1160	-0.8081	-4.5557	-2.9199	-10.3003	0.9644	-12.9417
-6.8278	-1.5171	-5.5008	-0.1104	-3.5775	-7.0201	-4.0834	-3.6930	-0.9598	-5.7168	-0.6804	-12.6253
-7.5970	-0.8962	-5.5993	-0.8151	-3.7290	-1.6342	-2.8415	-2.6866	-0.1624	-6.8940	-0.9787	-11.5783
-6.7820	0.0336	-10.1703	-1.0910	-4.1131	-2.4117	-4.1993	-3.7877	-0.9111	-4.7828	1.4983	-11.7837
-13.8995	0.7925	-5.2368	-2.1103	-4.4333	-1.5113	-2.6545	-2.9478	-0.0451	-4.9898	0.9454	-6.8793
-7.4664	2.0851	-2.7602	-0.4685	-8.6568	-5.2776	-0.7233	-4.2498	-2.8591	-9.8533	0.9713	-17.4100
-11.6928	0.4112	-7.8225	-1.1735	-4.0167	-2.4483	-3.9458	-4.6065	-1.0163	-7.0899	-0.3543	-20.6897
-9.2087	-0.5177	-5.9956	-3.3997	-3.2859	-3.7524	-3.4273	-1.8506	-0.4820	-4.3178	0.6417	-9.2313
-7.6856	1.6751	-6.2015	-1.6801	-3.0785	-2.5188	-3.7255	-5.6558	-2.3120	-7.8353	0.4502	-19.5324
-7.2461	-0.4130	-4.4910	-2.6898	-4.3356	-1.7446	-2.5420	-3.9386	-1.4047	-10.5672	1.1186	-8.4324
-10.8449	-0.8312	-7.0289	-1.8781	-2.8941	-3.3934	-5.2048	-2.1497	-5.2828	-4.8018	0.5520	-9.3505
-24.4448	0.3624	-5.8130	-4.7584	-3.8184	-6.0437	-3.5610	-5.7439	-1.5714	-4.2767	0.6225	-31.4946
-13.3581	0.7292	-6.8650	-1.6761	-2.8799	-2.9200	-3.1397	-2.9266	-1.5226	-8.9780	0.1033	-13.9972
-7.8420	0.8683	-6.2124	-1.3286	-2.4013	-3.1084	-1.9143	-4.4131	-1.0761	-8.5373	1.0393	-12.5427
-10.3145	-0.8394	-7.0395	-2.2441	-1.9654	-2.5837	-4.7363	-4.0238	-0.8712	-3.9651	-0.5975	-18.1873
-11.9773	-1.1959	-6.7082	-0.7800	-3.0658	-1.9442	-7.1651	-7.0603	-1.0607	-5.4278	0.5332	-22.6844
-15.9561	0.8093	-4.0567	-0.8652	-5.8007	-2.2550	-6.4445	-3.6961	-1.4530	-3.6076	0.9579	-8.8992
-9.8587	-0.1967	-6.5242	-0.1722	-4.7343	-4.0635	-5.2695	-4.9791	-4.0325	-6.5338	1.6600	-7.1559
-11.3388	0.9119	-5.8702	-1.8521	-5.2022	-3.7723	-1.5016	-3.1547	-1.1033	-12.5255	1.3166	-10.0664
-8.7993	0.5927	-4.6840	-3.0574	-3.6454	-2.0149	-3.5578	-8.4819	-0.3613	-4.2044	1.1419	-4.7382
-10.3744	0.4514	-3.6853	-0.7108	-4.9064	-3.0729	-4.2298	-6.6638	-0.4601	-6.9993	1.3404	-17.5606
-9.3380	1.6726	-9.3378	-3.3639	-3.9005	-3.7189	-1.7522	-4.7177	-0.6485	-9.8659	1.2373	-15.2229
-11.8303	1.6491	-4.8380	-2.6921	-2.5747	-2.4092	-4.6720	-5.3480	-2.0318	-7.3989	1.7216	-12.3534
-10.8821	0.4409	-4.1462	-0.8608	-2.9321	-3.2513	-4.1898	-2.8241	-2.1714	-7.3779	1.7391	-7.8838
-21.3279	0.1124	-9.9226	-3.3686	-4.8301	-3.2544	-1.3892	-2.3084	-1.5259	-6.9856	0.0546	-14.1634
-11.6359	0.8334	-5.3997	-1.7715	-5.5074	-2.0495	-1.2148	-5.1000	-2.0247	-5.1766	0.4908	-10.4984
-10.7592	0.6595	-3.7175	-1.8209	-4.2956	-2.8017	-2.9283	-4.9755	-3.5845	-4.6502	0.7552	-10.9817
-8.7250	-0.7889	-7.0381	-0.0988	-3.2306	-2.3186	-1.0538	-4.5903	-2.0939	-6.0065	-0.6510	-9.1187
-9.2094	0.1326	-13.5514	-2.1019	-3.7233	-1.1137	-2.4242	-4.1638	-3.6314	-6.0370	1.5148	-7.5618
-13.2292	0.4669	-6.1872	-0.3478	-7.2794	-5.7861	-3.4635	-2.1254	-3.0204	-8.7519	1.4765	-14.2544
-13.2912	1.0571	-5.5098	-3.0181	-3.9774	-4.2596	-2.2605	-2.8484	0.1941	-6.6553	0.2580	-9.1858
-8.8671	0.1700	-4.8707	-2.0641	-3.0885	-2.3931	-2.6319	-6.1513	-2.8519	-9.3363	0.3621	-12.8242
-13.2878	1.8058	-5.9163	-3.1102	-5.1855	-1.9207	-1.5476	-6.5996	-0.1593	-4.8675	0.2483	-6.6563
-8.4026	0.0444	-10.2316	-1.2027	-3.1464	-2.6584	-1.9278	-3.5774	-1.0550	-2.7046	0.3375	-11.9047
-11.2882	-0.9105	-6.8401	-3.6911	-2.1115	-1.1483	-3.2947	-3.6438	-2.9707	-10.1266	1.1122	-9.3808
-9.0631	-0.3653	-4.1063	-1.5382	-3.5143	-2.3585	-3.2205	-5.3273	-0.4177	-4.9271	0.3507	-12.6616
-13.7640	1.1773	-7.5390	-2.1697	-2.4948	-4.3588	-4.0240	-2.3859	-1.4313	-6.5761	0.8741	-6.9504
-12.5560	0.6419	-6.9522	-3.0489	-4.8406	-3.5851	-0.3138	-4.3908	-1.0070	-9.1582	-0.6708	-7.8051
-7.2027	1.1051	-6.8412	-1.5930	-4.1693	-4.8997	-1.9007	-4.1332	-1.3157	-6.7416	0.4172	-15.9412
-10.2632	0.0145	-4.4802	-1.3619	-5.5685	-2.2956	-1.6739	-3.8710	-0.5015	-7.3197	-0.2086	-11.0941
-9.0049	-0.2348	-4.4541	-2.3087	-5.7988	-1.0906	-2.2780	-8.1558	-1.9033	-4.6427	0.7536	-6.4531
-11.9010	1.3459	-8.3218	-0.4398	-3.0623	-3.0371	-3.6566	-5.8513	-1.2335	-7.0663	-0.7612	-10.0908
-16.2278	0.6982	-5.7178	-1.8235	-1.9697	-3.1018	-3.8320	-5.2499	-1.8878	-7.8895	0.2109	-6.7210
-7.2277	0.6901	-10.6229	-2.3959	-6.4293	-1.2043	-3.1837	-2.5901	-1.1643	-7.6116	0.6630	-9.9212
-12.2908	0.7283	-5.2147	-1.9156	-2.9450	-3.2467	-2.0264	-1.1727	-1.7785	-7.7513	0.2089	-16.6355
-11.0439	-0.0353	-5.4636	-0.7705	-3.7298	-2.9064	-3.1953	-2.9171	-1.3136	-9.3719	1.6087	-10.3026
-9.7243	-0.0724	-7.4425	-1.9627	-4.0543	-1.3894	-2.8768	-4.2449	-2.5348	-5.3562	0.5665	-15.7748
-9.2324	0.8353	-4.9367	-1.4655	-4.5338	-2.2789	-2.3410	-3.7972	-1.0783	-2.8681	0.6192	-12.0543
-10.2159	0.9147	-7.8965	-1.2422	-2.8877	-3.6205	-4.2164	-2.4207	-0.7295	-11.3599	0.7093	-12.4502
-11.4684	1.1922	-4.3467	-0.6796	-7.5798	-4.6054	-1.7129	-8.6812	-4.5648	-7.7145	1.0324	-8.5999
-9.4432	-1.8825	-5.5391	-0.3652	-5.3577	-3.4472	-3.7608	-3.5932	-1.1047	-6.7567	0.3239	-12.2582
-12.0560	2.1994	-6.7047	-2.2453	-1.7552	-3.3275	-3.2141	-4.4969	-1.1271	-7.2030	-0.4025	-14.3102
-7.2413	0.5261	-3.9727	-0.6274	-6.1721	-3.9125	-3.5151	-5.2278	-0.4767	-5.6117	0.4981	-12.7454
-12.0357	1.4288	-8.4713	-1.1748	-2.4091	-4.6551	-3.3161	-3.2035	-0.5390	-11.9296	1.3990	-7.7331
-9.4096	1.3531	-8.4807	-1.0280	-2.8160	-0.7818	-2.4376	-5.5269	-2.3361	-3.3063	0.9199	-19.7010
-7.3750	-0.3629	-5.3968	-0.6750	-6.6547	-3.5517	-1.9924	-4.4516	-1.0853	-8.5419	-0.7532	-9.8211
-14.0810	0.1027	-5.9692	-0.3676	-4.9972	-6.6044	-1.9397	-2.6500	-3.8505	-4.6728	1.9968	-19.5891
-11.5603	2.2280	-4.7837	-1.9729	-6.5408	-6.8904	-2.7685	-4.1126	-2.2584	-5.1484	0.4608	-10.8364
-12.2788	-0.2629	-2.9046	-1.2002	-6.5316	-2.0366	-2.3161	-3.4524	-1.7795	-8.7778	1.0203	-11.4333
-10.4417	0.3576	-6.8891	0.7720	-3.7170	-2.9419	-1.1094	-4.8145	-0.0101	-8.1866	-1.5687	-15.7324
-12.1732	-0.5097	-4.4421	-0.7280	-5.1311	-3.6146	-2.0824	-5.4039	-1.8773	-11.3410	1.1825	-13.1151
-10.3857	-0.3804	-6.9542	-0.6107	-1.6924	-1.6630	-3.5391	-4.4474	-2.5455	-5.4234	-0.8847	-13.3848
-18.6224	0.2507	-7.1617	-2.1449	-2.2665	-3.5207	-0.5952	-2.9486	-0.8113	-3.2626	0.3490	-8.6874
-13.9836	0.1731	-6.3737	-3.9647	-5.6811	-2.8470	-4.0979	-5.0371	-0.8187	-2.9612	0.1662	-9.2651
-7.7914	0.9505	-6.4215	-0.0542	-10.7437	-4.9531	-0.4829	-4.0383	-1.8560	-5.0778	0.5130	-17.9402
-7.7905	1.0637	-6.0133	-3.9798	-4.9248	-3.5531	-2.4595	-5.0502	-0.4348	-3.1778	-0.7219	-9.3341
-10.8027	0.6053	-11.3590	-1.6299	-5.2204	-1.2224	-3.9905	-3.1328	-2.0820	-5.5439	-0.6523	-8.6807
-11.0601	-0.0624	-7.9703	-1.7998	-4.2927	-0.9234	-2.8374	-5.1494	-1.3606	-5.4514	1.1909	-13.9696
-9.3499	0.1152	-11.1239	-2.7539	-4.3606	-5.1141	-3.0927	-1.6450	-0.3602	-3.5514	0.9090	-14.8692
-22.3279	-0.4278	-5.3400	-1.3329	-1.9850	-2.1265	-2.5565	-4.7776	-2.1277	-9.7658	0.2364	-14.0434
-10.5974	0.3415	-6.2547	0.3068	-4.2650	-3.7335	-2.0298	-3.8934	-2.4780	-10.9733	1.8945	-8.7311
-9.1065	1.3676	-6.9067	-1.2291	-4.6865	-4.7079	-1.9532	-2.6677	0.6187	-5.6816	0.0191	-6.4594
-15.8722	0.0110	-5.8722	-0.9866	-6.5397	-3.3379	-6.1276	-2.7441	-0.5871	-9.1925	0.0359	-8.2331
-15.6440	0.6698	-4.9978	-0.8971	-4.7886	-3.6329	-3.8630	-6.5542	-1.3029	-6.1608	0.9200	-12.8840
-7.9925	0.5319	-9.0088	-1.6872	-2.9735	-2.3702	-3.2864	-2.7544	-0.6425	-5.7480	1.4024	-17.8911
-8.5456	-0.3849	-5.0441	-2.0162	-3.6672	-2.8098	-2.3154	-3.6207	-1.4544	-4.8935	0.2012	-8.6030
-6.2546	1.0122	-4.8916	-3.4556	-3.1832	-2.9165	-1.8698	-3.6962	-1.7388	-7.5755	1.0001	-9.3119
-10.6835	-1.4700	-5.6840	-0.0533	-1.3781	-3.4096	-5.4422	-5.8292	-2.2780	-8.0053	1.9277	-9.2925
-13.6257	0.0651	-10.6759	-1.8168	-4.1820	-1.5729	-3.8286	-7.6883	-0.2456	-3.9742	0.7617	-7.5643
-16.4636	0.0897	-8.5620	-0.3342	-6.9180	-1.7119	-1.6635	-3.0899	-0.9053	-5.8825	2.0038	-11.0622
-11.1663	0.2440	-7.7074	-1.9459	-1.4754	-2.0920	-6.7183	-9.5396	-1.9794	-3.8170	1.0425	-11.6822
-12.0821	1.0111	-5.9740	-2.4435	-8.5123	-4.5890	-2.8122	-4.8353	-0.2142	-5.6990	1.4110	-20.5589
-10.5031	0.3988	-8.0360	-0.6059	-6.9283	-6.5376	-2.7666	-4.3318	-1.4004	-6.8444	0.3568	-14.6498
-10.5792	0.1388	-6.9509	-2.3128	-4.6085	-5.5496	-2.9604	-2.4538	-0.9876	-5.5986	1.5183	-14.3555
-13.7801	1.0672	-6.7431	-0.7774	-3.0628	-4.1914	-2.6037	-5.4569	-2.4862	-6.2213	1.4621	-7.0726
-8.5770	-0.1517	-8.8827	-3.8634	-2.4831	-2.9409	-4.8054	-1.8552	-0.8162	-5.5375	1.1783	-9.1721
-5.3966	0.2720	-4.7113	-2.2925	-4.9454	-1.9106	-3.3666	-4.9656	0.3917	-4.3671	-0.6385	-8.8112
-9.8453	-0.6616	-5.3784	-0.7179	-12.7588	-3.0596	-4.1952	-2.9896	-1.2420	-6.1458	1.7534	-9.9867
-13.1615	-0.2041	-8.2379	-1.7115	-0.7981	-2.0389	-3.0729	-5.6068	-3.1602	-9.8923	1.1460	-8.2152
-14.8182	-1.6528	-7.8005	-0.0618	-2.5759	-3.2302	-2.5005	-6.2477	-2.1077	-5.2537	1.2212	-11.5008
-10.8020	0.7377	-6.7728	-1.4963	-7.7478	-3.2087	-3.8300	-5.8307	-1.1752	-6.2682	0.9973	-7.0731
-13.9547	1.1072	-4.6231	-1.2855	-4.4349	-4.3057	-3.4177	-3.3851	-2.6264	-4.7735	1.0555	-17.5068
-15.4355	1.2688	-6.8932	-1.9297	-8.0619	-2.1332	-2.1477	-4.2194	-1.3354	-7.2523	-0.1418	-7.0143
-12.3268	0.3232	-6.7078	-4.0532	-2.9921	-2.8373	-2.6908	-3.5051	-0.5804	-4.6947	1.0701	-12.0173
-12.3677	0.2457	-6.4471	-2.2979	-2.6748	-5.0503	-2.4549	-3.0898	-1.9416	-2.5452	-0.3541	-9.6828
-17.0519	-0.6471	-4.3345	-2.7510	-0.5936	-1.0297	-3.7882	-3.6221	-1.4061	-4.5521	-0.5169	-15.3280
-11.9374	1.0384	-6.2085	-1.5450	-4.2773	-4.3564	-3.0883	-3.5063	-1.3096	-5.9505	0.9255	-9.5133
-9.5202	-0.6478	-11.4499	-1.3090	-5.3491	-3.0517	-3.0128	-3.5960	-1.5422	-5.1228	0.1722	-7.5313
-11.7305	1.2733	-4.9520	-0.6728	-6.8562	-3.8280	-2.5731	-4.2173	0.3896	-4.7080	-0.0108	-10.6206
-8.2833	0.5590	-3.6522	-2.8906	-2.5300	-2.1409	-4.3825	-6.2506	-0.7273	-4.3735	0.6661	-9.3161
-10.6803	1.8800	-9.7148	-2.5608	-4.6657	-3.7974	-1.3467	-5.0192	-3.1197	-7.2229	0.4423	-10.9869
-5.9265	0.7658	-7.0859	-0.4441	-9.0188	-4.4756	-2.9877	-5.5682	-2.1689	-6.3655	1.0147	-8.5872
-21.4589	0.2743	-7.0273	-1.6853	-2.7224	-2.0097	-2.2680	-2.6353	-3.9716	-14.0011	0.7289	-6.7519
-17.5118	1.4315	-3.0006	-1.5422	-5.9879	-3.3178	-3.9819	-2.3622	-1.4846	-6.7543	0.2619	-10.3813
-6.5746	0.6310	-9.9530	-2.5127	-4.0130	-2.0460	-2.7730	-3.7347	-2.1995	-6.8527	2.0500	-9.1888
-10.2089	-1.7871	-5.1209	-0.2835	-2.4668	-3.5181	-3.5801	-4.2363	-1.8503	-5.0025	1.6743	-12.1048
-11.1818	-0.2174	-6.2485	-3.2467	-5.9752	-1.6054	-4.6841	-5.6733	-0.2997	-3.0695	-0.0204	-8.5060
-13.2305	-0.1580	-3.8515	-1.2005	-2.4260	-2.7830	-3.3036	-2.1013	-1.0498	-8.5540	-0.9732	-9.8685
-10.1268	-0.0034	-7.0953	-2.6562	-2.4490	-1.4409	-3.0262	-5.7864	-1.5640	-7.9208	0.6614	-10.7258
-10.0002	0.0291	-7.1082	-0.2822	-4.7358	-3.2213	-2.5050	-9.2202	-0.9539	-8.8086	1.5670	-7.2801
-14.2404	0.6321	-6.3448	-1.0127	-2.8220	-1.0023	-4.6887	-9.8696	-0.8416	-3.1241	0.4954	-11.3715
-21.6090	1.2753	-5.9316	-5.3968	-2.8670	-3.6674	-3.8254	-1.9161	-3.1714	-5.5928	1.2615	-13.3208
-7.8405	-1.4800	-5.6218	-1.7629	-2.5093	-2.4110	-1.2444	-4.6997	-3.1698	-8.7576	0.8942	-11.9898
-16.3044	0.2295	-4.1843	-1.6873	-4.5366	-3.6148	-7.2647	-2.0714	-2.9088	-5.3779	1.0444	-6.8164
-13.0104	0.5591	-7.6527	-2.3101	-6.8172	-4.3235	-1.5461	-3.7668	-0.3639	-6.1130	0.6609	-8.7410
-8.9724	0.1218	-5.9548	-0.5101	-2.0764	-2.3480	-1.4822	-3.6456	-1.7002	-7.1682	-1.0451	-14.7212
-9.2055	1.4472	-5.8340	-0.7259	-4.3466	-4.1916	-2.6892	-3.0784	-1.8926	-8.5495	0.4683	-11.8516
-9.0731	-1.5071	-4.3940	-0.3697	-2.5367	-1.8807	-3.3092	-7.2336	-0.9903	-4.0824	0.8539	-6.4912
-12.5816	1.3270	-5.9371	-2.3664	-2.5913	-1.4826	-2.7654	-4.9466	-4.9591	-5.1807	1.0451	-16.5796
-10.1546	1.2397	-6.1696	-2.3012	-3.0220	-4.0695	-2.9926	-1.9444	-1.9672	-5.9756	0.5681	-19.2307
-11.1990	0.5426	-6.3850	-0.8718	-1.8052	-2.9888	-2.6230	-8.5980	-1.3505	-3.0096	1.3713	-12.9056
-8.2429	1.0636	-3.1316	-0.8498	-4.3963	-2.3495	-3.0538	-5.9203	-1.8582	-9.7699	0.1620	-15.0023
-19.6814	-0.3506	-6.2353	-0.9579	-4.4027	-1.9320	-2.2013	-4.8563	-1.3159	-7.3199	1.8342	-11.9027
-8.1135	0.7922	-5.6338	-1.7552	-4.3021	-2.4387	-2.4405	-4.6368	-1.7933	-12.1092	-0.3351	-7.8493
-15.5129	0.8283	-6.0591	0.0685	-6.1277	-3.2430	-2.4106	-4.0349	-2.4463	-7.5600	0.7893	-5.5655
-9.1439	-0.1155	-8.3945	-3.9478	-5.7781	-4.4422	-4.0028	-1.9441	0.1808	-8.0220	0.4952	-9.8430
-8.3266	0.9847	-4.8843	-1.7795	-3.6836	-2.5089	-3.5846	-3.0394	-1.3277	-4.5988	-0.3517	-14.1753
-11.7368	0.8739	-4.5032	-0.3649	-4.4781	-1.6169	-3.0356	-5.4044	-1.1396	-5.2310	-1.3459	-8.0903
-13.0686	0.3771	-7.3393	-1.3079	-3.6266	-1.9062	-2.0540	-5.4225	-1.1466	-5.8094	0.8145	-17.2320
-8.8770	0.7712	-5.9342	-1.9576	-3.7850	-3.4716	-4.7836	-2.7226	-0.4516	-4.6694	-0.3144	-14.1866
-10.7351	0.4776	-3.4732	-2.5651	-2.9059	-4.0854	-5.9795	-3.4511	-1.8223	-5.1592	0.4168	-13.1533
-13.9498	0.5107	-4.7996	-2.6029	-3.8144	-4.5286	-1.9968	-2.7822	-1.4844	-4.0784	0.3324	-12.9361
-12.1386	-0.6485	-3.5852	-0.4607	-6.0681	-6.3710	-3.1249	-2.8243	-1.2399	-5.8213	1.8446	-11.7449
-9.8359	1.9378	-7.7971	-0.6940	-2.5082	-5.6277	-3.3396	-3.9735	-2.7888	-7.9216	0.8602	-7.3136
-7.7176	-0.1020	-7.6792	-1.2337	-4.7717	-2.6389	-1.4600	-5.6163	-3.1827	-5.1974	1.0264	-9.9707
-8.8180	0.1406	-5.9252	-2.4150	-5.0277	-3.4249	-0.7647	-4.6045	-2.8647	-3.8218	0.4278	-10.7590
-12.9091	-0.2381	-3.5249	-2.1629	-3.1744	-3.0655	-3.9688	-4.6316	-2.0344	-6.0817	2.3864	-10.4011
-15.6954	1.6993	-3.8335	-2.9685	-3.4443	-3.5558	-1.6049	-2.5940	-4.1426	-6.3483	1.8894	-12.1571
-12.3060	1.0573	-3.4022	-2.9009	-3.3763	-4.7442	-2.8253	-3.0052	-2.7052	-4.4640	1.1538	-6.1036
-14.5212	-0.5488	-5.2585	-0.2781	-6.4502	-3.7168	-1.3137	-4.5758	-1.9197	-4.9057	0.7206	-12.2200
-9.8150	-0.0790	-6.0630	-0.6226	-2.9639	-2.1391	-0.1984	-4.1766	-0.5228	-6.2337	-1.4757	-8.6844
-11.8716	0.8129	-5.6523	-2.9008	-3.5804	-2.9699	-4.9008	-4.7938	-1.7497	-3.8355	0.4284	-8.7894
-5.4042	0.2770	-3.3551	-4.3896	-4.3196	-4.2642	-3.4165	-5.7306	-1.6094	-4.8555	-1.6930	-18.4947
-12.8054	0.3818	-10.3816	0.2005	-6.7839	-4.1169	-3.8141	-3.1498	1.1319	-5.8305	0.3596	-7.8757
-12.5619	0.2373	-3.4018	-2.4721	-4.9588	-2.1268	-0.7945	-4.5819	-1.1903	-6.2799	1.2718	-10.4625
-20.5027	-0.3113	-4.1437	-1.2394	-4.3075	-1.2915	-1.5027	-6.3014	-1.8135	-7.1101	-0.1677	-7.3648
-11.6050	1.6218	-3.9921	-0.3529	-7.3204	-2.7426	-3.0389	-3.9444	-1.2539	-5.4751	0.2185	-11.8078
-7.4886	0.1746	-3.8165	-3.2587	-2.7698	-2.9491	-2.2064	-3.6675	-0.3943	-8.1504	1.1906	-8.4031
-13.4741	0.1835	-3.0685	-2.0882	-3.4505	-2.2061	-3.3298	-3.8640	-2.3710	-8.5650	-0.4573	-12.1244
-5.9614	-0.0335	-9.5626	-1.7963	-1.7649	-1.3601	-4.0088	-3.2182	-1.8716	-5.6254	-0.0684	-12.8483
-15.7088	0.9290	-5.0624	0.0982	-3.9020	-3.0154	-1.8326	-4.1245	-1.8558	-5.7139	-1.2065	-8.5294
-7.9779	0.5956	-5.6912	-0.4861	-2.6337	-3.1525	-2.9006	-3.2669	-4.6782	-5.2411	-0.2333	-8.7599
-14.8175	0.4504	-4.8214	-0.9940	-6.4699	-3.1744	-2.7886	-4.8093	-1.4656	-6.5164	0.5757	-8.2962
-13.9817	0.7913	-3.3319	-0.8808	-1.4212	-1.8207	-5.1331	-6.3621	-0.4811	-8.3605	0.4613	-9.4994
-8.6321	1.0564	-8.2654	-2.2369	-2.2973	-2.8943	-2.6171	-2.6431	-2.7590	-7.7937	1.1925	-5.2254
-8.1987	0.5265	-6.5405	-1.1140	-6.3637	-3.3323	-4.8841	-3.9438	-0.8643	-5.2557	1.1880	-10.0196
-7.4777	1.0225	-12.5902	-1.9713	-4.1681	-3.2690	-2.9719	-2.8013	-1.8184	-5.1531	0.9654	-10.5901
-21.6515	1.2591	-2.7393	-1.0084	-5.7786	-2.9877	-5.4226	-7.9501	-0.8485	-5.6012	-0.2972	-9.4660
-8.2336	0.4561	-6.2986	-1.7088	-3.0042	-4.7864	-2.9625	-2.5495	-0.7291	-5.3749	-0.1281	-13.5549
-8.6205	0.7661	-4.2613	-1.3532	-5.0631	-4.1810	-4.1228	-6.1827	-0.8555	-9.6626	1.6422	-9.5029
-7.1568	1.3545	-9.7427	-1.1957	-5.8330	-2.5272	-6.6123	-4.2966	0.1404	-11.3656	0.4392	-12.8371
-14.5092	0.5164	-7.5252	-2.4429	-6.4213	-2.7744	-1.6014	-4.3610	-0.5825	-3.7096	0.9972	-5.4831
-16.1451	-1.6477	-5.7705	-2.0031	-4.4362	-1.7667	-2.0510	-1.5896	-1.0920	-5.8646	-0.8185	-9.7257
-6.8270	1.4724	-7.2861	-1.9987	-5.9964	-1.6655	-3.1416	-7.2555	-1.3675	-4.0407	1.4230	-8.6631
-6.1479	0.6470	-5.7936	-1.3519	-2.7923	-3.2899	-1.0193	-6.1377	-3.5080	-5.8032	-0.0886	-14.0313
-11.5924	-1.1987	-5.4704	-1.6838	-5.0630	-0.8878	-2.3737	-4.7433	-2.0814	-4.8050	1.7076	-11.4223
-6.1084	0.0688	-5.2142	-1.5171	-2.1727	-2.1535	-4.9352	-5.9882	-1.8682	-6.0496	0.8180	-16.4694
-14.0392	-0.8612	-5.1427	-2.2346	-2.7745	-2.4121	-3.2026	-4.1147	0.0023	-2.9129	-1.4841	-9.5328
-17.0342	0.0305	-4.1890	-1.1475	-3.2774	-4.7517	-2.4606	-1.1869	-0.1216	-7.2342	-2.0135	-14.2104
-12.8748	0.5152	-7.7366	-1.0601	-2.8835	-4.0043	-3.9841	-4.5859	-1.8710	-6.0081	0.6411	-10.1287
-8.9928	-1.6375	-4.6097	-0.3855	-4.2194	-2.2848	-3.8665	-3.2009	-2.0469	-6.6307	1.1824	-9.1434
-11.1693	0.5661	-9.1535	-3.2895	-2.9450	-2.2211	-2.1206	-2.6855	-1.4233	-6.3650	0.0443	-10.3119
-16.3498	-0.2004	-4.6954	-1.6743	-4.6979	-4.5084	-3.0998	-2.4961	-1.1240	-5.1467	0.0492	-7.5895
-10.7717	-0.3841	-5.4250	-0.0882	-3.9642	-2.2313	-3.2028	-6.7324	-2.2979	-2.9280	0.3501	-10.9550
-5.5114	0.9062	-4.9926	-1.4211	-3.7694	-2.1039	-3.7947	-4.2538	-1.7044	-5.7478	0.9374	-5.7853
-7.9740	-0.9220	-6.8821	-1.1899	-2.7820	-3.7406	-3.9284	-4.2070	-1.8327	-3.7428	1.2932	-8.5133
-10.9867	1.2386	-6.1839	-2.6249	-5.3907	-3.1423	-3.6995	-4.6393	-1.5059	-2.7823	0.9731	-8.5615
-11.3362	2.2795	-5.5436	-1.0200	-4.7357	-3.5153	-3.2953	-4.7384	-3.2064	-5.1475	2.1348	-14.5412
-12.8565	1.3391	-8.3469	-2.2614	-4.2624	-3.1807	-2.5515	-4.3408	-2.1125	-5.7003	1.3536	-12.5648
-15.9915	0.0918	-5.2969	-2.0536	-4.0279	-4.8774	-3.1552	-1.6645	-1.5183	-7.1275	-0.1252	-7.3124
-14.2439	-0.1309	-4.3914	-0.9160	-5.9248	-4.4144	-2.7575	-6.0553	-2.0188	-4.1445	2.3785	-12.4706
-13.8396	1.1455	-5.2105	-0.4973	-4.3113	-2.3903	-4.8091	-3.0504	-0.6027	-7.4801	0.0731	-10.2457
-7.9717	-0.2584	-4.8011	-1.2448	-4.4375	-2.7973	-3.5244	-4.0689	-1.3357	-4.6155	0.8014	-19.8955
-10.5882	1.8951	-6.0361	-0.3542	-4.6416	-3.1673	-4.3058	-5.8844	-3.0314	-8.7321	-0.9944	-9.1751
-7.5287	0.6763	-4.4195	0.1786	-4.6772	-3.7225	-3.8993	-3.1732	-4.7415	-9.8887	1.0974	-6.7950
-13.0932	-1.0394	-8.7009	-2.9669	-5.0987	-2.0955	-2.7664	-3.4040	-0.3071	-5.3073	-0.0357	-7.9468
-9.7928	0.1064	-5.3051	-2.9419	-4.1550	-3.5045	-3.2605	-2.9138	-2.8085	-6.6992	0.7540	-7.3427
-11.2261	0.1795	-3.8127	-4.8764	-3.6632	-2.2714	-2.6941	-4.4786	-1.4464	-5.3202	1.7023	-14.5082
-10.0634	1.3916	-8.3140	-1.7560	-6.8863	-4.2017	-4.2730	-3.3295	-1.9276	-10.9494	0.9265	-10.5519
-9.2265	0.7759	-6.6396	-2.8024	-3.4150	-3.2648	-5.4058	-4.8521	-0.6160	-7.7832	0.7419	-10.4427
-9.6105	0.9682	-5.7270	-1.7550	-2.3482	-2.0853	-5.1668	-2.7800	-2.6805	-7.9584	1.5274	-10.9669
-16.0768	1.2544	-8.1329	-1.7902	-3.6293	-3.7995	-1.9502	-1.9667	-1.7651	-5.3495	1.0080	-14.9782
-10.5135	-0.6826	-5.6376	-2.1094	-4.8353	-3.6190	-1.7714	-2.0498	-1.9422	-6.3504	0.6302	-11.0767
-14.0376	1.4373	-5.8483	-1.9728	-7.5192	-2.0901	-2.3171	-3.2200	-0.6752	-9.1128	-1.4502	-11.6223
-8.5633	1.4434	-4.7262	-1.6324	-2.2313	-2.7049	-5.6337	-5.0156	-2.7605	-5.7899	0.5984	-9.5344
-16.6897	1.1077	-9.0721	-2.7412	-5.7389	-3.5852	-2.0920	-3.8187	-3.1053	-4.2903	2.0054	-7.2477
-7.7445	-0.0335	-4.7024	-1.7621	-5.7785	-2.5962	-2.4059	-4.5335	-1.2026	-3.6946	0.7135	-14.8447
-9.1126	0.2098	-5.1018	-0.4226	-4.7884	-2.0971	-4.0957	-8.6947	0.4750	-3.1657	-0.1193	-14.4102
-10.7994	0.9116	-7.5447	-0.1296	-5.1922	-4.1070	-4.0766	-4.2298	-1.4828	-2.7721	1.0792	-7.5831
-8.6976	0.2968	-8.2390	-1.9129	-2.4857	-3.6568	-4.0596	-1.6325	-0.8326	-4.5924	1.5097	-8.3436
-8.5229	0.5127	-1.9312	-0.7160	-3.1036	-4.1384	-2.9516	-2.6819	-2.6640	-6.2279	-0.8422	-20.7420
-7.0979	1.2028	-6.5488	-1.8459	-2.5721	-2.8782	-2.1232	-5.3763	-3.3363	-8.7609	0.1569	-7.6373
-12.9187	0.0071	-7.0530	-1.7514	-1.1154	-2.4995	-3.2597	-5.3321	-2.2005	-6.4636	2.1964	-9.9665
-19.1455	0.6387	-7.6056	-0.9227	-5.1433	-2.9776	-4.9961	-6.5776	0.3960	-5.2955	0.2946	-16.9492
-18.6783	0.1110	-7.0973	-1.7946	-4.1232	-2.5929	-1.1650	-2.2984	-1.0524	-5.7714	-1.0841	-8.8792
-14.5135	1.0744	-9.6272	-2.0353	-4.3185	-1.2161	-2.7546	-1.7459	-2.0286	-5.1312	0.7705	-13.2202
-12.6271	0.6021	-7.9028	-2.4984	-3.9764	-2.8790	-1.3483	-1.8862	-0.8102	-6.4974	-0.5611	-10.4012
-7.4257	0.8549	-6.7721	-1.8284	-3.6982	-3.4236	-2.1313	-3.7295	-2.8559	-5.2997	-0.2683	-7.8271
-9.9480	0.9586	-6.0128	-2.5130	-5.4215	-1.0028	-2.5129	-6.9946	-1.4813	-6.0620	1.7106	-13.1596
-8.5984	1.0017	-3.7123	-0.0287	-4.7297	-2.5217	-2.0857	-3.2281	-0.7585	-6.6763	0.8531	-15.0597
-8.6791	1.0562	-10.3360	0.2416	-4.8899	-2.4398	-4.0678	-3.4531	-0.8686	-8.0369	0.9093	-7.0392
-6.4034	-0.4486	-3.8441	-2.8457	-4.1054	-0.9736	-1.3141	-4.8994	-1.0200	-6.7755	-0.6298	-11.2756
-6.6207	1.1363	-5.9726	-2.6569	-4.7131	-5.6213	-2.5618	-6.2416	-3.0738	-6.7569	0.5896	-9.3306
-15.3135	-0.1104	-4.6604	-0.5567	-5.9401	-3.8302	-2.0153	-4.5407	-2.4991	-3.5599	0.3519	-6.9128
-8.7499	0.8683	-7.7570	-2.1060	-1.7643	-2.8482	-3.9159	-6.4072	-2.0938	-6.7423	0.2804	-13.1972
-12.7151	0.2977	-5.0882	-0.5596	-1.7538	-2.8833	-2.6794	-6.2681	-0.9928	-8.8346	0.0757	-14.2507
-12.3983	1.8227	-4.4721	-2.6406	-4.0896	-2.9690	-2.0607	-3.9376	-2.7419	-6.8860	-0.4669	-11.9327
-8.3885	0.3716	-7.4583	0.0371	-3.3151	-2.8925	-6.3770	-4.3602	-1.3292	-3.9542	0.4049	-10.9253
-11.4414	-0.1996	-10.6223	-0.4161	-5.5290	-3.5601	-1.9739	-4.4497	-1.6869	-5.7048	0.4876	-7.1594
-7.4612	0.5420	-6.8169	-1.1795	-6.5605	-3.0011	-2.3588	-3.7449	-1.9159	-6.4895	1.5491	-12.5804
-13.0494	-0.3828	-3.9033	-1.0705	-3.9931	-2.2761	-1.9442	-6.2419	-6.1089	-8.3082	1.1473	-7.5883
-18.2143	1.0334	-3.6310	-0.7100	-5.2239	-2.3915	-2.9013	-4.5942	-0.2739	-7.3354	-1.2062	-7.0623
-5.3879	0.6420	-10.2285	-2.0294	-4.3913	-2.5212	-1.0245	-2.6161	-2.3604	-5.8465	-0.7994	-9.8847
-12.6099	0.2768	-4.5791	-2.4155	-2.8618	-3.2221	-3.9866	-2.2998	-0.8135	-5.6199	0.4634	-16.9621
-8.0670	0.5641	-6.7039	-2.4003	-4.2630	-5.4807	-2.8637	-2.6127	-1.8812	-6.4844	0.6346	-14.0855
-9.4776	0.5840	-7.7419	-3.7230	-6.3082	-4.5662	-1.7495	-4.5271	-2.0728	-8.6457	0.9284	-12.6566
-9.6950	-0.0719	-9.5041	-1.0001	-4.4929	-1.9527	-2.2457	-1.8946	-2.8632	-8.1795	1.8196	-13.8800
-9.8980	0.9979	-6.5925	-2.5635	-1.6192	-3.7595	-3.3362	-2.7723	-3.4199	-7.6509	-0.2189	-14.8839
-11.3086	1.0472	-8.7458	-0.5540	-2.5231	-2.5923	-5.4163	-2.9937	-0.7898	-5.5299	0.5369	-9.1569
-11.6665	-0.5785	-3.1532	-2.0412	-3.2630	-2.0414	-1.0221	-2.7565	-0.9153	-11.9478	1.1904	-9.6600
-15.3735	-0.4284	-8.7872	-2.6922	-1.9308	-2.6199	-0.3609	-2.4168	-5.8078	-6.4692	-0.3549	-11.1833
-12.2381	0.3952	-5.2120	-1.0760	-5.5075	-1.9619	-1.4095	-3.5644	-2.7576	-6.2961	1.5245	-6.7459
-16.1753	1.4303	-7.6367	-2.5459	-0.8469	-2.7447	-2.8515	-3.2997	-1.8736	-11.0624	1.2177	-10.0486
-9.5038	0.3041	-3.7164	-0.2712	-6.6863	-3.7595	-2.2425	-3.6613	-1.1290	-7.0920	0.2562	-18.4270
-9.1833	0.9436	-6.5726	0.0822	-4.7446	-4.9928	-3.0296	-2.6008	0.0779	-4.3902	0.6502	-15.0133
-11.9929	0.6795	-7.1435	-4.9479	-4.9401	-2.3772	-4.1325	-1.5731	0.0092	-9.9812	0.5981	-12.6191
-14.4359	-0.8642	-6.6734	0.1704	-5.1692	-0.8217	-5.4747	-3.3950	-1.4085	-3.0959	0.7232	-10.0195
-10.2794	0.6874	-7.8630	-1.7398	-4.1761	-3.5278	-2.9266	-2.6751	-2.6824	-9.0514	0.3199	-9.5815
-7.9772	0.6366	-4.7599	-0.1951	-1.7469	-2.5327	-3.2245	-4.5979	-3.0024	-5.9693	-0.2869	-10.4008
-7.8066	1.8440	-6.0013	-0.3613	-5.3136	-3.4977	-2.7362	-5.8078	1.0698	-9.3607	-0.8072	-8.1111
-12.1327	0.1690	-7.0290	-0.8742	-3.9171	-2.8598	-0.2857	-3.6491	-2.0938	-6.5432	0.3020	-13.8639
-11.6772	0.7687	-5.5690	-0.9366	-3.9320	-3.7918	-3.0941	-3.4313	-2.8845	-9.4357	-0.5906	-7.8209
-10.2687	1.3190	-10.2379	-3.3737	-1.7714	-2.1264	-4.5987	-6.1422	-1.9996	-4.3562	0.4099	-21.6067
-11.8204	1.1894	-5.6365	-1.0371	-2.8082	-3.2761	-4.0406	-4.7946	-1.3173	-5.7866	0.9929	-14.8288
-12.8951	-0.2737	-8.1307	-2.9521	-3.7208	-2.5634	-4.1769	-4.2959	-0.8812	-6.9612	1.5660	-11.5037
-8.9656	0.6034	-6.3180	-2.8750	-2.7918	-1.9477	-2.5860	-2.0512	-4.6994	-7.5032	-0.5527	-9.4913
-17.1775	-0.7621	-4.5411	-0.9167	-3.6048	-3.5433	-1.6405	-6.1664	-3.3597	-4.7469	-0.7333	-7.8719
-7.6959	-0.5255	-5.3668	-0.6827	-4.8791	-1.7758	-2.3796	-5.2105	-0.3464	-10.6262	0.6543	-13.7917
-8.2246	1.5578	-8.6368	-3.3561	-1.7260	-2.3994	-2.7433	-5.6130	-3.3047	-5.0007	1.5574	-13.4791
-10.2329	2.6272	-6.2238	-4.3351	-4.4276	-3.6178	-3.1882	-3.6380	-2.1051	-7.6399	1.2222	-7.5216
-10.2074	-0.2035	-6.3405	0.3698	-1.8274	-1.3247	-5.1130	-2.5350	-3.8601	-9.5920	1.3998	-15.0759
-12.5972	0.9258	-6.0344	-1.8935	-2.1251	-2.1754	-5.0254	-3.0598	-2.1181	-4.4813	0.3821	-11.8875
-8.6540	0.7886	-6.5109	-2.7647	-2.7022	-2.2774	-4.2603	-4.3002	-2.7732	-7.7078	0.0287	-8.7058
-8.5192	1.5289	-5.1071	-2.3277	-4.0338	-2.3389	-4.7850	-2.5995	-2.1670	-6.5098	1.2710	-12.6407
-8.4692	1.5966	-9.5131	-3.1697	-5.1707	-3.6376	-3.8000	-4.7017	-1.6015	-3.3243	1.2626	-12.8241
-6.5909	-0.3068	-7.2295	-0.9891	-4.3035	-2.5124	-2.3460	-4.8261	-1.4829	-8.1413	0.2545	-8.0788
-9.5587	-0.1366	-8.5090	-2.9636	-3.4559	-1.4929	-3.5199	-7.1104	-4.1134	-3.9518	0.5897	-8.7633
-13.1558	0.6964	-11.9233	-2.8184	-3.9512	-4.7098	-1.5651	-1.9631	-1.8926	-8.4012	0.1878	-10.5821
-7.1636	-0.8061	-7.0909	-0.4118	-2.4138	-3.5622	-3.2622	-5.5500	-0.4843	-7.2358	-0.0510	-9.5777
-16.2341	2.0939	-9.9383	-0.8754	-5.8562	-1.9617	-1.3531	-8.2403	-0.3822	-6.7427	-0.3281	-7.8057
-12.7547	-0.4953	-8.4712	-0.5051	-3.1753	-2.9593	-1.6470	-5.3453	-2.6431	-8.3751	0.4807	-9.7389
-11.1289	-1.0656	-3.2380	1.2593	-3.3571	-3.1709	-4.8125	-2.3235	-1.8132	-8.2291	-0.0101	-9.3810
-9.3977	1.3587	-5.2583	-2.6852	-1.8104	-1.8707	-5.5005	-3.2864	-2.0210	-8.9978	1.5567	-10.6455
-7.8038	0.8638	-11.0685	-3.7006	-3.0016	-1.7317	-1.6272	-7.0616	-2.1808	-2.9860	0.2747	-11.7863
-14.7754	-2.0234	-7.1637	-0.3367	-2.4451	-3.4429	-3.9624	-3.4545	-0.9651	-2.4011	-0.0403	-15.5862
-12.1203	0.3130	-12.3544	-2.1498	-6.6527	-5.5822	-1.9460	-2.9083	-1.4602	-4.3147	1.0631	-6.3914
-14.6077	0.4134	-6.2135	-3.3463	-4.4466	-1.4488	-2.7859	-3.8668	-1.5720	-8.7162	0.2308	-12.5560
-12.5082	-0.6684	-4.3204	-1.5325	-2.9664	-1.3724	-3.0144	-4.0629	-1.1391	-8.0403	-1.1898	-9.5524
-22.1528	0.1994	-5.1572	0.0748	-2.1335	-1.1367	-3.6683	-7.5514	-2.0352	-7.0553	0.2505	-11.4679
-13.7679	0.0497	-4.4984	-1.1407	-5.3253	-5.4209	-2.7646	-3.2988	-2.5669	-3.5357	0.9371	-25.0801
-10.5872	0.8805	-8.6111	-1.6208	-3.9669	-1.7534	-2.2604	-1.4768	-1.9972	-7.2072	1.2182	-10.9821
-10.3618	0.1022	-7.3508	-2.1635	-4.4786	-2.2739	-2.9260	-2.3186	-1.4431	-10.1554	0.3900	-14.8974
-8.4016	0.6004	-3.6284	-0.2645	-3.4012	-6.0205	-2.7018	-4.2470	-1.0490	-6.0333	0.4269	-24.4733
-11.4556	0.7931	-9.1546	-1.8485	-3.5117	-5.0058	-2.5789	-2.8790	0.1372	-4.3683	0.4683	-9.1609
-13.6249	-0.0247	-3.9729	-1.1237	-4.9577	-2.3244	-6.3035	-5.6015	-0.7259	-6.3659	0.3531	-12.0352
-7.9237	-0.6296	-8.9049	-0.6801	-2.5274	-4.9327	-2.6854	-3.7085	-1.2951	-3.5429	1.3364	-10.2602
-8.1737	1.1504	-3.1092	-1.7368	-2.8357	-3.1848	-4.8113	-8.3415	-0.6473	-5.9057	0.1153	-17.8868
-10.9379	1.0500	-5.9111	-2.1014	-3.1936	-1.3080	-2.2296	-5.0747	-2.4962	-4.6409	0.6049	-11.9370
-3.6874	1.2979	-7.4073	-1.1432	-2.8073	-1.6127	-4.6125	-7.7744	-1.5047	-8.5220	-0.3675	-10.1740
-9.0283	0.6903	-6.6297	-1.0366	-4.0107	-5.2532	-4.5411	-5.7471	-0.9082	-8.2772	0.4253	-20.6792
-10.3546	0.8708	-6.4875	-1.3421	-8.5053	-3.7307	-4.5513	-2.9318	0.6863	-5.9859	0.4397	-11.6211
-9.0060	-1.0482	-9.2412	-2.7358	-3.1625	-4.4680	-6.2734	-3.6573	-1.0406	-2.5646	0.0209	-10.2575
-12.8135	0.3381	-4.6793	-0.6570	-3.3868	-3.0728	-0.9108	-2.8437	-0.3223	-9.1101	0.1947	-5.5126
-8.1923	0.5950	-6.3089	-1.1551	-2.3744	-4.2020	-1.2420	-2.9664	-2.5464	-6.5376	0.8768	-7.2593
-8.2781	1.0643	-2.9325	-0.8093	-2.9605	-2.4461	-3.2326	-4.6996	-0.2554	-3.5327	-0.9302	-17.9819
-7.9745	0.5885	-9.2740	-1.5287	-1.8020	-1.4082	-2.5781	-3.2981	-2.5353	-5.8907	0.1491	-17.9949
-10.8226	1.3331	-7.0631	-2.2578	-6.0024	-3.6536	-4.1492	-3.0398	-2.6562	-5.6040	1.2789	-13.1156
-12.4298	0.5632	-5.7476	-1.4531	-1.7850	-3.9096	-4.1742	-4.3506	-0.6619	-8.6702	-0.2227	-7.8507
-17.7246	-0.3405	-5.2050	-1.9478	-5.2886	-2.0575	-2.8194	-2.9324	-2.2841	-8.2821	0.3930	-15.8338
-8.7938	0.5802	-5.7611	-0.5439	-3.0287	-1.0616	-3.5434	-6.0505	-1.8287	-4.0140	1.7117	-9.9976
-7.6949	0.6154	-6.1240	-1.5615	-3.5919	-2.7707	-2.5602	-5.3669	-2.3648	-4.3345	-0.7338	-10.0148
-13.1369	-0.4076	-4.7562	0.2957	-2.9623	-4.1194	-4.4809	-6.0502	-1.4441	-4.9086	1.0331	-5.7763
-23.8246	1.8619	-10.7640	-1.5173	-6.1708	-3.2601	-3.4540	-6.4493	-0.5585	-6.1818	1.7308	-6.7230
-13.1689	0.0936	-6.0369	-2.8160	-3.1524	-1.8172	-3.8959	-4.5662	-1.5221	-3.7969	0.4145	-12.6385
-5.4514	-0.3683	-9.2124	-1.1060	-2.2863	-2.6717	-1.1061	-3.6722	-0.8281	-7.6868	-0.0407	-20.4221
-8.0864	1.6196	-10.9943	-2.0998	-5.8568	-4.5317	-1.4287	-3.7089	-3.3572	-6.6450	0.8546	-8.5860
-7.8374	0.0381	-11.0859	-2.7712	-3.8203	-2.8663	-2.2635	-5.9049	-4.2869	-5.9348	0.9222	-12.0053
-12.5431	-0.2100	-3.7409	-0.6589	-3.4879	-1.9419	-1.5381	-2.6211	-1.5207	-6.5294	0.3800	-12.1778
-13.2170	-2.0174	-4.7324	-1.8301	-3.3211	-0.5536	-1.0440	-2.8996	0.0164	-4.5329	-0.8130	-14.6130
-8.6050	-0.4630	-6.2471	-1.0757	-4.1880	-1.3881	-2.6902	-7.0725	-1.2505	-5.3056	-0.0763	-9.6707
-11.4080	1.0210	-3.6208	-1.4584	-5.9720	-2.9992	-3.0646	-5.8318	-1.6593	-6.3010	-0.8091	-10.5843
-9.8607	1.3262	-5.5112	-1.4567	-3.3556	-3.2953	-4.9624	-6.5274	-5.9948	-3.9275	0.8520	-12.1014
-5.4369	1.6994	-5.7547	-0.4162	-0.9547	-3.2613	-2.6525	-4.5326	-0.9245	-10.9783	-0.8761	-24.2762
-11.0761	0.4205	-11.0491	-0.9758	-3.8399	-1.8573	-1.6895	-3.0714	-1.3209	-9.6265	0.2357	-9.5225
-8.8795	0.9152	-6.9522	-1.5615	-4.3013	-1.2433	-4.6936	-5.8261	-0.2142	-4.8469	1.7883	-12.0765
-10.0193	-0.0584	-4.0724	-2.5542	-5.4304	-2.6669	-4.4243	-2.9859	-0.9880	-8.9117	0.4637	-9.1331
-14.6598	0.9255	-6.4097	0.0814	-4.3469	-3.0325	-4.1327	-4.2413	-1.1826	-5.9452	0.7022	-21.2886
-6.7744	0.1552	-6.4306	-1.8408	-4.7695	-3.7084	-1.0258	-4.5341	-1.0939	-6.9194	0.5883	-9.2145
-7.0858	0.1423	-8.5344	-1.3759	-2.6165	-2.6370	-4.1150	-5.7963	-1.6711	-11.0126	0.2172	-12.4712
-10.3354	1.0928	-5.6451	-2.2884	-1.9449	-1.8890	-1.2498	-4.3678	-2.6813	-7.3096	2.2202	-14.9285
-11.1912	-0.0504	-5.8361	-1.5328	-3.2537	-1.9722	-4.1013	-4.3467	-2.8853	-8.0014	0.8705	-8.6349
-9.4259	0.0557	-5.7202	-1.0403	-2.7241	-4.9040	-2.4532	-2.5705	-3.1132	-8.9861	1.4885	-9.8671
-8.9620	-0.2042	-11.5761	-0.1313	-4.8481	-2.6425	-3.6061	-1.6014	-1.4301	-7.3234	0.5971	-9.5241
-11.4990	1.9270	-8.6033	-1.5582	-3.4608	-3.6084	-4.4894	-2.3645	-0.6437	-4.9050	-0.0229	-10.2231
-18.0083	-0.0154	-7.5113	-1.7183	-3.4268	-2.6538	-3.4070	-0.4158	-0.9721	-5.0702	-1.2913	-10.8069
-14.1694	-1.6271	-5.9560	-1.1489	-2.4681	-2.8948	-1.0348	-4.3208	-4.1586	-3.7955	1.2041	-7.9425
-13.4400	-0.2532	-3.8361	-1.8485	-4.0325	-3.0567	-4.2870	-5.2849	0.0755	-5.1342	0.3066	-11.0353
-7.8488	1.3023	-4.7297	-0.5853	-4.8400	-5.2428	-0.6108	-5.4640	-1.1408	-5.5163	0.0216	-15.9166
-23.7689	1.0961	-12.3759	-3.0318	-3.3440	-1.8181	-0.9249	-3.0061	-1.7760	-5.9449	-0.4700	-8.8250
-9.4917	-0.5973	-7.0632	-1.8885	-3.6399	-3.0355	-1.7976	-2.4329	-3.2960	-8.6513	0.5560	-7.0821
-9.9229	0.6907	-6.1862	-0.8658	-2.5267	-2.9120	-4.1921	-4.7904	-2.2978	-5.5686	2.2250	-7.4961
-11.5432	1.5540	-10.3764	-1.9751	-3.1275	-4.1436	-2.5682	-4.2256	-2.4128	-11.2106	0.6994	-11.2577
-12.3415	0.3109	-8.6085	-0.7835	-2.8550	-1.4722	-3.1925	-4.2689	-2.5028	-6.9359	0.6579	-9.4034
-7.4030	0.6641	-6.8041	-3.4532	-2.3071	-1.8059	-2.1437	-4.7381	-2.2944	-6.1499	-0.0882	-12.0775
-13.9616	-0.6720	-9.5701	-0.6853	-2.3761	-1.9930	-2.8732	-4.7876	-1.0638	-5.3242	-0.0321	-9.2518
-18.5574	0.3855	-8.3190	-2.4570	-6.8817	-3.0040	-2.9270	-3.6359	-1.3633	-7.4600	1.0764	-8.2304
-8.4450	-0.0605	-5.2252	-1.8711	-4.9315	-2.6661	-1.9535	-3.0927	-2.5867	-6.3190	0.7089	-26.4703
-12.7346	-0.3366	-6.7189	-0.8156	-4.7893	-2.8200	-1.1956	-3.3910	-1.6504	-5.3528	0.4792	-8.4775
-13.3976	0.0013	-7.0183	-1.3454	-5.1230	-5.1874	-2.8230	-1.3203	-0.3355	-5.7941	-0.4830	-13.3198
-17.7572	-1.3530	-4.9920	-1.0611	-4.8270	-2.1931	-3.3089	-3.4287	-0.5592	-5.0826	0.5265	-8.4774
-7.7746	0.5027	-10.7594	-1.4283	-4.3489	-2.8838	-2.0678	-2.9162	-1.6548	-6.0816	1.5321	-8.5159
-12.1644	1.2804	-6.1185	-3.7311	-6.4147	-4.4358	-3.3848	-4.4480	-2.3241	-5.3845	2.0327	-10.6255
-24.5184	2.0240	-3.2273	-1.7257	-4.6079	-1.8170	-5.2196	-7.7349	-1.0557	-6.6241	0.6255	-8.5018
-11.7571	0.0270	-3.1707	-3.4363	-5.2309	-1.7664	-2.0327	-6.4219	-3.7790	-8.3376	1.5825	-7.1297
-12.8309	1.5945	-12.7570	-3.6764	-5.4089	-1.5322	-1.8032	-1.9198	-0.8093	-7.8942	1.0856	-9.4804
-13.2131	1.3116	-4.8350	-1.7355	-4.4498	-2.9648	-2.1398	-5.6364	-3.4874	-12.1028	0.5740	-14.7838
-18.9772	0.0890	-6.5724	-2.6703	-0.9613	-1.9290	-3.4605	-2.9854	-2.4079	-9.6885	1.1140	-10.5467
-10.1783	1.0876	-6.9543	-1.4848	-4.5985	-4.2799	-2.7022	-4.5996	-1.0593	-9.5214	0.5119	-6.3055
-10.8863	1.6152	-6.3119	-1.6538	-5.1155	-5.3332	-4.9402	-4.5050	-4.1385	-8.8665	1.7672	-7.8760
-7.7892	1.8490	-9.8589	-3.7282	-4.1130	-3.0365	-1.8017	-2.9493	-2.5529	-5.3411	1.3523	-8.9088
-16.4777	0.9793	-7.1459	-3.9299	-3.6986	-5.6415	-1.6880	-2.5508	-1.0433	-4.2814	-0.4620	-13.7491
-7.7590	1.6756	-4.4611	-2.1588	-4.8996	-3.9358	-1.1197	-2.2600	-3.3813	-5.6326	0.5014	-13.5858
-10.8759	0.2160	-10.7092	-2.1203	-2.0622	-2.4194	-2.2488	-3.6337	-1.7931	-6.6246	0.6769	-11.0116
-8.3170	-0.0815	-8.9542	-2.8369	-4.2895	-3.4485	-4.9209	-4.2455	-2.3338	-5.0958	0.9363	-16.8450
-23.1069	0.0565	-9.0535	-3.4537	-3.3754	-0.9318	-2.5810	-4.9943	-0.4272	-3.8513	0.1121	-9.5470
-6.8757	1.0458	-6.5635	-3.4200	-4.7536	-1.2732	-5.1019	-3.6952	-3.1158	-9.7952	1.6685	-16.6803
-12.8806	-0.1939	-5.4194	-0.5066	-5.9825	-3.0752	-2.1253	-5.7924	-0.8629	-8.2022	-0.0721	-13.3573
-7.5209	0.5413	-4.1366	-1.3656	-4.4870	-3.6006	-4.1372	-9.4475	-0.2453	-5.6899	0.1657	-12.8303
-12.0703	2.2906	-8.8169	-2.6208	-9.6762	-2.2889	-3.1394	-5.5186	-1.7376	-4.9732	0.5846	-9.5548
-12.8089	0.6124	-9.1456	-2.3885	-3.6738	-1.8862	-2.2131	-2.4334	-1.2568	-8.4174	-0.4495	-8.2464
-12.5465	0.3735	-8.9433	-4.0914	-5.7273	-2.8903	-1.7956	-2.4362	-0.2898	-3.7508	1.4501	-9.6967
-9.6124	0.9646	-8.4419	-1.8188	-1.8358	-3.7558	-3.0031	-6.3215	-1.5566	-2.8912	-0.0361	-9.4789
-12.3160	0.0711	-4.1773	-2.0284	-3.5456	-3.9220	-2.2298	-2.2388	-3.4560	-7.3143	0.2713	-9.1555
-10.5181	0.8222	-5.3776	-2.2380	-4.1911	-3.4608	-3.5096	-4.7956	-2.1382	-8.6270	1.3221	-10.7342
-10.3460	1.2482	-7.2084	-2.2073	-4.3544	-2.7272	-1.7892	-3.8683	-2.0447	-10.9893	1.4858	-11.0298
-11.0041	-0.0096	-5.9994	0.0448	-2.4210	-3.6176	-3.4416	-1.8980	-1.7447	-17.3381	-0.0143	-7.0409
-11.8119	1.3250	-5.7325	-2.2628	-5.8666	-4.0868	-3.9539	-2.5763	-0.9842	-3.4574	-0.4293	-23.0596
-8.2349	1.9983	-6.5528	-3.6066	-5.1418	-3.0535	-2.3003	-2.0928	-0.7186	-5.3193	1.3113	-10.9417
-8.8855	0.3532	-6.8819	-1.9459	-2.2824	-1.1555	-1.3659	-4.7394	-1.4054	-3.1662	-0.4319	-8.3115
-13.7262	0.5320	-6.2890	0.2264	-2.7382	-2.6296	-2.8351	-6.9606	-2.3005	-10.0638	1.2489	-10.5244
-8.4801	-0.6558	-8.0168	-0.5760	-4.7673	-2.7343	-3.1273	-6.2068	-1.1643	-4.2090	1.0493	-15.3693
-19.1077	0.6004	-6.5877	-1.9968	-8.2530	-5.4307	-2.3876	-4.5138	-0.0978	-4.4554	1.7103	-11.3022
-13.7791	-0.5237	-11.0190	-2.5724	-4.1981	-1.3812	-5.4444	-5.5059	-0.9779	-5.5092	1.0801	-8.0138
-8.8410	1.3482	-3.7742	-0.6306	-4.0816	-3.6498	-2.7739	-5.3306	-0.0892	-9.0204	0.1026	-11.8068
-10.3985	0.8661	-7.7224	-0.8247	-5.3275	-2.7895	-4.2931	-10.6540	-0.4764	-2.8449	-0.2081	-12.5709
-8.3353	1.1232	-4.7021	-2.8768	-4.5214	-3.5978	-1.3288	-6.9314	-2.5262	-5.9223	0.5314	-9.5115
-11.7051	0.5144	-7.3234	-1.9548	-2.9214	-2.4096	-2.0617	-2.8569	-2.8081	-10.3986	0.9594	-6.4598
-24.3316	1.4866	-5.0597	-0.5571	-3.8803	-2.5138	-1.2827	-0.7353	-2.6443	-12.6468	0.2952	-10.2675
-17.5785	-1.0333	-5.0289	-1.9042	-5.2296	-1.5419	-2.3650	-4.5482	-2.8518	-6.0641	0.8791	-12.6216
-8.0534	0.9333	-5.5498	-1.7764	-3.8459	-2.4938	-4.1158	-4.8235	-0.8695	-5.5054	0.7887	-12.1986
-15.4198	-0.4390	-8.8919	-1.3822	-3.3600	-3.2505	-2.1131	-4.2729	-3.6194	-4.7049	1.0730	-10.8589
-9.3173	0.2097	-4.0447	-3.6816	-6.7343	-2.4574	-3.8135	-4.2655	-1.2725	-6.4707	0.8936	-14.3450
-10.6338	1.2713	-7.4596	-3.5013	-4.4772	-2.1120	-4.0393	-3.6261	-1.4022	-6.3286	0.7507	-7.4013
-5.5045	1.3534	-6.7499	-3.5363	-2.5888	-4.1630	-2.3770	-3.8317	-1.9366	-4.8008	1.0019	-13.3595
-9.4726	0.3819	-3.3985	-0.7733	-3.6609	-3.6734	-0.5645	-3.6041	-2.1371	-6.8175	0.7598	-14.3075
-13.4616	0.8932	-3.1233	-1.1503	-4.1345	-4.0224	-3.6358	-7.9090	-2.4626	-10.4356	0.3448	-8.8096
-5.3295	0.4592	-4.8116	-2.2159	-1.5528	-3.3699	-6.5253	-4.2242	-2.9556	-6.3378	0.2846	-9.9640
-9.7312	1.6171	-4.4453	-1.0020	-3.7292	-2.7912	-2.3537	-4.5173	-1.3764	-8.4644	0.2065	-11.2818
-5.6519	0.1861	-10.4324	-2.0279	-5.2112	-3.0919	-1.4420	-5.2165	-3.7007	-5.1034	1.4785	-11.3584
-8.8293	1.2908	-2.7381	-0.8190	-5.5342	-4.8250	-5.3971	-6.2077	-3.8271	-7.2694	1.6473	-7.0588
-8.3612	1.5059	-8.2535	-0.3691	-2.3762	-1.8686	-2.0502	-6.2505	-0.8513	-7.7053	-1.0697	-27.6175
-9.4165	1.3034	-7.3726	-1.9199	-3.8041	-1.8657	-4.1724	-7.3308	-0.3908	-6.2717	0.3930	-10.5403
-11.2661	-1.2088	-4.6595	-2.2859	-1.7835	-1.4168	-6.2917	-7.1186	-1.2875	-9.2194	1.9629	-11.6885
-15.4042	-0.4142	-4.7809	-1.2670	-3.9698	-3.9865	-2.3406	-2.4842	-2.4903	-8.3189	1.2705	-7.4779
-9.2922	1.0016	-6.3779	-2.1247	-4.8762	-2.7806	-3.0699	-5.1044	-0.0058	-5.5350	-1.1403	-8.6675
-10.1148	0.0063	-4.8286	-1.3463	-8.0189	-3.5773	-2.6959	-5.7586	-1.5320	-8.4953	0.9196	-11.1759
-8.3504	0.8061	-4.0931	-1.9030	-5.2527	-5.1412	-2.8867	-3.7592	-0.6642	-11.8512	1.0066	-11.6593
-9.5744	1.6047	-6.4766	-3.4092	-3.7639	-3.9380	-1.5275	-5.9667	-2.0686	-3.3908	-0.7674	-11.1848
-10.4766	0.5452	-4.6855	-0.1464	-2.0618	-5.2115	-2.3022	-2.6316	-2.3034	-7.7111	0.1670	-9.2206
-17.3671	0.8893	-4.4182	-2.4864	-5.7922	-6.1916	-2.9607	-2.9664	-1.9872	-6.4757	0.9427	-9.4802
-8.2406	1.6591	-6.0937	-4.4837	-2.1713	-2.7312	-3.6578	-3.3938	-1.3416	-6.7042	-0.1813	-9.4091
-6.6822	1.0275	-7.5013	-2.4835	-3.5178	-2.0918	0.3514	-3.8226	-2.4541	-4.0947	-0.3936	-10.3809
-17.6265	0.3233	-8.0763	-1.6906	-5.2277	-2.0219	-1.4822	-4.7288	-0.9614	-4.0229	0.8208	-8.9812
-9.4691	0.4127	-5.8776	-1.5135	-5.5433	-1.5900	-4.6087	-4.3345	-2.5306	-7.8656	1.1170	-8.1986
-16.4068	0.2455	-4.8270	-1.3398	-4.4054	-2.5501	-4.6733	-3.2920	-1.1082	-5.0030	1.0994	-8.4691
-17.2039	1.0113	-7.5836	-1.4154	-5.6598	-2.9380	-1.8502	-3.7487	-1.9679	-7.0677	0.9100	-14.1567
-9.8267	0.9760	-8.1687	-3.9305	-3.2284	-2.6842	-4.3330	-2.2062	-4.4407	-6.0493	2.0725	-16.0786
-10.9473	0.2334	-8.1314	-1.3683	-2.4199	-2.3828	-2.2981	-2.8970	-1.1828	-5.1858	-0.7722	-18.2719
-8.2316	0.6371	-4.7972	-1.1500	-5.1991	-2.1039	-5.8185	-2.8456	-2.1223	-9.7940	1.5688	-13.1054
-12.1881	0.5414	-4.3132	-1.4840	-4.6739	-1.4235	-2.1153	-3.0739	-1.7700	-6.3517	1.6261	-16.9262
-9.0882	0.3462	-5.4118	-0.1482	-2.6586	-1.3624	-3.3261	-3.0485	-1.4273	-5.4130	0.4281	-18.4328
-7.5358	0.8905	-7.7706	-0.4250	-5.6663	-3.0960	-2.5367	-5.4480	0.1752	-6.8887	-0.7470	-11.8619
-7.4602	-0.7180	-4.0253	-3.4375	-2.1491	-0.7729	-3.7989	-2.9423	-5.3161	-3.4857	1.1259	-8.7428
-7.1508	1.1821	-6.2240	-0.8796	-2.0715	-2.2389	-3.8778	-4.9410	-0.6578	-10.3602	0.6110	-10.0267
-12.1810	0.6589	-5.3206	-2.0597	-3.1427	-5.0468	-0.9760	-3.9120	-2.9704	-8.9438	2.0039	-7.4038
-12.4227	0.2204	-5.3036	-1.8523	-4.5886	-4.5898	-1.6592	-2.0228	-1.8171	-3.4012	-0.8794	-11.8650
-11.2391	0.9542	-12.1937	-2.3163	-4.7143	-1.9453	-1.7585	-2.7920	-2.3626	-5.6350	0.4767	-9.6043
-10.4172	-0.5161	-5.0265	-3.2800	-2.7578	-2.6212	-3.1520	-2.1020	-1.6841	-4.8402	-1.3270	-19.5558
-8.3456	1.2845	-5.4087	-2.1008	-4.1050	-3.6605	-4.0376	-5.3633	-1.6029	-4.4386	1.1420	-11.5032
-10.7780	1.1399	-2.6505	-1.7331	-6.5931	-4.3258	-3.5930	-3.1373	-1.4033	-5.1752	-0.2398	-14.0559
-19.1649	0.0501	-4.8867	-1.8389	-4.0421	-4.6695	-3.8782	-3.9476	-1.6189	-5.8946	1.4460	-10.5087
-8.8096	1.7751	-5.9696	-1.0906	-3.2320	-3.5858	-2.2337	-3.0392	-0.5082	-8.1087	-0.4096	-8.5939
-6.5398	0.1763	-5.1625	-0.7591	-6.4479	-3.2456	-4.0199	-3.5393	-2.8501	-9.7752	1.4619	-7.8428
-14.2142	2.2242	-9.2502	-2.7228	-4.6601	-3.0874	-3.4120	-3.6224	-2.0624	-3.0501	0.1554	-14.2079
-12.7756	-0.5643	-6.0160	-3.9842	-3.5741	-2.4461	-2.6829	-3.9342	-2.0060	-4.6181	1.8502	-8.9697
-5.4355	1.4592	-8.7717	-1.4061	-8.8486	-1.7501	-2.4442	-4.6654	-1.3476	-5.7317	0.5646	-12.3619
-10.2494	0.8789	-9.5424	-1.0240	-2.2304	-6.9425	-3.4977	-5.1723	-2.2999	-4.2500	0.9227	-16.5324
-26.6967	0.7924	-7.2946	-0.7062	-7.0548	-2.5368	-2.2562	-3.5151	-2.7671	-3.9616	0.1509	-13.4134
-7.8035	0.7807	-5.0697	-1.6354	-3.3535	-4.6231	-4.3586	-5.8277	-2.1321	-7.0660	1.5700	-15.2729
-7.5123	1.3929	-6.5834	-2.9141	-4.8442	-3.6103	-1.4908	-1.9664	-1.2584	-5.6729	-0.4602	-6.9345
-8.8302	0.6861	-6.5116	-2.2754	-2.9643	-1.6177	-3.4409	-7.9064	-1.1854	-5.8921	-1.1710	-16.2061
-10.5018	-1.5710	-4.9648	-0.3705	-2.7628	-3.6842	-3.2483	-5.1496	-2.5787	-5.5883	1.0148	-13.3469
-10.1120	-1.1302	-5.4256	-0.2396	-4.6435	-4.0407	-2.3696	-3.6231	-1.2523	-8.4883	-0.0404	-9.1089
-14.6237	1.3125	-6.1062	-2.1206	-6.6801	-2.7306	-0.7860	-4.6137	-0.5155	-4.7435	1.4564	-16.7818
-11.2973	-0.0993	-5.8230	-0.9184	-5.8878	-1.4119	-2.9846	-5.3932	-1.9936	-6.2719	0.6189	-10.5149
-8.9314	1.1963	-8.6839	-2.1674	-4.9836	-1.8772	-2.2959	-4.8103	0.0550	-7.3312	0.3750	-15.2362
-24.1858	0.7945	-10.6617	-1.6113	-4.9665	-4.1442	-4.2836	-5.2478	-0.1189	-5.1805	1.2837	-9.3624
-9.1821	0.7335	-3.5065	-1.5031	-3.5457	-1.5805	-2.4180	-6.2171	-3.2606	-2.8353	0.9786	-10.7123
-17.9646	0.3534	-3.7885	-0.7873	-6.0943	-3.5027	-3.5050	-4.6981	-1.6989	-7.2774	0.0969	-23.2632
-7.6031	0.7678	-9.6634	-2.1446	-4.2851	-1.8382	-4.1800	-5.5682	-1.9759	-5.4625	1.1519	-9.1188
-7.5135	0.5814	-5.4492	-1.7652	-3.8846	-3.4115	-3.4484	-2.8303	-1.7940	-9.1097	1.5198	-21.2283
-8.2776	-0.3166	-7.5421	-1.3577	-2.9858	-1.5631	-2.7062	-2.8607	-1.8128	-6.8677	-0.9192	-16.0767
-9.6995	-0.4179	-7.7711	-3.5753	-4.0900	-2.3566	-2.2257	-4.6265	-2.2862	-2.7490	0.2844	-12.2657
-8.5272	1.4068	-6.5628	-0.5005	-1.7577	-3.6173	-4.0674	-9.7704	-1.4628	-3.3715	0.3588	-8.3192
-14.4871	0.1616	-12.3389	-1.9897	-4.2403	-3.3951	-2.5926	-5.6077	-0.1604	-6.3550	1.5345	-8.9803
-13.1099	1.3505	-5.4175	-1.7282	-2.0696	-4.0866	-5.2229	-3.1907	-3.2399	-8.1052	-0.2192	-12.7197
-16.4555	-0.1428	-2.8428	-0.9760	-5.4764	-2.5478	-2.1757	-3.9232	0.1789	-5.8055	0.5381	-8.8308
-8.9921	0.5075	-4.6480	-4.0146	-7.2970	-2.0058	-2.6932	-4.6427	-3.2340	-6.2136	1.6351	-15.2304
-10.2020	0.4815	-9.7197	-1.5656	-4.5952	-2.8734	-0.8151	-4.8248	-0.5868	-3.8946	-0.1448	-9.8541
-6.9204	0.2044	-5.4333	-1.5762	-6.7181	-4.4842	-2.0388	-4.4411	-2.2711	-5.5268	-0.0580	-15.7421
-22.1762	0.1548	-7.9165	0.3292	-5.6751	-2.7326	-1.2345	-5.9194	-1.9435	-5.9160	-0.0222	-10.4559
-11.4666	1.4488	-3.4857	-1.3507	-4.5464	-3.5669	-3.3739	-3.9511	-2.5989	-7.0276	0.9631	-11.6804
-11.7205	0.7198	-8.0412	-2.7325	-2.4404	-4.2739	-2.4018	-1.1731	0.1275	-5.9157	0.8830	-9.6605
-12.2214	-0.3138	-6.6898	-0.9287	-2.9133	-1.2813	-2.3057	-3.6716	-1.3791	-6.5496	0.3760	-13.2104
-12.7710	0.7117	-5.5851	-3.9471	-2.3305	-4.8671	-0.7771	-4.1130	-1.6412	-5.8337	-0.4215	-14.4443
-8.0868	-0.0805	-5.8439	-1.6777	-10.7698	-3.2614	-3.0874	-4.4085	-1.1814	-4.2921	0.6656	-8.1437
-11.0486	1.4302	-8.3631	-1.9179	-3.4758	-2.3324	-4.4045	-2.9724	-0.6009	-9.4729	-0.6461	-11.3421
-12.8582	2.0938	-3.2969	-1.8150	-4.0808	-2.3928	-2.2927	-4.7636	-2.0777	-6.3624	1.2527	-15.1946
-8.2649	1.6879	-7.6942	-1.0188	-2.8857	-3.0880	-2.4700	-4.5974	-0.9640	-5.1011	-0.3683	-14.4810
-9.0719	-0.2295	-3.9022	-2.8185	-4.1949	-2.2335	-1.2424	-4.2485	-0.8879	-4.8321	-0.7045	-13.1089
-11.7117	-2.5663	-8.4982	-0.2336	-3.1884	-3.1499	-1.9450	-5.8708	0.6011	-3.6236	-0.3549	-13.1088
-7.9590	1.7017	-7.9359	-1.5930	-3.9071	-1.3621	-2.6950	-4.6673	-1.0613	-7.4607	0.0632	-12.5340
-10.5806	-0.2984	-7.6501	-2.0089	-6.0919	-1.4942	-1.0073	-3.0365	-0.8272	-5.4391	-0.5717	-9.9195
-20.8454	-1.0637	-6.3188	0.4826	-1.7908	-2.6511	-3.9995	-5.6516	-0.3640	-4.9494	1.2239	-8.6881
-11.4680	0.5179	-9.0171	-3.7229	-3.7446	-2.7104	-2.4231	-3.9406	-1.8457	-6.7128	0.4209	-8.0350
-6.1700	0.5945	-8.7791	-1.2035	-4.0341	-3.5260	-4.2717	-4.0615	-1.0343	-5.2155	0.3819	-8.5503
-12.8188	2.3043	-6.3781	-3.7520	-4.2400	-4.2824	-1.2117	-5.1230	-1.8384	-5.6181	0.8876	-14.3002
-8.3361	0.5406	-5.5655	-1.8419	-5.8003	-1.8061	-2.0468	-6.1350	-1.6434	-4.1396	1.8134	-8.7407
-10.9615	0.2093	-7.0149	-1.3654	-1.9895	-3.7973	-3.8157	-7.4929	-0.7133	-3.1827	-0.5825	-15.6036
-11.8245	-0.1256	-6.7843	-1.2181	-3.3551	-2.3195	-3.7702	-7.8583	-1.5470	-4.5948	-0.2148	-7.9710
-11.3295	-0.2919	-6.3797	-0.8891	-3.8303	-2.8065	-2.5853	-5.6074	-2.8258	-4.3206	1.5986	-16.0418
-15.0003	1.0835	-6.2594	-2.2361	-3.1831	-1.1321	-3.3100	-6.3028	-2.2267	-7.0209	1.2882	-9.4557
-10.3589	-1.2298	-4.7713	-1.5549	-3.8334	-4.0147	-1.7616	-2.1153	-3.3588	-6.3236	0.6682	-16.0784
-11.1027	-1.7931	-7.8585	-0.8010	-5.8487	-3.4323	-2.1131	-3.4639	-2.2764	-5.9950	0.8756	-15.9977
-5.8468	0.5068	-7.0430	-0.7211	-4.2862	-4.4301	-3.2169	-2.5233	-1.4454	-6.6581	-0.0808	-9.6961
-10.0891	-0.2623	-3.1576	-2.0448	-6.9940	-2.0367	-2.7296	-4.0609	-1.3157	-11.5205	-0.5316	-10.2013
-9.6277	0.4014	-4.7050	-1.7004	-4.5864	-2.8301	-2.7099	-6.4398	-1.4613	-4.7437	2.0942	-10.9914
-13.6256	0.0016	-2.1547	-1.4161	-4.3792	-3.5695	-5.2558	-3.1673	-2.3899	-4.0006	0.0505	-13.2596
-15.6136	0.3566	-4.9673	0.2575	-5.3380	-3.4300	-4.7147	-4.3574	-0.3977	-5.8411	0.4023	-14.2732
-17.2396	0.7217	-14.2047	-1.6969	-2.2393	-2.7908	-4.3999	-4.4868	-1.9430	-4.6618	0.8640	-17.1865
-6.8490	0.8088	-7.6683	-1.4030	-5.3839	-4.5293	-0.4003	-3.6939	-3.4289	-7.3578	0.6239	-4.7473
-10.3048	1.5545	-3.7753	-0.5890	-3.9942	-3.8248	-2.9116	-11.5076	-0.6181	-8.5046	0.4667	-10.0276
-24.5971	-0.7714	-10.0488	-2.2691	-5.2250	-2.5095	-2.2457	-2.5080	-2.0103	-4.7331	1.5045	-11.1567
-14.4824	-0.2479	-6.2947	-1.5659	-1.7027	-2.9912	-1.5508	-2.2108	-2.0819	-7.9688	0.4131	-12.7551
-6.6288	0.5744	-6.0917	-0.6489	-5.1334	-4.5377	-0.9260	-2.8279	-2.0893	-6.4701	0.6023	-7.9869
-10.1325	1.2312	-4.5919	-1.8614	-4.3568	-4.1621	-3.1361	-4.8875	-2.8135	-5.5146	1.0946	-13.7079
-10.1399	0.6712	-6.3951	-2.9866	-4.5461	-2.5533	-4.9773	-7.4227	-1.9805	-3.5214	0.8919	-15.2843
-11.2898	0.9323	-4.4370	0.1913	-1.7932	-5.5223	-5.8196	-3.1709	-2.3116	-8.5404	0.9517	-9.6871
-14.0553	1.6189	-8.0497	-0.5065	-4.1399	-3.8385	-4.3105	-4.5898	-1.3194	-6.5663	2.0992	-14.7043
-5.9405	0.3620	-8.9832	-0.0819	-2.5032	-4.5537	-3.1158	-2.3946	-4.7717	-9.0992	1.5465	-16.3869
-9.9847	1.4431	-5.1306	0.0937	-4.9933	-4.7561	-2.8659	-5.2498	-2.6401	-6.0798	0.5629	-7.1453
-9.4179	0.3015	-4.1738	-0.5287	-5.5523	-2.5102	-3.7491	-5.1591	-2.9525	-5.2247	1.6811	-6.9021
-12.0084	0.4514	-4.9854	-0.2521	-3.9375	-3.6951	-5.4708	-5.1230	-0.6211	-5.6947	0.6645	-7.0271
-12.0177	0.6234	-8.1100	-2.7078	-3.9104	-6.7940	-3.5784	-2.6288	-1.1176	-2.6261	-0.3148	-15.3268
-9.2867	1.6201	-9.1940	-0.6245	-2.0736	-4.9839	-3.7485	-3.5143	-1.2021	-10.7393	1.0602	-14.8972
-7.8568	1.1261	-4.5962	-1.7827	-3.9946	-2.8542	-3.3334	-3.5049	-1.8029	-3.8679	-1.8808	-13.7351
-10.5857	1.3657	-4.2545	-0.7190	-4.1622	-4.0993	-3.3285	-5.1645	-0.6634	-5.4023	-0.7736	-8.0753
-9.9185	-0.1916	-6.3348	-0.6511	-4.0288	-2.8475	-2.1241	-5.2140	-2.6662	-8.6011	0.9736	-18.6623
-8.8253	-0.1823	-12.9487	-2.1161	-7.2834	-1.4052	-3.3601	-5.1123	-1.2685	-6.7602	1.4657	-8.7910
-14.7057	1.5366	-9.7682	-2.5535	-3.7848	-2.5099	-2.6906	-2.7041	-2.7342	-8.1945	0.8252	-10.6519
-13.4785	0.8993	-10.4659	-1.7510	-2.1950	-3.6793	-2.0318	-3.7166	-1.3223	-6.2922	-0.2683	-11.5350
-14.7422	0.7475	-4.9747	-1.9014	-3.3603	-4.3548	-1.5541	-4.8171	-3.7835	-4.6739	0.8989	-12.6931
-10.9079	-0.0527	-7.9248	-0.0601	-3.2605	-5.1889	-1.7209	-4.2842	-1.0951	-8.7784	-0.4073	-6.0322
-12.0203	1.6817	-5.0231	-1.2742	-5.3794	-3.1723	-3.2539	-6.3758	-1.5683	-3.2230	0.0998	-9.9428
-10.6452	1.6866	-17.3578	-3.2430	-3.7970	-2.0788	-2.4069	-1.7043	-3.8195	-4.5480	1.3999	-8.1613
-12.8076	0.1480	-8.1194	-1.5491	-2.5652	-5.3439	-4.0920	-4.5457	-1.3855	-2.3604	0.8748	-11.5935
-11.1064	0.9803	-4.2936	-1.3270	-2.6677	-3.4649	-2.3254	-4.0841	-2.2609	-7.6107	0.6601	-11.8462
-13.0473	0.7505	-4.3021	-1.9890	-1.4039	-2.3579	-7.1708	-6.1878	-1.7980	-4.2032	0.2836	-14.1290
-12.6520	0.2722	-6.7145	-0.6939	-1.6541	-3.9487	-3.2989	-4.0294	-0.5535	-6.6881	0.0065	-9.9155
-11.1347	0.4802	-3.8235	-1.5684	-2.3374	-2.7799	-4.5456	-6.2393	-2.0060	-10.6559	0.7488	-12.9039
-10.4129	0.9225	-3.2323	-3.1147	-7.2227	-2.7071	-2.3469	-4.1876	-2.2754	-6.0693	0.3036	-12.6082
-9.1215	-0.0606	-5.4700	-1.5168	-4.6140	-0.6992	-0.9936	-3.6872	-1.3775	-8.4235	0.6213	-11.6858
-13.6118	0.1234	-5.0781	-2.1647	-2.1398	-2.3071	-2.3119	-3.1392	-0.2734	-4.2820	1.1801	-16.8750
-10.5286	0.3405	-8.1309	-0.0021	-3.4116	-2.7102	-1.3022	-1.9658	-2.8906	-6.4744	0.9620	-12.3498
-20.5919	0.1735	-8.9428	-2.1790	-2.6373	-3.7798	-3.7307	-5.2431	-2.3668	-5.0745	1.2595	-12.5109
-10.5183	-0.2335	-5.4562	-1.2267	-5.2996	-4.1938	-3.4953	-3.9192	-0.4912	-5.7080	-0.0331	-11.0823
-8.1631	0.5100	-6.1717	-1.4249	-2.7641	-2.1299	-5.5918	-2.9187	-1.7658	-4.2836	0.3975	-12.6880
