-14.6990	-9.2291	-4.0998	-2.6332	2.2436	1.9233	-2.5286	-3.0067	-8.1692	-11.1282
-15.4394	-6.2955	-3.1597	-2.6028	2.4310	2.0904	-3.1538	-3.8382	-7.7556	-9.3227
-11.1411	-6.3312	-3.5706	-3.0733	2.2036	2.4477	-1.8855	-3.4480	-8.4472	-12.2086
-12.5257	-8.3670	-4.2307	-4.1422	2.0147	2.0035	-1.8135	-2.8311	-6.0500	-8.8894
-10.1238	-6.3808	-2.3036	-3.4379	2.7651	2.4367	-2.1084	-2.6884	-10.1564	-9.6802
-13.7938	-10.1915	-3.5262	-2.8919	1.9211	2.6039	-1.6889	-3.4403	-7.7764	-14.7200
-11.3138	-7.9074	-3.4907	-3.9774	2.0306	2.1028	-2.0814	-3.3846	-6.6495	-12.6002
-13.1826	-7.5322	-3.7329	-5.2616	2.2878	2.0126	-2.9846	-3.4259	-7.7436	-10.1295
-12.3470	-8.9695	-2.5056	-2.9460	1.8531	2.0779	-1.9440	-3.5601	-9.2662	-13.0117
-9.7457	-6.2871	-3.2696	-2.8537	2.5230	2.2677	-2.7738	-3.5555	-9.3633	-15.1088
-13.0209	-8.7131	-4.1931	-3.5639	2.2836	2.1394	-2.0548	-2.4287	-8.4034	-10.8876
-10.8538	-7.4677	-3.3198	-3.2225	2.2166	2.2748	-2.6404	-3.2800	-6.6744	-13.2812
-14.3617	-10.8911	-3.0447	-2.9699	2.4994	2.6233	-3.9934	-3.4620	-8.6478	-13.5748
-8.6391	-8.9999	-3.8671	-3.3630	1.6198	1.8759	-2.7208	-3.6293	-7.8970	-9.7873
-12.6217	-9.0692	-3.5271	-2.3959	2.7431	2.6632	-3.0653	-2.7607	-7.4004	-12.2375
-11.9486	-8.2777	-3.0857	-4.1758	1.9774	2.2076	-2.5066	-2.7048	-7.9057	-11.9607
-9.9617	-6.4569	-3.4045	-3.0664	1.6710	1.5437	-1.9797	-2.3242	-7.4686	-12.0591
-13.9622	-8.8397	-3.7678	-2.9294	2.5940	2.8877	-2.6272	-4.4796	-8.7772	-12.1147
-12.9121	-8.1987	-4.2069	-4.2030	1.8762	1.9607	-2.4455	-3.2304	-6.5854	-9.0424
-12.7668	-9.3938	-4.1889	-3.0469	2.1579	2.5099	-2.9906	-3.7748	-7.5853	-10.1646
-10.2176	-9.7566	-3.8393	-1.7693	2.6133	2.6100	-2.8494	-3.9687	-10.8221	-14.1342
-10.5571	-8.1750	-3.9465	-2.0137	2.5052	2.3398	-3.0152	-2.6846	-9.0938	-14.5552
-14.5626	-9.8884	-2.9576	-2.1863	1.8524	2.2453	-3.3519	-3.5068	-9.0787	-9.3050
-12.3133	-8.6098	-3.4597	-3.6172	2.0507	2.2737	-3.0248	-3.3945	-7.1822	-11.9144
-10.2736	-8.2688	-4.3764	-2.8178	2.2226	1.9962	-3.4453	-3.6821	-6.0563	-11.5392
-13.9846	-8.5205	-3.1879	-2.4237	2.4003	1.9811	-3.0459	-4.1648	-6.8549	-9.4884
-13.2631	-8.0977	-3.0847	-4.3448	1.1627	2.0486	-3.2510	-3.5588	-8.4759	-15.5331
-12.5898	-7.8752	-3.5698	-4.3122	2.2747	2.9302	-3.2817	-3.4747	-8.1797	-10.5396
-13.0881	-7.7056	-3.2735	-2.1166	1.5804	2.3064	-2.1209	-2.9154	-7.7756	-10.7316
-14.5845	-8.5028	-2.9905	-2.7500	2.5328	2.3303	-3.6344	-3.4615	-7.8723	-12.9338
-10.3348	-8.1136	-3.9215	-3.3376	2.0036	2.0167	-1.9473	-3.2771	-9.5884	-11.1989
-9.7195	-7.6695	-3.5120	-3.1128	2.0216	2.0209	-4.1453	-3.6190	-6.8071	-9.6867
-12.2906	-7.7345	-4.0585	-3.9127	1.8353	1.7056	-1.8560	-2.2382	-9.3776	-11.7046
-12.1283	-8.3146	-3.9555	-3.0235	2.0270	2.0120	-2.1481	-4.8359	-8.0112	-9.6133
-12.3792	-8.7398	-4.4139	-4.1019	2.3427	2.2313	-3.0674	-4.6282	-9.7199	-16.0894
-8.9987	-7.0149	-3.1917	-2.9692	2.2953	1.8534	-3.6345	-3.0288	-7.1264	-8.9044
-11.0202	-7.6353	-3.4037	-2.2317	2.6750	2.2723	-3.5022	-3.5495	-6.9295	-13.6886
-12.1121	-6.5716	-3.5370	-3.1530	2.4386	1.8520	-3.9777	-4.0661	-8.7628	-11.0112
-11.6844	-9.0471	-3.3441	-3.0892	1.9566	2.2467	-3.9684	-4.1462	-6.9232	-13.4728
-9.3786	-7.9681	-3.1774	-3.3149	2.4104	2.5553	-3.8722	-3.9085	-8.5886	-12.6210
-10.9850	-7.2837	-3.7110	-3.2785	2.0608	2.2087	-3.8467	-3.7250	-6.9265	-13.8314
-12.7039	-8.9720	-3.0271	-3.2931	2.4484	1.9818	-2.6870	-2.3669	-8.0861	-11.9618
-11.5738	-6.0725	-2.7129	-2.9012	2.4920	2.8526	-3.1182	-4.3780	-8.1913	-12.6873
-9.2326	-9.1357	-3.5590	-1.9389	2.4867	2.4547	-2.6868	-3.3688	-7.6289	-12.6823
-9.5757	-8.5427	-3.9102	-2.5000	1.8122	2.2753	-3.3231	-3.9635	-7.3703	-11.6588
-8.6195	-7.3646	-3.8418	-2.3127	1.9810	2.1991	-3.4590	-5.2868	-7.2523	-11.4919
-9.8582	-7.0115	-3.1041	-2.5921	2.2438	1.9010	-2.0097	-3.3366	-7.6511	-10.5151
-10.9405	-8.5211	-3.5240	-2.4630	2.4566	2.1414	-5.3670	-3.6934	-8.8134	-12.7120
-11.7889	-7.5665	-4.2029	-2.4921	2.3195	2.6709	-3.4784	-3.6185	-8.6644	-10.2618
-12.5220	-11.0679	-4.0817	-2.7922	2.4471	2.7024	-0.9620	-3.9279	-12.6368	-15.5092
-10.9713	-10.5643	-4.0366	-2.0353	2.3234	2.4108	-1.9868	-2.3788	-8.5316	-12.2466
-8.5356	-8.2508	-4.6583	-2.1623	2.9540	2.7330	-3.3986	-3.5738	-7.1347	-12.0570
-12.4562	-7.6410	-2.7171	-2.4302	2.7500	2.1983	-3.4909	-3.2724	-8.6418	-11.3368
-12.1374	-6.2716	-3.3432	-3.7849	2.4084	2.1520	-3.7974	-3.7245	-6.6055	-11.2712
-13.2809	-8.8850	-3.9304	-2.5029	2.3320	1.8678	-3.7681	-3.0705	-8.0470	-16.2985
-10.5716	-7.9840	-4.3769	-2.1674	2.5684	2.7113	-1.5417	-2.8501	-6.9182	-11.0731
-11.8354	-8.5940	-3.2292	-2.5339	2.3606	2.0796	-3.3802	-3.1898	-6.3468	-9.2495
-12.5119	-7.7797	-4.5426	-4.0312	2.7630	2.2983	-2.7372	-3.9105	-8.5795	-12.7998
-11.8418	-7.5111	-3.4912	-1.8479	2.5888	2.7432	-1.9568	-3.3933	-9.9752	-10.6564
-11.0317	-10.0293	-3.5931	-1.9078	1.9625	2.2744	-3.6974	-3.5588	-7.3599	-10.1755
-10.9030	-7.6191	-3.6659	-3.3067	2.4780	2.5229	-2.9065	-3.3203	-8.7378	-12.5215
-10.0072	-6.8056	-3.2959	-3.2868	2.3050	2.5899	-4.3488	-4.2680	-7.6900	-9.7839
-12.0018	-7.0248	-3.1273	-3.2186	2.4941	2.7074	-3.2264	-3.5211	-8.1277	-12.8377
-10.8750	-6.8865	-3.2807	-2.6666	2.6287	2.6440	-2.7833	-3.2562	-7.9531	-10.7036
-11.6735	-9.8343	-3.1769	-2.0229	2.4347	2.4941	-2.3194	-4.3387	-10.0673	-15.0413
-8.8489	-5.4929	-2.5720	-3.6576	1.9161	2.0086	-4.3606	-3.0212	-6.8284	-8.8685
-11.2821	-6.4686	-4.7697	-4.0033	1.9288	2.3050	-2.8570	-3.6943	-5.8930	-9.8975
-9.6287	-7.2995	-3.7693	-3.5761	2.1023	1.9702	-3.5615	-4.1007	-7.9001	-13.0045
-12.3054	-7.1138	-3.4346	-3.2026	2.4929	2.2263	-3.6499	-2.5157	-6.5349	-8.4602
-11.3870	-9.5441	-3.1561	-3.1163	1.7313	2.1356	-3.6642	-3.9328	-8.0760	-12.7447
-9.4029	-7.0275	-2.9711	-4.0097	1.7102	1.9883	-3.2271	-3.7164	-6.7830	-10.9694
-11.9299	-8.3347	-2.9438	-2.2083	2.5421	2.4030	-2.7426	-2.8312	-7.5676	-13.1741
-11.7447	-9.3194	-4.5609	-2.8348	2.3790	2.5802	-3.2029	-4.1589	-8.0047	-11.8391
-14.4200	-7.6892	-4.1827	-2.3090	2.4376	2.2509	-3.3923	-3.9846	-8.7378	-12.4570
-11.2909	-7.8694	-4.6810	-4.1083	2.0275	2.6984	-1.5511	-2.8055	-5.6468	-9.6633
-8.4726	-5.5324	-2.1562	-3.5849	2.6511	2.8385	-4.1292	-3.3018	-6.8886	-9.7998
-10.0230	-7.2713	-2.5519	-1.8362	1.7502	1.9171	-3.9332	-3.3677	-5.8792	-8.6822
-11.7159	-8.9601	-3.5962	-1.9298	2.1415	2.1537	-2.9381	-2.6213	-7.2022	-12.0098
-13.9485	-7.0487	-3.6471	-2.7224	2.8599	2.6191	-2.2213	-3.8775	-9.1626	-9.8778
-11.3304	-8.0167	-3.8933	-2.9068	2.7224	2.6277	-1.9958	-2.7881	-6.8723	-11.7440
-11.3632	-8.4474	-3.2858	-3.2842	2.2585	2.3778	-2.8911	-2.8880	-10.1079	-10.9224
-10.5102	-7.9705	-4.0392	-2.9584	2.1648	2.0558	-3.0111	-2.7682	-6.1353	-11.3489
-9.6777	-8.0217	-2.9925	-2.3542	2.9434	2.6382	-2.7438	-4.1403	-10.4286	-14.1220
-10.8802	-7.3953	-3.8218	-2.7078	1.6418	1.7769	-3.2081	-3.7200	-8.0955	-13.1137
-9.0554	-6.7350	-2.9712	-3.2224	2.2579	2.5862	-3.2915	-3.1870	-6.3989	-9.5729
-14.4055	-7.7091	-3.5641	-4.2495	2.5889	2.5254	-2.3913	-3.7157	-9.7476	-10.8781
-11.9017	-5.8414	-2.8196	-3.5871	2.5879	2.1126	-3.6342	-4.6158	-10.1524	-11.9269
-13.3485	-9.1307	-3.1663	-4.0981	2.2758	2.3303	-1.7111	-2.8107	-9.2271	-10.0130
-12.2686	-7.0633	-3.3127	-1.8931	3.3043	2.4996	-2.0840	-4.3858	-8.5312	-12.2494
-14.2666	-7.5796	-3.3354	-2.6868	2.2718	2.5524	-3.5591	-4.0607	-6.9409	-9.0595
-14.7144	-10.0057	-3.0495	-2.6598	1.7886	2.4361	-2.0134	-3.4625	-7.1138	-10.3072
-12.4401	-8.3452	-3.3540	-4.6589	1.8673	2.0125	-3.5254	-3.7353	-6.8840	-10.0543
-11.8882	-7.6037	-3.2657	-3.4441	2.0635	2.7154	-2.4032	-2.9485	-9.6839	-14.7688
-12.9237	-8.4222	-3.0168	-3.1022	2.0954	2.2952	-1.9730	-2.4426	-7.4199	-9.6370
-10.7527	-8.1840	-4.1086	-2.4762	2.5968	2.8631	-2.0458	-3.6082	-7.9797	-13.6306
-10.6400	-7.2944	-2.9863	-3.2366	2.3207	2.1284	-2.7632	-3.3403	-7.2592	-11.9384
-10.1236	-6.9792	-4.5977	-5.0006	2.4815	1.8922	-2.5089	-3.8584	-7.4771	-12.8272
-11.9048	-5.7811	-3.5617	-3.9613	2.0419	2.1382	-2.1096	-4.3207	-8.2794	-9.4951
-10.1920	-7.9532	-3.0493	-2.5449	2.1943	2.4513	-2.2362	-3.8269	-6.3957	-11.6627
-11.6598	-8.5001	-3.1036	-3.0426	2.1194	1.8755	-3.0518	-2.5406	-6.0552	-11.0161
-17.4417	-10.6946	-4.4373	-3.1262	2.7173	3.1616	-4.3198	-4.2020	-7.9127	-11.4747
-11.1727	-7.4250	-3.5126	-1.5569	2.1717	1.7480	-3.8355	-3.7214	-8.3012	-11.0920
-12.1628	-8.4360	-3.4693	-3.0200	2.2479	1.7580	-2.4990	-3.3589	-9.4906	-9.7040
-7.9703	-8.8979	-3.5629	-1.9840	2.3207	2.3295	-1.6832	-2.6473	-7.9320	-12.0122
-11.6483	-8.2458	-4.5271	-3.8809	2.5538	2.3336	-2.0592	-3.5197	-8.4824	-17.5790
-14.4358	-8.9758	-2.8493	-3.0001	2.3614	2.2867	-2.5919	-2.4646	-6.6368	-12.4887
-12.1242	-7.0706	-2.8641	-3.5546	2.1405	2.1392	-1.7328	-3.7640	-8.2825	-9.9111
-10.3054	-7.6413	-4.7242	-3.4013	2.4347	2.0784	-2.9182	-3.3538	-6.8712	-10.8996
-11.8453	-11.5102	-3.1945	-2.3852	2.5216	2.5728	-3.5935	-4.5756	-8.9582	-13.3825
-10.4312	-8.4351	-4.1512	-4.2634	1.9530	1.8689	-1.8847	-3.0260	-9.5132	-12.1351
-11.4761	-8.5879	-2.5401	-4.1992	2.0295	2.7070	-1.8764	-2.8385	-7.2463	-10.5771
-9.3517	-6.9030	-3.8063	-2.5491	2.5015	2.3536	-2.1931	-4.5585	-11.0424	-10.4135
-11.7125	-7.8356	-2.9502	-2.7049	2.4575	2.3356	-3.1978	-2.7228	-7.3462	-11.7125
-13.0087	-7.7206	-4.0440	-2.2584	1.9699	1.8438	-3.4064	-5.0867	-9.6763	-9.2287
-10.2807	-5.4382	-3.7673	-2.6235	2.4030	2.4611	-3.6332	-2.7585	-7.6943	-7.9606
-9.3527	-8.6553	-3.8820	-4.8116	2.1711	2.5977	-2.6245	-3.4552	-7.2289	-10.6941
-11.6369	-7.3049	-4.1453	-4.0748	2.8506	2.1546	-2.9664	-2.4553	-8.8100	-11.5568
-14.8613	-7.5565	-3.3396	-2.6929	2.1307	1.5645	-2.5244	-3.2524	-7.1373	-10.5135
-9.3646	-7.5006	-3.2328	-3.0751	1.4689	1.7925	-3.8962	-3.4318	-9.0326	-11.4615
-13.1084	-6.1530	-2.8659	-4.5573	1.8955	2.0869	-3.6633	-4.1601	-7.1509	-11.1575
-11.4309	-7.2917	-2.8062	-2.9742	1.7335	1.9270	-1.7159	-2.8702	-8.9912	-10.9945
-11.0356	-6.9853	-4.4468	-3.0730	2.5327	2.2279	-4.8371	-4.4308	-9.7920	-13.0145
-15.7224	-8.3312	-2.8964	-2.8439	1.8256	2.2459	-1.8947	-3.3141	-7.0829	-11.5139
-11.1181	-9.1666	-2.7906	-2.4289	2.3621	2.0847	-2.6757	-3.1458	-8.8781	-12.4653
-11.2748	-8.0394	-2.9594	-2.7153	1.8647	2.3307	-2.1117	-2.7658	-8.4539	-12.0390
-12.2365	-6.1968	-2.4223	-4.1205	2.0475	1.7899	-2.7174	-3.3310	-6.4342	-11.3321
-8.4226	-7.4961	-2.9302	-2.9393	2.5013	2.4041	-3.5799	-3.4529	-6.8210	-10.3369
-11.9764	-9.2716	-3.5236	-2.8725	2.4622	2.4316	-3.4883	-3.7771	-9.1508	-9.6410
-11.4591	-5.9193	-3.5694	-2.8010	1.5973	1.5758	-4.2346	-3.7147	-7.3349	-9.0706
-10.7017	-7.7056	-3.1476	-2.5703	2.5532	2.2498	-5.4661	-3.3559	-6.2128	-10.8098
-13.6506	-6.7479	-2.9639	-3.1812	1.8638	2.3468	-3.0759	-3.3468	-6.8761	-11.0816
-10.0938	-6.9487	-2.7483	-2.8412	2.1645	2.3651	-2.7879	-2.3400	-7.3844	-13.2521
-12.8039	-7.2111	-2.3303	-2.3858	2.4868	2.4128	-3.8383	-2.6818	-6.5806	-12.6603
-10.4029	-7.9428	-2.9118	-3.8017	2.2296	2.1432	-4.3680	-3.5340	-6.8382	-11.1450
-13.1218	-8.3582	-3.3515	-5.0939	1.7954	2.3372	-2.8520	-4.2064	-8.6053	-10.5073
-9.7282	-8.8507	-4.1815	-3.3833	2.3096	2.0513	-3.7273	-3.7005	-5.7896	-10.4135
-11.8223	-8.1029	-2.9948	-1.4151	2.8956	2.7892	-2.2930	-3.0478	-6.4009	-11.2784
-13.1979	-7.3535	-3.3987	-4.4687	2.3460	2.0389	-2.7518	-3.5928	-9.7965	-13.9815
-10.8165	-8.3522	-3.6252	-1.6153	1.9975	2.3540	-3.5656	-2.4563	-8.7005	-10.8089
-9.1315	-7.5377	-3.5585	-3.0039	2.3779	2.7500	-3.4672	-2.0986	-8.1501	-9.8626
-8.8895	-6.6473	-2.6806	-3.1748	2.1809	2.5288	-2.7863	-3.5325	-7.1941	-12.5314
-13.8229	-8.7107	-2.8509	-2.0845	2.3399	2.0965	-2.6607	-3.0980	-8.0282	-14.1156
-10.2605	-8.8782	-3.9689	-3.0057	2.3558	2.5432	-1.9409	-4.8195	-8.7763	-17.0593
-12.4687	-7.5012	-3.8387	-3.3794	2.4325	2.2137	-2.9386	-2.7390	-9.4827	-11.9211
-9.1801	-8.0290	-3.9030	-1.8531	2.6278	2.8427	-1.8893	-2.6440	-7.8330	-9.2011
-8.9134	-6.2164	-3.6399	-4.2601	2.0155	2.6002	-3.0859	-3.6500	-7.3729	-11.3364
-14.7579	-6.7837	-3.0894	-4.8448	2.1937	2.4059	-2.4367	-3.1125	-8.1243	-10.1198
-13.9747	-9.1562	-3.2762	-2.8698	2.6892	2.5254	-3.1431	-4.1101	-8.5656	-12.4856
-11.6081	-8.2939	-2.9918	-1.6140	1.9477	1.7762	-3.6461	-3.2891	-8.9357	-12.7852
-10.6888	-7.2630	-2.3023	-2.2224	1.9314	2.2662	-1.9127	-2.8790	-6.7209	-10.4999
-10.0191	-6.6412	-3.9386	-1.9883	2.1735	2.1786	-3.6635	-4.2756	-9.3187	-14.1468
-9.0324	-6.6783	-2.8195	-2.7386	2.8364	2.8944	-3.0320	-2.8675	-7.6535	-12.3433
-10.5011	-7.7182	-3.0249	-2.9175	2.0909	2.3288	-3.9104	-3.9303	-7.1436	-11.5418
-11.2124	-7.5726	-3.9947	-3.6907	2.3775	2.3249	-2.6089	-3.4896	-9.9961	-13.3706
-14.2053	-7.7513	-2.5174	-3.0139	2.7909	2.7971	-2.4021	-3.9556	-10.8821	-12.9304
-8.5590	-7.1135	-2.5915	-2.5153	2.5361	2.1700	-2.3302	-3.8486	-6.4794	-10.4497
-11.1908	-6.5329	-2.8175	-3.1952	2.4726	1.8882	-4.1148	-2.1678	-6.1192	-11.8860
-12.2929	-9.6835	-5.0302	-2.6355	3.0425	2.5160	-2.7101	-4.6035	-9.2058	-12.4054
-12.7428	-7.1237	-3.2085	-3.9939	1.9796	2.4409	-2.9780	-4.7969	-8.1220	-12.5398
-12.7384	-8.0932	-3.9208	-2.6085	2.3609	2.3947	-3.7663	-3.9669	-8.5786	-10.8141
-11.7011	-7.3074	-3.0485	-3.0266	2.1576	2.2554	-2.2592	-2.7754	-8.6124	-10.5593
-15.6404	-9.2362	-3.7048	-2.9968	2.9596	2.3654	-2.0955	-2.8630	-8.2750	-15.1862
-13.1514	-8.8168	-3.2039	-3.4673	2.2265	1.4163	-3.4500	-3.4408	-7.9611	-11.9547
-10.6959	-6.6609	-3.7553	-2.4564	2.4029	1.9183	-3.1710	-3.6404	-7.0805	-10.7318
-8.5594	-9.3630	-3.8602	-2.7040	2.0891	2.5276	-2.4880	-4.0126	-7.7409	-11.1041
-11.8063	-11.0413	-3.8389	-2.3436	2.4996	2.1421	-4.1736	-3.7198	-9.3744	-13.0989
-12.9939	-7.4675	-3.0507	-2.9886	2.3514	2.3893	-2.8941	-2.9585	-6.5175	-12.5589
-10.5979	-8.0090	-3.9637	-3.3097	2.1281	2.2451	-2.1695	-2.9061	-7.7026	-10.6776
-15.4988	-9.9204	-5.0450	-4.1612	2.2219	2.3062	-2.6449	-3.0900	-8.4370	-14.5390
-9.6263	-7.9082	-3.6443	-2.9029	2.5207	2.4910	-3.1801	-3.5033	-5.6911	-9.7103
-9.9268	-6.1731	-3.8753	-3.9282	2.3161	2.1993	-3.2494	-3.3927	-7.7479	-10.0933
-10.7752	-7.7864	-2.6890	-2.7977	2.2880	1.6885	-1.9113	-3.0214	-9.3509	-13.0415
-10.5251	-6.4488	-2.5225	-2.9346	1.8252	2.1036	-2.9127	-3.4154	-8.5850	-9.4440
-12.3081	-8.0278	-3.2899	-2.9885	1.6830	1.2708	-4.1867	-3.2326	-6.6997	-10.7214
-8.0287	-8.8646	-4.5899	-2.3703	2.4904	2.4862	-1.7269	-3.0321	-8.0224	-12.3161
-12.3511	-6.9128	-2.1292	-3.0214	2.4056	2.5921	-2.1410	-2.3123	-7.6241	-11.6388
-12.0266	-6.8156	-3.5871	-3.6993	2.2438	2.1257	-4.3974	-3.2780	-6.2301	-11.9446
-12.0197	-8.3369	-4.1584	-3.5443	2.2076	2.0550	-3.0145	-4.4237	-8.1443	-10.2575
-11.2947	-5.6971	-3.4490	-3.4561	2.5644	2.3043	-2.2593	-4.4740	-6.8174	-11.0118
-11.6428	-9.1156	-4.1374	-2.3230	2.8605	2.3251	-3.9179	-3.7043	-10.1855	-10.8540
-11.3872	-8.6995	-5.0127	-4.7545	2.1588	2.3712	-2.8443	-5.2625	-10.3191	-11.4924
-9.5486	-7.7389	-3.8306	-3.7500	1.8806	1.8519	-2.6221	-2.4695	-7.1781	-10.8406
-10.1915	-8.6265	-3.7429	-2.3253	2.8777	2.7242	-2.9145	-3.8916	-9.2167	-18.2338
-15.8719	-7.3752	-4.5763	-4.9296	2.7146	2.5443	-2.2197	-2.5500	-6.8954	-12.3770
-12.2932	-7.8994	-4.5613	-3.0109	1.6607	2.0020	-2.7870	-4.1599	-5.7508	-11.0922
-10.3223	-7.9088	-4.0947	-3.7832	2.2408	2.8169	-3.2426	-4.7379	-7.2179	-10.8389
-8.1896	-7.7069	-4.7615	-3.3744	2.3582	1.9932	-3.8750	-3.9207	-6.6333	-10.2810
-12.8201	-10.0798	-3.2060	-1.7209	2.2198	2.4911	-2.9419	-2.8487	-9.3486	-14.1282
-12.0932	-7.3071	-3.6313	-3.0368	1.9276	2.1284	-2.4202	-3.2834	-7.1920	-9.0380
-10.8275	-7.0819	-4.3555	-2.5622	3.3122	2.9223	-5.2099	-3.6632	-6.4216	-12.4079
-10.8320	-7.8817	-3.1880	-1.6839	2.8721	2.5658	-2.4118	-3.5204	-8.6191	-11.3795
-12.4167	-6.5305	-3.3225	-2.7887	1.6681	1.3802	-3.6965	-3.3839	-8.8630	-14.8612
-12.2050	-6.7859	-3.7337	-3.6650	2.0286	1.9044	-2.5918	-3.1774	-6.1127	-9.4669
-13.2773	-8.0252	-3.3967	-3.6223	2.5760	2.2947	-3.8371	-3.9885	-7.9642	-11.3108
-15.7970	-8.6654	-2.8322	-2.1712	2.8409	2.9918	-3.4821	-4.3409	-9.5511	-12.4792
-7.4615	-5.6030	-3.2319	-1.7810	2.7567	2.1178	-3.4049	-4.0267	-9.1248	-11.9191
-8.9878	-7.7777	-3.5923	-2.7192	2.1420	2.0726	-3.6576	-3.1892	-7.8194	-9.9469
-12.9694	-9.5429	-3.9920	-2.6689	2.8820	2.5790	-2.7071	-3.4240	-7.5308	-12.0049
-11.1957	-7.7828	-3.3215	-3.0292	2.3996	2.6254	-1.9712	-3.8671	-8.4824	-10.6752
-9.8924	-8.9168	-3.0142	-2.4958	2.3798	1.9563	-3.3973	-2.3585	-7.2689	-13.0008
-11.7888	-8.6657	-4.2833	-3.9771	2.3299	2.4558	-4.0385	-2.7366	-6.5003	-11.7354
-12.4773	-9.1816	-3.7167	-3.2273	2.1896	1.9705	-4.0593	-2.9613	-8.1755	-9.1022
-13.6805	-6.0084	-3.1133	-2.7528	2.2033	2.1866	-3.5153	-3.1833	-6.8294	-9.2818
-9.1811	-8.1978	-2.8646	-2.8074	2.4313	2.3879	-3.3247	-3.1364	-5.7149	-8.9357
-9.8378	-9.6342	-4.9425	-2.5505	2.5332	2.2130	-2.9922	-3.4263	-6.3295	-9.2672
-13.1573	-7.8806	-3.1348	-2.8932	2.5935	2.6975	-3.5500	-3.9578	-6.2628	-10.6904
-11.0482	-8.2468	-3.5300	-2.5911	2.0834	2.0030	-2.8066	-4.4297	-9.4386	-12.3011
-12.4838	-8.9027	-3.9637	-3.7997	2.4150	2.6055	-2.9861	-3.1381	-6.0556	-12.4547
-11.4181	-8.5577	-3.3468	-3.4736	2.2099	2.2740	-1.8674	-4.2648	-9.9952	-13.0457
-9.2161	-6.7574	-3.9073	-3.7006	2.4938	2.3889	-2.1160	-3.7373	-7.8657	-11.7705
-15.8262	-8.4604	-3.3645	-2.8154	2.5101	2.3847	-3.1723	-2.4992	-6.4425	-17.7662
-8.0046	-7.3157	-3.1334	-3.6271	2.3951	2.5558	-2.9849	-2.3429	-5.4051	-12.5470
-10.5990	-8.3167	-4.6636	-2.1032	2.3085	2.1795	-4.1071	-3.3871	-7.3166	-9.7075
-11.1897	-6.7218	-2.9728	-1.8994	2.6166	2.0419	-3.5840	-4.3065	-7.4766	-12.6644
-13.5804	-9.8831	-4.3764	-2.1039	2.2412	2.3317	-2.8889	-4.4571	-8.6294	-16.2832
-10.4031	-7.9876	-3.1528	-2.8462	1.7938	1.9464	-3.6456	-2.4410	-7.1536	-11.0649
-9.5422	-7.4782	-3.7712	-2.8371	2.9638	2.8961	-3.3040	-3.8838	-7.3432	-11.0349
-11.3349	-6.3271	-1.7564	-3.4154	2.1984	2.4260	-3.8103	-3.8909	-7.8975	-11.4540
-14.2198	-9.3680	-2.8127	-2.9010	1.9790	1.9936	-3.4327	-3.3259	-7.3791	-12.3999
-11.1822	-9.5048	-4.1976	-2.3191	2.3269	2.5077	-2.5761	-2.5395	-7.1999	-9.1607
-10.2332	-6.3882	-2.2441	-2.5737	2.0394	1.9835	-3.5173	-3.5783	-6.9898	-11.8923
-10.6597	-5.8621	-2.6669	-3.0595	2.2689	1.5527	-1.8989	-3.0298	-8.8008	-11.1748
-10.5976	-7.3299	-3.1094	-4.1954	2.1686	2.1201	-2.4270	-3.7044	-8.4772	-10.8389
-10.0910	-8.1760	-3.0655	-2.0036	1.9721	1.6594	-3.8895	-3.8407	-8.6471	-11.7451
-10.6710	-7.9048	-3.7611	-2.5074	2.1503	2.0760	-3.7028	-2.8211	-6.0730	-10.5275
-14.5148	-7.5525	-3.0542	-2.4380	2.0535	2.1445	-2.8868	-3.4920	-7.0826	-12.4999
-13.4275	-8.2998	-3.4321	-3.4915	2.0370	2.4194	-2.5216	-2.8411	-7.7834	-12.2221
-10.2039	-6.0759	-2.4266	-2.2878	2.2345	2.2269	-2.5917	-4.0361	-9.4046	-9.9410
-9.6254	-8.8013	-4.0386	-3.4776	2.2579	2.2448	-2.4690	-3.5599	-10.0028	-11.8279
-10.0569	-8.3845	-3.7171	-3.2416	2.0216	2.0611	-3.6481	-3.6329	-8.4790	-10.9172
-10.7465	-8.7856	-3.0183	-2.4032	2.2526	2.6699	-3.0070	-4.2568	-11.1309	-14.8766
-10.7888	-7.4645	-3.8514	-3.1633	2.3208	2.2046	-2.5030	-3.4469	-7.3502	-11.1619
-11.9075	-7.5757	-3.7503	-3.9353	1.6558	2.2911	-1.8975	-3.7861	-9.5394	-12.0901
-10.2205	-6.4829	-3.7137	-4.2508	1.6554	2.4093	-2.5810	-4.3868	-9.3861	-14.2051
-10.8577	-7.3717	-3.3784	-2.5123	2.1394	1.7521	-3.5791	-3.6107	-8.0573	-11.6082
-13.5536	-9.4875	-4.3694	-3.4553	2.4631	2.0612	-2.9634	-3.4745	-8.4170	-12.3705
-10.0115	-8.5447	-4.7555	-4.7673	2.1582	2.3529	-2.4729	-2.6961	-7.8646	-11.8326
-12.8750	-7.2990	-3.4898	-4.2301	2.0274	2.4835	-2.2134	-3.2207	-8.1348	-13.6594
-14.2024	-8.1698	-4.3334	-3.9980	2.1621	2.3522	-2.6906	-3.4257	-9.1688	-12.9028
-11.5475	-8.9354	-4.6503	-3.9370	1.9969	2.1065	-4.3581	-3.3409	-7.5606	-13.6711
-12.0109	-7.7221	-4.4136	-3.3312	2.7956	2.0341	-2.8166	-2.3193	-8.3388	-15.2101
-10.0509	-8.0031	-3.9135	-3.5263	1.6769	1.8840	-2.2281	-2.4366	-9.1469	-12.1100
-10.8419	-8.6501	-3.1140	-2.6595	2.4112	2.4950	-1.8308	-2.9275	-5.7845	-10.9464
-11.7604	-7.5368	-3.9937	-2.1103	2.4340	2.0925	-3.9051	-4.3994	-9.0886	-10.0895
-15.4028	-7.2574	-3.5511	-3.2407	2.3150	2.0168	-3.9909	-4.0611	-7.0053	-10.6807
-8.9830	-8.8962	-4.9626	-2.1662	1.8025	1.7438	-3.9421	-3.1596	-6.8740	-12.6487
-10.5225	-6.3745	-3.6188	-3.1267	1.9442	2.4238	-2.0747	-3.2149	-8.9587	-10.7641
-16.5715	-8.7942	-2.8379	-2.5225	2.4305	2.3152	-2.8712	-3.4031	-6.3216	-12.7718
-13.2730	-6.6850	-3.3591	-4.6681	2.4184	2.6356	-3.1347	-4.3431	-8.3175	-11.2473
-13.5180	-7.8405	-2.9434	-2.1230	1.8822	2.4139	-3.3127	-3.7033	-8.9815	-12.9488
-12.5280	-7.6382	-4.2054	-2.8983	3.0267	2.8468	-2.3194	-3.3688	-8.8991	-13.3050
-10.5879	-7.3394	-2.7925	-2.6782	2.0626	2.4637	-1.9666	-2.7897	-6.4660	-10.8381
-12.1026	-8.3606	-3.5913	-3.8650	3.1956	2.7695	-3.5638	-5.0235	-9.5874	-14.8068
-10.8415	-8.8168	-3.2557	-4.0276	1.8834	2.1754	-1.6852	-3.0556	-6.5710	-11.1016
-12.4496	-8.2946	-2.8859	-2.4079	2.9011	2.5922	-3.2470	-3.7264	-8.1692	-10.2427
-12.7797	-6.1827	-2.9529	-4.5500	1.6597	2.2077	-2.9102	-4.8557	-7.5424	-14.2931
-12.4738	-9.1297	-2.9052	-2.9055	2.5221	2.7642	-2.4975	-4.0732	-7.8255	-12.7640
-8.5715	-6.6451	-2.5448	-4.1992	2.1170	2.3326	-2.0006	-2.7526	-9.5056	-11.3231
-12.9412	-8.6334	-3.9712	-3.3943	2.5357	2.5918	-2.2991	-3.8517	-8.9634	-14.3544
-10.5101	-5.9797	-2.4716	-3.1365	2.2261	2.2286	-3.0935	-3.7787	-8.3228	-11.1932
-10.6748	-7.5167	-2.8756	-3.1561	1.8252	1.3768	-3.4137	-2.4040	-7.2486	-11.1225
-8.7599	-7.5476	-3.0525	-3.1570	2.1595	2.1146	-1.9162	-2.4258	-6.0095	-13.3745
-12.6073	-9.5909	-4.7578	-3.8789	2.3974	2.2431	-2.9336	-4.2598	-7.1909	-8.4487
-16.1848	-8.4623	-4.1079	-3.4934	2.5826	2.4091	-2.5143	-4.1296	-11.2429	-13.6445
-12.6066	-6.4433	-3.6695	-3.9709	2.8470	2.5507	-2.0164	-3.7591	-7.8571	-11.4668
-12.8349	-7.3484	-3.7146	-3.4671	2.8839	2.2716	-3.5010	-3.0071	-10.0754	-10.9773
-9.3471	-6.8247	-2.6721	-3.3638	1.6279	2.3416	-3.5129	-3.6882	-7.8220	-12.0920
-12.2502	-7.1898	-4.5484	-3.3888	1.8076	1.8614	-2.2873	-3.4285	-6.7779	-10.2024
-11.4899	-8.8216	-3.2668	-2.6686	2.6109	2.2142	-2.0124	-3.2845	-8.1649	-13.5060
-10.6505	-8.6634	-4.5509	-2.5749	2.1291	1.7240	-3.6510	-4.0680	-9.2083	-13.9643
-13.7253	-8.7613	-3.5011	-2.4734	2.0117	1.8509	-4.0206	-3.2973	-7.6526	-12.6852
-8.5520	-7.4132	-2.7712	-2.7222	1.7725	1.8182	-4.2300	-3.8853	-7.5441	-10.6618
-13.1575	-10.5745	-4.4596	-2.3166	3.2731	2.8667	-3.3998	-4.6132	-10.8121	-10.1972
-9.6259	-7.4629	-3.0819	-2.4798	2.5830	2.0805	-3.1632	-4.9961	-7.6563	-10.1593
-8.6897	-8.5873	-4.0160	-3.6494	2.4730	2.7888	-2.4649	-2.3621	-5.4621	-12.2864
-9.3911	-7.6825	-2.9510	-2.3246	2.0067	2.6669	-1.9403	-4.8688	-8.8552	-10.9751
-11.0822	-7.1489	-2.9020	-2.5653	2.6445	2.1532	-3.9301	-4.7444	-6.7749	-9.0494
-9.9348	-7.1728	-2.4880	-2.1214	2.6111	2.5241	-3.9631	-2.8526	-7.2803	-10.6847
-13.4083	-7.4253	-2.9998	-3.8382	2.5597	2.5178	-2.2650	-2.7445	-8.4869	-11.7237
-14.1585	-7.2860	-3.1892	-2.9456	2.6926	2.5260	-2.8866	-4.2196	-9.4718	-10.2643
-11.4331	-8.2134	-3.2891	-2.5550	2.2863	2.3601	-1.8479	-3.3761	-7.4150	-12.1911
-9.9126	-7.8404	-4.2241	-2.3068	2.3767	2.0562	-3.7274	-4.1015	-6.4013	-12.1221
-13.4449	-7.0217	-3.5311	-3.6842	2.3260	2.5641	-3.2243	-3.0908	-7.1520	-11.9203
-11.1515	-7.1988	-3.1850	-3.9631	1.6822	2.8132	-2.6237	-2.2943	-5.6010	-10.9378
-11.0092	-7.9649	-3.8639	-3.0722	2.4606	2.5369	-2.9597	-3.8735	-7.3396	-9.2969
-13.3258	-9.6134	-4.2493	-2.8847	2.1232	2.1171	-3.4375	-3.6267	-9.0091	-12.4963
-8.3488	-8.7938	-3.8516	-3.1726	2.7171	2.9207	-3.1205	-3.8200	-6.5213	-9.7694
-12.8063	-5.8299	-2.5411	-3.4967	1.6065	1.9074	-3.4954	-2.9119	-5.8701	-11.2573
-11.0940	-7.7589	-2.6678	-2.6782	1.7258	2.0613	-4.0553	-4.1401	-9.5581	-13.0867
-12.2075	-6.8136	-2.9325	-3.1312	2.6674	1.8520	-3.9090	-2.9319	-8.2887	-12.4142
-12.6606	-9.7293	-3.6936	-1.6713	1.3590	1.8165	-2.7008	-3.8542	-8.2936	-15.7454
-12.6500	-8.6367	-4.5970	-2.9714	1.9963	1.8715	-4.1844	-2.9867	-7.5747	-10.6114
-11.2077	-7.9960	-3.9763	-1.8468	2.4904	2.6649	-2.1211	-3.6573	-8.4338	-10.4109
-11.4843	-7.2388	-4.6634	-3.7454	2.2893	1.9541	-2.5879	-3.8370	-7.6403	-8.3458
-8.7359	-6.1957	-3.1470	-3.7660	1.6437	1.8765	-3.2218	-3.0596	-6.5162	-10.6113
-11.1643	-7.0795	-4.1403	-4.0350	1.7660	1.4960	-2.3077	-3.7443	-8.8399	-10.1682
-14.0784	-8.5760	-3.3035	-3.0001	2.5342	2.2995	-2.2161	-2.0217	-9.2677	-11.1699
-14.4843	-6.3481	-2.3486	-1.9720	2.1358	2.0489	-4.4768	-3.2276	-6.5267	-11.0335
-13.2167	-11.5639	-3.4624	-1.7809	2.0644	2.7814	-2.5360	-3.8551	-9.0706	-11.5352
-10.0242	-7.2599	-2.6495	-1.8705	2.5496	2.2787	-4.5570	-3.4250	-6.4977	-10.1028
-9.9734	-9.1060	-3.9214	-1.8892	2.3230	2.5775	-4.7520	-4.2596	-7.1557	-9.3355
-11.7739	-9.4190	-3.8605	-2.4987	2.3388	2.6738	-2.9692	-3.3728	-6.4296	-11.5017
-9.4846	-10.0828	-2.8747	-2.7260	1.7879	2.0582	-3.8347	-3.6543	-6.7248	-12.4226
-10.9391	-6.5338	-1.9257	-2.7817	2.1642	2.4715	-2.4818	-3.7245	-7.0462	-10.1176
-10.9980	-9.0932	-3.2272	-2.8269	2.3853	2.6029	-2.2387	-4.7758	-7.2674	-11.8646
-13.3680	-10.2776	-4.3213	-2.8921	2.1178	2.2930	-1.8694	-3.2560	-8.2013	-15.0943
-10.5713	-9.8203	-4.0882	-2.6787	2.4429	2.6784	-2.4714	-2.5327	-7.7472	-13.4740
-13.7399	-10.2155	-4.1712	-3.0025	2.0086	1.3558	-3.5156	-2.6917	-7.9940	-12.5357
-10.4483	-7.0163	-3.6899	-3.4994	2.4226	1.8223	-2.6199	-3.1976	-7.5215	-10.8265
-13.0597	-7.4929	-2.8000	-3.5550	2.1994	2.7607	-1.7962	-2.4504	-8.6410	-10.3013
-11.7338	-7.0358	-3.7485	-3.4725	2.3362	2.4033	-2.9215	-3.2993	-6.1330	-12.0899
-11.3273	-9.1762	-3.0003	-1.7816	2.2224	2.7397	-2.5700	-3.8237	-7.4971	-11.8553
-8.7990	-8.8739	-4.5477	-3.7826	2.2617	2.4668	-4.3060	-4.8803	-8.9733	-17.4080
-12.4190	-6.8807	-3.4406	-3.6909	2.5666	1.6254	-2.8776	-2.3405	-8.5871	-15.4980
-12.8043	-8.3188	-2.9887	-2.6916	1.8217	2.0402	-2.3540	-2.3085	-8.7812	-12.3123
-9.1741	-6.0254	-3.5573	-3.3228	2.3816	1.9312	-2.4570	-3.0441	-5.4451	-8.5488
-19.4064	-8.8065	-4.2048	-2.2919	2.5836	2.2707	-3.2381	-4.9637	-8.8946	-15.6833
-10.9857	-8.9238	-3.2370	-1.6488	2.2559	2.2416	-2.2611	-3.0790	-7.5244	-9.4767
-13.4269	-7.7043	-3.4495	-2.6074	2.4732	2.6222	-3.1536	-3.9424	-8.3202	-10.0510
-13.0155	-7.2378	-3.4734	-2.8284	2.6140	2.4432	-2.6774	-3.6976	-7.4621	-10.3910
-9.8966	-7.2798	-3.0777	-2.6284	2.5424	2.1901	-3.8209	-2.6088	-7.4925	-10.9164
-12.0656	-6.3779	-2.9295	-2.3586	2.4457	2.5894	-2.1478	-3.0747	-7.4274	-12.5694
-8.9295	-6.2359	-3.5732	-2.3616	2.8016	1.9981	-3.4425	-2.0476	-5.4368	-9.7733
-11.7128	-7.4612	-3.0964	-3.8109	2.0588	2.0343	-4.6542	-2.1122	-6.6668	-10.3128
-10.8367	-8.2004	-3.3936	-3.2684	1.5871	1.6722	-2.5913	-2.2304	-7.6751	-12.4048
-13.9891	-8.9881	-3.9921	-3.9323	2.4689	3.0529	-2.8681	-3.2289	-7.0906	-13.2895
-14.0369	-8.4446	-3.3289	-4.2903	2.3696	2.4658	-2.2255	-3.7203	-8.7880	-11.4001
-8.6596	-7.9285	-4.5944	-3.5744	2.1968	1.8060	-2.3955	-3.2834	-7.8397	-9.8548
-14.6867	-8.0843	-2.2896	-2.6531	1.9075	1.8087	-4.6807	-3.5861	-6.7270	-10.3571
-10.5810	-7.5605	-4.1320	-3.4153	2.1938	2.5820	-2.3460	-4.1522	-9.8497	-15.6773
-8.9262	-6.6824	-3.3690	-2.9048	2.3013	2.1369	-2.7032	-3.3681	-6.4820	-9.0469
-11.7453	-7.5651	-3.0686	-3.2595	2.2222	2.5457	-2.3306	-2.6481	-7.1222	-13.4660
-11.4855	-6.4418	-2.9790	-4.4817	1.2271	1.9169	-2.9097	-3.9036	-7.0244	-11.2123
-11.2281	-9.3024	-4.0267	-3.5044	2.3351	2.4475	-2.9095	-3.6249	-8.8212	-11.5355
-10.7407	-7.5199	-4.0220	-3.9468	2.2942	2.3633	-3.3206	-3.0030	-8.1816	-12.9119
-11.0102	-5.6925	-3.0220	-2.9726	3.2377	2.7876	-2.5520	-4.0115	-8.2229	-11.1146
-10.1086	-4.4150	-3.2138	-3.2253	2.5630	1.8999	-3.0214	-2.6281	-5.9429	-10.0317
-11.5455	-6.3984	-2.6765	-2.0441	1.6912	2.2226	-2.8452	-2.6039	-8.4915	-19.3226
-10.2389	-11.1169	-3.7657	-2.9633	2.3034	2.4574	-2.8562	-3.7020	-8.7356	-8.8871
-12.0054	-7.0324	-2.3963	-3.9811	1.6654	2.4416	-4.6599	-3.7524	-8.3928	-16.7521
-11.1104	-7.1644	-3.9574	-4.4684	2.7330	2.7089	-2.8518	-3.4109	-8.3401	-9.7351
-10.4011	-6.1026	-3.3012	-3.6802	2.0727	1.2499	-3.5439	-2.7533	-6.9772	-13.4469
-9.2342	-8.3449	-2.8187	-2.4661	1.9627	2.3114	-3.3720	-4.1930	-6.8737	-10.5043
-13.0835	-8.5278	-4.3500	-2.8167	2.6053	3.4185	-2.8652	-3.6936	-6.7794	-12.9422
-12.1748	-8.8818	-3.4467	-3.0043	2.2044	2.7167	-3.7090	-3.3089	-7.7609	-16.4061
-10.9590	-8.3835	-3.4803	-3.5010	2.2519	2.2353	-2.5646	-3.0793	-7.3647	-10.7268
-14.0621	-9.1278	-3.7770	-2.4010	2.0746	1.6722	-2.6060	-2.3139	-7.6652	-13.8534
-10.9013	-7.8515	-2.8458	-2.8148	2.1682	2.3070	-2.9639	-3.8131	-6.4249	-9.7113
-14.5345	-7.7693	-3.8095	-1.8565	2.7890	2.0805	-3.6353	-3.5027	-7.7217	-8.4107
-14.6397	-8.1824	-3.7247	-2.2022	2.1350	2.3802	-3.2160	-3.0987	-8.7351	-11.7120
-9.7631	-7.4362	-2.6110	-2.5565	1.5048	2.0235	-5.0594	-4.3536	-5.3981	-10.7612
-14.5250	-9.1907	-3.8119	-2.6902	2.4071	2.4547	-3.6846	-2.6731	-5.4547	-11.4312
-10.8697	-8.9083	-4.6379	-2.8957	2.1153	1.9431	-1.9538	-2.2552	-8.1602	-11.6240
-12.1068	-8.9251	-3.8856	-2.9092	2.0280	1.9091	-3.8061	-3.7503	-7.6005	-12.0643
-10.8591	-7.0712	-2.3761	-3.0821	2.4151	2.7534	-2.2675	-2.4105	-8.2725	-12.0031
-11.5577	-6.9515	-3.6919	-3.0490	2.0907	2.0812	-2.9934	-2.7870	-7.2963	-14.5901
-9.5880	-7.1499	-3.1466	-2.9668	2.4647	1.8551	-2.6821	-2.8864	-8.3028	-10.9695
-12.6312	-8.7704	-2.3170	-3.2758	2.7555	2.8249	-1.8037	-2.9979	-6.9292	-11.0535
-16.1483	-10.1947	-3.5353	-3.0313	2.2067	1.8873	-2.7351	-4.2018	-9.2199	-12.6635
-12.0253	-7.6301	-3.8424	-3.6197	2.6937	2.8605	-2.9201	-4.6895	-8.7061	-12.2188
-12.8353	-7.6991	-3.5995	-2.5262	2.5464	2.6733	-3.1657	-3.1954	-8.7490	-9.7674
-8.5093	-6.0447	-3.2803	-2.6852	2.0814	1.8576	-3.8063	-3.1324	-6.7405	-13.5312
-11.9394	-7.4480	-3.5778	-3.5774	2.0261	2.0756	-2.2460	-3.9670	-10.5153	-16.8888
-12.5923	-9.2829	-3.7017	-3.3858	2.1400	1.8276	-2.1975	-3.8181	-8.2499	-13.9678
-11.4277	-9.0917	-3.9690	-4.0229	2.3080	1.7287	-4.2546	-3.6363	-9.4635	-10.7700
-12.6914	-7.5046	-3.5260	-3.6606	2.2103	2.4616	-3.0396	-4.0323	-6.9090	-10.1330
-13.7318	-6.8624	-3.5583	-3.1576	2.0964	2.1858	-3.0952	-3.9770	-8.0266	-11.2741
-12.5552	-8.1668	-2.8278	-3.2902	1.8975	1.9661	-2.8223	-4.5254	-7.0544	-7.9037
-10.1759	-6.9257	-3.9938	-4.1263	2.6887	2.1977	-4.1142	-3.6821	-6.8593	-13.5302
-11.6434	-6.8210	-3.2038	-2.7160	2.3055	2.3660	-3.3105	-3.3651	-8.1412	-9.8944
-11.7505	-6.6034	-3.0773	-2.4840	2.5075	2.5058	-3.6076	-4.4202	-8.6371	-11.0785
-14.5011	-10.5869	-3.6565	-2.7177	2.1960	1.7569	-3.9571	-4.6255	-9.5360	-13.8301
-11.2608	-9.4597	-3.3016	-1.8537	2.7264	2.6226	-3.1716	-3.6234	-7.9657	-11.7099
-15.0885	-8.1665	-4.0849	-2.5992	2.1689	2.2275	-4.3892	-3.2339	-7.9031	-11.9742
-14.3224	-9.3886	-2.5222	-2.2937	1.7856	2.0259	-3.2428	-3.9304	-7.7095	-15.0176
-9.7266	-7.7011	-3.2307	-2.4507	2.4566	2.1291	-4.1009	-3.1215	-6.9740	-12.4382
-11.3357	-9.4972	-3.6925	-2.1265	2.5077	2.5630	-3.7980	-3.3220	-9.0891	-12.2077
-11.2512	-9.8648	-4.5957	-2.9590	2.5712	2.4800	-3.0321	-2.8607	-6.2424	-11.1316
-11.9057	-8.0479	-3.1419	-1.8351	2.3425	1.9814	-2.3343	-3.9048	-8.7397	-13.3573
-9.9172	-6.7858	-4.0702	-3.2089	2.1482	2.3215	-3.8230	-3.9920	-7.9846	-10.1033
-11.3119	-9.6518	-3.4599	-2.3884	1.9558	2.0854	-4.4300	-3.0642	-7.1449	-11.8704
-12.6632	-6.8597	-3.0311	-1.8000	2.3513	2.3602	-3.3272	-3.5287	-7.6342	-10.8345
-12.6121	-8.5078	-3.7074	-3.4883	1.8230	1.9681	-2.7887	-2.1095	-7.2058	-15.0967
-12.0801	-8.0605	-3.4810	-1.8128	2.9149	2.5198	-2.9977	-2.9017	-7.6307	-10.7098
-11.8283	-7.8738	-3.2184	-2.4253	2.6400	2.2194	-3.3226	-4.6898	-7.0480	-13.3669
-10.0273	-7.0533	-4.6630	-2.8893	1.9973	1.9677	-3.4369	-2.9716	-7.2998	-10.5478
-10.8302	-9.0436	-3.6372	-2.8182	2.3003	2.4288	-2.7294	-3.9890	-9.2277	-9.4535
-8.8386	-8.0980	-3.6200	-2.9472	2.6368	2.6303	-2.3905	-3.9370	-7.3690	-13.9998
-10.8610	-8.7665	-3.0960	-3.8600	2.3331	2.5019	-3.0590	-3.0246	-6.9747	-16.5754
-13.8632	-7.6388	-3.5389	-3.7101	2.3170	2.5284	-1.8062	-4.3678	-8.3276	-11.0724
-12.9686	-9.4558	-4.0155	-2.0675	3.0020	3.0161	-2.7374	-3.1866	-8.0362	-11.0862
-12.6070	-9.4282	-3.1592	-2.9722	2.2803	2.4294	-2.9455	-3.7031	-8.7434	-11.3471
-13.5496	-8.6930	-3.2902	-3.5909	2.2455	1.7180	-4.0884	-3.8595	-9.4687	-19.8681
-14.0725	-8.7015	-3.9214	-3.3110	2.2826	2.6445	-2.5945	-3.0192	-6.4424	-14.2119
-11.7198	-6.7937	-3.5640	-4.0914	1.9391	2.1890	-4.7086	-4.2833	-10.2697	-15.1387
-13.1360	-10.4436	-4.2086	-2.8603	2.1095	2.0904	-3.2397	-4.2144	-8.7477	-10.2132
-9.4485	-7.1568	-3.0177	-1.9925	2.3352	2.1689	-3.5986	-3.6532	-5.3445	-8.0443
-9.3216	-8.2023	-2.5522	-2.1423	3.2318	2.6294	-3.2290	-2.7412	-7.2620	-14.3559
-9.5631	-7.7793	-2.1993	-1.7261	1.7368	1.9730	-3.2993	-3.1153	-7.7905	-10.4600
-10.1584	-7.0606	-3.5773	-3.1091	2.0764	2.0565	-3.2419	-3.9664	-7.4074	-11.0439
-11.5874	-8.7380	-3.8679	-1.5363	3.1003	2.5273	-2.2182	-5.1701	-9.0914	-11.2569
-10.1485	-7.3939	-3.3266	-3.8231	1.9038	2.3953	-2.7790	-3.9569	-7.0151	-8.9328
-15.5746	-7.5572	-3.1711	-2.0655	1.9705	1.9403	-3.1006	-3.3132	-6.6914	-9.7903
-10.8156	-9.9327	-4.0502	-3.9895	1.9518	1.9780	-4.1250	-4.4961	-7.4129	-14.9875
-14.3581	-8.9710	-4.3080	-4.3454	2.4882	2.4485	-2.2739	-2.8302	-7.5682	-12.8966
-10.0733	-6.8735	-3.8970	-3.8518	2.4397	2.5971	-2.5907	-2.6693	-7.4401	-13.3403
-11.0129	-6.3116	-3.1105	-2.9330	2.1854	2.0528	-2.6798	-2.9726	-6.6026	-10.5710
-13.7370	-6.9387	-2.4752	-4.4015	1.9740	2.0412	-3.6800	-4.4318	-7.8900	-11.3472
-9.8569	-9.1458	-4.1661	-3.7015	2.5933	2.3733	-2.3616	-3.5119	-7.1591	-13.2925
-11.3833	-9.7586	-4.2952	-3.4328	2.4733	2.2635	-2.6094	-3.0912	-7.3189	-11.6754
-9.0439	-6.8802	-3.2075	-2.6513	1.9477	2.1702	-2.6253	-2.3441	-6.4532	-16.5304
-12.0541	-7.6159	-4.4553	-3.4946	2.2828	1.8688	-3.6770	-2.9011	-7.8160	-11.3834
-13.0884	-9.4284	-4.0199	-2.6235	2.6198	2.6137	-2.6594	-3.5066	-7.0106	-9.3932
-9.1595	-6.3419	-4.0177	-3.4837	2.2242	2.5571	-2.4423	-4.0002	-8.8911	-12.7085
-10.3309	-8.0297	-3.5635	-2.8183	1.9417	1.9417	-2.2323	-4.3314	-8.9357	-13.7768
-11.5165	-6.5104	-2.6366	-2.5535	1.5136	2.3503	-4.2256	-2.9511	-6.9639	-11.4308
-12.0133	-8.0198	-3.1704	-2.1802	2.1121	2.4428	-3.0960	-3.5667	-7.5703	-12.7405
-10.3747	-8.2601	-3.2967	-3.4919	2.2099	1.8151	-2.9596	-3.9930	-7.6856	-10.2648
-10.9625	-7.5811	-3.0494	-3.9821	1.5305	2.2577	-2.2434	-2.4661	-4.7271	-11.3573
-13.1115	-7.8604	-3.9573	-3.4787	2.4847	2.4796	-3.3136	-3.3885	-6.9315	-9.2570
-11.9159	-6.8584	-1.7700	-1.9089	1.8360	2.1756	-4.2160	-2.5674	-6.7524	-11.4897
-10.9398	-6.0996	-3.0728	-4.2759	2.2535	2.7423	-3.0344	-3.9866	-7.8526	-13.8342
-12.0795	-7.7247	-3.8443	-2.0923	1.6798	1.8352	-3.0360	-3.2555	-8.8899	-14.1291
-13.5961	-10.0364	-4.4892	-3.2570	2.0967	2.2164	-2.7652	-3.6961	-7.8494	-12.1519
-10.9933	-9.2582	-3.5277	-2.5763	2.3425	2.1274	-3.1335	-4.1345	-7.5449	-9.7357
-15.1826	-7.4130	-3.4748	-2.9284	2.6962	2.4298	-2.4429	-2.8250	-6.5194	-11.8574
-11.2639	-7.5770	-3.7138	-3.7558	2.7584	3.0021	-3.4115	-4.1448	-8.1468	-12.9423
-12.3416	-7.1777	-4.1160	-2.9728	1.9544	1.8866	-4.0386	-3.8853	-8.4823	-10.3587
-12.0016	-7.7119	-4.2332	-3.5666	2.3255	2.4397	-3.3505	-3.4065	-7.7126	-12.0598
-11.2697	-8.8844	-4.2804	-2.8591	2.2365	1.9553	-3.6446	-3.0351	-7.6414	-10.5243
-12.5571	-7.0267	-3.1795	-2.7578	2.2365	1.9509	-3.6190	-3.2372	-7.4760	-11.9856
-13.0602	-9.8464	-4.5474	-2.4043	2.4852	2.1049	-4.0419	-4.6590	-8.0975	-10.5606
-12.3442	-8.6221	-3.9859	-1.5342	1.7976	2.0513	-2.7444	-3.3560	-7.4088	-11.0262
-14.5159	-9.4466	-3.8343	-2.6257	2.4084	1.8724	-3.4574	-3.7080	-7.4074	-12.0244
-11.0689	-6.7784	-3.3851	-2.6110	2.3572	2.3162	-3.7293	-2.7835	-6.5610	-12.0293
-11.9860	-8.3659	-4.1960	-2.5996	2.6347	2.5395	-3.4016	-4.1104	-7.4529	-12.3400
-10.9897	-7.3091	-3.7186	-3.5463	2.4245	2.4642	-1.9626	-2.5573	-6.5191	-11.5216
-9.4442	-7.1482	-3.6557	-2.9741	2.0783	2.4137	-2.6591	-3.3347	-6.3348	-11.3118
-10.1093	-8.7339	-3.6360	-3.5491	2.5945	2.3585	-3.1951	-2.9623	-6.7510	-9.5167
-11.2800	-6.6771	-2.9165	-2.9315	1.9850	2.0857	-2.5308	-3.1848	-8.6608	-14.4983
-12.7628	-7.7790	-3.6372	-3.1021	2.9948	2.7975	-2.9707	-3.2747	-6.0432	-11.8915
-10.0652	-7.9962	-3.9366	-2.8208	2.8028	2.3559	-3.5241	-3.6726	-10.0591	-12.6165
-13.5835	-9.2554	-3.2755	-1.4612	2.4184	2.3779	-2.1409	-2.8373	-7.4163	-13.9700
-12.8660	-5.6003	-2.6119	-3.7268	1.5113	2.0284	-3.8358	-3.2254	-7.0859	-12.0581
-10.7812	-8.0202	-3.5858	-2.7685	2.0527	2.0508	-3.8906	-2.9282	-6.5899	-10.8229
-13.2135	-10.5883	-4.1249	-3.4894	2.3558	2.1092	-2.8462	-3.4004	-8.0896	-11.8876
-11.4104	-9.2762	-3.9482	-2.0989	2.0833	2.1322	-2.3736	-3.8385	-6.7610	-10.2552
-14.7988	-7.8449	-3.2255	-1.9253	2.6984	2.2358	-2.1090	-1.8211	-6.6318	-11.9265
-12.8815	-7.4493	-4.4183	-3.6932	1.7654	1.7461	-2.4806	-2.7473	-6.7563	-12.3185
-9.6665	-6.7725	-3.9331	-3.4143	2.0930	1.4393	-3.6458	-3.5846	-7.5868	-9.0446
-9.6249	-7.8993	-3.3589	-2.6309	2.4657	2.2058	-4.1062	-3.0407	-8.1020	-12.3377
-11.5994	-7.9907	-2.5367	-2.8651	1.8723	1.8222	-3.0845	-3.3355	-8.4867	-13.2019
-11.3917	-8.7168	-3.2597	-2.2590	2.1152	2.2872	-4.3668	-3.4870	-5.9429	-12.0583
-14.0954	-8.3859	-3.4096	-2.2381	2.4592	2.0456	-3.0955	-3.4095	-8.3421	-12.1179
-11.4777	-9.0262	-3.7220	-2.5734	1.7540	1.7785	-4.4903	-3.2120	-6.8212	-10.5451
-10.5757	-9.0282	-3.1554	-2.0875	2.2168	2.2815	-3.2570	-3.6302	-7.4322	-9.9318
-10.8006	-8.4436	-3.6830	-3.3254	2.5269	2.1627	-3.9832	-3.7041	-7.7454	-12.7100
-10.5199	-8.4918	-2.6404	-2.9981	1.6752	1.9209	-2.5554	-4.1355	-6.3742	-12.0430
-8.2049	-7.4464	-4.5173	-3.3307	2.2806	1.9128	-2.0351	-3.2908	-7.1190	-8.4886
-13.1314	-6.4031	-3.0852	-3.2699	2.4336	1.9510	-4.1455	-3.3175	-7.3474	-12.4408
-13.4317	-8.4426	-3.6800	-2.7939	2.5447	2.8323	-3.3633	-3.1480	-7.5849	-11.8569
-12.5463	-8.0525	-4.0325	-3.1427	3.0456	2.1438	-4.5391	-4.5190	-9.1894	-11.2709
-11.6563	-8.4945	-3.0746	-3.0825	2.7288	2.7010	-2.0221	-2.5379	-8.4406	-12.7650
-13.5725	-6.4386	-2.8912	-3.8517	1.8325	2.0366	-2.7413	-3.2229	-7.1082	-13.1880
-12.8254	-6.8241	-2.6951	-2.4082	2.5192	2.8623	-1.5173	-2.3787	-7.0663	-8.8472
-12.6144	-9.3817	-3.2536	-2.6259	1.8980	1.6023	-4.3967	-3.1914	-6.9139	-13.8520
-10.6962	-9.6085	-3.6302	-2.1388	2.3219	2.4797	-2.0248	-3.7417	-8.1555	-10.6021
-14.1623	-6.7969	-3.2463	-2.3039	2.6706	2.0073	-3.9630	-4.4885	-9.8413	-10.6839
-10.3290	-6.9499	-3.3252	-2.3287	2.2245	2.9099	-3.2025	-3.9375	-8.8547	-13.1596
-14.0165	-7.9211	-2.6282	-2.5651	2.6087	2.7845	-2.8958	-3.1058	-6.7180	-11.7479
-11.9970	-6.4749	-2.7995	-2.5131	2.4791	2.1140	-4.7961	-2.5530	-5.6861	-10.0336
-9.3924	-7.7228	-4.1020	-2.4213	2.4755	2.4085	-3.7602	-3.4308	-8.8564	-14.0182
-10.8510	-9.2143	-4.8415	-3.1533	2.6659	2.4256	-4.7289	-3.6604	-6.1585	-11.8579
-11.7074	-8.3389	-3.8433	-2.6611	1.9643	1.8869	-3.0492	-3.7905	-9.0323	-11.8999
-11.8115	-8.6486	-3.4150	-2.3713	2.4625	1.8030	-3.4629	-3.3328	-7.4324	-11.4310
-10.7785	-5.6341	-2.8519	-4.6576	2.1264	2.1968	-2.3276	-3.0114	-7.6001	-9.7271
-11.5833	-8.0586	-3.4098	-2.4641	2.2552	1.8234	-4.0842	-2.7262	-6.4970	-10.5197
-10.1535	-8.8333	-4.1336	-2.8769	2.7175	2.3169	-3.0277	-4.2843	-7.6672	-10.5096
-12.0458	-8.0239	-3.8852	-2.5967	2.4011	2.0884	-2.9890	-3.9132	-8.4323	-13.8543
-10.7752	-8.0955	-3.6947	-3.5831	2.6445	2.6141	-3.0565	-3.8456	-8.8253	-11.8150
-10.4925	-6.2517	-3.6203	-3.8476	2.1068	2.4974	-2.8810	-3.2822	-6.6082	-11.2078
-11.8444	-9.8342	-4.8139	-3.4584	2.0493	2.2627	-2.6620	-3.2139	-9.3481	-11.3554
-10.3031	-8.4164	-2.7916	-2.3527	2.1853	1.9709	-2.9134	-2.6408	-6.4890	-12.5425
-10.2244	-7.7712	-3.3160	-3.4900	1.8777	1.9350	-2.4913	-3.3592	-9.5566	-10.1401
-9.2489	-7.7036	-3.4283	-3.1704	1.7229	2.2066	-2.8189	-4.5914	-9.0376	-11.4382
-13.6123	-8.2752	-4.1849	-2.4804	1.8578	2.2269	-3.4461	-4.1025	-8.8360	-10.4373
-12.0672	-6.8665	-2.9603	-2.7241	1.9111	2.3148	-3.3507	-4.6332	-7.2152	-9.3622
-15.2399	-6.1927	-2.6271	-2.5234	2.2273	2.1794	-4.4322	-3.3221	-5.8275	-11.8091
-12.0411	-8.3509	-4.0778	-2.7761	2.7192	2.4355	-2.6182	-2.6312	-7.5007	-13.5460
-13.7978	-6.7566	-3.2883	-4.0757	2.0391	2.7259	-1.9439	-4.2322	-7.7688	-12.6481
-12.5235	-6.9534	-4.3522	-4.4287	2.9004	2.6102	-2.8371	-3.5822	-8.6932	-12.7312
-12.2679	-8.5890	-4.3803	-2.7595	2.5978	2.1918	-2.4845	-3.2364	-7.0401	-11.6987
-10.5300	-6.9503	-2.9342	-3.1088	2.4254	2.4229	-4.5232	-3.6720	-6.7918	-12.7785
-15.4010	-8.5574	-3.3197	-3.2303	2.4547	2.2888	-2.0927	-3.7060	-8.4248	-11.8722
-9.9802	-7.4737	-3.4716	-4.4449	2.5768	2.5148	-3.3810	-4.0653	-9.2785	-11.0089
-10.0291	-7.4456	-3.5853	-2.6031	2.8836	2.6688	-2.0340	-3.0967	-8.6187	-10.4136
-9.2191	-9.0867	-3.3941	-3.0563	2.2639	1.8143	-3.1078	-2.9663	-6.2350	-11.8821
-11.5549	-6.4474	-3.0726	-3.4397	1.9705	2.0276	-4.4340	-4.3349	-7.4859	-11.3114
-11.1050	-6.9567	-3.7332	-3.4850	2.4529	1.8490	-2.7929	-2.6872	-8.3592	-11.0150
-12.8001	-8.8431	-2.4056	-3.1273	2.1085	2.0175	-3.8718	-3.7487	-6.5398	-10.6409
-11.5453	-11.7099	-4.9827	-3.4666	1.9510	2.4638	-2.7006	-3.9032	-7.1016	-12.0894
-11.2954	-8.3637	-5.2698	-2.4831	2.2657	2.6183	-2.9478	-2.7600	-7.5568	-12.9529
-11.0205	-8.3436	-3.1403	-2.7661	2.3203	2.1677	-3.0455	-2.9631	-9.1119	-10.0736
-12.3205	-7.6669	-2.8551	-2.4150	1.8465	2.1542	-3.4615	-3.0559	-7.8891	-11.9580
-12.6359	-6.7505	-3.3349	-2.7700	1.9092	2.1811	-2.9662	-2.9582	-7.1533	-10.4742
-13.2271	-8.7557	-3.7149	-3.4429	2.0464	1.7354	-3.6629	-3.1094	-8.7718	-10.7518
-11.9048	-10.3180	-4.3607	-1.6916	2.2127	2.3964	-2.9418	-3.3907	-8.2936	-9.9364
-9.3336	-6.9162	-3.8103	-3.9157	2.0026	2.7307	-3.6426	-3.4623	-8.1190	-11.9698
-10.1757	-7.3068	-3.1736	-3.8579	2.7939	2.5070	-3.6726	-4.2441	-7.5114	-10.2261
-13.6706	-8.1621	-3.5583	-3.1486	2.2024	1.9612	-3.4739	-2.3135	-6.8784	-15.4913
-13.0626	-8.1878	-3.8908	-3.1146	2.2405	2.8196	-1.9716	-1.9238	-7.4881	-10.2472
-11.8918	-8.2439	-3.9708	-2.1387	2.3953	2.3374	-1.3223	-4.2573	-9.5299	-12.0331
-9.2212	-7.7892	-3.5536	-4.0555	1.6609	1.6080	-3.6174	-2.9816	-8.4760	-15.5014
-12.1096	-7.3801	-2.8358	-2.8425	1.8133	2.7281	-3.3458	-4.0419	-6.5520	-9.8403
-12.5440	-7.7497	-3.6092	-2.2286	2.3045	1.9776	-3.1005	-3.0378	-6.3990	-10.6619
-13.1437	-7.6914	-3.7086	-4.5189	2.5400	2.3908	-4.0410	-3.2446	-6.2450	-9.5700
-10.1665	-7.2337	-2.6228	-4.0724	1.7144	2.3261	-2.1465	-3.6971	-7.7081	-9.5152
-12.3025	-8.3637	-3.3724	-3.0770	2.1066	2.2286	-3.1511	-3.1247	-6.8762	-9.5360
-14.2092	-6.1290	-3.3498	-3.0494	2.2768	2.1326	-3.1820	-3.1400	-7.4115	-10.5390
-10.6154	-6.7673	-3.8205	-2.7257	2.6083	2.9961	-1.6797	-4.5088	-8.3441	-11.1407
-15.1186	-8.6214	-4.0779	-1.6841	2.2338	2.0909	-2.1668	-3.6351	-8.2034	-10.4159
-13.4953	-7.3909	-3.3607	-3.4364	1.9135	2.0520	-2.8793	-3.5794	-10.3934	-11.1226
-10.6882	-8.6638	-3.2094	-2.7140	2.2601	2.6083	-2.5105	-3.0915	-7.0082	-8.9015
-8.9522	-7.3634	-3.5300	-3.0819	2.3986	1.9096	-2.3170	-3.2317	-7.2690	-11.1428
-11.0927	-7.0107	-3.0539	-2.5799	2.9566	2.7114	-2.3286	-4.2991	-9.1264	-12.5272
-8.3583	-7.7222	-3.4082	-2.6919	2.3825	2.9537	-2.6034	-3.4022	-7.7923	-10.8012
-10.9343	-9.0621	-4.2747	-3.5742	2.2028	2.8543	-2.2682	-3.7990	-6.8868	-12.4687
-14.1788	-6.2463	-3.7333	-4.0416	2.0825	2.5980	-2.4002	-2.5155	-7.6475	-11.6004
-12.3342	-9.0284	-3.5291	-2.2113	2.2341	2.3584	-2.9974	-3.9243	-8.3759	-13.2563
-10.6041	-9.6783	-4.4233	-2.9593	2.3499	2.3495	-2.5568	-3.0229	-8.4677	-10.5731
-10.3505	-8.8453	-3.4208	-4.5586	2.3743	1.9347	-1.9567	-2.5793	-7.1753	-10.1060
-11.3422	-8.5776	-4.2275	-4.1678	1.7436	2.2066	-2.3672	-3.6691	-6.7429	-11.5508
-12.6833	-7.0205	-3.6936	-4.4291	1.9120	1.6289	-3.3667	-2.4784	-8.6718	-12.7156
-10.9772	-9.4015	-3.1747	-2.5513	2.3277	2.8543	-3.3521	-4.5157	-8.4212	-10.4026
-12.9544	-7.9158	-3.5323	-2.2739	1.9751	2.0796	-3.5662	-2.5986	-7.5528	-10.1154
-14.2149	-7.8068	-2.3983	-4.1416	1.8992	2.7746	-3.5754	-3.6183	-7.9171	-10.5310
-12.9039	-6.9950	-3.2268	-3.5469	2.7716	2.5724	-3.5906	-3.8742	-9.8540	-12.9290
-9.4959	-7.1705	-3.9870	-3.7427	1.7672	1.6340	-2.7889	-3.6651	-8.1919	-10.7397
-12.7055	-9.8185	-3.9259	-3.8024	2.0450	1.9479	-2.9906	-3.8146	-7.1213	-13.2455
-9.3165	-8.6135	-3.1089	-2.2634	2.1227	2.0698	-3.5213	-4.2629	-7.5858	-12.1399
-8.1655	-7.4117	-3.2803	-2.6088	1.6601	1.9404	-4.2811	-2.9249	-7.4521	-9.3972
-9.9980	-8.6283	-3.1879	-3.6304	1.9807	1.6950	-2.9918	-2.8206	-7.2518	-11.4897
-12.6121	-7.3209	-3.1740	-2.0082	1.8102	1.6364	-4.3817	-4.1183	-7.0756	-11.4539
-8.9663	-6.5963	-3.8484	-3.0028	2.0064	2.6249	-3.6813	-2.6893	-6.1563	-9.9980
-13.7085	-7.5285	-3.9427	-2.7146	1.9279	1.8845	-3.6851	-4.4278	-8.2502	-10.4433
-9.7776	-8.2501	-3.5139	-2.9255	2.6742	2.5804	-2.3595	-3.5188	-9.7835	-11.9278
-15.5642	-8.8264	-2.8922	-2.9844	2.5838	2.2714	-2.1231	-3.3149	-8.8901	-8.5607
-9.9880	-9.9200	-4.6119	-3.8200	2.7653	2.2411	-2.5231	-3.4330	-10.5423	-12.9151
-10.6514	-7.5485	-2.7922	-2.4302	2.0497	2.6812	-2.4829	-3.5367	-8.7555	-8.3517
-10.0416	-8.7607	-3.8663	-1.8808	2.0406	1.2330	-3.3813	-4.0206	-8.0088	-12.9154
-10.7133	-6.9122	-3.6642	-3.0296	1.7489	1.5347	-3.4342	-4.1951	-7.4986	-11.0498
-12.8660	-6.1836	-3.6077	-3.3299	2.3539	1.9877	-3.4574	-2.4548	-6.1501	-10.7038
-14.1079	-7.9260	-3.9636	-1.6643	2.1054	1.7724	-3.6979	-3.5694	-7.3334	-13.7177
-14.1191	-8.0638	-4.3265	-2.6456	2.7670	2.4980	-2.4564	-3.0613	-7.9557	-13.2851
-11.5182	-7.7180	-2.9787	-2.4209	2.0549	1.7024	-2.6851	-2.2116	-8.9346	-14.1388
-10.9888	-5.1653	-2.8487	-3.2014	3.2020	2.3191	-4.5063	-3.7892	-6.9566	-10.3712
-17.2524	-8.1089	-2.9269	-2.8886	2.0716	2.6257	-2.9086	-3.2829	-8.1054	-10.4377
-10.0062	-7.9263	-3.5776	-4.0438	1.7824	1.7121	-4.1006	-4.4550	-8.2203	-11.3871
-12.1146	-10.4173	-3.4843	-3.0305	2.2611	1.9695	-3.8793	-2.6314	-6.3978	-10.6459
-11.3638	-8.0797	-3.8204	-2.7881	2.8223	2.4410	-3.6655	-2.4849	-6.9611	-12.4310
-11.6064	-7.7345	-3.1302	-3.6762	1.8142	2.0613	-3.9083	-4.8576	-8.6347	-10.1991
-11.0655	-9.0199	-3.3504	-2.2800	1.8130	1.9382	-3.4691	-3.6362	-7.0163	-12.3056
-11.6176	-6.7826	-3.3280	-2.5593	2.6319	2.8797	-3.0615	-4.1138	-6.6460	-11.2753
-12.8667	-7.7492	-3.2108	-1.9916	2.7189	2.4681	-2.7071	-3.2610	-7.1154	-10.4826
-10.3626	-7.5470	-4.7770	-2.2164	2.0788	2.6812	-2.8895	-3.1756	-8.6076	-12.6565
-7.9044	-6.0540	-2.0302	-3.7941	2.5264	1.6565	-3.5609	-3.8919	-6.3091	-9.1796
-10.0835	-7.1896	-2.8187	-2.9352	2.2516	2.3041	-2.4560	-1.7566	-5.1442	-9.1530
-10.7220	-6.4080	-2.9959	-2.8683	2.4193	2.5595	-2.2840	-4.2332	-7.2429	-12.2428
-11.4443	-8.8074	-3.3449	-3.2693	2.2623	2.4750	-2.0933	-3.4137	-8.4146	-11.5495
-10.7933	-7.8696	-4.2700	-3.1324	2.0838	2.3560	-4.1668	-3.0741	-7.3038	-11.9075
-13.5366	-8.5980	-3.5114	-2.6562	2.5327	2.3241	-3.2111	-4.2663	-9.8739	-11.4530
-9.2251	-7.2050	-3.8275	-2.0633	3.0291	3.0682	-2.3403	-2.8139	-6.3988	-9.2564
-10.9180	-9.1789	-4.8333	-4.8218	2.6883	2.3333	-2.2211	-3.5421	-7.9443	-9.7727
-13.7651	-6.3838	-3.6665	-3.8519	2.0249	2.0749	-3.2889	-4.2684	-7.7176	-9.7992
-8.1752	-7.2775	-3.1859	-2.4691	2.6361	2.3932	-4.3899	-3.2330	-6.6584	-10.7519
-10.0360	-7.8805	-3.9601	-3.1484	2.6156	2.7795	-2.2230	-3.8713	-8.1392	-13.0208
-13.1742	-9.0528	-2.9481	-2.2649	2.3589	2.2607	-2.9900	-2.8159	-7.7405	-12.6513
-10.3553	-7.5327	-3.3550	-3.4835	2.7560	2.6056	-2.0847	-4.4111	-9.2644	-9.7379
-11.6188	-6.1349	-3.0393	-2.3068	2.7240	2.3058	-3.5953	-3.2331	-7.5442	-15.2678
-12.4622	-9.9490	-3.1488	-2.0428	2.5874	2.8746	-3.8282	-2.9527	-8.2583	-11.0935
-14.4186	-9.4082	-4.5716	-4.4663	2.2864	2.2406	-3.3115	-4.3748	-9.2695	-12.2939
-13.6433	-8.7844	-3.8327	-1.8511	2.1927	1.5878	-3.7233	-3.6706	-7.6834	-12.0054
-11.5953	-5.9567	-3.0449	-3.7018	2.5370	2.7806	-2.2251	-2.9750	-8.1549	-9.3827
-14.3505	-7.2249	-3.9209	-4.0282	2.2476	2.0245	-2.9760	-4.0400	-7.5533	-15.7654
-7.4498	-8.5350	-4.7153	-3.5990	2.4577	2.0390	-3.3185	-4.3947	-9.6115	-11.0046
-10.0579	-5.6248	-2.2847	-3.1522	1.9767	1.8046	-3.0420	-2.8897	-8.0283	-14.4100
-9.9805	-8.7185	-4.0884	-4.6339	1.7371	2.4380	-4.4263	-3.8318	-5.5866	-9.9439
-13.2342	-7.3003	-3.2946	-3.4700	2.9358	2.3995	-1.9897	-3.2694	-7.7133	-10.6117
-11.5201	-8.4012	-3.4381	-2.1912	2.5607	2.3568	-2.7908	-4.7655	-11.4453	-11.7198
-14.1171	-7.1553	-3.6095	-3.3968	2.3005	1.8434	-3.0640	-3.2360	-7.2171	-8.2152
-11.7020	-6.1807	-2.9247	-4.2886	1.7300	1.6049	-3.2341	-3.1625	-7.0519	-12.2285
-11.2604	-7.3788	-3.3267	-2.1454	2.4100	1.9117	-2.9033	-3.1635	-10.3980	-10.2622
-11.3010	-7.6181	-4.0857	-3.0059	1.9256	1.9247	-2.4737	-3.6851	-8.4844	-15.3585
-12.6363	-8.6916	-3.1126	-3.6887	1.8684	1.6663	-2.3075	-2.9411	-7.5046	-11.7734
-10.2656	-6.9889	-3.3297	-2.1657	3.0100	2.5156	-3.2344	-2.8326	-6.1237	-12.6399
-11.1797	-7.5780	-3.6270	-3.2279	1.5020	1.4304	-3.7121	-3.5372	-7.0939	-14.7632
-11.5833	-7.1029	-2.5075	-3.5073	1.7707	2.6129	-2.5005	-2.1987	-6.0263	-14.3925
-11.1855	-7.1913	-2.8407	-2.3987	1.8494	2.1136	-2.8797	-3.1692	-5.7296	-9.6474
-12.4948	-7.0663	-3.4233	-3.8173	2.5005	2.5280	-2.8475	-3.6946	-8.7762	-11.8479
-11.1176	-9.5516	-2.7483	-3.2672	2.3927	2.4978	-2.1978	-3.1494	-10.1141	-12.9933
-11.0554	-9.0773	-3.9718	-2.9425	2.1892	1.7928	-2.1301	-3.2406	-8.3029	-13.9577
-8.9085	-6.8953	-3.2141	-3.2718	2.6827	2.1061	-4.5520	-5.0399	-7.9747	-8.7748
-16.5428	-8.9555	-3.8812	-3.0010	2.7958	2.4134	-2.0512	-3.2493	-8.4188	-12.2264
-10.4292	-7.4288	-2.2934	-2.6042	2.2551	2.4613	-3.1257	-2.8756	-6.4433	-9.5754
-9.9362	-6.5809	-4.2406	-3.5881	2.5556	2.5422	-3.7361	-2.9067	-8.2829	-10.4991
-12.7674	-8.0653	-4.2105	-2.3502	2.0674	2.1330	-2.4589	-3.4096	-8.7007	-10.9334
-9.2455	-7.4763	-3.7465	-4.7714	1.8526	2.4403	-1.9654	-3.1197	-7.0133	-8.6436
-11.8232	-7.6207	-4.0252	-3.8289	2.2035	2.3191	-1.6270	-4.0717	-10.0218	-12.9227
-10.2823	-5.4557	-2.3199	-2.9620	2.0275	1.8385	-3.5381	-3.6961	-8.6122	-11.9693
-13.8294	-9.1679	-2.3272	-2.2035	2.2874	1.8492	-4.0221	-4.2204	-6.0822	-11.3573
-9.9817	-7.9249	-3.6070	-3.7104	2.1873	2.3644	-3.5451	-2.9877	-7.6395	-11.5776
-16.0419	-8.4787	-2.7342	-3.0117	2.3543	2.5409	-3.3915	-3.3539	-7.5738	-16.0661
-13.2013	-9.2924	-3.9628	-1.6829	2.7223	2.6483	-2.4729	-3.7899	-7.0309	-9.8516
-14.1218	-8.7434	-2.8114	-2.4350	2.2997	2.4888	-4.0665	-3.4044	-5.7078	-11.7874
-10.4604	-6.2176	-2.4232	-3.7562	2.2749	2.3669	-2.9025	-2.1166	-6.8041	-8.9499
-11.7146	-7.7672	-3.2685	-2.5689	1.9616	2.2453	-2.5873	-2.5690	-7.8499	-9.8433
-9.8784	-7.4099	-2.5371	-4.0052	1.7878	2.4158	-2.8286	-4.0596	-8.1736	-12.5078
-8.2411	-7.6752	-3.3205	-2.1449	2.2680	2.5042	-1.9839	-2.3836	-7.2318	-10.3631
-8.7064	-6.9564	-2.9957	-3.2251	2.4458	3.0262	-2.0404	-3.7312	-6.5942	-14.3000
-10.7076	-6.9388	-4.6211	-4.4103	2.5112	1.9711	-3.4754	-4.2451	-9.0662	-13.5242
-11.6105	-7.5609	-2.9119	-3.2228	2.2015	2.5111	-2.7063	-2.4569	-7.1216	-11.7191
-10.5272	-7.7591	-4.2037	-4.0987	2.5515	2.5933	-2.8412	-3.4308	-6.8322	-10.8172
-11.9502	-7.3655	-3.8738	-2.9641	2.3467	2.7415	-3.0337	-3.0663	-6.3913	-10.4722
-12.3868	-6.7670	-3.5602	-2.9127	2.4805	1.7223	-3.1531	-4.4495	-7.3640	-10.9240
-9.6851	-11.0786	-4.5054	-3.4361	2.3946	2.5307	-3.5940	-2.7776	-8.7012	-11.3418
-10.4353	-7.8796	-3.4975	-4.0974	2.1070	1.9991	-3.2188	-2.6043	-6.7398	-15.6513
-10.5324	-9.2877	-4.6375	-2.8540	2.2400	1.5406	-2.8782	-3.8180	-7.6257	-9.0969
-14.9057	-8.2443	-3.5240	-2.9366	2.2120	2.3705	-1.4497	-2.5670	-7.5463	-12.6628
-12.8345	-9.6933	-2.9132	-1.3647	2.0129	2.0526	-2.5854	-2.4203	-7.3274	-12.2308
-16.8565	-5.7809	-3.6468	-3.2440	2.4824	2.0625	-2.3918	-2.9836	-8.1729	-10.3963
-11.6109	-8.5953	-4.4176	-3.1301	2.0303	2.0161	-2.3789	-4.3038	-8.4721	-12.4378
-13.3294	-9.7046	-4.3226	-3.2972	2.0506	2.2095	-2.8321	-3.3227	-8.2046	-12.0365
-9.6755	-8.2609	-3.2635	-2.5058	2.1031	2.4551	-3.9662	-3.9787	-6.3084	-12.3165
-11.7706	-7.8666	-4.0413	-2.9414	1.6459	1.6940	-3.8678	-3.5679	-7.1034	-11.1239
-9.4220	-5.6688	-3.3232	-3.1967	1.7229	1.6774	-3.8484	-3.5819	-8.2759	-13.2605
-10.7162	-7.5690	-2.2435	-3.5048	2.2913	2.7901	-2.5726	-4.6491	-7.7790	-12.7681
-13.1641	-8.1994	-4.0778	-2.5619	2.3764	2.5388	-4.4308	-3.0402	-7.3675	-13.1895
-11.1251	-8.2660	-3.5883	-2.8425	2.5304	3.0158	-3.0051	-4.3429	-8.2657	-13.3333
-9.4366	-8.6919	-4.3495	-2.7950	2.7611	2.0445	-3.9910	-3.8517	-6.7215	-14.8871
-10.2533	-5.7262	-3.5723	-4.3042	2.7556	2.2058	-2.9966	-4.2780	-7.9117	-10.0224
-10.9423	-6.6242	-3.3831	-3.6949	2.2840	2.0894	-3.7652	-3.7325	-6.8004	-11.0236
-10.8962	-6.1845	-2.3831	-2.8340	2.1526	2.1518	-3.5106	-3.7783	-9.0899	-12.6606
-12.6337	-9.1291	-2.9254	-3.0459	1.4734	2.6076	-3.4480	-2.6724	-6.9217	-10.0676
-11.2518	-7.6592	-3.6239	-2.9384	2.8107	2.4456	-4.3198	-4.6048	-6.6783	-9.9222
-9.2284	-6.5047	-2.4624	-3.1044	2.2363	2.3296	-3.5340	-4.3769	-6.9951	-9.7967
-11.0923	-7.8438	-3.3887	-3.5418	1.6818	2.0477	-3.5674	-3.7207	-7.4972	-9.3032
-11.2192	-8.2075	-3.2985	-3.8539	2.1090	2.2811	-2.5031	-2.4626	-6.9738	-11.3375
-8.5947	-9.2965	-3.7049	-2.8217	2.0090	2.6647	-3.1235	-3.3571	-7.3816	-11.6116
-9.6204	-8.0960	-4.4784	-2.0568	1.9237	1.7628	-3.8931	-4.6924	-7.4647	-12.3640
-11.2726	-8.0352	-2.6662	-2.7500	2.2288	2.9676	-0.7641	-3.2267	-8.9350	-12.2424
-11.8053	-7.1771	-4.0791	-4.0593	2.2984	1.9767	-3.5514	-2.8646	-8.0881	-11.1387
-12.4216	-6.7212	-3.1396	-2.5480	2.0155	1.8493	-2.8678	-2.4023	-7.8829	-11.2946
-11.0934	-8.0328	-3.0813	-1.9721	2.1257	2.1993	-2.8909	-3.5186	-8.5039	-8.5210
-12.3155	-9.8710	-3.6727	-3.3217	2.0158	2.4159	-2.3914	-3.9509	-8.1044	-12.9427
-9.1916	-7.3270	-3.3011	-2.8552	2.5757	2.4011	-3.2839	-3.0534	-6.4856	-9.7855
-8.7386	-6.9682	-3.0779	-3.1139	2.5151	2.4826	-3.3796	-2.8844	-7.2283	-8.8202
-19.3606	-10.9935	-4.2234	-2.3075	2.5938	2.6957	-2.0451	-4.1749	-8.8884	-15.4850
-7.7249	-6.6208	-3.4268	-4.1859	2.0506	2.2343	-3.2374	-4.2298	-9.5529	-9.6927
-11.9399	-8.6619	-2.6536	-2.9340	2.1114	1.8107	-3.8589	-4.0424	-7.8621	-12.8287
-9.6392	-8.0103	-4.1389	-2.3826	2.6455	2.1342	-3.3647	-3.6488	-6.1580	-10.0386
-11.3377	-7.6167	-3.9402	-3.4584	1.8403	1.9584	-3.2535	-3.7999	-8.0140	-14.5159
-10.7706	-8.7025	-3.4454	-2.4426	2.0440	2.2609	-3.6629	-5.0546	-7.9262	-9.8190
-16.6696	-7.9037	-3.8433	-2.8256	2.6043	2.4876	-2.6335	-3.6551	-9.4746	-14.2471
-12.1655	-9.7025	-3.6968	-2.5488	2.2617	2.5097	-2.9615	-3.3479	-7.5095	-12.3166
-9.5098	-8.9690	-4.3331	-2.5188	2.3733	2.1108	-3.7822	-3.4740	-10.4371	-12.1524
-11.4002	-8.1005	-2.4565	-3.4695	1.9148	1.8441	-3.9576	-4.6012	-6.9152	-9.2309
-10.8706	-6.6550	-3.6309	-3.3299	2.0514	2.5391	-3.3321	-3.9891	-7.4367	-17.3699
-10.2099	-5.6011	-2.3144	-3.1825	1.8942	2.2105	-3.9164	-3.2521	-8.8900	-12.1462
-10.8300	-6.7039	-4.1713	-4.5590	2.4522	1.8063	-4.8300	-3.5018	-5.8803	-11.3531
-10.2465	-8.3506	-4.2455	-2.4058	2.4018	1.7844	-3.2079	-4.4832	-9.1023	-11.5719
-10.8469	-7.6162	-3.3521	-3.6102	2.4415	2.3797	-3.7621	-2.9360	-8.8789	-9.9820
-12.3698	-5.4754	-1.7150	-4.2091	2.3538	2.1391	-1.6429	-3.0950	-6.7387	-11.1802
-12.5958	-8.4428	-3.7278	-4.7437	2.1493	2.3300	-3.1400	-4.4245	-7.9960	-12.9088
-10.8024	-6.7972	-3.2642	-2.0572	2.2110	2.0677	-2.7309	-3.5852	-9.7334	-13.7451
-14.8684	-7.1848	-1.8794	-3.0996	2.1582	2.3558	-3.5721	-3.0861	-7.4331	-8.6834
-9.1661	-8.7969	-2.8869	-2.6781	1.8777	2.0996	-3.7625	-4.0093	-8.7558	-12.2084
-13.0869	-8.1965	-3.4052	-2.5801	2.6130	2.7647	-3.4473	-4.5197	-8.3067	-10.5345
-10.1713	-6.7549	-3.2101	-3.1325	1.9053	1.9190	-3.4039	-3.3400	-7.5691	-9.6408
-13.2173	-7.9755	-2.8920	-2.6561	2.2070	1.7408	-3.3482	-3.6719	-10.4226	-13.1782
-13.7314	-7.9372	-3.7059	-4.6326	2.3526	2.8458	-3.1030	-2.9550	-6.4763	-9.2200
-12.2039	-6.1944	-4.0636	-3.3674	2.6479	2.1601	-3.5228	-3.7310	-7.8050	-8.1640
-9.7044	-6.7092	-3.3371	-3.6469	2.1024	1.9193	-3.1192	-3.1350	-8.8539	-12.8348
-12.8152	-8.3328	-4.9817	-4.2280	2.3558	2.0286	-2.0593	-2.8725	-9.1221	-13.2192
-11.2159	-6.8381	-3.4601	-4.3594	2.4189	2.5466	-2.5798	-3.0482	-7.6466	-12.1213
-9.9533	-6.7780	-2.3728	-3.1616	1.6900	2.2313	-2.9141	-3.0848	-6.2526	-10.9250
-13.6553	-6.7160	-2.4644	-3.2258	1.6378	1.8905	-3.6435	-2.8047	-5.8408	-13.0234
-13.3210	-8.4910	-3.3980	-2.7112	2.6091	2.2027	-2.1586	-3.6829	-8.6984	-12.5390
-10.5223	-5.9844	-4.1076	-3.0152	2.4124	1.9159	-3.7594	-2.8059	-7.6479	-12.3675
-11.3057	-9.8611	-3.9889	-3.3597	2.2836	2.4350	-2.8406	-3.7194	-7.3485	-11.4038
-9.7577	-7.6312	-3.8661	-3.3148	2.4351	2.5264	-2.1864	-3.3335	-9.0561	-11.8506
-14.4624	-8.3492	-4.1403	-3.6863	2.2889	2.1229	-3.5808	-3.2489	-8.0932	-15.2705
-10.5001	-7.1392	-2.8484	-2.4645	1.9249	1.8707	-2.6208	-4.1529	-11.0582	-15.4488
-14.0960	-8.9944	-2.9387	-3.9155	2.3953	2.3350	-3.0121	-3.4183	-7.6408	-13.9116
-10.9422	-8.5546	-3.9660	-2.7787	2.6675	2.3440	-4.5506	-4.3852	-8.3550	-10.6299
-12.4170	-9.0617	-4.1084	-2.2034	2.4099	2.6804	-2.7461	-4.0789	-9.4565	-11.7303
-13.2086	-9.2852	-4.0304	-3.9206	2.5127	2.4902	-2.2261	-4.9832	-9.3206	-12.9858
-14.0508	-7.9228	-3.2397	-3.1876	2.4733	2.5153	-3.0598	-3.6376	-9.4101	-13.0060
-12.3344	-9.0694	-4.1539	-3.3208	1.8529	2.1378	-3.0229	-3.8415	-9.2676	-13.6234
-11.9478	-10.6301	-3.3706	-1.5283	1.8671	2.1827	-4.9798	-4.3867	-8.9148	-12.5829
-8.9142	-7.6556	-3.2681	-3.0480	1.8042	1.7136	-3.3428	-4.2781	-10.3116	-15.3386
-14.3955	-7.2898	-2.8718	-4.5396	2.2983	2.3082	-2.7307	-3.3243	-7.5878	-15.0421
-10.2978	-6.9300	-2.0514	-3.1973	1.9541	2.0503	-2.5016	-3.2656	-9.4391	-10.5169
-10.9237	-7.5944	-2.8083	-4.1356	2.0609	2.0670	-3.1298	-3.2636	-6.1675	-11.8515
-7.7938	-7.4497	-3.7023	-2.9506	2.6281	2.0863	-3.2031	-3.8296	-7.5669	-11.0955
-9.5639	-5.8324	-3.1776	-3.2263	1.7561	1.3354	-3.2242	-4.3287	-9.1953	-10.5986
-10.6448	-6.4680	-2.6969	-3.3646	2.3768	1.8306	-3.1112	-2.5921	-7.5353	-9.9836
-7.8051	-6.6733	-3.4530	-3.0008	2.5039	1.5983	-3.5926	-3.3310	-8.8083	-12.9930
-11.5876	-6.7552	-3.4979	-2.5938	2.1990	2.4771	-3.7427	-3.5999	-7.5932	-12.1334
-9.6990	-7.8026	-2.7454	-1.7376	3.0806	2.4886	-3.7348	-3.7044	-9.6146	-10.3484
-10.4571	-7.7377	-2.7205	-2.8910	2.1881	2.2811	-3.9093	-3.6218	-8.6079	-14.4706
-12.3866	-7.3145	-4.0348	-2.6843	2.3538	1.9427	-3.4210	-2.8549	-7.7621	-15.3788
-12.5613	-7.0038	-2.6861	-2.8914	1.5433	2.2548	-2.5820	-3.3234	-7.5482	-13.0322
-9.5094	-5.3784	-1.9476	-3.3302	2.1492	2.5787	-2.5001	-3.2612	-7.6356	-11.5356
-12.7923	-8.4414	-3.1849	-2.1715	2.0605	2.3387	-2.8753	-4.4027	-6.9760	-11.6926
-12.1440	-7.7740	-3.2613	-2.2481	2.7003	2.1796	-3.0352	-2.7279	-7.7360	-15.3940
-10.2123	-7.8067	-3.6996	-2.2775	2.1822	1.7300	-3.6031	-3.7437	-7.8823	-11.4580
-12.2018	-6.4471	-2.4967	-3.3127	1.7837	1.7110	-2.7978	-3.6336	-7.3320	-9.8269
-11.3800	-8.9056	-3.6283	-3.1599	2.0670	2.2738	-2.9144	-5.1711	-8.8808	-9.7106
-8.4413	-7.0110	-3.9165	-3.8545	1.8377	1.8879	-3.3783	-2.5197	-8.4761	-8.2706
-9.6411	-7.2813	-3.8629	-4.2141	1.6018	1.5779	-2.2820	-3.2410	-7.3982	-10.4572
-11.4976	-5.9510	-3.3357	-3.4470	2.3108	1.8652	-3.2727	-2.9948	-7.6368	-8.8713
-13.6691	-7.3930	-3.0515	-3.6345	3.0184	2.4154	-3.5990	-3.5463	-7.3007	-14.3636
-14.2633	-7.7816	-4.2357	-3.4261	2.2501	2.4003	-3.0401	-2.9963	-6.5946	-11.0191
-9.4590	-6.8793	-2.9581	-1.9527	2.8674	2.8326	-2.8837	-3.9633	-8.9929	-13.1326
-12.5296	-7.7462	-3.4656	-2.7221	2.2515	1.8451	-3.2186	-3.0731	-9.8862	-15.0460
-13.0639	-8.1968	-3.5145	-3.5733	2.1019	2.3894	-0.9633	-3.2237	-7.8508	-12.5418
-10.3559	-8.1972	-3.3118	-2.8589	1.8387	2.5671	-2.9588	-3.7499	-7.9910	-9.9136
-8.7888	-9.9075	-3.3019	-2.5176	2.1849	2.3982	-2.8955	-4.4066	-10.2145	-13.2045
-9.5308	-5.7124	-2.8548	-3.8946	2.2696	2.6110	-2.2193	-2.9303	-9.4166	-12.4024
-13.6723	-7.6861	-3.6800	-3.5707	2.4337	2.5869	-2.8379	-3.0585	-7.6299	-9.9338
-11.4478	-9.8696	-3.9846	-3.6732	2.1721	2.5735	-2.5536	-4.1226	-10.9414	-11.0715
-10.2962	-6.4228	-3.0107	-2.6411	1.9687	2.0508	-3.6486	-2.6585	-6.1342	-11.0584
-10.9430	-7.1781	-3.4545	-2.5149	2.4812	2.2642	-3.8415	-4.5842	-8.5381	-13.2000
-9.5259	-8.9093	-3.2697	-1.5602	2.4319	1.8795	-3.7405	-3.3030	-7.1984	-10.2968
-13.4886	-8.6886	-3.1237	-3.4865	1.9227	2.1338	-1.8945	-4.0275	-9.5860	-10.2534
-15.8739	-7.7178	-3.3861	-2.9309	1.9993	2.2398	-2.6991	-3.4074	-8.3625	-11.7614
-12.6992	-7.1767	-3.6316	-3.4845	2.4059	2.0594	-3.3967	-3.3649	-8.5420	-10.3877
-10.8064	-8.0839	-5.2604	-2.7340	1.6193	1.4545	-3.6869	-3.1296	-8.5799	-12.8063
-11.6423	-7.4574	-3.8822	-3.0981	2.1146	1.5822	-3.3463	-2.5638	-6.4780	-10.6864
-13.9253	-7.2000	-2.8351	-2.2902	2.1484	1.7547	-3.7365	-3.4153	-9.2940	-12.0227
-10.6266	-9.7313	-4.0721	-2.5058	2.4292	2.6338	-3.6906	-3.6601	-5.6623	-10.0616
-16.5580	-7.2545	-2.2251	-1.6039	2.7563	2.2497	-2.2984	-2.8545	-8.6612	-14.0709
-13.2594	-8.4369	-3.2730	-1.5885	2.2513	2.3802	-2.7256	-3.9808	-6.8791	-11.3803
-9.7266	-5.9624	-3.4716	-2.8297	2.3657	2.0875	-3.0693	-2.8625	-8.6077	-10.7553
-12.7842	-6.7337	-2.8018	-2.1786	3.4237	2.8097	-3.0635	-4.1045	-7.9823	-8.4472
-9.2458	-6.8094	-4.0121	-4.1141	2.2485	2.3744	-2.0762	-2.1385	-8.5524	-9.3452
-12.2978	-8.8642	-3.9937	-2.8545	2.5800	2.5546	-3.8397	-3.7520	-7.8788	-12.4978
-12.1356	-8.1809	-2.1899	-2.9253	2.5351	2.6092	-2.3611	-2.7691	-7.7746	-12.8588
-11.0786	-7.1824	-3.5468	-3.4824	2.3426	2.1402	-4.5850	-2.9960	-7.1135	-14.2536
-10.1366	-7.0248	-3.2910	-3.5709	2.4067	2.2513	-3.4062	-3.3116	-5.9909	-11.9882
-11.9535	-6.8973	-3.0885	-2.1803	2.7716	2.7553	-3.3577	-3.4727	-8.8313	-9.7544
-10.2531	-7.0597	-3.6549	-2.6295	2.2417	1.7017	-3.5793	-3.7475	-8.6114	-11.6050
-9.3528	-9.8397	-3.9907	-2.8363	2.9499	2.4142	-2.4645	-3.3889	-8.2756	-10.3818
-10.6850	-9.6055	-3.5985	-2.7609	2.4289	2.2214	-3.4189	-3.7904	-10.0479	-13.6878
-11.4063	-7.2497	-4.1245	-4.2311	2.4411	2.2007	-3.4639	-3.3223	-7.2874	-9.0134
-9.1520	-8.9768	-3.7889	-2.2551	2.6739	2.1242	-3.5221	-3.1751	-5.9373	-10.4678
-12.8848	-8.0348	-3.7489	-1.8565	2.5528	1.8364	-3.4155	-3.2581	-6.5583	-10.7875
-11.3162	-7.9660	-3.0633	-3.7285	2.4478	1.9958	-3.4471	-4.3625	-9.3727	-11.8568
-11.7497	-8.3643	-3.8354	-1.7215	2.4467	2.9449	-2.8650	-3.8461	-8.4687	-14.2852
-9.0968	-7.1733	-2.9970	-3.6310	1.5996	1.8799	-2.8469	-3.6511	-8.6661	-15.4348
-13.3375	-6.8481	-2.9310	-2.7384	2.0214	1.9714	-1.6103	-3.1660	-8.2199	-9.3496
-11.2931	-6.2403	-3.5772	-3.9239	2.6520	2.4459	-2.1721	-2.3597	-7.1315	-10.2659
-10.1935	-5.5528	-1.6655	-1.6594	2.4202	2.3259	-3.3223	-3.1985	-6.6555	-10.2904
-10.0330	-5.9579	-2.9533	-3.4517	1.5845	2.1385	-4.1352	-3.1481	-7.5046	-9.3605
-13.5484	-8.3238	-2.4488	-2.9843	2.2615	2.5974	-1.7129	-3.5711	-8.6079	-11.0243
-11.3192	-9.2085	-3.9569	-2.9003	2.1903	1.8532	-3.9727	-2.9489	-8.3529	-11.8432
-11.2540	-8.4396	-4.4100	-2.6294	3.1045	2.9521	-3.6502	-2.5060	-7.5816	-10.5714
-11.0872	-8.7679	-3.7636	-2.8087	1.4202	1.8733	-4.6676	-4.6028	-6.3280	-14.1555
-13.7513	-9.8134	-2.9302	-2.9241	2.8027	2.5884	-1.9271	-2.4495	-8.6223	-11.4085
-13.1898	-7.9137	-2.8028	-2.2503	2.5877	2.1672	-2.7152	-3.0868	-8.1099	-9.4154
-10.9908	-7.9672	-2.9765	-2.1561	1.9389	2.0427	-4.7642	-3.7200	-6.1856	-12.4846
-13.3703	-7.4814	-3.3390	-3.3931	1.6408	1.5796	-1.9921	-2.7254	-8.7882	-12.1839
-8.2268	-5.9727	-2.3982	-4.1846	2.4840	2.6202	-3.3063	-3.6084	-8.3128	-9.9464
-11.2680	-7.4475	-2.5600	-3.1900	2.9084	2.1888	-2.8020	-2.9017	-9.2917	-13.3295
-15.1431	-8.6570	-4.1888	-3.6818	1.5002	2.1554	-3.8700	-2.9969	-6.1409	-11.1788
-10.4277	-8.7476	-3.1342	-2.4824	2.2321	1.9968	-2.2161	-2.4684	-8.0751	-9.3129
-13.5275	-9.0779	-3.1019	-2.3478	2.1813	2.1344	-3.6383	-2.9343	-7.0025	-9.7845
-14.2191	-7.2811	-3.5994	-3.3493	2.2881	2.3301	-2.5646	-2.7232	-7.5381	-10.2436
-14.1363	-8.9547	-3.5054	-1.6772	2.5090	2.5118	-3.4980	-3.6759	-7.3450	-11.2335
-12.4614	-8.1812	-3.0575	-1.9329	2.5394	2.3015	-3.9035	-4.0059	-6.2824	-9.3336
-9.3614	-8.6634	-2.7107	-2.1777	2.0658	1.9182	-4.2232	-3.3876	-8.4457	-9.3849
-10.9850	-5.8491	-3.3749	-2.9272	2.4149	2.3029	-2.2794	-2.8007	-7.7392	-8.6953
-12.0742	-7.5522	-3.1324	-4.0292	2.7498	2.7230	-3.7706	-4.2481	-7.3971	-9.1619
-11.1843	-8.1069	-3.5624	-2.3068	2.5346	2.6002	-3.2105	-3.4282	-7.4721	-10.8982
-13.7231	-6.9139	-3.1976	-3.2242	2.6103	2.3734	-3.2857	-3.5400	-7.5371	-14.5035
-11.8017	-7.6783	-3.5422	-3.9856	2.2344	2.1496	-2.7822	-2.7340	-8.1491	-11.6525
-11.3228	-7.3544	-3.1176	-3.4457	2.0148	2.0820	-2.4373	-3.2637	-7.1987	-10.4898
-9.6189	-9.4231	-2.7992	-2.0402	2.1786	2.7702	-2.6237	-3.6441	-8.0626	-12.9809
-14.2066	-8.7118	-2.5072	-2.6241	2.1758	2.4641	-2.0730	-3.6663	-6.8100	-10.9293
-13.7501	-8.9538	-3.6540	-2.4142	2.0288	2.6656	-3.4866	-3.2008	-7.4750	-12.6808
-14.1135	-9.6480	-3.5751	-4.0088	2.3312	1.7953	-3.3873	-3.8550	-8.1748	-9.9842
-11.6852	-6.2359	-3.4003	-3.6955	1.9956	2.1809	-2.0194	-3.2470	-9.1991	-11.1393
-11.1913	-8.0601	-2.4949	-3.4320	1.8522	2.3562	-3.6176	-2.7577	-8.5932	-14.8943
-7.8715	-7.6040	-4.2000	-4.1410	2.8168	3.1283	-3.1070	-5.5312	-8.6508	-10.5239
-10.5333	-7.5875	-3.5331	-3.1144	1.6165	1.8371	-3.6817	-4.1123	-7.3211	-10.0448
-9.4669	-8.1408	-3.6291	-4.4122	2.2534	2.1925	-2.7206	-4.1166	-7.4082	-12.1839
-12.5263	-8.0757	-3.4608	-3.3531	1.7659	2.2138	-1.8495	-3.9683	-9.6410	-15.2470
-10.6445	-7.2311	-3.7623	-3.3770	1.8930	2.3920	-3.4121	-3.9379	-8.3975	-12.2206
-14.3812	-6.7566	-3.0688	-2.5223	1.9236	1.6805	-3.5051	-3.1364	-8.0304	-9.8246
-13.7613	-8.5668	-2.7507	-3.7933	2.0974	2.7228	-2.8497	-3.3843	-8.3474	-10.9577
-11.4544	-9.2158	-3.6943	-2.3487	2.3984	2.0049	-3.3288	-3.1469	-6.9872	-10.5947
-12.0953	-8.3295	-3.0250	-3.3171	2.4596	2.6312	-2.5561	-2.2888	-8.9429	-10.4390
-10.7803	-7.5495	-3.5695	-3.1127	2.7538	2.5265	-3.6112	-3.0350	-6.2416	-9.1438
-9.5311	-5.8932	-3.1930	-4.7620	1.6800	2.0778	-2.3439	-3.5664	-7.9601	-13.2060
-12.2181	-7.4769	-3.0338	-2.7060	1.3370	1.8465	-3.5573	-2.4047	-6.1200	-9.3234
-12.7233	-8.3308	-3.0074	-3.3004	2.7159	2.6787	-2.1591	-3.0926	-7.2872	-8.6458
-12.3731	-7.7640	-4.1919	-3.4481	2.3392	1.7542	-2.9008	-3.4520	-7.2725	-11.4451
-12.8664	-7.5672	-3.8803	-4.3804	2.0526	2.2438	-3.0770	-4.3158	-7.8788	-8.8970
-14.2103	-7.1789	-3.6158	-2.8815	2.2477	2.1214	-2.7761	-3.4289	-9.3356	-11.3498
-9.5541	-6.5962	-3.2133	-2.8950	2.3252	2.2469	-2.6823	-2.8442	-6.9937	-15.7711
-11.8732	-7.6102	-3.3070	-1.7725	2.6600	2.2162	-3.6860	-2.9520	-8.4426	-9.8867
-11.5276	-7.0848	-3.1021	-2.5376	2.3146	1.8162	-3.6222	-4.5670	-5.6087	-9.3347
-10.4095	-6.9535	-3.8651	-2.7332	1.8018	1.6778	-2.3050	-4.1415	-10.6659	-10.5469
-11.7799	-8.6445	-3.3687	-2.4306	2.4403	2.3428	-2.4518	-4.3833	-9.1452	-12.9460
-10.8364	-7.0986	-2.9081	-3.5538	1.7419	1.6459	-2.9276	-2.4862	-6.8330	-9.2799
-10.0191	-7.9234	-3.9297	-3.0418	2.0224	2.3935	-1.6824	-3.9706	-10.4388	-11.5212
-7.5604	-6.8066	-3.6424	-3.5387	2.4265	3.0465	-1.6865	-2.2388	-7.6497	-14.4303
-13.4634	-8.9274	-3.5001	-3.0749	2.2741	2.1381	-3.6150	-3.0205	-9.0323	-10.4384
-13.0867	-6.9700	-3.2994	-3.1224	2.2839	2.4131	-4.3580	-3.7790	-6.5462	-7.1593
-15.0786	-6.4083	-3.6016	-2.6581	1.9148	1.9530	-3.0052	-3.6217	-7.3603	-9.9062
-12.6508	-9.4172	-3.5098	-2.8835	2.5957	2.8019	-2.4114	-3.0603	-8.3204	-12.0388
-15.7577	-8.4841	-2.3921	-2.6225	2.3606	2.3621	-3.6572	-4.6647	-9.9434	-12.8121
-11.8072	-7.0452	-3.2463	-3.2431	2.0273	2.0536	-1.9644	-2.7548	-8.3818	-11.5036
-12.0732	-7.6344	-3.4777	-2.2056	2.8914	2.9635	-2.6404	-2.5890	-6.2181	-10.4425
-9.9644	-8.0325	-2.8926	-2.8448	1.5715	1.6184	-3.8207	-3.7081	-8.1761	-11.3038
-11.3941	-6.4756	-4.3636	-2.8541	2.8604	2.2923	-2.6017	-3.0248	-7.6904	-14.6155
-13.5456	-7.7484	-4.5177	-3.4190	1.9731	1.8342	-3.4213	-3.4580	-7.0647	-14.0690
-11.5356	-7.1181	-3.3758	-2.3762	2.1585	1.9363	-3.6882	-3.2328	-8.3614	-10.9123
-9.0254	-6.4571	-3.6139	-3.6788	2.1735	2.3234	-2.6751	-2.4804	-5.8771	-10.8367
-13.3800	-9.7044	-4.7125	-2.4675	2.6426	2.6891	-4.9317	-3.7848	-8.1482	-10.6334
-12.6975	-7.6682	-3.3508	-2.4726	2.5924	2.2030	-3.3860	-2.9795	-7.6688	-10.0260
-10.2550	-6.2523	-2.1619	-2.9368	2.1107	2.4193	-2.1195	-2.8491	-6.5168	-11.6941
-14.2706	-7.7512	-4.1522	-3.5111	2.5730	2.2743	-3.5466	-4.3293	-6.8677	-10.2804
-8.9494	-7.5383	-3.8596	-3.6268	2.5032	1.9471	-2.1610	-3.0835	-8.8686	-11.5689
-10.9077	-9.4764	-4.1424	-3.1610	2.2585	1.9555	-3.7698	-3.3466	-8.5281	-10.4456
-10.2444	-7.5864	-3.2009	-2.8469	2.5356	2.0091	-3.2342	-3.1850	-8.2040	-10.3883
-12.8683	-8.2434	-4.3087	-2.2712	2.6260	2.6808	-1.6618	-2.9515	-8.6841	-12.7744
-10.4112	-6.6144	-3.6657	-3.9044	2.3088	2.2950	-4.8409	-4.1330	-8.8896	-17.2403
-11.1490	-7.4420	-3.5506	-2.6892	2.3853	2.8260	-2.5469	-2.9093	-7.8466	-13.5405
-13.1035	-8.8446	-3.1146	-3.6613	2.1703	2.3769	-3.4765	-3.8273	-11.4682	-10.7099
-13.1276	-6.1026	-2.7023	-2.6232	2.7657	2.8273	-2.8688	-2.8356	-5.9277	-12.2074
-10.4840	-6.7775	-2.7756	-4.1565	1.9358	1.5808	-3.2148	-2.6169	-8.3868	-11.3985
-7.3719	-6.3812	-3.1105	-3.8841	2.4103	2.4388	-1.9714	-3.7717	-7.9867	-11.6561
-13.3630	-8.7259	-3.9143	-3.7747	2.0799	1.9467	-3.5743	-3.2883	-7.7523	-12.3669
-9.5135	-6.8730	-3.7213	-2.1944	2.5439	2.0405	-3.8476	-2.6666	-6.3291	-11.2669
-12.9478	-8.1663	-4.8633	-2.3779	2.4497	2.0286	-2.4386	-3.2950	-7.3566	-12.0014
-15.8463	-9.2479	-3.9339	-2.3061	1.9829	1.8019	-3.0635	-4.0704	-7.3846	-10.3783
-9.7676	-6.5238	-3.6790	-2.5528	2.4433	2.4135	-4.3298	-4.5876	-7.1555	-11.0085
-14.2266	-5.7668	-3.6829	-3.5003	2.1796	2.0259	-5.0496	-4.6756	-8.7452	-10.0999
-12.6099	-9.3748	-3.8702	-2.9524	2.6039	2.8161	-2.9094	-3.3554	-7.3048	-11.8276
-13.2828	-9.6547	-3.6898	-3.6841	2.4515	2.6815	-2.2349	-4.1186	-7.4452	-13.4383
-13.2700	-7.3984	-2.6981	-2.2956	2.4009	1.8844	-3.0848	-3.0204	-8.3270	-10.3732
-10.2797	-9.0998	-4.3788	-2.8926	2.7114	2.0880	-3.0009	-2.7480	-8.0233	-9.7708
-9.6751	-6.7182	-3.1897	-2.3282	2.5755	2.4641	-2.4498	-3.8737	-6.9444	-8.0278
-10.7321	-8.2918	-4.4044	-2.5581	2.1355	1.8178	-2.9193	-3.3959	-7.7303	-12.1436
-12.2803	-7.8870	-3.4036	-3.1617	2.5286	2.2304	-2.3397	-3.5793	-8.0078	-9.8327
-14.0162	-6.5283	-3.5036	-2.1512	2.5001	2.0958	-2.5389	-3.9404	-10.7474	-13.6289
-12.8978	-7.8569	-3.7793	-2.8936	2.4220	2.1178	-2.3576	-2.4083	-7.0274	-10.2879
-11.4669	-9.0614	-4.3407	-3.1208	2.3699	2.8533	-0.9888	-3.0736	-8.8681	-11.0545
-12.6139	-5.4098	-3.2592	-3.2586	2.8425	2.3263	-2.5234	-2.9205	-7.1530	-8.8839
-8.9173	-6.7151	-3.0191	-3.5948	2.1411	2.4410	-2.3137	-3.4497	-7.9236	-9.4138
-14.8452	-10.2309	-4.1737	-3.3717	2.2958	2.7394	-3.5195	-2.5001	-7.3248	-11.8514
-9.1871	-7.5056	-4.6988	-5.0279	1.8147	1.6760	-3.6161	-3.9590	-7.7710	-9.8724
-12.2459	-7.1629	-4.1364	-2.4113	1.7355	1.9597	-3.4525	-2.9088	-8.4512	-12.6352
-10.8105	-8.4493	-4.6539	-5.3148	1.4505	1.8705	-3.2926	-3.7142	-7.3849	-14.2735
-11.1701	-5.4213	-3.1977	-3.7889	1.9293	2.3514	-2.8930	-4.6745	-8.0293	-12.2989
-12.2366	-6.5706	-3.6842	-2.8538	2.1210	2.3192	-4.2921	-4.3985	-8.0965	-14.2264
-8.8047	-6.1043	-4.2264	-3.8040	3.0391	2.8254	-1.5726	-2.8763	-6.1644	-11.0870
-13.6112	-8.1925	-3.2859	-4.3744	1.7702	1.8674	-3.4923	-3.4996	-6.1771	-12.0963
-12.6773	-7.8393	-2.6386	-2.5158	1.9380	2.2749	-1.6414	-3.6259	-9.9359	-11.9123
-11.6075	-8.0958	-3.4210	-2.7184	2.7132	2.4647	-3.4729	-2.6399	-8.5318	-12.9683
-9.8702	-7.2515	-3.2760	-3.1096	2.1742	2.4904	-2.8931	-2.7400	-4.8664	-10.3437
-11.3449	-6.7074	-3.6643	-3.7858	2.2748	1.7770	-2.2417	-2.9666	-8.7136	-11.3746
-9.6442	-8.8341	-3.1225	-3.4736	1.9930	2.4833	-2.3757	-3.5788	-8.7703	-12.7539
-12.7092	-7.4384	-3.5960	-3.1520	1.7799	2.1429	-2.0255	-3.0027	-5.6813	-12.2761
-12.6068	-9.1306	-2.7825	-2.5663	2.2022	2.8154	-2.4332	-4.5193	-9.1671	-9.5012
-8.2510	-6.8207	-4.1718	-3.8586	2.1180	2.6589	-2.4226	-3.7389	-8.3434	-10.6617
-8.9370	-5.9830	-3.1161	-3.1595	2.1101	2.8158	-2.4279	-2.2070	-8.9765	-10.5221
-10.5160	-8.1061	-3.2990	-2.2315	2.5475	2.5481	-2.6695	-3.6902	-8.8836	-11.6074
-11.2670	-7.7413	-3.5357	-2.3090	2.5163	2.3671	-3.3173	-3.1102	-8.9629	-10.2413
-8.2845	-7.2391	-3.2761	-2.7225	1.5232	1.5906	-3.4887	-4.4177	-5.6877	-10.5486
-10.3209	-6.3359	-3.3635	-2.5411	2.4543	2.1863	-2.9899	-3.2053	-9.1271	-14.3484
-11.1105	-8.8228	-4.0662	-2.9522	2.6704	2.4472	-2.2156	-3.6388	-8.3360	-10.3386
-8.9389	-9.3200	-3.8990	-3.5971	2.3461	2.3434	-2.0425	-3.2005	-7.4615	-11.7442
-11.9456	-7.6199	-2.7739	-3.8364	1.8622	1.5633	-3.6774	-4.1006	-7.6431	-8.0053
-10.4685	-7.9281	-3.8315	-1.9530	2.4595	2.2250	-3.1584	-2.7602	-7.6257	-13.5281
-11.6909	-7.1760	-3.2239	-2.2543	2.1086	1.9304	-3.8433	-3.7691	-8.4739	-12.5250
-9.1274	-6.8390	-3.2845	-2.5915	1.5547	1.6876	-3.5222	-2.7339	-7.0320	-9.6499
-9.6750	-6.8947	-3.6343	-2.7722	2.8110	2.6851	-2.0554	-3.9141	-6.6518	-12.7539
-13.3053	-8.1258	-4.3599	-3.7482	2.5853	2.7874	-2.5432	-2.7997	-6.9534	-12.3762
-8.7831	-5.9443	-2.5284	-4.3133	2.3306	2.2779	-3.2595	-2.5721	-7.1757	-10.6505
-11.5362	-7.9207	-4.2798	-3.6547	1.5002	1.5554	-3.6745	-3.3107	-6.4898	-10.6969
-12.4106	-7.7678	-2.4479	-2.5310	1.9760	2.0093	-3.1751	-3.6306	-7.3787	-11.1466
-11.1552	-8.0356	-3.9975	-5.1976	2.4999	2.7112	-2.9914	-3.3536	-8.2178	-9.1539
-12.3520	-7.7745	-4.2512	-3.6840	2.3032	1.9191	-2.3713	-2.8554	-6.8225	-10.7042
-14.1249	-8.6160	-3.5466	-3.3296	1.7873	2.3473	-2.3732	-3.6023	-10.8119	-13.7050
-8.4842	-7.3094	-3.2027	-3.0476	2.6691	2.2229	-3.5691	-3.4536	-9.4009	-10.2479
-15.1900	-10.5417	-3.5023	-3.5391	2.2585	2.7789	-3.5533	-3.5527	-6.9628	-12.8540
-10.3652	-11.6146	-4.4972	-2.6420	2.8763	2.5515	-2.3523	-3.4195	-8.4175	-13.5362
-10.6106	-7.8819	-3.3364	-1.9633	2.1747	2.2814	-4.1531	-3.6076	-6.4909	-10.3796
-11.3907	-7.5002	-3.7997	-2.1403	2.1160	2.0958	-2.9799	-2.6465	-7.4943	-9.2612
-11.1169	-6.7171	-3.1400	-3.1308	2.4018	2.2217	-2.5967	-3.3470	-7.4147	-12.0169
-13.0854	-9.8541	-3.2287	-2.8744	2.3819	2.5842	-2.0056	-3.3407	-8.9582	-12.0430
-12.3469	-7.4789	-4.2617	-2.6024	1.9876	2.1589	-3.0376	-3.0474	-6.0541	-9.5747
-12.6380	-8.1899	-2.9537	-2.5140	2.3287	2.7660	-2.7990	-3.4876	-8.0125	-8.1836
-9.6348	-7.2794	-3.3147	-3.2128	2.2495	2.0001	-3.4507	-2.3202	-6.5811	-11.3546
-14.0855	-7.2811	-3.1499	-3.3372	2.0829	2.4326	-3.2862	-3.7264	-6.5963	-9.5228
-15.2414	-8.5069	-3.8510	-2.9926	2.2818	2.2183	-2.0823	-3.9138	-7.7818	-12.0233
-9.5804	-7.4549	-3.5728	-2.4614	2.3879	1.9407	-3.0500	-3.7059	-11.2954	-13.6911
-10.1843	-9.0078	-3.2526	-3.6350	2.1787	1.9594	-2.3748	-4.2368	-8.0694	-9.9404
-11.0942	-8.7556	-3.0414	-2.5418	2.1596	2.1340	-3.1460	-3.7594	-7.7490	-8.8973
-11.3037	-7.0606	-3.5959	-3.9665	2.6707	1.8436	-3.1552	-3.8778	-9.3926	-11.1615
-10.7896	-6.3847	-2.4195	-2.2555	2.0749	2.0120	-4.9097	-3.5949	-5.7651	-13.9534
-13.5660	-8.9101	-3.7633	-3.5690	1.6057	2.2775	-3.6708	-4.5464	-7.7111	-8.0231
-12.3101	-9.9395	-3.2868	-2.1466	2.4352	2.0426	-5.4218	-5.1772	-6.7376	-11.0907
-13.8478	-7.3190	-3.7305	-2.5410	2.3367	1.5928	-3.1590	-3.5703	-9.2190	-14.5712
-9.1245	-6.4976	-3.1378	-2.5446	1.7113	1.4484	-4.6123	-4.2076	-8.3344	-10.4630
-15.0100	-8.8626	-2.9375	-2.9086	2.0671	2.2687	-3.0790	-3.9868	-8.4491	-8.9228
-10.8464	-6.7945	-3.9603	-3.0876	2.4877	2.3038	-3.5965	-4.0354	-9.0391	-11.3210
-9.8677	-6.7734	-3.5912	-3.0946	2.5225	2.0835	-2.2385	-3.2362	-8.9176	-10.7616
-6.3230	-5.9081	-3.4110	-3.8976	2.0983	2.2633	-2.8272	-3.2175	-6.0755	-8.7096
-12.4139	-7.8790	-2.4767	-3.1818	2.6739	2.6729	-2.3021	-2.9719	-7.2771	-13.1137
-18.2267	-7.4986	-3.5743	-3.4068	2.3324	2.3831	-3.8130	-3.7808	-7.2513	-9.9778
-12.3433	-7.5158	-2.5528	-3.2831	2.4593	2.2667	-4.1278	-3.8172	-7.7464	-12.2403
-12.8871	-7.3400	-3.8794	-2.7081	2.0535	1.6293	-3.5839	-2.4761	-6.3535	-10.4499
-8.9562	-6.2805	-3.3751	-2.1554	2.7625	1.7437	-3.2579	-3.3723	-8.2206	-14.6714
-12.4207	-6.9490	-3.4754	-3.5805	2.5201	1.8503	-2.2309	-3.4401	-8.8714	-9.5047
-9.5490	-7.7998	-2.4463	-2.2555	2.6181	2.8549	-3.1988	-4.0024	-6.7901	-8.6099
-11.0200	-8.3401	-2.5572	-2.6134	1.7546	2.3342	-3.5090	-4.1091	-6.4172	-7.9701
-10.1739	-6.1806	-3.8989	-4.3239	1.7082	2.2329	-2.5598	-3.5541	-6.5248	-8.2374
-13.8516	-7.8323	-2.9684	-3.4687	2.2792	1.7023	-3.1693	-2.3657	-6.7881	-9.1024
-12.6147	-6.6448	-2.9408	-2.8757	2.3498	2.5581	-2.6373	-2.8336	-7.8584	-11.0262
-12.7818	-10.8018	-3.6730	-2.1341	1.9224	2.5308	-2.3195	-3.7761	-7.9401	-8.7692
-9.3759	-8.4771	-3.7127	-2.6519	1.7820	2.3584	-2.6486	-2.9726	-7.4088	-9.7385
-12.0308	-7.9315	-3.4566	-3.1742	2.0869	1.9630	-3.7893	-2.8351	-6.2088	-12.1836
-11.4168	-8.5590	-3.9028	-2.9718	1.8690	2.4073	-3.7570	-3.2890	-8.2684	-12.8228
-13.2531	-8.9093	-4.0660	-3.5982	2.4912	2.5704	-2.4092	-3.1960	-7.9013	-12.2529
-10.6038	-7.9363	-3.3339	-3.1590	2.5303	2.7358	-3.4290	-3.5795	-6.9502	-10.0419
-9.7659	-7.5608	-3.2328	-3.5121	2.2978	1.9386	-3.1010	-3.3636	-7.4491	-11.2535
-14.5520	-10.6623	-2.9154	-3.3425	1.7119	1.8807	-3.7115	-3.6275	-8.0720	-13.8203
-12.0157	-7.7008	-3.1349	-2.5092	2.0738	1.5982	-3.4732	-2.9344	-5.9338	-10.9942
-12.5171	-10.1229	-3.9677	-2.1077	2.8455	2.5654	-4.2717	-4.3832	-8.7144	-11.7846
-15.1256	-7.7118	-2.1757	-1.1700	2.9358	2.9061	-2.2638	-3.5567	-10.7662	-11.7478
-12.9615	-9.6413	-4.7324	-2.4774	2.2981	2.4308	-2.7865	-3.8280	-9.5737	-11.9653
-9.8722	-8.7974	-3.1484	-3.3594	1.7391	2.1583	-3.2190	-3.0649	-6.0692	-11.2589
-12.1368	-11.0331	-4.2405	-3.4056	1.8376	2.3174	-3.1914	-3.0295	-7.6778	-14.2650
-11.4676	-7.9935	-3.7859	-3.8640	2.0652	2.1800	-3.1018	-4.0714	-8.9683	-13.4875
-12.1384	-9.8997	-3.8877	-4.2550	2.5650	2.1075	-3.1243	-2.4910	-6.7394	-12.5698
-10.4198	-7.6250	-3.5337	-4.5638	2.0987	2.0802	-3.1767	-3.5086	-5.8101	-12.5310
-10.6513	-8.0229	-2.3594	-2.4321	2.0887	2.2186	-2.4448	-3.3592	-7.8000	-11.7880
-10.6415	-6.8433	-3.6130	-4.2165	2.6172	2.3197	-3.9503	-3.3933	-8.2519	-12.4904
-8.9149	-8.2693	-5.3301	-3.4338	2.4010	2.5357	-2.3391	-3.3829	-8.5498	-12.1108
-9.6636	-7.0563	-3.5413	-3.8606	2.4657	2.3845	-3.9653	-2.2005	-6.0989	-11.8989
-11.7796	-7.0421	-3.3916	-2.2598	2.5677	2.3501	-4.5025	-3.5528	-6.5784	-11.9918
-11.7553	-7.4814	-3.9841	-2.0468	1.9165	2.5810	-2.3164	-3.5678	-7.7960	-8.8621
-8.7397	-7.1299	-3.6988	-1.8028	2.1534	2.1464	-4.3481	-3.7247	-10.4081	-12.2855
-10.6403	-7.3069	-3.5959	-2.8808	2.1662	2.2462	-2.6953	-4.0414	-7.4228	-12.8658
-11.7087	-8.2299	-3.1223	-2.7857	2.8600	2.5128	-3.8308	-3.2737	-8.3726	-15.2772
-13.6376	-6.0670	-3.4694	-1.7180	2.4149	2.3372	-3.8495	-3.2398	-8.5650	-14.3262
-12.1421	-9.8606	-3.5579	-2.8595	2.0509	2.3952	-2.5298	-3.6587	-8.7583	-11.8924
-12.0020	-8.2106	-3.8302	-2.9517	2.2589	2.5679	-3.7596	-4.8526	-7.8773	-12.4881
-13.1031	-7.9392	-3.1192	-3.0246	1.9858	2.2831	-3.6448	-3.2118	-8.1918	-11.7303
-12.8216	-7.0267	-2.4249	-2.9100	2.2170	2.3953	-1.6861	-3.3319	-9.7493	-12.3581
-13.5179	-5.7061	-2.9062	-3.4596	2.7923	2.2336	-2.6411	-3.5117	-9.3441	-9.6201
-11.2722	-7.3541	-2.8607	-2.9499	2.3665	2.3671	-2.1230	-2.7057	-9.1496	-13.8515
-12.8568	-6.7655	-3.1744	-3.3245	2.4247	2.0818	-2.5834	-3.3232	-7.4814	-11.3127
-11.8805	-8.6237	-3.8287	-2.7228	1.8856	2.2093	-2.8647	-4.8879	-9.7728	-12.1899
-11.0249	-7.6281	-4.0891	-3.3872	2.3224	2.0470	-3.3801	-3.5521	-6.0250	-11.5051
-13.0892	-7.5533	-3.9299	-3.5499	2.3103	2.0758	-4.7575	-4.2570	-10.0724	-11.6107
-11.9929	-8.2745	-3.1510	-2.6817	1.7273	1.9733	-3.3923	-2.9949	-8.5759	-12.9254
-11.0098	-6.0601	-2.1118	-2.5753	2.4111	2.1696	-3.0577	-2.8474	-7.1258	-11.5643
-8.8123	-8.1566	-3.0836	-2.2823	2.4275	2.3242	-3.6651	-2.7730	-7.4351	-13.1686
-13.6324	-8.5702	-3.4861	-3.5131	2.2894	2.1343	-3.2117	-2.9515	-7.4881	-11.6466
-12.0498	-7.9208	-3.2385	-1.5418	2.6006	2.5714	-2.2462	-2.5920	-6.1166	-8.5951
-11.9335	-10.3174	-3.1595	-2.2480	2.6997	2.4277	-3.6488	-3.3132	-8.7911	-15.5655
-7.5874	-6.8226	-4.0952	-3.4520	2.2915	2.1948	-3.8952	-2.5169	-8.1576	-10.4297
-9.9920	-8.4398	-3.3901	-3.0056	2.3500	2.2478	-2.9577	-3.0556	-7.9388	-11.0999
-9.2358	-8.6248	-3.7229	-2.8960	1.7066	2.0773	-3.9931	-2.8440	-6.7492	-11.1130
-11.6764	-8.0227	-4.5684	-2.8129	2.5273	2.6717	-3.1490	-3.0594	-7.0926	-12.8350
-11.5199	-7.1959	-2.7080	-2.2931	2.6302	2.9593	-2.4064	-3.4739	-8.1875	-12.8630
-13.5071	-7.1813	-2.5602	-2.2422	2.7312	2.6095	-3.6752	-2.8579	-6.7451	-9.7318
-10.9051	-5.7491	-3.0168	-3.4161	2.5582	2.0799	-3.5145	-2.7529	-6.9962	-13.3892
-9.6452	-6.8492	-3.1446	-3.2075	1.9568	2.4747	-3.6529	-3.5904	-6.3686	-11.3731
-11.7777	-6.0677	-3.6368	-3.6221	2.4936	2.4202	-2.4055	-3.6747	-7.1276	-12.7799
-11.1845	-7.1008	-3.8056	-2.5772	1.6589	1.9598	-1.9414	-2.5731	-7.8289	-12.0935
-11.4204	-9.1690	-3.6900	-2.5783	2.5196	2.4249	-2.8453	-2.4817	-6.8293	-10.9919
-9.3985	-8.6470	-3.7980	-2.5494	2.5761	2.2492	-3.2806	-3.8802	-8.2268	-11.8453
-11.5590	-6.4870	-2.9139	-3.3545	1.8570	2.6761	-3.4344	-3.4864	-6.8507	-10.7479
-13.7127	-9.7179	-3.3974	-3.5067	2.0367	2.5531	-2.5832	-3.3643	-7.9826	-10.1365
-11.0219	-6.1287	-2.3627	-1.7510	2.3136	1.9768	-4.4520	-3.4175	-7.3542	-12.8792
-10.2652	-6.2601	-3.2827	-3.9426	2.2269	1.9096	-3.0013	-2.8636	-6.6237	-11.2049
-16.3762	-10.0759	-3.8361	-3.4866	2.1848	2.2307	-3.4354	-4.2686	-9.1125	-17.2240
-15.6538	-7.1163	-2.9916	-3.0273	2.7584	2.2681	-3.9320	-3.0230	-9.8879	-11.3912
-11.6649	-6.3602	-3.7028	-4.1475	2.4336	2.3831	-3.6660	-4.1496	-7.7366	-15.0753
-11.2836	-8.3710	-3.8795	-2.2829	2.7697	2.1950	-2.4760	-3.4811	-8.9411	-12.2574
-8.2778	-7.8389	-4.2108	-4.0347	1.8046	2.0070	-2.7397	-3.9498	-11.2625	-12.0214
-12.8764	-8.1669	-3.2040	-3.4580	1.6832	1.8168	-2.9886	-2.4711	-7.4171	-13.7442
-10.9850	-8.4542	-3.6901	-4.2731	2.6566	1.7636	-4.2151	-3.0907	-7.0347	-12.1309
-11.6474	-6.3657	-4.4976	-3.5713	2.2563	1.8119	-3.2740	-3.1482	-6.5763	-11.2222
-11.1309	-8.4330	-2.8119	-2.4492	2.4696	2.6499	-2.2614	-3.2863	-5.3534	-9.2827
