-11.7011	-8.0297	-3.7470	-3.0278	2.3593	2.2803	-2.8206	-4.2197	-8.0575	-11.0445
-11.3637	-8.2705	-4.1489	-3.5521	1.4826	1.7021	-3.3455	-3.2383	-7.2524	-12.2323
-9.7294	-7.7792	-3.4965	-3.2762	2.3907	2.3469	-3.2748	-3.6291	-7.7467	-11.5775
-11.3779	-7.7670	-3.4931	-3.1987	2.2260	2.0099	-3.7258	-2.7156	-7.4581	-11.2456
-10.3188	-7.7237	-3.7032	-3.3833	2.2369	2.0811	-2.5904	-2.8508	-8.4389	-13.7781
-11.6798	-7.4345	-3.3357	-3.6001	2.2747	2.0917	-3.4958	-2.9650	-7.2150	-10.9942
-10.8769	-6.8450	-2.8847	-2.7870	2.3146	2.3525	-2.9425	-3.0352	-8.0862	-12.6384
-9.5982	-7.5531	-3.0102	-2.7696	2.2452	1.8870	-3.2861	-3.3884	-7.8325	-11.9392
-11.5280	-7.9207	-3.3493	-3.2302	2.0970	2.3818	-2.6808	-3.7537	-8.7880	-13.1403
-11.1642	-8.5529	-3.5711	-2.9541	2.0107	2.3594	-3.0051	-3.2742	-7.8206	-11.7759
-11.6197	-7.7930	-3.2376	-3.0938	1.9059	1.9944	-2.4164	-3.8315	-8.5635	-13.5043
-13.4254	-8.2881	-3.9102	-4.1507	1.6481	2.1272	-3.3276	-3.7932	-8.7377	-12.1205
-10.4623	-8.1373	-3.3827	-3.3239	2.3587	2.4469	-3.0858	-3.2935	-7.5893	-11.1701
-10.7239	-6.9994	-2.4844	-3.0739	2.2808	2.3035	-3.2968	-3.4619	-8.4776	-11.7227
-11.2559	-7.3859	-3.2617	-2.9119	2.3121	2.7592	-2.6066	-2.7314	-7.3165	-13.4844
-11.8140	-7.9153	-3.5665	-3.3657	2.2620	1.9970	-3.3940	-3.3120	-8.1046	-10.9623
-11.4198	-7.8017	-2.9971	-3.2244	1.7402	2.2709	-3.2203	-3.8266	-7.0798	-11.1453
-12.4044	-8.6794	-3.6465	-3.1988	2.0622	1.8409	-3.1671	-3.4809	-7.4777	-11.6433
-10.9238	-7.0916	-2.8215	-2.9230	2.6839	2.7570	-2.8531	-3.6783	-8.5048	-13.0810
-10.5655	-8.8049	-3.7240	-3.8569	1.8938	2.2288	-3.2034	-3.7961	-8.0953	-11.8583
-11.6957	-8.1544	-3.1567	-3.2809	2.2087	2.3427	-3.1224	-3.5347	-7.9689	-10.9059
-10.3017	-7.5703	-3.4886	-2.4727	2.6062	2.9269	-2.0421	-2.9816	-6.7732	-9.9048
-11.0010	-7.7170	-3.4797	-2.7147	2.6467	2.6986	-2.6785	-3.3644	-6.9662	-11.3796
-11.1470	-7.8207	-2.7723	-2.5497	2.3259	2.1632	-2.8013	-2.5765	-7.5754	-11.7025
-10.9984	-7.3809	-3.5745	-3.5886	1.8762	2.1534	-2.9452	-3.8494	-8.4569	-13.3153
-14.4708	-8.6549	-4.2963	-3.5567	1.6142	1.6881	-4.0728	-2.8781	-7.2500	-12.1909
-10.7962	-7.6993	-2.9128	-2.2116	2.8012	2.4165	-2.5677	-3.1598	-7.8371	-11.3797
-10.9540	-7.0778	-3.0461	-3.1893	2.2669	1.9566	-3.3684	-3.7103	-8.4655	-10.6004
-13.0177	-8.8464	-4.0466	-3.1094	2.1520	2.4302	-2.6065	-3.8047	-8.4886	-11.0761
-10.1370	-7.0590	-3.2381	-3.3813	2.3691	2.1686	-3.2483	-3.2280	-7.7744	-12.1786
-12.1111	-6.8561	-2.9062	-3.3631	2.4540	2.5369	-2.6729	-3.6365	-8.4502	-11.1207
-11.3497	-8.5557	-3.7681	-2.8317	2.0642	1.9549	-3.3530	-3.6564	-7.9279	-12.1816
-13.1936	-8.3245	-3.1555	-3.1357	2.1515	2.2436	-2.6341	-3.0742	-7.8477	-11.8335
-10.8848	-8.2248	-3.3288	-2.8322	2.2033	2.0898	-3.3074	-3.2632	-7.5967	-10.0356
-10.7068	-8.6331	-4.8346	-3.2106	1.7615	1.4182	-3.4703	-3.0866	-8.0179	-11.6318
-10.2664	-7.3137	-3.7124	-2.9502	2.2278	2.2520	-2.7689	-3.4605	-8.0006	-12.4376
-12.1857	-7.8894	-3.1850	-2.9170	2.3569	1.6057	-3.4633	-3.6834	-8.2279	-11.0365
-11.0193	-7.9105	-3.5563	-2.5239	2.7711	2.4566	-2.5776	-3.8008	-8.0620	-11.0779
-11.2140	-7.9468	-3.6717	-2.9083	2.2783	2.2712	-2.9147	-3.9094	-9.0404	-11.3919
-12.4316	-8.3085	-3.3265	-2.8242	2.2243	2.2926	-3.1724	-3.7743	-8.1372	-10.6574
-12.5709	-7.6583	-3.1566	-3.2247	2.4597	2.7145	-3.0266	-3.1975	-8.4096	-13.1185
-12.6203	-8.0231	-3.5107	-2.5766	2.6658	2.3210	-2.9491	-2.6459	-6.6171	-10.3938
-10.5007	-8.0151	-3.4947	-2.9216	2.1593	2.6395	-2.7626	-4.0046	-8.7157	-10.8470
-10.2373	-7.6009	-3.4242	-3.2529	2.3150	2.2440	-3.3984	-3.8622	-7.7271	-11.9435
-11.2634	-7.4063	-3.2367	-3.2135	2.3792	2.6213	-2.8409	-3.1602	-7.3707	-11.0140
-11.9746	-7.9360	-3.2297	-3.1399	2.3320	2.1972	-3.0594	-2.5570	-8.0788	-11.2579
-12.7938	-8.7501	-3.4697	-2.7648	2.1148	1.9558	-3.7904	-3.6041	-7.9260	-12.4517
-11.3139	-6.8757	-3.3878	-3.2052	2.3946	2.0310	-3.3920	-3.1142	-7.7819	-11.1008
-11.1386	-7.6493	-3.2211	-2.6312	2.6275	2.2315	-3.1529	-3.1735	-7.8777	-11.7287
-11.7754	-8.6668	-3.8765	-2.6511	2.2206	2.3913	-2.7351	-3.1319	-7.5499	-12.1044
-11.3846	-8.2415	-4.0080	-2.9563	2.3305	2.5236	-2.4752	-2.8813	-8.3511	-10.0635
-11.9114	-7.7578	-3.5221	-2.7273	2.4377	2.2312	-2.5787	-3.8277	-8.2020	-12.2461
-10.9554	-7.4986	-3.4563	-2.6941	2.3847	2.7611	-2.1963	-3.1176	-7.5035	-10.5882
-11.1247	-8.3176	-3.8771	-3.1195	2.0098	1.8297	-3.2477	-4.0769	-8.7614	-11.9585
-11.6568	-8.2844	-3.6291	-2.9444	1.9470	2.0367	-3.3272	-3.2264	-7.1706	-10.9566
-11.4175	-7.5464	-2.9308	-2.6525	2.2202	1.9996	-2.8933	-3.7553	-8.1521	-12.0157
-12.3380	-8.6748	-4.0619	-3.3354	1.9295	2.0747	-3.1806	-2.7394	-7.5106	-12.7271
-11.0046	-7.2187	-3.2337	-3.2493	2.2979	2.2554	-3.2244	-3.6239	-8.5040	-11.2751
-10.6860	-7.4889	-3.2165	-2.6033	2.7711	2.7976	-2.3444	-3.7113	-8.2967	-13.2124
-11.9040	-7.4799	-3.1245	-3.6767	2.0368	2.1751	-3.1892	-3.3481	-7.4209	-10.7756
-11.2646	-6.9495	-2.8800	-3.6287	2.2664	2.7310	-2.7071	-3.7164	-7.7494	-10.3665
-11.0699	-7.5575	-3.5559	-3.0367	2.5185	2.3733	-2.9303	-2.7987	-7.5006	-11.3027
-12.0210	-7.7582	-2.7630	-3.1041	2.3426	1.8146	-3.7413	-3.3050	-8.4264	-12.2562
-12.2719	-8.6342	-3.2007	-3.3483	2.2712	2.4124	-2.9881	-2.8763	-7.5986	-11.0433
-11.8705	-8.1262	-3.5374	-3.2984	1.7098	1.9765	-3.4081	-4.0296	-8.2999	-14.0362
-11.6707	-7.7983	-3.9391	-3.1645	2.0916	2.4514	-3.1644	-3.5499	-7.2570	-12.4625
-11.0056	-7.2218	-2.8033	-3.6668	2.0916	2.4067	-3.4234	-3.8895	-8.1169	-11.6061
-11.3690	-9.3020	-4.3025	-3.5989	2.0850	2.1629	-3.2009	-3.0779	-7.7565	-12.1509
-11.7855	-8.2511	-3.8815	-3.0891	2.2423	2.7812	-2.8947	-3.1120	-7.1509	-11.4934
-11.2950	-8.1409	-3.1215	-2.4457	2.6241	2.6714	-2.4635	-3.3477	-8.1818	-10.3642
-11.3898	-7.5448	-3.2846	-3.3570	2.1826	1.9609	-3.5846	-3.7343	-8.4996	-12.1810
-10.9743	-9.0928	-4.0789	-2.9822	2.4570	2.4394	-3.2377	-3.5688	-8.3416	-12.3560
-11.9159	-8.3132	-2.9757	-2.6170	2.8186	3.1031	-2.6837	-2.6406	-7.4490	-12.3037
-11.1306	-8.0844	-2.9006	-2.4724	2.1419	2.2581	-2.4049	-2.9398	-7.5412	-11.8985
-9.3208	-7.5477	-3.5022	-2.7262	2.3448	1.9174	-2.8324	-3.6581	-7.9047	-11.8737
-12.4345	-8.7897	-3.8464	-2.7574	2.6131	2.1472	-3.8560	-3.6146	-6.7759	-10.9886
-12.0509	-7.9309	-3.0630	-3.0982	2.7104	2.0864	-3.8294	-3.5990	-8.0453	-12.2079
-11.2792	-8.5477	-3.6636	-2.7538	2.3245	1.9910	-3.0350	-2.9868	-7.8541	-12.8055
-13.3246	-8.1708	-3.5589	-3.0186	2.1213	2.0674	-3.2678	-3.7093	-7.0535	-10.5396
-10.1230	-6.5794	-2.9822	-3.3679	1.8459	2.2259	-2.7991	-3.7771	-8.2966	-10.5961
-10.8148	-7.8096	-3.2305	-2.8549	2.3850	2.7942	-2.4038	-3.3781	-7.2060	-9.3995
-11.1048	-7.5147	-3.0391	-3.2993	2.0020	2.0702	-3.2679	-3.7901	-8.6021	-12.7211
-12.8361	-8.3179	-3.3288	-3.3005	2.0847	2.2960	-3.4785	-3.9427	-7.9212	-11.0590
-12.4819	-8.3785	-3.8616	-2.6894	2.6186	2.5876	-2.6851	-2.8896	-8.1392	-13.0232
-11.6104	-8.1752	-3.9564	-3.6932	1.8378	1.7039	-3.5835	-3.4267	-7.3503	-12.1009
-11.6998	-8.3295	-3.1634	-2.5419	2.5676	2.5592	-2.6625	-3.2244	-6.8366	-10.7878
-11.2115	-8.9922	-4.3484	-2.9508	2.1090	2.3600	-3.1712	-3.3991	-6.9549	-11.8173
-11.4139	-7.4119	-2.9240	-2.9321	2.8620	2.2927	-3.0817	-3.0333	-7.0001	-11.3365
-11.3712	-8.3423	-3.5595	-2.8480	2.1632	2.2217	-2.8076	-3.8374	-8.8719	-13.0206
-9.6621	-8.0902	-3.7737	-2.8051	2.4977	2.0350	-3.2577	-3.1463	-7.7301	-11.1099
-10.9574	-7.6774	-3.6009	-2.5064	2.3155	2.1427	-2.7496	-4.1180	-8.3913	-11.0250
-12.3043	-7.3549	-3.7323	-3.1709	2.1776	2.3647	-2.7929	-3.4891	-7.8069	-10.8170
-10.9502	-7.7046	-3.4342	-3.0583	1.9980	2.5601	-2.2638	-3.5334	-7.9250	-11.8490
-13.8809	-7.8402	-3.5282	-3.1384	2.3440	1.8870	-3.4771	-3.3604	-7.3165	-11.3504
-13.1581	-7.1954	-3.0753	-3.2306	2.0221	2.5588	-2.9452	-3.0256	-7.1508	-10.6732
-11.9465	-7.3844	-3.6609	-2.9075	2.0372	2.3647	-2.6931	-3.9393	-7.7480	-11.7894
-12.8578	-8.5305	-3.7584	-2.8170	2.4545	2.1944	-3.2855	-3.0857	-7.2833	-9.9089
-10.1454	-7.5276	-3.7032	-2.8967	2.3585	2.0894	-3.0663	-3.7952	-7.9050	-12.3980
-10.6034	-7.5198	-3.5486	-3.4286	2.2536	2.0958	-2.9898	-3.9238	-8.4232	-12.3039
-10.6026	-7.7890	-3.2159	-2.8442	2.4930	2.2646	-2.7245	-3.4992	-8.2541	-13.4449
-10.6720	-7.7598	-3.4078	-3.1455	2.0106	2.2493	-2.6018	-4.0913	-7.9921	-10.2792
-12.2543	-7.4561	-3.1214	-3.3266	2.4041	1.9503	-3.6881	-3.7250	-7.8551	-11.4935
-11.3942	-8.4460	-3.5435	-2.8111	2.0170	2.5128	-3.0051	-3.3054	-8.0111	-10.4604
-10.6164	-6.8567	-3.0329	-3.2022	2.3676	1.8392	-3.5178	-4.0116	-8.6217	-12.0609
-11.6206	-7.7121	-2.8557	-2.6738	2.8310	2.4922	-3.3259	-3.1229	-7.6241	-10.6226
-12.5913	-7.5597	-3.0498	-2.8932	2.5950	2.3991	-2.7759	-3.0094	-8.3272	-11.5575
-10.5106	-7.3701	-2.7609	-3.1293	2.2360	1.9639	-3.4331	-3.1159	-8.5750	-13.1566
-11.5155	-7.9408	-3.7812	-3.1104	2.5135	2.2983	-3.2190	-3.3581	-7.8871	-11.9158
-10.8611	-6.9902	-2.7351	-3.3541	2.5708	2.6929	-3.2500	-3.7372	-7.3785	-10.3460
-10.5443	-7.4170	-2.9894	-3.4835	2.3222	2.1494	-3.3881	-3.5262	-7.7805	-11.6393
-11.4238	-7.4067	-3.5761	-3.1448	2.2828	1.9789	-2.9556	-3.2503	-7.4225	-9.5716
-12.6209	-7.1427	-3.2641	-2.8858	2.2505	1.9519	-3.1416	-4.0830	-7.9575	-11.8503
-11.4592	-7.6274	-3.6442	-3.5712	2.3329	2.2002	-3.1086	-3.4689	-9.3117	-13.3231
-10.6789	-7.9937	-3.9194	-3.4015	2.1941	2.2871	-2.9105	-3.7806	-7.6690	-10.2395
-11.8827	-7.1971	-3.4562	-2.5614	2.7680	2.7014	-2.8859	-2.9891	-6.8655	-11.4964
-12.5324	-8.1115	-3.8676	-3.2254	1.8113	1.8239	-3.6525	-3.3221	-7.1841	-10.5709
-12.4266	-7.4769	-3.6846	-3.2865	2.4407	2.2223	-3.0277	-2.0631	-6.5697	-11.2528
-12.2960	-8.8647	-3.7119	-2.8612	2.3465	2.0433	-3.2336	-4.0662	-8.1448	-10.5424
-11.6950	-8.0909	-3.3924	-3.0714	2.0309	2.2874	-2.9640	-3.0410	-7.4329	-11.5959
-12.2411	-8.6565	-3.9151	-3.0692	2.1986	2.5043	-2.9544	-4.0403	-8.1191	-12.4974
-13.1910	-7.7877	-3.0304	-2.5606	2.5306	2.5697	-2.4496	-3.3358	-7.8741	-12.0496
-11.8458	-8.1510	-3.4177	-3.1629	2.4843	2.5128	-2.6959	-2.8324	-7.0913	-10.8913
-11.8160	-8.4750	-4.2764	-3.7616	2.0765	2.4662	-3.5158	-3.2242	-7.6334	-10.8129
-12.5065	-8.7288	-4.0844	-3.1229	1.8117	2.0123	-2.8932	-3.2963	-7.8609	-10.8063
-11.4305	-8.5704	-3.6082	-3.1224	1.9210	2.1452	-2.7483	-3.8810	-8.5270	-13.0853
-11.1759	-7.3035	-3.3412	-2.8366	2.4494	2.4542	-2.5299	-3.3657	-8.4147	-11.0916
-11.3424	-7.5032	-3.0438	-3.0695	2.0403	2.5687	-2.8673	-3.2887	-8.2898	-11.2425
-11.9581	-8.1532	-3.5800	-3.1044	2.2737	2.1944	-3.0724	-3.7923	-7.4734	-11.0014
-12.1956	-8.3435	-3.3355	-2.8878	2.3155	2.2157	-2.9083	-3.5646	-7.8791	-9.7316
-13.1019	-7.4993	-3.2242	-3.0118	2.1019	2.6835	-2.3136	-3.1438	-7.7618	-11.1923
-12.5279	-8.0531	-3.3482	-2.8353	2.1591	2.6341	-2.2774	-3.3161	-7.8896	-11.0148
-10.9679	-7.8585	-3.6794	-3.0152	2.6537	2.4073	-2.7160	-3.7100	-7.8764	-12.3104
-10.6916	-8.0092	-4.1410	-3.3706	2.1151	2.3066	-3.0384	-3.1614	-7.3323	-11.9250
-9.6244	-7.7174	-3.8045	-2.4549	2.7168	2.2106	-3.1557	-3.4219	-7.5112	-11.1838
-11.8117	-7.7899	-3.3080	-2.9800	2.1128	2.3171	-2.5925	-3.7300	-8.1497	-13.3150
-11.2002	-6.6797	-2.3257	-2.7297	2.7368	2.1455	-3.6306	-3.4570	-7.3139	-13.1137
-10.9443	-7.9155	-3.4398	-2.4641	2.0824	2.3546	-2.3445	-3.0238	-8.0966	-12.3972
-12.1002	-8.0395	-3.2927	-2.8660	2.3680	2.2386	-2.8502	-3.2946	-7.4839	-11.4734
-12.0747	-7.4269	-2.5173	-1.9724	2.9806	2.5982	-2.0704	-3.2234	-8.0893	-11.6515
-11.8326	-7.5718	-4.1127	-3.9740	1.5821	1.6785	-3.5174	-4.3563	-8.8100	-11.0173
-11.6939	-8.6310	-3.2793	-2.7907	2.6642	2.6592	-3.3996	-2.8888	-7.1956	-11.3959
-12.8475	-7.3489	-3.1054	-2.9220	2.3952	2.2839	-2.9569	-3.7079	-8.1431	-10.4980
-11.9173	-7.4111	-3.5969	-2.7444	2.5661	2.4415	-2.9444	-3.3642	-7.7506	-11.4838
-13.6834	-7.9265	-3.4757	-3.3230	2.0977	2.2793	-3.2280	-3.1693	-7.8628	-10.9658
-11.4412	-7.2536	-3.1344	-2.8044	2.5888	2.2101	-3.2507	-3.3542	-8.1188	-11.3728
-11.2755	-8.2466	-3.8913	-3.1392	1.6936	2.1978	-2.8536	-3.2473	-7.3673	-11.3910
-11.9720	-7.4899	-3.1511	-2.9506	2.6754	2.0715	-3.6935	-3.7583	-8.2917	-10.2561
-11.7891	-7.7169	-3.3598	-2.8167	2.4224	2.0734	-2.8429	-3.4555	-7.8892	-11.8252
-11.7432	-7.8367	-3.4899	-3.0262	1.9922	1.9667	-2.3427	-3.3239	-8.3215	-11.7165
-11.9180	-8.5996	-3.9911	-2.8905	1.9515	1.7827	-3.0224	-3.4527	-7.6149	-11.0529
-12.1515	-9.0064	-3.9449	-3.2233	2.1301	2.1363	-3.4883	-3.3136	-7.8652	-11.3123
-11.8166	-7.3545	-3.0935	-3.7487	2.3484	2.0107	-3.9124	-4.0478	-8.2075	-10.2942
-11.9577	-8.5634	-3.6480	-3.2295	2.2836	2.5471	-2.9411	-2.8595	-7.5151	-11.0468
-11.4156	-7.4759	-3.4017	-2.5957	2.6874	2.6583	-2.7540	-3.6858	-8.4932	-11.4697
-12.1656	-8.5723	-3.6334	-2.4634	2.5158	2.1963	-2.4460	-3.9451	-8.1400	-11.6967
-10.9050	-7.0725	-3.7257	-3.2844	2.0816	1.9900	-2.9801	-2.9836	-6.6700	-11.8329
-11.7186	-7.2069	-3.4615	-2.7851	2.5794	2.5048	-3.0728	-2.9467	-7.5640	-11.2643
-12.6575	-8.3951	-3.5074	-2.8343	2.6207	2.2684	-3.1433	-3.0259	-7.7192	-10.7349
-11.2301	-7.8571	-3.3784	-2.8524	1.8978	2.2564	-2.9675	-3.6540	-8.1698	-11.1443
-10.5186	-8.0409	-3.4180	-3.2119	2.0115	1.8778	-3.5118	-2.9836	-7.2125	-11.1069
-9.9374	-7.3176	-2.9602	-3.1089	2.5458	2.8907	-2.2311	-3.1785	-8.4076	-11.2170
-13.5090	-8.0876	-3.8371	-3.3635	1.8208	2.3948	-2.9653	-3.1882	-7.3238	-11.0070
-11.7908	-7.7139	-3.7387	-3.7413	1.8213	1.8258	-3.2813	-3.4209	-8.2771	-13.3279
-12.0233	-6.9823	-3.4971	-3.4010	2.1075	2.1862	-3.0250	-3.4477	-8.3163	-10.0465
-12.4068	-8.8446	-3.8408	-3.0120	2.1089	2.7879	-2.4355	-3.3533	-7.0899	-11.3639
-11.8591	-7.8735	-3.8710	-2.7811	2.5565	2.1678	-3.2227	-3.2911	-7.6308	-11.9183
-10.9045	-7.0730	-2.5447	-3.1041	2.2623	2.3191	-2.3632	-3.5208	-9.0611	-12.3638
-12.6375	-7.3942	-2.9551	-3.2963	2.5862	2.6418	-3.2765	-3.1822	-7.4167	-10.8030
-9.9217	-6.7543	-2.5561	-2.7426	2.4823	2.6553	-2.9373	-3.4327	-7.0605	-11.5627
-13.3839	-8.6614	-3.8201	-2.9434	2.1688	2.5947	-2.5052	-3.3166	-7.5492	-10.0686
-12.1239	-8.2897	-3.3373	-2.5031	2.5077	2.7160	-2.0937	-3.4769	-7.5338	-9.3616
-11.1630	-8.2260	-3.3004	-2.9590	1.9932	2.2580	-3.3909	-3.5564	-8.2341	-10.3080
-12.3748	-8.1055	-3.7016	-2.9916	2.2015	2.4022	-3.1083	-3.3452	-8.2842	-12.3354
-9.5579	-7.3313	-2.9676	-2.8155	2.5385	2.1522	-2.7690	-3.3846	-8.2510	-11.1224
-11.7672	-9.0163	-3.7505	-2.4231	2.6259	2.2713	-2.5793	-3.2563	-7.9504	-12.1202
-9.7799	-7.0380	-3.0818	-3.3286	2.2554	2.2900	-3.3190	-3.2607	-7.7590	-12.5309
-10.2913	-6.5037	-3.1652	-3.0433	2.8823	2.7549	-3.1582	-3.4611	-7.9300	-12.2254
-10.3876	-8.0088	-3.7781	-3.5535	1.7225	2.0849	-3.2820	-2.6492	-7.2249	-11.4400
-13.4971	-8.3351	-3.0348	-2.8348	2.1402	2.5939	-3.1214	-3.6746	-8.1309	-10.9011
-13.1596	-8.0201	-3.2158	-2.7176	2.1999	2.4894	-2.5786	-3.9906	-8.1015	-10.7898
-11.2365	-7.3776	-2.6788	-2.6058	2.5524	2.2964	-2.7760	-3.5148	-7.9040	-11.6542
-12.1355	-8.5349	-4.1272	-2.9119	2.2125	2.4661	-2.9225	-3.2201	-7.9101	-12.2819
-10.6922	-7.6589	-3.0596	-2.9639	2.4162	2.0950	-3.1835	-3.8805	-7.9145	-11.3038
-11.4237	-7.8118	-3.2791	-2.5069	2.6882	2.2711	-3.2258	-3.5730	-8.4821	-11.5905
-10.0838	-8.1811	-3.3212	-3.0129	2.2776	2.2735	-2.9328	-3.5174	-8.5249	-12.2698
-11.2190	-7.5730	-3.5987	-3.5910	1.7838	2.3582	-3.4591	-3.6744	-7.8648	-12.7874
-10.3164	-8.1360	-3.8086	-3.5265	2.2782	2.2262	-3.2442	-2.9335	-8.0016	-12.9445
-11.6775	-7.8811	-3.8990	-3.4903	1.8958	1.9622	-3.1358	-2.8480	-7.4569	-11.0054
-11.2560	-8.2424	-3.6137	-3.1418	2.6322	2.1919	-3.7821	-3.8092	-8.0409	-10.8681
-11.7776	-8.2734	-3.5430	-2.8460	2.0441	1.7383	-3.3813	-3.1134	-6.8107	-11.4523
-10.3834	-7.2803	-2.9099	-3.1548	2.4304	2.1321	-3.3253	-4.0475	-9.1110	-11.7934
-11.8045	-8.9378	-4.1392	-3.4230	2.1770	2.4135	-3.4240	-3.6271	-7.4486	-11.8500
-11.1141	-7.8961	-3.4027	-2.8547	2.5165	2.7196	-2.8654	-3.0632	-7.1204	-10.4176
-11.2426	-8.3750	-3.4238	-3.2005	2.3638	2.8494	-2.8405	-3.4523	-8.0677	-12.1293
-12.7928	-9.3088	-4.1480	-3.4632	1.6795	2.0318	-4.0286	-3.5553	-7.4815	-10.8997
-11.9380	-7.1818	-3.3399	-3.1092	2.7429	2.4775	-3.1580	-3.9957	-7.9970	-10.9523
-12.8104	-8.2857	-3.7945	-3.2559	2.2612	2.6984	-2.9552	-3.3124	-7.8282	-11.4853
-12.2615	-7.5880	-3.4595	-3.1043	1.9868	1.8878	-3.5544	-3.7105	-7.3942	-11.3187
-11.2131	-7.2435	-3.5482	-3.6319	1.6922	1.6690	-3.4564	-4.4094	-8.8672	-11.8185
-11.0078	-8.0842	-3.1129	-2.7023	2.3894	2.3103	-2.7818	-3.8852	-8.5342	-11.6349
-11.2777	-7.8345	-4.0348	-3.3109	2.0265	2.4057	-2.9965	-4.1265	-8.1317	-10.9113
-10.1577	-7.6970	-3.4108	-2.5810	2.4422	2.2843	-3.1354	-3.0655	-7.7110	-11.7530
-11.8791	-8.1215	-3.7012	-3.3976	2.3801	2.1569	-3.3240	-3.6940	-7.7617	-11.3126
-9.6875	-7.3088	-3.3870	-3.0560	2.2382	2.0343	-3.0597	-3.1705	-8.0994	-10.4786
-11.6941	-7.2912	-3.8276	-4.3945	1.6094	1.7511	-3.7530	-3.8169	-7.8745	-13.3390
-11.4110	-8.0483	-3.5114	-2.3775	2.4223	2.6283	-2.2033	-3.5878	-8.5080	-11.2305
-12.6917	-7.6861	-2.4187	-2.7105	2.1513	2.3455	-3.1354	-4.1082	-9.0214	-12.1043
-10.8364	-6.6972	-2.7727	-2.8197	2.4304	1.7701	-3.3319	-3.8647	-7.9485	-11.7067
-11.4962	-7.2910	-3.2647	-3.2492	2.0460	2.3933	-3.1451	-3.1067	-6.6008	-10.6012
-11.3400	-8.6830	-3.7342	-3.3620	2.4976	2.2648	-3.1335	-3.2290	-7.3122	-10.7457
-10.2323	-7.5632	-3.6371	-2.9796	1.9783	2.0333	-3.0438	-3.0111	-7.3566	-12.5387
-11.2412	-8.6276	-3.2310	-2.8042	1.9748	1.9276	-3.4634	-3.0824	-8.0403	-11.7201
-10.4503	-7.9657	-3.4676	-3.1385	2.4453	2.4072	-2.6471	-3.4027	-7.6187	-10.3750
-11.8722	-8.0343	-3.6478	-3.6390	1.6541	1.5883	-3.4946	-3.2614	-8.3319	-11.9219
-11.3574	-8.5740	-4.0237	-3.4593	2.1027	2.2651	-3.3907	-3.2414	-7.3193	-10.7580
-13.5947	-8.4100	-3.9681	-3.3787	1.9000	2.4917	-2.6506	-2.3964	-6.6785	-10.5788
-11.1204	-7.8673	-2.8940	-2.9889	2.4556	2.3422	-3.1103	-2.8765	-7.4863	-11.8412
-12.6024	-8.8999	-3.2410	-3.2261	2.0134	2.1968	-3.2598	-2.9895	-8.2088	-11.3775
-10.6015	-6.7971	-3.4655	-2.8077	2.6979	2.9438	-2.6844	-3.3498	-7.1834	-10.4685
-11.3146	-8.4632	-3.5040	-2.7998	2.3067	1.8128	-3.4259	-3.2743	-7.7868	-10.7621
-11.5448	-7.7663	-3.2694	-2.5097	2.1391	2.0917	-2.5437	-3.6743	-7.6449	-11.7917
-11.0866	-8.3587	-3.4988	-2.7718	2.0656	2.4817	-2.7312	-3.5628	-8.1961	-11.7017
-11.0955	-6.9975	-2.4747	-2.6888	2.6368	2.4808	-3.1898	-3.4346	-7.6293	-12.0888
-12.8637	-7.3028	-3.6515	-3.6377	1.9549	1.8791	-3.6405	-3.4031	-7.9969	-11.6788
-10.3288	-6.7767	-3.0225	-2.3807	2.6173	2.2988	-2.7660	-3.4771	-8.2785	-13.6391
-11.2806	-8.3752	-3.0003	-3.0372	2.2062	1.8030	-3.2756	-3.5703	-9.1427	-11.7110
-13.2779	-7.8860	-3.2370	-3.0258	2.1875	2.5914	-2.8202	-3.9529	-8.1505	-10.3840
-13.1986	-8.2885	-3.2082	-2.6399	2.6552	2.2617	-3.6440	-3.5962	-7.2613	-10.8741
-11.1554	-8.7105	-3.6461	-3.3928	1.7427	1.9981	-3.2384	-3.5612	-7.2082	-12.0032
-9.6809	-7.1822	-3.3403	-2.9622	2.6934	2.6999	-2.8885	-3.9302	-8.3815	-11.1279
-11.1201	-7.8595	-3.4715	-3.3861	2.1188	2.0140	-3.4913	-3.8180	-8.6349	-12.0414
-10.6466	-8.7831	-4.0151	-2.5785	1.8285	2.1616	-3.0223	-3.0333	-6.9798	-11.1757
-12.7072	-8.5530	-4.1482	-2.8525	2.6431	1.9574	-3.0801	-3.4072	-7.5033	-9.9638
-12.6777	-8.4127	-3.4436	-3.2734	1.8996	1.7751	-3.3625	-3.6532	-8.0886	-10.3774
-12.0977	-8.1143	-3.5492	-2.8512	2.8450	2.4978	-2.7166	-3.4526	-7.7710	-11.2362
-13.2659	-7.4648	-3.4501	-3.0558	2.2063	2.5048	-2.8415	-3.1497	-7.2649	-11.3508
-14.1139	-8.6215	-3.3706	-2.9045	1.7791	1.6905	-4.2143	-4.0112	-7.1367	-11.2488
-13.3577	-8.9079	-4.4368	-3.0504	2.3872	2.1477	-3.1826	-3.1946	-7.2942	-9.7418
-12.3362	-7.9273	-3.3725	-2.9287	1.8796	1.8639	-3.5148	-3.5629	-8.3787	-11.2214
-9.6369	-7.0020	-3.2162	-3.1307	2.4568	2.4310	-3.2489	-3.5544	-7.9161	-10.6642
-11.0508	-8.6580	-3.4458	-3.1493	2.2079	2.0928	-3.3620	-3.1080	-7.1355	-11.3035
-11.9435	-8.3506	-3.5519	-3.1390	2.2417	2.0477	-2.7506	-3.2735	-7.9798	-11.8456
-11.1883	-7.5175	-3.3359	-3.1534	1.9827	2.0757	-3.2346	-3.0668	-7.7082	-11.5821
-10.8994	-7.9994	-3.9834	-2.6156	2.4892	2.5297	-3.0567	-3.9699	-8.1314	-11.1649
-13.8161	-8.2577	-3.7807	-3.9043	1.7847	1.9996	-3.3600	-3.0097	-7.0341	-11.9265
-15.0702	-8.4791	-3.8242	-3.1530	2.0227	2.1489	-3.2841	-3.3321	-7.2994	-10.8529
-11.7817	-7.4291	-3.4657	-2.0810	2.8803	2.6627	-2.6968	-3.5280	-6.9397	-10.0442
-10.3205	-7.8632	-3.8489	-3.0496	2.0697	2.2938	-2.8598	-3.6575	-8.0630	-9.9748
-10.7845	-7.1987	-3.5568	-2.9860	2.6343	2.3079	-3.1271	-3.6967	-8.6521	-12.8625
-11.7312	-7.3072	-3.1373	-3.8231	2.2263	2.5947	-3.1592	-3.5647	-7.6518	-10.1357
-11.4068	-8.4117	-2.9984	-2.7838	2.2347	2.1711	-2.9616	-3.7050	-7.7599	-10.9079
-10.3720	-7.2364	-3.1997	-2.7712	2.6278	2.1192	-3.0434	-3.5777	-8.4194	-11.2150
-12.3010	-8.3795	-3.7845	-3.4273	2.0068	2.4909	-2.7877	-2.6289	-6.9538	-9.4880
-10.6608	-7.3547	-3.1269	-3.0808	2.4964	2.2578	-3.0173	-3.1208	-8.0119	-12.5434
-11.0727	-7.7855	-3.3904	-2.6642	2.5181	2.2366	-2.7765	-4.3151	-8.9751	-11.3057
-13.5573	-7.6147	-3.5191	-3.0415	2.1134	2.1768	-3.4896	-2.9791	-6.6756	-10.1888
-12.5693	-8.0959	-3.6437	-3.4707	1.9897	1.7340	-3.7409	-3.2684	-8.5490	-12.8767
-11.9679	-8.4420	-3.3573	-2.9754	2.1759	2.1872	-3.2808	-3.2289	-6.9372	-11.5002
-11.2741	-7.3203	-2.7609	-2.9963	2.3814	1.9249	-3.1967	-2.8630	-6.9982	-12.1928
-11.5983	-7.7576	-3.0819	-2.7930	2.2767	2.2050	-2.8926	-3.0606	-7.1111	-10.1858
-13.1067	-8.3905	-3.1766	-3.5479	2.2641	2.0712	-3.1790	-3.8778	-8.5520	-12.7921
-12.4057	-7.5695	-3.2821	-3.2718	2.1727	2.3490	-3.3903	-3.1618	-7.1608	-10.1827
-11.0857	-6.7941	-2.3971	-2.4658	2.7859	2.5723	-2.7162	-3.0861	-7.8234	-10.9709
-13.3585	-8.2975	-3.6845	-3.1592	2.4440	2.6417	-3.0094	-2.7493	-6.8059	-10.9708
-11.8056	-7.2116	-2.8765	-3.5144	2.2659	2.3008	-3.1656	-3.7776	-8.3464	-12.3076
-9.0636	-7.5039	-3.0914	-3.1858	2.1725	2.0903	-3.3926	-3.2106	-8.3380	-12.0067
-11.7828	-7.0960	-2.5057	-3.2810	2.6465	2.3083	-3.4353	-2.8534	-7.6507	-11.0913
-9.8940	-6.7321	-2.8476	-3.3810	2.3258	2.1327	-2.9410	-4.2537	-9.2778	-12.5514
-10.7958	-8.1892	-3.7956	-2.8412	2.3772	2.4647	-3.4108	-4.2298	-7.2600	-11.1281
-11.5529	-7.5442	-3.7477	-3.7851	2.0477	1.8546	-3.3812	-3.8492	-7.8795	-12.2728
-11.1916	-7.0151	-3.7744	-4.2806	2.0432	1.9676	-3.9742	-3.8765	-8.2099	-10.6747
-11.5235	-7.0735	-3.1714	-3.2949	2.2156	2.2071	-3.2721	-3.9956	-8.5936	-11.1612
-10.8098	-7.5778	-3.6406	-3.2021	2.3045	2.6150	-2.6619	-3.7428	-8.0671	-10.8226
-11.3963	-7.9533	-3.7120	-3.0244	2.4882	2.2989	-3.2468	-3.6489	-6.7646	-11.0571
-11.3407	-7.3085	-3.5357	-2.8725	2.8489	2.4364	-2.7721	-3.1533	-7.2546	-12.0783
-11.5738	-7.5015	-3.7060	-3.5248	2.0428	2.0156	-3.3454	-4.2381	-7.7922	-12.1753
-12.3620	-8.2505	-3.7614	-2.9642	2.1676	2.4958	-2.8622	-3.7475	-8.6769	-11.4210
-13.8749	-8.4905	-3.8759	-3.6092	2.0696	1.9591	-3.3757	-2.9302	-6.8065	-11.3126
-9.6267	-7.8779	-2.7893	-2.1696	2.6758	2.3027	-3.4293	-2.9850	-6.9151	-11.7961
-10.7988	-7.6480	-3.8071	-3.2282	2.2007	2.5762	-2.8964	-3.3308	-7.7864	-12.7847
-12.8518	-8.6470	-3.8070	-3.5858	2.0411	2.2371	-3.1111	-2.7315	-7.0243	-11.5223
-12.2367	-7.6655	-2.8165	-3.0322	2.5469	1.9742	-3.9170	-3.7549	-7.3907	-11.4391
-11.2604	-8.0327	-2.7925	-2.6043	2.6161	2.1069	-3.0120	-3.3165	-7.8097	-12.1960
-13.0068	-8.8277	-3.5552	-2.7868	2.1361	2.0277	-3.0227	-3.7652	-8.3586	-10.8109
-11.5722	-7.8785	-3.4001	-2.7686	2.1983	2.2378	-3.0528	-3.1089	-7.0383	-10.4798
-11.1207	-7.8044	-3.5215	-2.5851	2.5782	2.7677	-2.8785	-3.4947	-7.5592	-9.9261
-11.4642	-7.7320	-3.2276	-2.8496	2.2880	2.2261	-2.6236	-3.8580	-8.4451	-10.9122
-12.0944	-7.8274	-2.9413	-1.9864	2.5920	2.1144	-2.3757	-3.5306	-7.8529	-11.5772
-13.0272	-7.7836	-2.7725	-2.6117	2.4665	2.2025	-2.9383	-3.2354	-8.2593	-12.3586
-13.2733	-8.5112	-3.8411	-2.9887	2.2466	2.2031	-3.0022	-2.9270	-7.6254	-11.9581
-10.8713	-7.3257	-3.2946	-2.1396	2.9681	2.4242	-2.3074	-3.4026	-7.8583	-12.7376
-11.5034	-7.5419	-3.1406	-3.2810	2.0008	1.5736	-3.4779	-3.5833	-8.7208	-12.2142
-10.3369	-8.1367	-3.3708	-2.6447	2.1784	2.0688	-3.1953	-3.5285	-8.4146	-12.1096
-12.1555	-7.5441	-3.2295	-3.3577	2.0562	2.3059	-2.8841	-3.0952	-7.8549	-11.6154
-12.4798	-8.2772	-3.9064	-3.1103	1.8765	1.8505	-3.2964	-2.9246	-7.2488	-10.0292
-10.8462	-7.7544	-3.9989	-3.4633	1.6191	1.7721	-2.6226	-4.2759	-8.9280	-13.3772
-11.3019	-7.2707	-3.2681	-3.0403	2.2731	2.6407	-3.0842	-3.5604	-8.4296	-10.7534
-11.5547	-8.5942	-4.3094	-2.8789	2.2440	2.3600	-2.4641	-3.1669	-7.5423	-10.9642
-12.2737	-8.1242	-3.4327	-2.4797	2.6843	2.4818	-3.2790	-3.2837	-7.5865	-10.9809
-11.4993	-7.5063	-3.7039	-3.8092	1.7183	1.8398	-3.6445	-3.5407	-8.4916	-11.5546
-10.0885	-7.2674	-3.2497	-2.2563	3.0502	2.6229	-3.0575	-3.3702	-7.9271	-11.5756
-10.6642	-7.9436	-3.5600	-3.0960	2.5809	2.2045	-3.2258	-3.8062	-8.5224	-11.8163
-9.6368	-6.9256	-2.9784	-3.6520	1.8838	1.8215	-3.3943	-3.9213	-8.4587	-11.2506
-11.7476	-7.3433	-2.8586	-2.6742	2.3963	2.5966	-2.8914	-3.1595	-7.3162	-10.6493
-12.0008	-7.7673	-3.3877	-3.6311	1.6045	1.6449	-3.4652	-3.4793	-7.6636	-9.7862
-12.0839	-8.0860	-3.4521	-3.1666	2.0107	2.5707	-3.0471	-2.6806	-6.6376	-11.3165
-12.5674	-8.1578	-3.3387	-3.4011	2.1260	2.5733	-3.2621	-2.7395	-7.7139	-12.3884
-10.1371	-8.1360	-3.5150	-2.4228	2.4937	2.5436	-2.6168	-3.4794	-7.5227	-10.3460
-12.4200	-8.9308	-3.8614	-2.6395	2.1664	2.4853	-2.5299	-3.0686	-7.1727	-10.5405
-11.0646	-8.3187	-3.6117	-2.7796	2.2711	2.1228	-3.3780	-3.8027	-8.1197	-11.8020
-11.5601	-7.8605	-3.6308	-3.1508	2.0583	2.2771	-2.7881	-2.9464	-7.5472	-11.4280
-12.3245	-8.3231	-3.3809	-2.6647	2.6569	2.6946	-2.6878	-2.9139	-7.0361	-10.9048
-10.7421	-8.3782	-4.0070	-3.5191	1.9832	2.3271	-2.8393	-3.5619	-8.8215	-11.4083
-11.7347	-8.9876	-3.5425	-2.9734	1.9991	2.1550	-2.9189	-3.8303	-8.4049	-10.7994
-11.8557	-8.4157	-3.9471	-3.1344	2.0872	2.3881	-2.7667	-3.2490	-7.8619	-11.8793
-12.3713	-7.8868	-3.7339	-3.6108	1.8527	1.6268	-3.5002	-3.5035	-8.5224	-11.2237
-11.9936	-7.4300	-3.4222	-3.1985	2.3929	2.0000	-3.0821	-3.6278	-8.7984	-12.1305
-12.1816	-7.3787	-3.6466	-3.6065	2.1403	2.3376	-3.0735	-3.5201	-7.6285	-13.3166
-10.9935	-7.5334	-3.7939	-3.1603	2.0572	2.4053	-2.9356	-3.3013	-7.4689	-10.8088
-10.1967	-7.2459	-3.6257	-3.7296	1.7809	1.8483	-3.5893	-4.0828	-8.8550	-13.4171
-11.1516	-7.2541	-3.2583	-3.2834	1.9714	1.9554	-2.9337	-3.9341	-8.9281	-12.7523
-10.6272	-7.4437	-3.9894	-2.8993	2.2760	2.2948	-2.7274	-3.1349	-7.0587	-11.6231
-12.2843	-8.8332	-3.8362	-3.0929	2.1140	2.1575	-3.5954	-3.7188	-7.7964	-11.9500
-10.5099	-7.6985	-3.0615	-3.0733	2.2335	2.2641	-2.7869	-2.7384	-7.8489	-11.1995
-12.1820	-9.7607	-3.7100	-2.9022	2.3071	2.2723	-3.1923	-3.6118	-8.3901	-11.8520
-10.0274	-8.0868	-3.4917	-1.9765	2.8032	2.8298	-1.8529	-3.4516	-8.4253	-11.7238
-11.2476	-7.3757	-3.6581	-3.4119	1.6926	1.7591	-3.6394	-4.1939	-8.3164	-11.7890
-12.0520	-7.8809	-3.3529	-2.7782	2.5339	2.0928	-2.9652	-3.7224	-7.4876	-12.5231
-10.9192	-7.4876	-3.5222	-3.3071	2.5674	2.5083	-2.8879	-3.6233	-8.7876	-12.4621
-12.6542	-8.0463	-3.7016	-3.1918	2.0163	2.1565	-2.8636	-4.1288	-8.1461	-11.2839
-13.1548	-8.0194	-3.8783	-3.1879	1.9713	2.2281	-3.2275	-3.6306	-7.5501	-11.0782
-12.0701	-7.5955	-2.9280	-2.4749	2.9673	2.9182	-2.0750	-2.6240	-8.1504	-12.0586
-12.8271	-8.3605	-3.6025	-3.3757	1.9159	1.9123	-3.3717	-3.6386	-7.5193	-10.8896
-11.5814	-7.5456	-3.4798	-2.5887	2.6890	2.5760	-2.4799	-3.5079	-7.9698	-12.0329
-12.1819	-8.4664	-3.8076	-3.2131	2.3142	2.5493	-3.1979	-3.6628	-7.4310	-11.5460
-12.6340	-7.9854	-3.1082	-2.7142	2.4941	2.1653	-2.8526	-3.2575	-6.9968	-11.5319
-10.4480	-7.6488	-3.4325	-2.9676	2.1602	1.8638	-3.6475	-3.5047	-8.0220	-11.0690
-11.3675	-7.5185	-2.7463	-2.9874	2.6087	2.7521	-2.7067	-3.6898	-8.6842	-12.3078
-11.9368	-8.0064	-2.9768	-2.5227	2.4788	2.7780	-2.5149	-2.4725	-6.9480	-10.5589
-11.1979	-8.3018	-3.2976	-2.7578	2.5144	2.4280	-2.8132	-3.5465	-7.4281	-12.7473
-11.8017	-7.5132	-3.1349	-2.6184	2.5393	2.1789	-2.8710	-3.3261	-7.9597	-11.2206
-12.3658	-7.5694	-3.1344	-2.8410	2.5199	2.4364	-3.0804	-3.2962	-8.2445	-11.9775
-12.3741	-8.7119	-3.6208	-2.9064	2.4290	2.3351	-3.3338	-3.3967	-7.6222	-11.7866
-11.8813	-8.4024	-3.7856	-2.6400	1.9502	1.5105	-3.1257	-3.6197	-8.4836	-11.7738
-11.8348	-6.8176	-3.8438	-3.2434	2.3569	2.5865	-2.6228	-2.9600	-7.7076	-12.3830
-12.0999	-9.4686	-3.7188	-2.9005	2.3136	2.5675	-2.9927	-3.4849	-7.3224	-11.3065
-10.2389	-7.7123	-3.2747	-3.2247	2.1560	2.2546	-3.5595	-3.1771	-8.3258	-12.2847
-11.7637	-8.1865	-3.1402	-2.6765	2.4177	2.2102	-3.1921	-2.9119	-7.3271	-10.4761
-12.2736	-7.2390	-3.5542	-3.1374	1.8102	2.1674	-2.2594	-4.1756	-9.3981	-13.2051
-11.6057	-8.2197	-3.4191	-2.7498	2.0009	2.6812	-2.5491	-3.1729	-7.6185	-12.0856
-12.7178	-8.2430	-3.1192	-3.0066	2.1705	2.0683	-3.1374	-3.6739	-8.5466	-10.9198
-13.4903	-7.7484	-3.7955	-3.3271	2.6004	2.5171	-3.3390	-3.2599	-7.0583	-10.9241
-11.0578	-8.4456	-4.0930	-3.3421	1.6880	1.8203	-3.0383	-3.4578	-8.0835	-10.8478
-11.0210	-7.2318	-3.1717	-3.2216	2.5047	2.4279	-3.1675	-3.6140	-8.1509	-10.4027
-11.1391	-7.9195	-3.0741	-2.7288	2.2944	2.3282	-2.3405	-3.4263	-8.6644	-12.4801
-12.6226	-9.0113	-3.3867	-3.3069	2.1850	2.4658	-3.2453	-3.3475	-7.6772	-10.8120
-12.1910	-8.7455	-4.0311	-2.9912	2.3152	2.4782	-2.9902	-3.1606	-7.2027	-11.3275
-11.0850	-7.7490	-3.1381	-3.1710	2.4115	2.3740	-3.3267	-3.2634	-7.9630	-11.3726
-11.3031	-7.8469	-3.7737	-3.2902	2.1667	2.1864	-2.8512	-3.0392	-7.7275	-12.7267
-11.0405	-7.4245	-3.6590	-3.2559	2.3801	2.2883	-3.2175	-3.4301	-7.1536	-11.6315
-13.0791	-7.6591	-3.1204	-3.2588	2.4814	2.8322	-2.7711	-3.1426	-7.5602	-11.5224
-11.3803	-7.7069	-3.2667	-3.1008	2.3331	1.9056	-2.6034	-3.7178	-8.4048	-11.2537
-10.6420	-7.4208	-3.1374	-3.2661	2.1406	1.8327	-3.8863	-3.2487	-7.9701	-12.1429
-10.5801	-8.2494	-4.1430	-2.5028	2.6550	2.0273	-3.1252	-3.0682	-7.4724	-11.4993
-12.1651	-7.6455	-3.3219	-3.0657	2.3242	2.1662	-3.1055	-3.7907	-8.2576	-12.1197
-11.4839	-7.9396	-2.9497	-2.8139	2.3698	2.1362	-2.4855	-3.5452	-7.7859	-10.3953
-13.6174	-6.9813	-2.6343	-3.4509	1.5885	1.7385	-3.9000	-4.1741	-7.4333	-11.6837
-11.5618	-7.6177	-3.0937	-2.4899	2.9521	2.0180	-2.8606	-3.6153	-8.5875	-11.1464
-11.4519	-7.8655	-3.7367	-3.0528	2.2528	2.1831	-3.1321	-3.4228	-7.0826	-10.8870
-11.6088	-7.7842	-3.7476	-2.9434	2.1897	2.2105	-3.2779	-3.4264	-7.4665	-13.2252
-11.5923	-7.0304	-3.1847	-3.5382	2.1186	1.9610	-3.2584	-4.2950	-9.3888	-11.3533
-11.0405	-8.4069	-3.3401	-2.4604	2.8727	2.5101	-2.5899	-2.8697	-7.1938	-12.2535
-11.2040	-8.6579	-3.4511	-3.2194	2.1205	1.9959	-3.1619	-2.8183	-8.1298	-10.9165
-10.9805	-8.0811	-3.6910	-2.5782	2.2887	2.4881	-2.9680	-3.4831	-6.7785	-11.2017
-11.4183	-7.3989	-3.3151	-2.8546	2.3709	2.2302	-2.6628	-3.5673	-7.7577	-11.2546
-11.2958	-8.4332	-4.1208	-3.3660	2.0602	2.3500	-3.0346	-3.4921	-7.9159	-10.7842
-9.9482	-8.4318	-3.5227	-3.1797	2.1732	2.4139	-3.1226	-3.3553	-7.2332	-12.1050
-8.6484	-6.9247	-2.8795	-2.7463	2.7836	2.6284	-2.9849	-3.5041	-7.9106	-11.7654
-9.6117	-7.3227	-3.0551	-2.8216	2.2041	2.3309	-3.5657	-3.4878	-7.7169	-12.2869
-11.8595	-8.6606	-3.4848	-3.1021	2.0835	2.0156	-3.0794	-3.4051	-8.1633	-12.2171
-11.6227	-7.6257	-3.2799	-3.0988	2.3470	1.9185	-3.3315	-3.3637	-8.5240	-12.3413
-10.8805	-7.4334	-3.1837	-2.3296	2.5757	2.4201	-2.8745	-3.4736	-7.2736	-10.7277
-11.9366	-7.9854	-3.5921	-2.9133	2.2449	2.2701	-3.1442	-3.1341	-7.0277	-12.5855
-11.0400	-7.9121	-3.1059	-2.8177	2.4752	2.3700	-2.7671	-3.8162	-9.4919	-12.0244
-11.2565	-7.2800	-2.9843	-3.3244	2.2885	2.5878	-3.4634	-4.0641	-7.5214	-11.0071
-13.2140	-8.6160	-4.0387	-2.6772	2.3817	2.6615	-3.1088	-3.6316	-8.1791	-11.5958
-11.1157	-7.7456	-3.5404	-2.8718	2.4809	2.3699	-3.4305	-3.1101	-6.9069	-10.8072
-11.2522	-6.7350	-3.3248	-3.6864	1.8365	2.2415	-3.3246	-3.6340	-8.0244	-13.2678
-9.8561	-7.2045	-2.9678	-2.2373	2.9940	2.3471	-3.3052	-2.7157	-6.7869	-9.8213
-11.6597	-7.8548	-3.5182	-2.7719	2.3653	2.5357	-2.5002	-3.2024	-7.9404	-10.1246
-12.2480	-7.5853	-3.1035	-3.0331	2.2106	2.3729	-2.6033	-3.3722	-7.5874	-11.5268
-11.8493	-7.5107	-4.1537	-3.2256	2.0586	2.5733	-2.3708	-3.4594	-7.8095	-10.9369
-12.1554	-7.5686	-3.3557	-2.6856	2.0276	2.2978	-2.6606	-3.5537	-7.9515	-11.9966
-11.1465	-7.2262	-3.3923	-3.1035	2.2091	2.2251	-2.8836	-3.0756	-7.3061	-11.8853
-11.7249	-8.4725	-3.7240	-3.3027	2.2928	2.0483	-3.4575	-3.4502	-7.1718	-10.5155
-11.9674	-8.0976	-3.7965	-3.5303	2.3796	2.1525	-3.4473	-3.5060	-7.7286	-11.5614
-9.8550	-7.8539	-3.2892	-3.8416	1.9399	2.2857	-3.3354	-3.3477	-8.2857	-12.0881
-12.8775	-7.6553	-3.1836	-3.3967	2.1005	2.4173	-2.9782	-2.8553	-7.4606	-11.8307
-10.6990	-7.6983	-3.6766	-3.0034	2.3310	2.0922	-3.2564	-3.3568	-7.4483	-12.6353
-10.5220	-7.4066	-3.4513	-3.1025	2.5386	2.6277	-3.1717	-3.3522	-7.1634	-11.3300
-11.5343	-7.8502	-2.9783	-3.3173	1.8339	2.2115	-3.0817	-3.0663	-8.0207	-10.2051
-12.1511	-7.7532	-3.2449	-2.8598	2.4189	2.4713	-2.9720	-3.3413	-6.9076	-10.8782
-11.7478	-8.9236	-3.3797	-2.4767	2.1348	2.2121	-2.8254	-3.0271	-7.8350	-11.5982
-10.4533	-6.9570	-3.4219	-3.1837	2.6153	2.4877	-2.8719	-3.5802	-8.6377	-13.4883
-11.5705	-7.5146	-3.0006	-3.0494	2.1262	2.1292	-3.3996	-4.0651	-7.7731	-13.2567
-11.8048	-9.3419	-3.8630	-3.0905	2.4219	2.5869	-2.8479	-3.3908	-7.3038	-10.4549
-11.7481	-7.3239	-3.7963	-3.2563	1.9254	2.2176	-2.7065	-3.7181	-8.9647	-12.0769
-11.9858	-8.0722	-3.5051	-2.7062	2.6896	2.6226	-2.9225	-3.0833	-7.4991	-10.9351
-13.3919	-7.4582	-3.4222	-3.3433	2.2532	2.1788	-3.1757	-3.2732	-7.9621	-10.8346
-10.9592	-7.4315	-3.1711	-2.8817	2.3949	1.9219	-3.1487	-3.3763	-8.3060	-12.5100
-10.5685	-7.8380	-3.2785	-3.1198	2.0359	2.1884	-3.1502	-3.5647	-6.9892	-12.4619
-11.4286	-7.6372	-3.9841	-3.4024	2.2572	1.7402	-3.7771	-3.7334	-8.3164	-11.5937
-12.1020	-7.7101	-3.8221	-3.7972	1.7529	1.9568	-3.6282	-3.3547	-7.3233	-11.6344
-11.8419	-8.0301	-3.2676	-2.6784	2.6132	2.5442	-2.7556	-2.9537	-7.5808	-11.7958
-10.4100	-8.0886	-4.0192	-3.8279	1.7144	2.0138	-4.2389	-4.5632	-8.6954	-12.5873
-13.1512	-8.4740	-3.5057	-2.4285	2.2985	2.4177	-2.8992	-3.5124	-6.6228	-10.3312
-11.9673	-8.8438	-4.1153	-2.3908	2.3369	2.3806	-2.3155	-3.2695	-7.9001	-12.4481
-11.5509	-7.4922	-3.1159	-3.7751	2.3207	2.2408	-3.3025	-3.1524	-8.0897	-12.9734
-11.6966	-8.2300	-3.6817	-3.3978	2.4060	1.6752	-3.7659	-4.2445	-9.4117	-12.0897
-12.1938	-8.6422	-3.8696	-2.9920	2.2072	2.1152	-2.5464	-3.5079	-7.4080	-10.7844
-11.5142	-8.5058	-3.3520	-3.2554	1.9389	2.1196	-3.5374	-3.6428	-7.9468	-10.7527
-11.2594	-7.5065	-3.7934	-3.2043	2.4487	2.5060	-2.7360	-3.5942	-8.3242	-11.3337
-11.8893	-8.2029	-3.2099	-2.8700	2.6496	2.4576	-3.3171	-2.9129	-7.3377	-12.1994
-10.6601	-7.5407	-2.5839	-2.1295	2.7667	2.0651	-2.7275	-3.0120	-8.0641	-12.2520
-10.3758	-8.3484	-3.7048	-3.2874	2.0946	2.3320	-2.9335	-3.7266	-7.8830	-11.9304
-11.8583	-8.3932	-4.1235	-3.3779	2.2233	2.2066	-3.1872	-3.7587	-9.0407	-12.0438
-12.0395	-7.5937	-2.9537	-2.7144	2.1773	2.5153	-2.5660	-3.6406	-8.0448	-12.0301
-10.6387	-7.2438	-3.3077	-3.1005	2.1294	2.1908	-3.0905	-3.2976	-8.1672	-10.8642
-11.6787	-7.8050	-3.5294	-2.6936	2.4192	2.6475	-2.8719	-2.6715	-6.5219	-12.2101
-11.0057	-8.2048	-3.9991	-2.6815	2.1033	1.7799	-3.4556	-3.4375	-7.6701	-11.8619
-12.1528	-8.4233	-3.9052	-2.6781	2.0839	2.3236	-2.9343	-2.6619	-6.5082	-11.8239
-10.6406	-7.4784	-3.0318	-3.4369	2.5217	2.2869	-2.9204	-3.5690	-7.8004	-11.8887
-10.1678	-7.9070	-3.2148	-3.3756	2.1599	2.4232	-2.9013	-3.1506	-7.6461	-10.9227
-11.6416	-8.4162	-3.9627	-3.2795	2.0594	2.2036	-3.0056	-2.6057	-6.5179	-9.9214
-11.1005	-6.7795	-3.3490	-3.5485	2.5187	2.2332	-3.6685	-4.3556	-9.1564	-13.1445
-10.8919	-7.1080	-3.3962	-3.0959	2.2106	2.6648	-3.0627	-3.5588	-7.0810	-10.8537
-12.5302	-7.5994	-3.6092	-3.0719	2.0732	2.2594	-2.6780	-3.1159	-7.5472	-11.7937
-11.0565	-6.5625	-2.7586	-2.7898	2.3511	2.5095	-2.6067	-3.5317	-7.6858	-12.6959
-11.8966	-7.6499	-3.6008	-3.1243	2.2906	2.6685	-2.4865	-2.8852	-8.2074	-10.5843
-11.8307	-7.9047	-3.3437	-2.6930	2.3602	2.5442	-2.2800	-3.3404	-8.2823	-11.4734
-11.7411	-8.3036	-3.7212	-2.8046	2.4732	2.3285	-3.2080	-2.9883	-7.4175	-11.2489
-11.9213	-8.4631	-3.8406	-2.9844	2.2990	2.2714	-2.9435	-3.1714	-7.2985	-11.3177
-10.7937	-8.6676	-4.2014	-3.5947	2.1377	2.1101	-3.5913	-2.8677	-6.7971	-11.2622
-10.8130	-6.3590	-3.2269	-3.0788	2.5494	2.0877	-2.6465	-3.0270	-7.9242	-12.4486
-12.1187	-8.1670	-3.3363	-3.1943	2.4128	2.8565	-2.4386	-3.1762	-6.7931	-8.9445
-10.8726	-7.9598	-3.4919	-3.3670	2.4426	2.3872	-3.4297	-3.0854	-7.1289	-13.1150
-10.8146	-7.9909	-3.8201	-2.7459	2.5247	2.5618	-2.7043	-3.4629	-6.9809	-10.1799
-11.4586	-8.0418	-3.9202	-3.4309	2.1441	1.9191	-3.1287	-3.0148	-6.9931	-12.3098
-11.7612	-8.3232	-4.1698	-2.8036	2.1415	2.3437	-3.0236	-3.2352	-6.8379	-9.3461
-11.3409	-7.2872	-3.4011	-3.0792	2.5645	2.1177	-3.6728	-3.5602	-8.4099	-12.8756
-12.9651	-8.2483	-3.6605	-3.2901	2.1054	2.7188	-2.7126	-3.7780	-8.3824	-11.4203
-11.7096	-8.3296	-3.9022	-3.2210	2.1053	2.2684	-2.3983	-3.5162	-7.8997	-11.8992
-10.6604	-7.6883	-3.5132	-3.4828	2.2662	1.9807	-3.3185	-4.2054	-8.6020	-12.8625
-12.9799	-8.5756	-3.4526	-3.4463	1.9851	2.0558	-3.5878	-4.0178	-8.0164	-11.0680
-11.2809	-7.9150	-3.3735	-3.3823	2.1607	2.0424	-3.1749	-3.5214	-8.2488	-11.6817
-9.7610	-7.4276	-3.3296	-3.0331	2.0141	2.2014	-3.2744	-3.6481	-7.6849	-11.1105
-11.3362	-7.8240	-3.5988	-2.7990	2.4570	2.2902	-3.2265	-3.3406	-7.4700	-11.8482
-11.1969	-7.6194	-2.8260	-2.6794	2.5363	2.4789	-2.7361	-2.8265	-7.9642	-9.9261
-12.5428	-7.9678	-3.1992	-2.7699	2.2105	1.9039	-3.4208	-3.5432	-7.6113	-11.7202
-11.4523	-7.9962	-3.0476	-3.3609	2.0017	1.7940	-3.2977	-3.5889	-8.0371	-11.0759
-11.6488	-8.1516	-3.6124	-3.0435	2.5331	2.5832	-3.0951	-3.1474	-7.2811	-11.2266
-12.4920	-8.7625	-3.7772	-3.2577	1.6538	1.7812	-3.5827	-3.7272	-7.8138	-12.2554
-12.2372	-8.2839	-3.6357	-2.7345	2.2934	2.4394	-2.6830	-2.7850	-7.3086	-12.0283
-11.2210	-7.3229	-3.2389	-2.3676	2.3059	2.3970	-2.6211	-3.3320	-7.7629	-10.2117
-10.9580	-7.6266	-3.0366	-2.5545	2.8657	2.8825	-3.1316	-2.7988	-7.0715	-12.0871
-11.0271	-7.2117	-3.1909	-2.4196	2.5612	2.7550	-2.2061	-2.7000	-7.3911	-11.6661
-12.8414	-8.3483	-3.7783	-3.2474	1.6629	1.6014	-3.9920	-3.8269	-7.3142	-12.1303
-12.1213	-8.2596	-3.5338	-3.1166	2.1758	2.0793	-2.9969	-2.8303	-7.7250	-9.7751
-10.1695	-7.7032	-3.6303	-3.1656	1.9719	1.4151	-3.4916	-4.3650	-9.6833	-12.8803
-12.0950	-8.8387	-3.7492	-2.7241	2.1479	2.3171	-2.7654	-3.3268	-7.9651	-11.6875
-12.1048	-7.8339	-4.0862	-4.2628	1.2862	1.4570	-3.8316	-3.8712	-8.8221	-12.8701
-10.1493	-7.0720	-3.1776	-3.2505	2.3127	2.7313	-3.0271	-3.3314	-8.2256	-11.1924
-12.2810	-8.5287	-3.8201	-3.4562	1.8981	2.0142	-3.0429	-3.6786	-7.7135	-12.8019
-10.3462	-8.6359	-3.2003	-2.6621	2.4106	2.4586	-2.6981	-3.9785	-8.6628	-12.4783
-11.1323	-7.1658	-3.1761	-2.5565	2.7156	2.4508	-2.9162	-3.7585	-7.1072	-10.2608
-11.3805	-8.0903	-3.1735	-2.2935	2.3524	2.1503	-2.5941	-3.4391	-8.0355	-11.8496
-10.6765	-8.1291	-3.9117	-3.0583	2.1898	2.4826	-2.3178	-2.9390	-7.3613	-11.4887
-11.2019	-7.8909	-3.4423	-3.5014	2.4946	2.1352	-3.3647	-2.7799	-7.6934	-10.6817
-10.8623	-7.4918	-3.6083	-4.0210	2.1076	2.2597	-3.4267	-3.4818	-8.1051	-11.3609
-11.1556	-7.8999	-2.9536	-2.9804	2.2196	2.4422	-3.2915	-3.4478	-7.9328	-12.8538
-12.6824	-8.4704	-4.0545	-3.1510	1.9064	2.2891	-2.9155	-4.0278	-7.3140	-10.7067
-10.3228	-6.9404	-3.5242	-2.9784	2.4056	1.9639	-3.2321	-3.3342	-7.7301	-12.4731
-9.5031	-7.7394	-3.6734	-3.0386	2.2901	2.4093	-2.8020	-3.3912	-8.1189	-12.4203
-10.2980	-7.6823	-2.9313	-2.8154	2.5167	2.2239	-3.4621	-3.5370	-7.5393	-11.5986
-12.5198	-7.7309	-3.3891	-2.6431	2.4103	2.5561	-2.7164	-3.2161	-7.2606	-12.1793
-11.4340	-7.5388	-3.6857	-2.9851	2.6307	2.2335	-3.0602	-3.3938	-7.4918	-10.5833
-11.5010	-7.0170	-3.3305	-3.4185	1.7204	2.1753	-2.4531	-3.7774	-10.3082	-13.8297
-10.6484	-7.8070	-3.6069	-3.6467	1.8737	2.2899	-2.8780	-2.9755	-8.2492	-12.2615
-12.1013	-7.8960	-4.0256	-2.9577	2.2488	2.0010	-2.9782	-2.8371	-6.3189	-11.6011
-11.3366	-7.8867	-3.1677	-3.2446	2.3567	2.4077	-3.1667	-3.3288	-7.3694	-11.1360
-12.6823	-8.1086	-3.3563	-3.1341	2.0237	2.4399	-2.7967	-3.2273	-7.9388	-10.8772
-11.3127	-7.0160	-2.9933	-3.2007	2.1162	2.5519	-3.2431	-3.1617	-7.3427	-11.9221
-12.1168	-7.0379	-3.2736	-2.6324	2.5063	2.2159	-3.0413	-3.5270	-7.9533	-11.3308
-11.4885	-6.7994	-2.9562	-2.8173	2.3537	2.3175	-3.2445	-4.0476	-8.3729	-12.1788
-12.3508	-7.1937	-3.5543	-3.2786	2.3235	2.6150	-2.8226	-3.3317	-8.4887	-11.6628
-10.9382	-8.0036	-3.2597	-3.1703	2.3582	2.2527	-3.0020	-3.7558	-7.8954	-14.1432
-12.0262	-7.9229	-4.0816	-3.6314	1.5276	1.5947	-3.6054	-3.9459	-7.9996	-12.2854
-10.7525	-8.2944	-3.7316	-3.2388	2.6003	2.2688	-2.9286	-3.0236	-7.4496	-11.1300
-10.8208	-6.9593	-2.9680	-2.9751	2.2680	2.1993	-3.2928	-3.5565	-8.3987	-11.6012
-11.9849	-8.4529	-3.2312	-2.9286	2.1571	2.3278	-3.4568	-3.3469	-7.4788	-12.1596
-11.1042	-8.2313	-2.9206	-2.7802	2.2897	2.0900	-2.6601	-3.2879	-7.8131	-11.8181
-11.4143	-7.4182	-3.1645	-3.1629	2.0535	2.2487	-2.9906	-3.2310	-7.0911	-12.8418
-11.3402	-7.4973	-3.1530	-2.3792	2.9992	2.6383	-2.3791	-3.5158	-7.6872	-11.1451
-11.4695	-8.1364	-3.3606	-2.9601	2.8781	2.2486	-3.2785	-3.4531	-7.8011	-10.9585
-9.6439	-7.4190	-2.8246	-2.6317	2.5629	2.2997	-2.9179	-3.3742	-8.3261	-11.8491
-10.8124	-6.8443	-2.9071	-2.7684	2.4110	2.6798	-2.0086	-2.7024	-8.0699	-10.8529
-11.5995	-6.7462	-3.1274	-2.8782	2.5343	2.3951	-2.7860	-3.4880	-7.8312	-11.2159
-12.0468	-8.3724	-3.1309	-2.7651	2.3296	2.4552	-2.7728	-3.4794	-8.2683	-12.6367
-12.1301	-7.8049	-3.4070	-3.1499	2.1644	2.6105	-2.4734	-3.2590	-7.9875	-13.2311
-11.8983	-8.3308	-3.9012	-3.1704	2.1113	1.9724	-2.7895	-3.1193	-8.1009	-11.0109
-12.5504	-8.7239	-3.8296	-3.0491	2.4852	2.1263	-3.2898	-3.1907	-7.3554	-13.1847
-11.5821	-7.8155	-3.7662	-2.7185	2.7665	2.8959	-2.6382	-3.1895	-6.9760	-11.2943
-11.2367	-8.0874	-3.2540	-3.2009	2.1651	2.6561	-2.6890	-3.1694	-7.2768	-11.9320
-10.1682	-7.0978	-3.5722	-3.5042	2.2977	1.9581	-3.6674	-3.7643	-7.8793	-10.9525
-11.4238	-6.5559	-3.1268	-3.2065	1.8042	2.1844	-2.7687	-4.3289	-8.9687	-10.9353
-11.9285	-7.0830	-3.0897	-3.3213	1.8759	2.1299	-2.9603	-3.5107	-7.8716	-11.4666
-11.7664	-7.6641	-2.9917	-2.8004	2.3562	2.3568	-3.0755	-3.3990	-7.6686	-12.1455
-10.6483	-7.8500	-3.6880	-2.8884	2.2659	2.4298	-2.5957	-3.6036	-8.0653	-11.9120
-11.2989	-7.6015	-3.5175	-3.3863	2.3494	2.1331	-2.7979	-2.8817	-7.7298	-11.1641
-11.2248	-8.0354	-3.6667	-2.5720	2.3030	1.9613	-3.2239	-3.2172	-7.3071	-11.5879
-12.1919	-7.3082	-2.7436	-3.5338	2.2569	2.0846	-3.3246	-2.8099	-8.4698	-12.6898
-13.0395	-9.6000	-3.8350	-2.3208	2.3443	2.5973	-2.5155	-2.9187	-6.7537	-10.7025
-10.8950	-7.8941	-2.8527	-2.3586	2.7471	2.2904	-3.1269	-2.5178	-7.6527	-10.3493
-10.7917	-7.8259	-3.3733	-3.2782	2.1380	2.1003	-3.0883	-3.5897	-8.2991	-11.0518
-12.3486	-7.8223	-3.4621	-2.5039	2.1978	2.5172	-2.7432	-3.0362	-7.5737	-10.6081
-11.7606	-8.2139	-4.1297	-2.9245	2.4575	2.4582	-2.7091	-3.1743	-7.9729	-10.1461
-12.1106	-8.7013	-4.0129	-3.0659	2.1740	2.4662	-2.9800	-3.1478	-7.8444	-14.1175
-11.7074	-6.7267	-2.8897	-2.4801	2.7321	2.4668	-2.4276	-3.0571	-7.8165	-13.2376
-13.0020	-7.2502	-3.6713	-3.9594	1.7242	2.0309	-3.1178	-3.2333	-8.2486	-10.2242
-11.0896	-7.3372	-3.2349	-3.5409	1.8159	2.2878	-2.8112	-2.9905	-8.1347	-11.6210
-12.8236	-8.2093	-3.4565	-3.4014	1.9243	2.0260	-3.0479	-3.6711	-8.0827	-12.4331
-11.8773	-7.8995	-3.6118	-3.2149	1.8148	2.2949	-3.3076	-3.8366	-8.1186	-12.1754
-12.2421	-7.9063	-3.0464	-2.8411	1.8095	1.7223	-3.0953	-3.2703	-8.0558	-12.4217
-11.6093	-7.9777	-2.9569	-3.1455	2.0232	2.3917	-2.8758	-3.2221	-7.2080	-11.6255
-13.0632	-8.7996	-3.4072	-2.7518	2.1693	1.9883	-3.0352	-3.6580	-8.1106	-11.6509
-10.9768	-7.9717	-3.0077	-2.4797	2.4807	2.2140	-2.7637	-2.9284	-7.1111	-10.1997
-12.1484	-6.7426	-2.9982	-3.1384	2.6148	2.3508	-3.0103	-3.5722	-7.5118	-10.4603
-11.3295	-7.7705	-3.0052	-3.2619	2.0929	2.1914	-3.3199	-4.1476	-8.5197	-11.8854
-11.8558	-7.8067	-3.1514	-2.1845	2.4947	1.9419	-2.3933	-3.3008	-7.9607	-11.4108
-10.3361	-6.7829	-2.7615	-3.5709	2.1568	2.5408	-2.4529	-3.6595	-8.4374	-11.8078
-10.5001	-7.7184	-3.0862	-3.2362	2.3939	2.4171	-3.2641	-3.4863	-8.2510	-12.4656
-13.0118	-7.7994	-3.4543	-3.6440	1.5464	1.8852	-3.6557	-3.4771	-7.8775	-10.2671
-12.8206	-7.8592	-3.3653	-3.7812	1.9679	1.9371	-3.8804	-3.1731	-6.7977	-10.7848
-11.7130	-8.7825	-3.3564	-3.4126	1.8282	1.7367	-3.7407	-4.0072	-7.5930	-11.7629
-13.9426	-8.7318	-3.9417	-3.7909	1.4244	1.2689	-3.5650	-4.0499	-8.9314	-10.5331
-10.4056	-6.9827	-2.7986	-2.1093	2.6565	2.3249	-2.7267	-3.3426	-7.8112	-10.4829
-11.8694	-7.6074	-3.1859	-2.9541	2.1936	2.3224	-2.5502	-3.2527	-8.0004	-10.1860
-10.1639	-8.1278	-4.0957	-3.9856	2.2944	1.9996	-4.3274	-3.6833	-8.2484	-11.2308
-10.5529	-7.7449	-3.2931	-2.6175	2.6673	2.7609	-2.6660	-3.2997	-6.6779	-11.0329
-11.0179	-8.4512	-3.8066	-2.7171	2.1650	2.9089	-2.4416	-3.4607	-7.5769	-11.9332
-11.5882	-8.7092	-4.2290	-2.7715	2.4516	2.1851	-2.9136	-3.7134	-8.9231	-11.7052
-11.2942	-7.0061	-3.2427	-2.0833	3.0138	2.7247	-2.3874	-3.1613	-7.8403	-10.2100
-10.7269	-8.1724	-3.9994	-2.9872	1.9874	2.2361	-3.0465	-3.0452	-7.0139	-11.7891
-11.5398	-6.7416	-3.1803	-3.0160	2.2148	2.2532	-2.4984	-3.5739	-8.9021	-11.7923
-10.9384	-6.7325	-3.3481	-3.5196	2.1677	2.0523	-3.8091	-4.1155	-8.7695	-13.8837
-10.2422	-8.5405	-3.6326	-2.8846	2.2691	2.3677	-2.9016	-3.4599	-7.3397	-11.4821
-10.8698	-7.8353	-3.1582	-2.5851	2.5230	2.2635	-2.9655	-3.0181	-7.6205	-11.8418
-13.0621	-7.6377	-3.3445	-2.7604	2.5383	2.8050	-2.6878	-2.7171	-7.2321	-9.6574
-11.8195	-7.3520	-3.4777	-3.2882	2.5867	2.1727	-3.5343	-2.9768	-6.4745	-10.9692
-12.7311	-7.7831	-3.5388	-3.5133	2.0001	2.0013	-2.4350	-3.8878	-8.9301	-11.3980
-11.4510	-7.5980	-3.1331	-3.3141	2.2828	2.4947	-3.1138	-2.7260	-7.6406	-10.8681
-10.4928	-8.5674	-3.3191	-2.5957	2.1564	1.9796	-3.2528	-3.2912	-7.1779	-9.9597
-11.7498	-7.7621	-3.9005	-3.6412	2.0337	2.3247	-3.6208	-3.6784	-7.6276	-12.5371
-12.5110	-7.8407	-3.8578	-2.8236	2.0582	2.4875	-2.8754	-3.7140	-7.5093	-10.9210
-11.4078	-7.4065	-3.3298	-3.0398	2.4431	2.6092	-2.5939	-3.4814	-8.4166	-11.6104
-10.8520	-7.2933	-3.3406	-3.3827	2.0724	2.0211	-3.0944	-4.0612	-8.8303	-13.6980
-12.3423	-7.2722	-3.3156	-2.6941	2.2835	2.3210	-3.2635	-3.6880	-7.4552	-10.8467
-11.0148	-7.7846	-3.2347	-2.8979	2.7268	2.9268	-2.9847	-2.8506	-6.9222	-12.8839
-13.5933	-8.7940	-3.6897	-3.0283	2.3893	2.3971	-2.9475	-2.8333	-6.6208	-10.1211
-11.0863	-7.7956	-3.4815	-3.5794	2.1345	2.3228	-3.1795	-3.3041	-8.2268	-10.9499
-10.5251	-7.0219	-3.0097	-3.2832	2.4283	2.7146	-2.3765	-3.7102	-9.6161	-12.2228
-9.5974	-6.9621	-2.7405	-2.9252	2.3235	2.1207	-3.3709	-3.3251	-7.3389	-11.3377
-12.4623	-8.2183	-3.1911	-2.6918	2.4327	2.6652	-2.7181	-2.9918	-7.4706	-10.9033
-10.5950	-7.7392	-2.7148	-2.6427	2.4884	2.0421	-3.7255	-3.1221	-7.4682	-10.8737
-11.0806	-7.9845	-2.9468	-2.8033	2.3399	2.2140	-2.8660	-3.1491	-8.2228	-12.9949
-11.7178	-8.2488	-2.9598	-2.6275	2.1951	2.0105	-3.1641	-3.7481	-7.7219	-9.8954
-11.4030	-8.5406	-4.3338	-3.3385	2.0374	2.0476	-3.1678	-3.2536	-7.8135	-11.3050
-11.1626	-7.6141	-3.1923	-2.8843	2.5781	2.5057	-2.8684	-3.7642	-8.9691	-12.1239
-14.3719	-8.8166	-3.9655	-3.1322	2.4541	2.2823	-2.8551	-2.8604	-6.9526	-10.4057
-10.7940	-7.1782	-2.7392	-3.1442	2.2996	2.7145	-2.8132	-3.0811	-6.8701	-11.6939
-11.3089	-8.1936	-3.6676	-3.7534	1.8689	1.6848	-3.6365	-3.7167	-8.0188	-10.8378
-11.0713	-7.2222	-2.9265	-2.6780	2.5570	2.4462	-2.9840	-3.7800	-8.3770	-11.4257
-11.0806	-7.7318	-3.3791	-2.6457	2.6990	2.8795	-2.5023	-3.0033	-7.4737	-11.6206
-12.3113	-8.5919	-3.5113	-2.6353	2.2791	1.9543	-3.6075	-3.9845	-7.3255	-11.1125
-11.0132	-7.3012	-3.6120	-3.3584	2.0447	2.4459	-2.6405	-3.1783	-7.6593	-10.4060
-12.5825	-8.8461	-3.7761	-3.0166	2.2201	2.0466	-3.2740	-3.1080	-7.6305	-10.7431
-11.5278	-8.1276	-3.8930	-2.7281	2.3848	2.6041	-2.3296	-3.2209	-8.6771	-10.4206
-12.1070	-6.8466	-2.7750	-3.3729	1.9802	1.8749	-3.2153	-3.3879	-8.4743	-11.3921
-11.7573	-7.8912	-3.5519	-2.9525	2.4699	2.8217	-3.1040	-3.1635	-6.7363	-8.9333
-11.5142	-7.3275	-3.5355	-3.1891	2.1983	2.2338	-3.1640	-2.6811	-7.4097	-12.1003
-12.3978	-7.8796	-3.1803	-2.7238	2.4861	2.1869	-2.9541	-3.2119	-8.1517	-12.6062
-11.7325	-7.5589	-3.2400	-3.3329	1.9178	2.2164	-3.2145	-4.3112	-7.6912	-11.7297
-10.9553	-7.8020	-3.2711	-3.5054	2.2549	2.7449	-2.8242	-2.9323	-7.6802	-10.2569
-12.3103	-8.3224	-3.7485	-3.2452	2.2360	2.0588	-3.4347	-3.4317	-7.4853	-9.8081
-10.9491	-7.7743	-3.1780	-3.8891	1.7973	1.8224	-3.2792	-4.2865	-9.2089	-12.1846
-10.5271	-6.6292	-3.2661	-2.4160	2.7329	2.4225	-2.5189	-3.4049	-8.3159	-11.3624
-11.4213	-8.0494	-3.4306	-3.4975	1.8427	1.8613	-3.7077	-3.3477	-7.3705	-11.5364
-10.6563	-6.7542	-3.0315	-3.0622	2.4482	2.6159	-2.4106	-2.8787	-8.3606	-10.6170
-11.8985	-7.5598	-3.3194	-3.3529	2.1216	2.2182	-3.4939	-3.8198	-7.5143	-10.9375
-12.2709	-6.6949	-2.7362	-2.5077	2.2427	2.4376	-2.3465	-3.4206	-7.7255	-11.1798
-12.4851	-8.6657	-3.1173	-3.1473	2.0371	2.4388	-2.6782	-3.5215	-7.5902	-11.6836
-12.7582	-7.3046	-3.4733	-3.3676	2.3624	2.3773	-3.5173	-3.4675	-7.3686	-10.6066
-12.3794	-8.4160	-3.1201	-2.4530	2.3339	2.4167	-2.9538	-3.6120	-7.5342	-11.1695
-11.6137	-8.3113	-3.5416	-3.4230	2.1802	2.3757	-3.4913	-3.7662	-8.0351	-12.1485
-11.4371	-7.9490	-2.9912	-2.9857	2.4823	2.2999	-3.1811	-3.3855	-7.7491	-11.3627
-12.5858	-8.9633	-3.9330	-3.4138	1.5935	1.7306	-3.3615	-4.0172	-8.8992	-12.7966
-13.6848	-8.4587	-3.6103	-3.5735	1.9860	2.6001	-3.2065	-3.6750	-8.1928	-11.4944
-12.8179	-7.9690	-3.8900	-3.6069	1.9643	1.9333	-3.4479	-3.2607	-8.0522	-10.7339
-10.1737	-8.5770	-3.3810	-3.0187	2.6856	2.5806	-2.9698	-3.2347	-7.7654	-12.0721
-12.5274	-7.3524	-3.2516	-2.7507	2.5360	2.4051	-2.9364	-3.4859	-7.6111	-11.6966
-11.2833	-8.1991	-4.0458	-2.6556	2.3356	2.4037	-2.8526	-3.4231	-7.9565	-12.5257
-11.8262	-8.3125	-3.1037	-3.0958	2.0339	2.0572	-3.3650	-3.4556	-7.7261	-11.7582
-12.2459	-9.2132	-3.9597	-2.5430	2.4007	2.4967	-2.9429	-3.1768	-7.4024	-11.3424
-10.6388	-8.2239	-3.7177	-3.0948	2.0915	1.9692	-3.2123	-3.3109	-8.0858	-11.1843
-10.6232	-7.9434	-2.8585	-2.9087	1.7098	2.5506	-2.2741	-3.7141	-8.2201	-10.8394
-12.2295	-8.7312	-4.1955	-3.1645	1.9945	2.2767	-2.8623	-3.9420	-8.0303	-10.5852
-13.1230	-8.1951	-3.2154	-2.6967	2.5557	2.3683	-2.6104	-3.6426	-7.9583	-12.4670
-11.4931	-6.9355	-2.8062	-2.8486	2.1439	2.3238	-2.7387	-3.6933	-8.0656	-10.8257
-10.5425	-7.1082	-3.0320	-3.3076	2.2031	2.0181	-3.9319	-3.2866	-7.7845	-12.4647
-11.9494	-7.5361	-3.4619	-4.1518	2.0153	2.2344	-3.6961	-3.5778	-8.2495	-13.7232
-9.9876	-7.8024	-3.3501	-3.6694	2.1604	2.4478	-3.4229	-3.4097	-7.8234	-11.7929
-11.1099	-7.9685	-3.2819	-3.4350	1.7274	2.1147	-3.1158	-3.3916	-7.6773	-11.9709
-11.2147	-8.4400	-3.8102	-2.7546	2.0154	2.0428	-3.0581	-3.3572	-8.2208	-13.5239
-10.3383	-7.6650	-3.3148	-3.3627	1.9622	2.2820	-3.2123	-3.2151	-7.4456	-12.2582
-11.5055	-8.4821	-3.2232	-2.9664	2.6228	2.7047	-2.7386	-3.3484	-6.7109	-11.1227
-11.4719	-6.6896	-2.3066	-2.9577	2.4216	2.5235	-2.8345	-3.6586	-7.8463	-10.8528
-10.2149	-8.0274	-3.7972	-3.2578	2.0788	1.9646	-3.4849	-3.7363	-7.2150	-11.7879
-11.7729	-7.2902	-3.6239	-3.6283	2.6229	1.9946	-3.4752	-3.9439	-9.0812	-11.3684
-11.5062	-7.3271	-3.1231	-2.8546	2.3937	2.1637	-2.8101	-3.0573	-7.4666	-11.0039
-12.8832	-8.2235	-3.7817	-3.4002	2.0106	1.9322	-3.3985	-4.1153	-8.5917	-13.3540
-12.1843	-8.6190	-3.4704	-2.3408	2.3919	1.8194	-3.2223	-3.1558	-8.0732	-10.7327
-9.8800	-7.6472	-3.2425	-3.2418	2.2190	1.9347	-3.5545	-3.7195	-7.9104	-11.1979
-11.9337	-8.4284	-3.5950	-3.0070	2.1033	2.0567	-3.5521	-3.8607	-7.6987	-12.7636
-11.4468	-8.3271	-3.0241	-2.8186	2.3897	2.3153	-3.2323	-3.6825	-7.8407	-12.3912
-11.2830	-8.2861	-3.6858	-2.7037	2.5560	2.3423	-3.1174	-3.5840	-8.8328	-12.0746
-12.1614	-9.4047	-4.2512	-2.8012	2.2710	2.3713	-2.7921	-3.2957	-7.7916	-10.6967
-12.4217	-8.3091	-3.6306	-3.2011	2.5015	2.0360	-3.8894	-3.6046	-7.2964	-11.1770
-11.8895	-8.0144	-3.6850	-3.5870	1.8872	2.2677	-2.9839	-3.4727	-6.7373	-10.9027
-11.8448	-8.3667	-3.4536	-2.3943	2.6118	2.7077	-2.6657	-2.8765	-8.0893	-11.4838
-9.9856	-6.8104	-3.3331	-3.7807	2.3759	2.5918	-2.7768	-3.2065	-8.0460	-14.1370
-11.3690	-7.1653	-3.0744	-2.2992	2.9316	3.1938	-1.9186	-2.4580	-6.3079	-9.5674
-11.6526	-7.3600	-3.3531	-2.3755	2.5396	1.7817	-3.3807	-3.1023	-7.1408	-9.9814
-10.3932	-8.3863	-3.4063	-2.1517	2.5602	2.0108	-3.1229	-3.3123	-7.5719	-11.5232
-11.5672	-8.0678	-3.3873	-3.2988	1.9970	1.8005	-3.6745	-3.8237	-8.2286	-11.9224
-11.1515	-7.4514	-2.9165	-3.2877	2.2046	1.9989	-3.2257	-3.2395	-8.1266	-12.7788
-12.3146	-8.1997	-3.5787	-3.1121	2.0723	1.7690	-3.2977	-3.8833	-8.1555	-11.6803
-11.2968	-7.8463	-3.4455	-2.4678	2.2451	2.0580	-3.1233	-3.7038	-7.3964	-12.5019
-12.6481	-9.0229	-3.5268	-3.0585	2.1500	2.0195	-3.0975	-3.7050	-7.9168	-13.3559
-12.4572	-8.1709	-3.6304	-3.1606	2.1763	2.2956	-3.2584	-3.3044	-8.1385	-10.6848
-12.1981	-8.4150	-3.3999	-2.4968	2.1052	2.1307	-2.6005	-3.4688	-8.1944	-11.5106
-11.7071	-7.6392	-2.6463	-3.1265	2.2640	2.2967	-3.3450	-3.3028	-8.6343	-12.4930
-11.8766	-8.2046	-3.8309	-3.1794	1.8230	1.7786	-3.7205	-3.4518	-8.2432	-11.5090
-12.1633	-7.8300	-3.5850	-3.2165	2.6160	2.5203	-3.0068	-3.4699	-8.0795	-10.8984
-10.3849	-8.2452	-3.2449	-3.2786	2.3547	2.6115	-3.0859	-3.6848	-8.3137	-11.4216
-9.7203	-7.6798	-3.3365	-2.3846	2.2628	1.9732	-2.7221	-3.6177	-8.4119	-11.8822
-10.7570	-7.4804	-3.1232	-2.1376	2.5690	2.4876	-2.4300	-3.8463	-8.5703	-12.6045
-11.8993	-7.6896	-3.4701	-2.9346	1.9275	2.1779	-2.4853	-3.5650	-8.6733	-11.8985
-11.3206	-7.0015	-2.9582	-2.9137	2.6384	1.9243	-3.9327	-3.5525	-7.4298	-12.1130
-11.3657	-7.8887	-2.9328	-2.8239	2.6348	2.7060	-2.7302	-3.0807	-7.9425	-12.7515
-12.1215	-6.8092	-2.7714	-3.5329	2.3896	2.0969	-3.6103	-3.6730	-7.4744	-10.9651
-12.2772	-8.5752	-3.9212	-3.2928	2.4454	1.9392	-3.4722	-3.2169	-7.5789	-9.7697
-12.7830	-7.7530	-3.2624	-2.9854	2.2669	2.4897	-2.7584	-3.2606	-6.8963	-11.2878
-11.9005	-6.5985	-3.3077	-2.9911	2.3672	2.0645	-3.0563	-3.1014	-7.9332	-12.1982
-11.5267	-8.1162	-3.4639	-3.4337	2.3488	2.0410	-3.3333	-3.8610	-8.5116	-11.1948
-11.3758	-7.7323	-2.9381	-2.8879	2.6464	2.3988	-2.7526	-3.1752	-7.9839	-10.8910
-12.8714	-8.2193	-3.7635	-3.6808	1.7214	2.0464	-3.0664	-3.6957	-8.7809	-11.4868
-11.6270	-8.4184	-3.3405	-2.8521	2.0514	1.7295	-3.8602	-3.7232	-7.7634	-12.3162
-10.4828	-7.5168	-3.2563	-2.8017	2.8031	2.7310	-2.7551	-3.4065	-7.6900	-12.7847
-12.3573	-7.7859	-3.1580	-3.1276	2.1062	2.6171	-2.8716	-3.6450	-7.1396	-10.9591
-10.4735	-7.9542	-3.7662	-3.1345	2.3396	2.3463	-2.5781	-3.4410	-7.4608	-12.3327
-11.3323	-7.3220	-3.1588	-3.5611	2.5203	2.5075	-2.8744	-3.3359	-7.3366	-11.0589
-10.4790	-8.2250	-3.7214	-3.5959	1.9814	2.1948	-3.6014	-3.5803	-7.7365	-10.8115
-11.6510	-7.2397	-3.3038	-2.9630	2.3400	2.1820	-2.7943	-3.0914	-7.7648	-11.9387
-10.9895	-8.0970	-2.9953	-2.9000	2.2131	2.3332	-3.2489	-3.3899	-7.9486	-13.1170
-11.5349	-6.9483	-2.4882	-2.7394	2.5297	2.1529	-3.4703	-3.4346	-7.7669	-12.5872
-12.1137	-8.6831	-3.7265	-2.2043	2.2048	2.6567	-2.3732	-2.9753	-7.5000	-11.0865
-10.7018	-8.2799	-3.4884	-2.8609	2.3697	2.4887	-2.7910	-3.2285	-7.9120	-11.8704
-11.3326	-8.3581	-3.2618	-2.5155	2.6033	2.3209	-2.6808	-3.2862	-7.3049	-10.4033
-11.6500	-8.1883	-3.8360	-2.9535	2.0776	2.2207	-2.6726	-3.8707	-7.5311	-9.8826
-10.7989	-7.2587	-3.9666	-3.8716	1.7632	1.8960	-3.4003	-3.1347	-7.7091	-9.9791
-10.7408	-6.4694	-2.8573	-2.3070	2.3709	2.4079	-2.3688	-3.4025	-8.0029	-11.5638
-10.0269	-7.5509	-3.8536	-3.4176	2.3961	2.1602	-3.4857	-3.2981	-8.2040	-12.3806
-12.5800	-7.5719	-3.7800	-2.5102	2.3635	2.4141	-2.2362	-3.2467	-7.3648	-10.8789
-11.9337	-8.9574	-3.9155	-2.6679	2.4523	2.5406	-3.4555	-3.3196	-7.1629	-11.2820
-10.6786	-7.5653	-2.9954	-2.8662	2.0262	2.4627	-3.1597	-3.5463	-7.0540	-9.5573
-11.4961	-8.0934	-3.8595	-3.7767	1.9881	2.0286	-3.6457	-3.6557	-7.7527	-10.0783
-10.4917	-7.8710	-3.5184	-2.7473	2.4752	2.7299	-3.1246	-3.1929	-6.9958	-11.0356
-13.1689	-8.4782	-3.9989	-3.2406	1.6137	1.9959	-3.5552	-3.8926	-7.6658	-12.3486
-11.1984	-8.2839	-4.2732	-3.7134	2.1132	2.1544	-2.8387	-2.9888	-7.4056	-13.1604
-12.4099	-7.8425	-4.0442	-2.9571	2.3975	1.9293	-3.5014	-3.3745	-7.6805	-11.3141
-10.2651	-7.9495	-2.9745	-2.4800	2.4371	2.2234	-2.7204	-3.0749	-7.3129	-12.2242
-11.7312	-7.9550	-3.2266	-2.7292	2.2022	2.4144	-2.6063	-4.1291	-8.6710	-11.6663
-11.7420	-7.1119	-3.0473	-2.7601	2.4809	1.9938	-2.6518	-3.6896	-8.5190	-12.0070
-11.1740	-7.9214	-3.2558	-3.2653	2.0111	2.0071	-3.4483	-4.1778	-8.8574	-10.8940
-11.1614	-7.7715	-3.6197	-3.0216	2.1332	2.4637	-2.9888	-2.7716	-6.4987	-11.3284
-10.4224	-6.9839	-3.4071	-2.7990	2.4096	2.0289	-3.2058	-3.9368	-8.1425	-11.7741
-10.8890	-8.9560	-3.6929	-3.0243	2.4317	1.8776	-3.0073	-2.5490	-7.8751	-10.2275
-12.6980	-7.7094	-2.7141	-3.4142	2.0746	2.4753	-3.1858	-3.9819	-8.6358	-13.2071
-11.8023	-7.5784	-3.0913	-2.6601	2.4938	1.9431	-3.3621	-3.2028	-7.9383	-12.8131
-11.8434	-7.1781	-4.1312	-3.0057	2.2442	2.6384	-3.1230	-3.4670	-6.8362	-10.5434
-11.6541	-10.0924	-4.2020	-3.0615	2.1257	1.8879	-3.5745	-3.2306	-8.0813	-12.2058
-12.6546	-8.6710	-3.4400	-2.5107	2.4753	2.5509	-3.3083	-3.6043	-6.8832	-11.7898
-14.1237	-7.4444	-3.6940	-3.6044	1.6869	1.5343	-3.8442	-4.3585	-8.0664	-12.3742
-11.1153	-7.3537	-3.1053	-2.7364	2.5419	2.4242	-2.5572	-2.8682	-7.9072	-11.0494
-11.8761	-8.8288	-3.2500	-2.7412	2.4971	2.8063	-2.7617	-3.1571	-7.8639	-11.7427
-10.8562	-7.4950	-3.6229	-3.2619	2.1442	2.3828	-2.9999	-2.9269	-7.1865	-9.8644
-12.4491	-8.1158	-3.1915	-3.2117	2.0811	1.7497	-3.5164	-3.0264	-7.7532	-11.2673
-11.2285	-6.7499	-3.3577	-3.4607	2.1751	1.8033	-3.0081	-4.1007	-9.4656	-11.8757
-11.1162	-7.5121	-3.4137	-2.8820	2.2343	2.4596	-3.0860	-3.9132	-7.9939	-12.0883
-11.9224	-7.5124	-3.0612	-2.9014	2.1049	1.8191	-3.1949	-3.7302	-8.3660	-12.8244
-9.9890	-6.6429	-3.1981	-3.4745	2.5091	2.2203	-3.4443	-3.2961	-7.4847	-10.0003
-12.3323	-7.7397	-3.7791	-3.4200	2.3930	2.2431	-3.5993	-3.2397	-7.3889	-11.0885
-11.8317	-7.2068	-2.7718	-2.7624	2.3330	2.4123	-2.8937	-3.4941	-7.3747	-12.2080
-10.8049	-7.6573	-3.0986	-3.0676	1.7742	2.2174	-2.8375	-3.7785	-8.2679	-11.6189
-12.3572	-7.2646	-3.3409	-3.3558	2.3473	1.9248	-3.2148	-3.2615	-7.6915	-9.6389
-12.4661	-7.5848	-3.1622	-2.9700	2.5898	2.5089	-3.0193	-2.8078	-7.1059	-12.2384
-11.7648	-8.1859	-3.5013	-2.7964	2.5681	1.9908	-2.6909	-4.0176	-8.8237	-11.6280
-12.1223	-7.9383	-2.9942	-2.7972	2.4623	2.5042	-3.0426	-2.7850	-7.6753	-11.6252
-11.3479	-7.8095	-2.9638	-3.1353	2.0532	2.0792	-3.6968	-3.9639	-7.9577	-11.0784
-11.8461	-7.6761	-3.8119	-3.5174	2.2729	2.2180	-3.2254	-3.1294	-7.1874	-10.2655
-12.4127	-7.6990	-3.4766	-3.0813	2.5221	2.2357	-2.6709	-2.9723	-7.4771	-11.0407
-11.8044	-8.2831	-3.7938	-3.7464	2.3400	2.1579	-3.4071	-3.6422	-8.3369	-11.0436
-9.5078	-7.1231	-3.0781	-3.1835	2.3753	2.1257	-3.7768	-3.9116	-8.5609	-12.3936
-10.6716	-7.7663	-3.0292	-2.9315	1.9234	2.3176	-3.0490	-3.8039	-7.7727	-11.4095
-10.1693	-8.1007	-3.3667	-2.9437	2.1202	2.6700	-2.4891	-3.2248	-7.7518	-11.3498
-11.9637	-8.0309	-2.8468	-2.6465	2.5260	2.6044	-2.8428	-2.9779	-7.9244	-13.4001
-10.7000	-6.6956	-3.0861	-2.6849	2.6857	2.3730	-2.4087	-3.2391	-8.0219	-10.5590
-12.1053	-7.4730	-3.2601	-3.3361	2.2350	2.4310	-3.1502	-2.8144	-7.5594	-11.0931
-10.7276	-8.0706	-4.1275	-3.2391	2.4399	1.8887	-3.9131	-3.6226	-8.2279	-12.2521
-11.4482	-7.7409	-3.1473	-2.4838	2.8009	2.8214	-2.3157	-2.4990	-8.3030	-12.7017
-11.6952	-8.0846	-3.9789	-2.7725	2.3841	1.8919	-3.5405	-4.1185	-8.4714	-11.6695
-9.9994	-7.2714	-3.1664	-3.0949	2.2840	2.0447	-3.3783	-3.1270	-6.8749	-10.2587
-10.1118	-8.0024	-3.1898	-3.0705	2.1492	2.0511	-3.7386	-4.0172	-7.9906	-10.7993
-10.6066	-7.2713	-2.6777	-2.3351	2.8061	2.3906	-2.5041	-3.0503	-8.0699	-10.7089
-10.9826	-7.4319	-3.1835	-3.3403	2.2615	2.3430	-3.5562	-3.8024	-8.2222	-12.1767
-11.3285	-8.3464	-3.1559	-2.7629	2.5251	2.7078	-3.1211	-3.2772	-7.0756	-12.7833
-11.0373	-7.7550	-2.4862	-2.5275	2.6927	2.2937	-3.0038	-2.8824	-6.7858	-10.5005
-12.4993	-8.1920	-3.3950	-2.5718	2.0688	2.0079	-3.1148	-3.1028	-7.3622	-11.0607
-13.0267	-7.5580	-3.7418	-3.0293	2.1292	1.8150	-3.2432	-4.0526	-7.5288	-10.0754
-13.3296	-7.2170	-2.8703	-3.3605	1.8639	1.7852	-3.3779	-3.9035	-8.5816	-11.9238
-11.3864	-7.5197	-3.7356	-2.9559	2.2402	2.1794	-2.8094	-3.2098	-7.6523	-12.1529
-12.6286	-8.8268	-4.0668	-2.8853	2.4219	2.0907	-3.1220	-3.1405	-7.2469	-9.5040
-11.3851	-8.0106	-3.5017	-3.0912	2.3139	2.7615	-2.7118	-3.1399	-7.2563	-11.5109
-11.7820	-9.8114	-4.3461	-2.5505	2.1822	2.6316	-2.5500	-2.8154	-7.1271	-11.5535
-12.5729	-7.9458	-3.6975	-3.4145	2.2891	2.4152	-2.9534	-3.8519	-8.6190	-11.2140
-12.8122	-8.5981	-3.2560	-2.8584	1.9347	2.2872	-2.8219	-3.6647	-7.8932	-11.3286
-10.8252	-7.5742	-3.1363	-3.6402	1.7709	1.8878	-3.5307	-3.6974	-7.8124	-11.4093
-9.9047	-6.5000	-2.8357	-3.1336	2.3661	2.2735	-2.3841	-4.0065	-8.4178	-11.2172
-11.9436	-7.4819	-2.1930	-2.6060	2.3521	2.1678	-2.9967	-3.0598	-7.6701	-12.4742
-12.0952	-8.1299	-3.4265	-2.8794	2.0890	2.3831	-3.2413	-3.3645	-6.0929	-8.8998
-12.0453	-8.1692	-2.9605	-2.7709	2.4276	2.2531	-2.6696	-2.9600	-7.6309	-10.9165
-10.6910	-7.2598	-2.9764	-3.1675	2.3586	2.0739	-3.2480	-3.7364	-8.0069	-11.4335
-12.5089	-7.4734	-3.7476	-2.9519	2.6012	2.5576	-2.3463	-3.2787	-7.9744	-10.8638
-12.6188	-9.3950	-4.3240	-2.8126	2.2367	2.0250	-3.5479	-3.0538	-6.6825	-10.7621
-11.4357	-8.2746	-3.5150	-2.5810	2.3075	1.9722	-3.0337	-3.9250	-8.9875	-12.6376
-9.4823	-8.0807	-3.4160	-3.6327	2.2514	2.0329	-3.6706	-3.9566	-7.8854	-11.3405
-11.4983	-7.1753	-3.2326	-3.0153	2.1588	1.9612	-3.0006	-3.1722	-8.3665	-11.5649
-12.3022	-8.3737	-2.9630	-2.2133	2.7378	2.8573	-2.3114	-2.8062	-7.0042	-10.1197
-12.4499	-8.2779	-3.5819	-2.5735	2.4857	2.3724	-2.3795	-3.4675	-7.9548	-10.9172
-12.9722	-7.6042	-3.2946	-2.7255	2.5786	1.8511	-3.2029	-3.4880	-8.2068	-11.3159
-11.9052	-8.2711	-3.8938	-3.0932	2.2188	1.9677	-3.3080	-3.2315	-7.5144	-10.6984
-10.4223	-7.6823	-3.4418	-2.7979	2.3294	1.8911	-3.5871	-3.6410	-7.6265	-11.0598
-13.0033	-8.0604	-3.3350	-3.3133	2.0546	2.2152	-3.3279	-3.6640	-8.8017	-12.4367
-11.4776	-7.4603	-3.2985	-2.6904	2.8265	2.5589	-2.7895	-3.9532	-8.3215	-10.3289
-10.7528	-7.3711	-3.8946	-3.7672	2.0255	2.1681	-3.1142	-3.3933	-8.1836	-11.0850
-11.8054	-7.9209	-3.8667	-3.3829	2.0772	2.1475	-3.5878	-3.3421	-7.0739	-11.7772
-13.1554	-8.6532	-3.8723	-3.4678	1.8404	1.9764	-2.6243	-3.3290	-8.4844	-11.8528
-11.7050	-7.8183	-3.7033	-2.8723	2.4441	2.6518	-2.5668	-2.8039	-8.3312	-10.3074
-10.6035	-8.3371	-3.2569	-2.9648	2.2619	2.2833	-3.3046	-3.7607	-7.4285	-9.7685
-10.1207	-7.9766	-3.6707	-3.0606	2.4784	2.7043	-3.0153	-3.5546	-8.1444	-11.8302
-11.9655	-8.1285	-3.9096	-2.7004	2.6216	2.8313	-3.0650	-2.8145	-7.5864	-10.7431
-10.6268	-7.6942	-2.4998	-2.2194	2.6390	2.1994	-2.8317	-3.5960	-8.2188	-11.7158
-11.7866	-8.1799	-3.5626	-3.2807	2.0883	2.1799	-3.3932	-3.8166	-8.8213	-13.2830
-11.4044	-8.5636	-3.6898	-3.0802	1.9557	2.1060	-3.4991	-3.8896	-7.7887	-13.1190
-11.7413	-7.3730	-3.2860	-3.5820	1.9584	2.0589	-2.7647	-3.4723	-8.0172	-10.6903
-9.8180	-7.1261	-3.1892	-2.0635	2.6863	2.4891	-2.0039	-2.8998	-8.3558	-11.9145
-11.3106	-7.1704	-2.8548	-2.8950	2.4646	2.4980	-2.7324	-3.1342	-7.8923	-11.6643
-11.9407	-7.2621	-3.1966	-3.1190	1.8664	2.0005	-2.9643	-3.1824	-7.7610	-11.1329
-10.8011	-7.5271	-3.5403	-2.8914	2.0063	1.7336	-3.1179	-4.0583	-8.9076	-12.2118
-11.7350	-7.3419	-3.3525	-3.0384	2.1997	2.1207	-3.6372	-3.8440	-7.9262	-11.6561
-13.2234	-7.6000	-3.0670	-2.9301	2.5723	2.4741	-2.7126	-3.8312	-8.5709	-12.2655
-11.8471	-7.5600	-3.5016	-3.2591	2.0618	2.5688	-2.4750	-3.6725	-8.1027	-12.8389
-11.3492	-7.3826	-3.2810	-3.5772	2.1946	2.1836	-3.6305	-3.2352	-7.6921	-10.7825
-11.3921	-7.8692	-3.6136	-2.9710	2.8658	2.4267	-3.3964	-2.8267	-7.4636	-11.1289
-13.8781	-8.2124	-3.9728	-3.2407	1.7329	2.2199	-2.8438	-3.5442	-7.8408	-11.3913
-12.7286	-8.5377	-3.6832	-3.5136	2.1856	2.0818	-3.0615	-3.4379	-8.1308	-12.6618
-11.1574	-7.2182	-3.3488	-2.7516	2.4409	2.0551	-3.2035	-3.8388	-8.2385	-12.0552
-11.2493	-7.8441	-3.0958	-2.6952	2.3468	2.3783	-3.0458	-3.4717	-6.9182	-12.8366
-12.8390	-7.8304	-3.1939	-3.4844	1.7450	2.6796	-2.7878	-3.1337	-7.0350	-11.1336
-10.2471	-8.2803	-3.1959	-2.5987	2.6549	2.8538	-2.3708	-3.4035	-7.4292	-11.3791
-11.8193	-6.8826	-3.1325	-2.6202	2.7548	2.2202	-2.7975	-3.1087	-7.8947	-10.8150
-10.8196	-8.2872	-3.7299	-2.7679	2.4862	2.3693	-2.5293	-3.4310	-8.9213	-11.9023
-11.1366	-7.5738	-3.6482	-2.4203	2.8773	2.5943	-2.7405	-3.5331	-7.9431	-12.1010
-11.6870	-7.5040	-3.2944	-3.0481	2.3662	2.0974	-3.2646	-2.9302	-7.7062	-11.1608
-10.6275	-7.1575	-2.9510	-3.2664	2.6960	2.5805	-2.7097	-3.7388	-8.3746	-12.0756
-10.8685	-7.1298	-2.8580	-2.8380	2.5491	3.1478	-2.3160	-3.8020	-8.4807	-11.8976
-11.0373	-7.8913	-3.2536	-3.4071	2.4123	2.9317	-2.8107	-3.6628	-7.5935	-10.2699
-12.9883	-9.8478	-4.0308	-3.1906	1.7153	2.1963	-3.1402	-2.7353	-7.7301	-11.5971
-12.6992	-9.1563	-4.0594	-2.8772	2.0538	1.9507	-2.9549	-2.9519	-8.6400	-11.8980
-13.7804	-8.9637	-4.4086	-2.9656	2.1656	2.7161	-2.9556	-2.9294	-6.8470	-9.5727
-11.0758	-6.7110	-2.6635	-2.9502	2.6920	2.0943	-3.4587	-3.8278	-8.1981	-11.1836
-11.7131	-7.4887	-3.4693	-2.8658	2.2816	1.6842	-4.0488	-3.4950	-7.4990	-12.2567
-11.1898	-7.5471	-2.8705	-3.0195	2.6760	2.5200	-3.1856	-3.5884	-8.4857	-11.9495
-11.9117	-7.5545	-3.4161	-2.8427	2.5215	2.7246	-2.7208	-3.0389	-6.8884	-11.1134
-12.5897	-7.1972	-3.1214	-3.5888	2.1845	2.2203	-2.7355	-3.4852	-8.5132	-11.1273
-10.7712	-8.4248	-3.6359	-2.5653	2.5769	2.3403	-2.5695	-2.9889	-8.0672	-11.7247
-12.6368	-9.6519	-3.8860	-2.3139	2.1921	2.5588	-2.6031	-3.3409	-7.5072	-11.1596
-11.5451	-8.4755	-4.2223	-2.8467	1.9097	2.2609	-2.9166	-3.4375	-7.6619	-11.0105
-12.0056	-8.5234	-3.2044	-2.8630	2.0982	1.7730	-3.1829	-3.6738	-7.5655	-11.0437
