6.3567286193627455
5.970630536079919
6.052297241709116
6.275571172760313
6.064828128057456
6.215676371014366
5.946541899797817
6.084015950138089
6.1200673066035405
5.875390692978763
6.253264887410129
6.124460770612575
6.1344213005381185
5.958407036235478
5.706115917261765
6.193564166761098
6.02190864146365
6.013831949811492
5.860666380676333
5.682530111582416
5.892922212507106
5.713334057534735
5.95505859018499
5.942205406236285
5.578391854624604
6.060395615623696
5.683547685527962
5.5942539770217685
5.580197729236905
5.725720326996584
5.705201526783933
5.5463316116979575
5.760279662830438
5.3412193322507235
5.591815214309373
5.789615560212177
5.574901733831972
5.457779631041402
5.73981169275658
5.272849103427766
5.363050239620893
5.448226256738777
5.270075958818292
5.471647474055075
5.412480910102882
5.339266608490833
5.513295694063732
5.502170565157791
5.682991857375322
5.214508689160332
5.306299702511913
5.443729869483992
5.283866988429768
5.092032614124593
5.271691868638759
5.238009022355401
5.156627345304474
4.941084686413933
5.170639215607174
5.468382426381955
5.388704295469555
5.275166512103122
4.9866701487086456
5.633026121022725
5.087590177765561
4.855749912678626
4.871911276602781
4.994596000679266
4.855452116340779
4.9900544091354
5.146060472206018
4.973610142239177
4.835117105909067
4.804657640202746
4.920068353818285
5.128193929651896
4.940143966631455
4.665428273897261
4.817695281717339
4.449597509169922
4.784899861461961
4.6959627775835315
4.5882887306696825
4.546761557582368
4.72919845791176
4.735655987863373
4.627616669408344
4.65148939465285
4.673752089803358
4.895475288256529
4.681216489180279
4.531120739823586
4.104305949513868
4.484094554362893
5.180848843097624
4.52681287895282
4.751625668423921
4.447137954888042
4.517940038368959
4.275414511418717
4.305829496458964
4.520923776622482
4.70670808077506
4.624463267116853
4.312689611827594
4.035514651810318
4.279878250355527
4.238026119620385
3.919000215039868
4.042930985354813
3.9906854881306884
4.2208102486967976
3.8888888444896477
4.024940763418552
4.018638020744051
4.254867481367263
4.351829763056923
3.91065058549286
3.844918103914269
4.2612099544975175
3.9850714529893163
3.5787615245187263
3.82141791748273
4.2166009927680435
4.123029812481516
4.169676948782969
3.59998548155155
4.110059695576373
3.976984312138648
4.075213392325767
3.6435169392989475
4.266280010594189
3.7746980063520903
3.9674092128858924
3.5694929547395566
3.506289762422227
3.7030327061362582
3.9653598574105144
3.594150408264502
3.4587745568042116
3.87497413785307
3.5095292620008354
3.9753211037515417
3.489450979566809
3.819420973266742
3.3832847751898214
3.6017210305903897
2.8399712720105286
3.462578602903229
3.2666992935860355
3.2841142178926175
3.4752012226714974
3.132633406150241
3.401814611528467
3.2587082582608566
3.466680331008717
3.1501528423268663
3.4811447080036455
2.8932537352307386
2.484811233632566
3.045560122731295
3.4099233947882945
3.1180556383049662
3.126922227323801
3.1986671931706514
3.0508572262574236
2.7333764809701964
3.395612797140478
3.3608288500318406
2.807365601929028
2.5333291231816917
2.4873365098755915
2.665712009235774
3.392024669889649
2.88928661831657
2.402352567317511
3.1417986098590274
2.2899116914315223
2.961937835481387
2.6695902265584364
2.8540525645263957
2.4376611493256837
2.463826811046299
2.144571653444209
2.8298744256807202
2.667805035340819
2.3455443253694233
2.4539878244010933
2.486222340433878
2.2487608582075223
2.5739661854151135
2.029929128836848
2.8105777132966567
2.748738657875255
2.4810998347255073
1.9932007529278046
1.9119187254834675
2.597834881988301
2.439099267534054
2.1413980038515636
2.822031534250241
2.3709958927261487
2.364376972319966
2.2504273498969543
2.6070637227635487
2.509380186018853
2.1493300772859136
2.1764641199977075
1.7984427034314607
2.0818044898849815
2.0154511541629354
1.995974307172515
1.9424932247303062
2.025495984898457
1.9850046740413354
2.2845298758903083
2.5998717497591883
2.0905694208497443
1.9361725148674842
2.1225754996921693
1.9443108646566138
1.7780301563247134
1.829255608599063
2.002285298792547
2.0733762621866143
2.190438780319786
1.528771019501902
1.7128547320288268
1.5559251519973267
1.7822459080463704
1.921956135939411
1.9320081617996974
2.2122085532104014
1.7654562282890764
2.08587791225825
1.9934881172657901
1.4846099396014103
1.5932206526672714
1.7773963002683568
1.6871228156462357
1.6222981035267923
2.0237277205751703
2.0317350421974734
1.3258480663958476
1.7242426998195464
1.2285729611641891
1.565221822031517
1.2652850794305142
1.3844628970786348
1.6948390952741081
1.4112082402969803
1.48022046990438
1.4870654785133695
1.454975504028438
1.294384833697973
1.2092159628716967
1.451098341817123
1.437673405127747
1.2184115235512125
1.5538267025671508
1.4508947501368001
1.1004357678793864
1.437845698610063
1.260798003647086
1.0946514120004822
1.737219767864595
1.4443224881431498
1.471999323217085
1.4854619654633556
1.6966874483178391
1.2296509693266826
1.511583729631177
1.063435814988299
1.2260245083184251
1.2339392319561449
1.0324062358250783
0.9144345313063961
1.0988898865700063
0.8670465663336906
1.2683190896265584
1.1964248931055523
1.299813637059146
0.7895513287260676
1.1892557633572898
1.5679184918526683
1.1761737150638494
1.4658430564412546
0.6367464485534594
0.9610795103152067
0.9807394001723599
0.950663185972375
1.2549599939396003
1.2763636214044738
1.5530661139424238
1.2086075042902955
0.8363594717448009
0.9848056126082791
1.212185430991107
0.9802240524240498
1.1540677214040576
1.2228691895767867
0.9391582352467955
0.7719288308225946
0.7908851860709989
1.20834888623882
0.9175865899495225
1.330104443713742
1.0300612541350656
0.8435158175980956
1.1872555838376075
0.9021755166646219
0.8210957804208934
0.756843718105779
0.8293853803102352
1.0518091927862638
1.0397138850474645
0.8274477255471715
0.8607970977780154
0.5039700721548056
0.6292709259540354
0.5756774557648057
0.8029527121355574
0.8871012737165886
1.1184409157340145
0.9993560974545299
0.46481640299567595
0.7877331381048569
0.8316457643794688
0.6118716270809056
0.7169926234071398
0.9276581497185616
0.9028922772295241
0.6956837641636007
0.6851592321274171
0.3516946164480964
0.8157455796939999
0.6271753933737523
0.7855872595160426
0.6053032124240034
1.0455949252994543
0.1913973019779151
0.4456071132266386
0.5776132349920639
0.893241506557785
0.40132141601249366
0.5435221260366602
0.6148912724296713
0.4922146023949145
0.803903761850876
0.31642576862727
1.1101010662165574
0.6532946166878049
1.3692900485679265
0.6616585206959366
0.29685758882541763
0.48851004467689174
0.22064882580210488
0.4027029975826849
0.40617441257910814
0.23971657478970343
0.189637794352209
0.5859765930176575
0.3816016432296773
0.6056270947358836
0.4227333112268492
0.7832016037426597
0.17436803411524932
0.6347077118186079
1.1372624831683047
1.1137479139340853
1.0285031865588885
0.4683935602296879
0.5985563512050627
0.4207600785795872
0.26531943896694093
0.4037235058602261
0.5729713126428113
0.35469401066468953
0.33029777239172353
0.43993239046675325
0.5636136705026054
0.18150285706615527
0.4901340423016271
1.5140587661840552
0.35450796173101484
0.5997457602312111
0.496710083494488
0.2442588440577287
0.4608563189012222
0.186045630385956
0.19081555002080552
0.628368625124455
0.27122082863359626
0.5612292656421028
0.35506966212963964
0.24328594507641457
0.8266474297006953
0.17493134104776417
0.493798192152874
0.10707421348389454
0.5987513926149005
0.3486904414911577
0.7480742240954014
0.3653456298134917
0.680745001150454
0.34791671717607714
0.8371248158340054
0.7865506635031239
0.7417727135672159
0.6414843769344628
0.4599075083673334
0.18438768521394058
0.5438382116321274
0.29380482415554576
1.2374114306686503
0.6212409985876193
0.1101217811725184
0.29410856475356884
0.6358184485333398
0.5748284786332516
0.3190737123836279
0.22780583180584443
0.4232750342493704
0.37831807000325235
0.4093161826849023
0.5615542012798478
1.9238181308317996
0.617435091828691
0.39092833024740437
0.8971624648448819
0.19786433298938252
1.095607790856421
0.4491944758206544
1.6865570098204434
0.46973978322369503
0.22421203357625794
0.5100458606148497
0.2887709918240132
0.13378877082669954
0.590812076476615
1.333478132678498
0.5372206718260573
0.3943710996957135
0.5719668016233964
0.2835593560624988
0.4121761308547203
0.5935670824535504
1.6095906165179594
0.6287384241035963
0.6366000750753139
0.570508672657712
0.6213142941866957
0.5813892727616615
0.23005521287608888
0.8618585289582357
0.4171040576504064
0.39425286889988376
0.16435596299179991
1.0910733430904132
0.879230600330835
0.5240613440741243
0.31239520792696035
0.4311194372439635
1.0506045838645828
0.3971310144663456
0.4321187539975775
1.2323003425314045
0.45746679971425364
0.35186304851483097
0.5670355344036944
0.7594256319013116
0.3121302466779994
0.351879574807899
0.584338710763551
1.3719934169978023
0.28128050093955226
0.24287539531728558
0.2206674995765946
0.2656026551339369
0.6857364941110329
0.2920555155607298
0.499859777506781
0.48725355138513626
0.43937878704891864
0.31550945284799725
0.33780693681453067
0.6645827329703063
0.8168139276593719
0.08977240350668816
1.4411687481763198
1.1227776817360087
0.4471396247089456
0.5283641888681329
0.2813313583093258
0.5535364958370997
0.20089749733114695
0.4671519062376853
1.2315333974967781
0.09684951096640618
0.35816581969206085
0.7958778002811973
0.5490947579879172
0.5304529551728671
1.0288615488066306
0.2524690595350823
0.5493754949697512
0.42179939462216454
1.4148431562512052
0.5207179421430181
0.7540207858213386
0.09773759229114207
0.2325655640192916
0.8500718282735087
0.32191638388411126
0.7593600453053042
0.5663830210695474
0.2614954221544784
0.4225866753729316
0.1490318681994104
0.11078059194689546
1.3190273166576119
0.2824407068429582
0.5139438907450207
0.24263629912358292
1.9149023150392375
1.3435826350462658
0.38449843441753806
1.4596966492996173
0.16684823356135364
1.1360224074578413
0.38061250606312225
0.5160025418829775
0.2658640246242756
0.621319601990054
0.646350653838928
0.6525382746880002
0.687652371553882
0.08640660974456582
0.23117164502824122
0.6732154407017867
0.7350261111113762
0.5961091282689821
0.4300557719224769
0.1400369751812484
1.772635610030051
0.42762670040923445
2.7195940495965267
0.3443555261224028
0.250412290168818
0.3258518664327997
2.0144409779932575
0.267739997499901
0.3585824075626185
0.6789354840867068
0.49782741343950265
1.0341444057530047
0.5211647003517121
1.2122816615247278
0.6976740263643233
0.3883010658725775
0.3281049853179615
0.6143907795990889
0.3212692747296657
0.3977295616648078
0.331097700756843
0.24252352529016508
0.8122183647043767
0.30659394945730956
1.0950045562121131
0.7255446533653762
0.4096593129088825
0.5391229239077294
1.1998095141966836
0.2951427142846256
1.030681754210232
1.3625315215555387
0.5090908156662348
0.5297415675022326
0.3907196103638364
0.603908895551462
0.9594814521860064
0.8801464156423875
0.6938027457479609
0.5647222106994599
0.8019788583540488
1.1308577874170498
1.23104761475529
0.7412892800110652
0.6627570738369175
0.3954848565426325
0.7553440693537985
0.778807676988942
1.492560145266887
0.5170355847743395
2.8493778779494834
0.9668907729659626
0.9267727854799961
0.3912531366162923
0.7169086403343379
0.4198803887506464
1.5621590399847383
1.5927907851904717
0.5863363590612395
0.544783531463281
0.4613839536187528
0.9901525448852847
1.1002243290594564
0.5734286155831635
1.5432518121088454
0.26277411346440693
0.40569503963484344
0.5575053154899205
0.5310332243772552
0.5939809665330564
1.1706709362777272
0.15083842840884143
0.4678565580904995
0.9971402416666881
0.32630548509972246
0.8013711841320006
0.27947386615446695
0.35798410611906384
0.24966411365119517
0.8911271672160994
0.5515202879758341
0.38585080627886803
0.3395917600267722
0.3239281708400135
0.28535570511280384
0.16678387623034954
0.7590453668849064
0.386378638159744
0.3825419093541965
0.28246918570913976
0.5532377961357753
0.8602898361142772
0.19778239819201182
0.8259244427127902
0.2480864842608784
0.7228222203684529
0.5105106137882808
0.3125921942405903
0.22743150325222894
0.6752738088361068
0.678636844484751
0.49001164173570677
0.2706996720510688
0.3291130933756732
0.8542946613583341
0.3765186220875123
0.38990427957223117
0.1486323474704924
0.2768070260962792
0.6155661853523997
0.4975889708623048
0.7460962388045533
0.6707739766923321
0.7117896943041674
0.5010749481615594
0.6733329407714195
0.7934582245570474
0.2616841142946162
0.25347166355588235
0.5312772205444957
1.2793321736067207
0.4310092660786136
0.49646612248964495
0.3038594774999855
0.0878735576758127
0.3071376905145098
0.6096148399781671
0.24288775099953494
0.5755732743865015
0.42617494997012173
0.49819430905218853
1.032611542323955
0.508276487103436
0.29606931504979694
0.4994210234093819
0.37105656711651447
0.9034637851264995
0.20854779028346704
0.283375805402665
0.011208857914357486
0.32972961781785187
0.11742449281565515
0.5758377231566452
0.37661681864261964
0.40378284394569186
0.8111436389399007
0.14698681363829835
0.2453396773132361
1.019265128902819
0.22322390852627455
0.18407372825025628
0.5605331716631414
0.2236815752396628
0.2863186001797546
1.0736511324536924
0.3704701043077252
0.23996548963663158
0.27119458121761275
0.09955233159600435
0.16621328864214047
0.33294301834426016
0.4825236912713746
0.231680703070974
0.5688011720998721
0.20457397684440687
0.29663625316375575
0.05229160608138585
0.25999309019949546
0.09497637515050492
0.5354107706635065
0.36669333748352806
0.29345584210454706
0.7091096046288727
0.36863061608437653
0.2580696996486993
0.17990879770960358
0.6355063020534659
0.1953114762656814
0.22765270785056652
0.12416816979556766
0.2685055852540087
0.31579031856789536
0.7009092584132425
0.5639257538932092
0.0566650050095438
0.21301238202041556
0.5478634765276009
0.12525367570521992
0.37702864257177626
0.710971439381358
0.4588873281619701
0.5280923564241233
0.3829911628583635
0.5437998977397697
0.5837346147447385
0.11225739293935508
0.4321575218890661
0.8401084575269858
0.22033913822421788
0.41061873990447073
0.37026058819324154
0.1589780748515994
0.17048040062376166
0.1755037103821372
0.2800361854945563
0.5659122569128514
0.11014005140552498
0.12549401418880618
0.4906090468263572
0.45348751717104974
0.12598116402621412
0.4764881354447849
0.15848116075045368
0.10187421257199794
0.2319233153950024
0.1939254953066846
0.2109389996687464
0.3356242575713301
0.4497192350020181
0.6355371162489049
0.06831029654882949
0.09932878220785521
0.37977969320626903
0.16583788861050708
0.37028458667569575
0.2613509263614998
0.222901095567683
0.2777084955000849
0.07777606076272298
0.12603787597310367
0.030042250425762803
0.36412185262428687
0.20826642029397152
0.2903836931782827
0.2922355566635486
0.13121266853563068
0.20339138471062163
0.16268578787380364
0.5340301000233044
0.053938839144234016
0.129332279552144
0.09069677255313445
0.10577173579848145
0.15007658408961155
0.16801238250826367
0.2915164285443754
0.24695991170731918
0.2965400471454598
0.160588185282058
0.0703054253313326
0.04084598983893718
0.23520315312471135
0.1252019617138327
0.4179414244223246
0.19266271632489296
0.32999599745932895
0.12066225786954822
0.10709744153322934
0.16872399425650672
0.2496963507471253
0.20687984432738016
0.2719185705356295
0.07695888769048022
0.23390092641117682
0.2098150871145668
0.3805528907798198
0.10851211062138076
0.16959418072269755
0.1054111597408598
0.16806940182811872
0.40095565756989604
0.18209205309580445
0.08809488395768812
0.10907472858169284
0.22116150261218426
0.3001402851429348
0.47965485128314106
0.2178739304037841
0.12162459839843584
0.1555590032528913
0.18704424166147893
0.1597535091994194
0.10062640542905833
0.5129607092803107
0.25671992882655853
0.11195735877542794
0.15722333020809576
0.08779615906728205
0.2511427775151496
0.15653724105008976
0.1719758622308642
0.09795474152741998
0.21561301061565996
0.10059137493411963
0.11404789187675368
0.18549807898464382
0.14001548110460021
0.05516948705977219
0.3614529404320851
0.08179682469290157
0.26887574122390623
0.16856149955352828
0.20944539993407096
0.19074667321542838
0.373140911281336
0.22299760452135833
0.049226871920154416
0.048871082358195796
0.20441387842793968
0.2961059156904282
0.028070436022576296
0.3659797535152267
0.2858081008200574
0.2544227106179848
0.2643337159943699
0.16450731132598
0.27900125529453634
0.3021253350361996
0.3474482847000744
0.24462231244171623
0.15620145341699843
0.18417176449806624
0.10049631426589356
0.0914132917641351
0.4968726580366667
0.279118404606596
0.14638889554844492
0.07898994897856346
0.0701086731515762
0.12517231283052907
0.18555649957770814
0.3113551631239322
0.3483928590881606
0.049034944420876275
0.11663579424654433
0.2601855923468893
0.1758377795790428
0.06306923536474668
0.13061763107852492
0.18406262207620167
0.0346044511840152
0.14574026231973725
0.06909310586224958
0.07931163335860571
0.07424463649617212
0.4104122758103646
0.08229814887676112
0.0872930158742664
0.33290726917916313
0.14721104421507072
0.1576012607953913
0.10317568727389309
0.13737979351401122
0.13105374141702453
0.09720860277931317
0.2687775763757919
0.245725020142974
0.26414905603317246
0.0509441542412009
0.13304722630552956
0.0533284823336248
0.18893852063776653
0.21286052909177142
0.13554638234049754
0.059198498979994296
0.0535387534836676
0.15519668724710922
0.11066203747405126
0.2564028525433492
0.14003234734562472
0.2610157150099962
0.07234819312387251
0.44769856319236473
0.38892553529457113
0.07587361220044572
0.06566263093498122
0.2357809206607407
0.16212246818318082
0.3567004273986298
0.08640650474375881
0.3186480847804309
0.08419778939497877
0.23165595740724698
0.25770760282002164
0.3501082706266368
0.4908726798313332
0.17434101760489495
0.25311559856469606
0.21410337862136772
0.18559291290459723
0.14402450795858718
0.0876473391817639
0.14023271083103298
0.12912864061218177
0.16130734712884431
0.13041050063424753
0.2484750746784487
0.3498423943088219
0.18730426492127475
0.14220528639331723
0.11920416091927646
0.05299234089995121
0.4040122910624636
0.45039682947339726
0.12121418181051294
0.18069115334104338
0.2577677391826044
0.13831975728274004
0.43072254709880575
0.3125126331107265
0.24005303054455124
0.13662421256048474
0.4956310795866407
0.19699120762289196
0.2418208697998779
0.21485900348838075
0.1597382387906799
0.04045440912456544
0.029852020302846085
0.07200804274583922
0.3653514836197726
0.030004643056249204
0.2949134647370565
0.5143460866898449
0.23300964752418096
0.050810293155571826
0.16224759693744753
0.1471847208446245
0.06958939695103215
0.06343742358631241
0.10891443923386133
0.1641840068300548
0.15833875781219497
0.20984550668307794
0.18671281540197746
0.25374514454137564
0.09188297538481735
0.07946708925845342
0.29409536919099816
0.23790104135063983
0.10770358160091129
0.1197558133893617
0.12446088976552566
0.1415459602103058
0.15263915662423047
0.10787196057037243
0.33138321425921324
0.06777898264970705
0.10267851397619003
0.2977999711582415
0.14227298945401662
0.10442455163695565
0.09325314554503254
0.16886346737892427
0.34175146691238106
0.418669461595259
0.06314110403251508
0.1292912949816704
0.04467690810785985
0.21771273955308018
0.3091471375060977
0.30209033965864146
0.12071418115202963
0.03752213487129688
0.2364993264726307
0.25892069028924203
0.0931133327980216
0.06960391481803391
0.04557763549331131
0.07476114497566576
0.12867894709661598
0.10307976713774858
0.17583140581911227
0.20386064232461232
0.08549959803072832
0.24966726114581203
0.20917088340438503
0.08994248908810763
0.1918554560540053
0.07699583971569379
0.03427702742340749
0.20489436012230344
0.06410364668820144
0.2478805350402879
0.23269105205717336
0.22491418007499653
0.31813410493311944
0.2695531190228051
0.08750576246807194
0.29720788131264814
0.060020902124001727
0.10645405996930843
0.18018143768678263
0.1972644293221092
0.16566081125844523
0.26370179790924075
0.07762070482998175
0.11852793060364675
0.13537747203729306
0.11379397518248796
0.4654222093657537
0.1637948038852013
0.12413430078358013
0.08036248360732873
0.26401799486646577
0.3518787589275678
0.18571752385326673
0.1502926653342684
0.15889978078032926
0.10125451142709557
0.06960241516601418
0.27604985157916795
0.12535097606281317
0.04147918225733313
0.2838661761216484
0.0710116894535638
0.09311823236673394
0.384513783960228
0.19454884883868806
0.16365501907508884
0.06326938317139484
0.14224731006864422
0.12480881483936478
0.04958359778711843
0.13775184570492663
0.04972409006119449
0.3720640630833958
0.05569189345454967
0.12355284524876836
0.08297781650175647
0.17147831868800384
0.12560261537144296
0.045294636130080834
0.14552861733138456
0.07270388482845071
0.2808856231030191
0.2327127262933144
0.040436394774757814
0.07232753856473126
0.17009710816126178
0.07350918057114278
0.08487071205363275
0.2270876160803193
0.27284550093608556
0.20258011521089875
0.16418822666131905
0.046525304411217785
0.29775534681311455
0.2441379707517076
0.1856271619677621
0.09904431754630286
0.022347967473830464
0.21864713085040424
0.13747976709093107
0.250411017224852
0.3696684428537418
0.209777656301904
0.08347687213511247
0.1638035581452526
0.1804600761997836
0.07668874358299271
0.12168882829403088
0.043143532989228996
0.08237503077922069
0.173917858680181
0.19014332258754427
0.10281418203444723
0.17055375995877894
0.03246475224906661
0.03997007615207904
0.15391906201262584
0.2309799876664393
0.06406324778751836
0.1868663877993057
0.18643776406335028
0.08655478048602547
0.04659562369265422
0.12847232770674008
0.7094494967238337
0.10996519642914843
0.13934837518685106
0.04201965818031189
0.1267031009359521
0.12140346502236624
0.01892427297216515
0.16417486303495654
0.1974341914103661
0.1320630117773498
0.2653960873011806
0.10242122299919101
0.09853751481560251
0.07755245033166533
0.1969627933878243
0.20147270139998097
0.06607338802730153
0.1517234286179544
0.07465466132478249
0.056702933668202254
0.10672536952530143
0.13624155571665736
0.02836481602304131
0.0938850431884453
0.09418637029569606
0.09769721285324673
0.0815536935377519
0.08582399379277024
0.1102123750654729
0.05332526902526658
0.062109890724073046
0.09942104721159178
0.045311324602167705
0.08395762827124287
0.04780305582633586
0.19306049593750646
0.07699987327674954
0.11783920862721833
0.22050755912364303
0.10463671203684212
0.05058173233807154
0.139446552706753
0.14765661513295403
0.1480114475504871
0.09421823642731884
0.1612280825306922
0.07497212259377045
0.06173170128450528
0.0981930491634538
0.14078758420795967
0.07043291339677507
0.04874204506316042
0.11719639425802583
0.062272822346391296
0.05528429700677331
0.23646174673443304
0.46001163644465326
0.25876717358448836
0.21437155601382474
0.07739526117266037
0.06731229416050709
0.022128949181931392
0.0910776193955079
0.015414091520044288
0.12740558158978282
0.028685859507598097
0.0905079554047175
0.08349132324392367
0.15182039110149365
0.13649681956674303
0.09035687167293188
0.10813605657099234
0.15632541125669228
0.07851501980758505
0.055653080109867595
0.07687655588962476
0.09780231285002379
0.16705184789026084
0.06806257696474424
0.0956290458005215
0.15385000501142454
0.08771108393363437
0.09473536752895313
0.11590959578565166
0.06747479074569226
0.07008760181784486
0.10461930355428453
0.11179623659117933
0.0798778687321818
0.13592508882692672
0.0506306485535865
0.04829452868753379
0.11564400289564264
0.1310281845525903
0.09520258814608862
0.16689192516432466
0.12966995897519162
0.11730873516325549
0.21272707563577567
0.05769800811066543
0.11819063923830786
0.06362559754397777
0.09905929661311919
0.10565385951179528
0.0795067861029322
0.12703448644551207
0.1117776427303788
0.12006265212844247
0.16012896454672743
0.1332541424114395
0.05026480902643034
0.12077639742723494
0.0875357474305047
0.07894453923483506
0.0763684686576857
0.11381006797254573
0.23978168675870146
0.18553938018393626
0.06207784810652935
0.10226922608200485
0.09981820960475969
0.04273504559099822
0.06764467583982192
0.17273340294042558
0.09210642927121349
0.07033236670998094
0.13259781355352782
0.18090902765902667
0.03513119618272695
0.057256879423025105
0.060976058892022955
0.0949646804912411
0.06801821939436535
0.04595533097084881
0.047745097685758416
0.10300206302157136
0.032347565794497705
0.1277533848236178
0.06450346049233681
0.0913749395951595
0.04123206962654784
0.1595720138732945
0.0670215791597831
0.11663704201309799
0.10262312552804621
0.09394692096568007
0.043617410110245614
0.27654873197485075
0.08348705544408022
0.05309706281238636
0.08274713184811452
0.1297575422597151
0.13715888023643538
0.047754075668152596
0.13843890323425484
0.006865621419649003
0.09670217955620204
0.10457573995121107
0.20175282160947605
0.08597865617199295
0.07910400637229682
0.06602642432316735
0.08603749368224989
0.07069281421780096
0.088189622003082
0.04082264057779969
0.09633024296654674
0.10457509991337824
0.055064292605275525
0.08679881131249359
0.0857989328426218
0.08460015545633931
0.038297155759734705
0.12397757624709813
0.019255999756035203
0.09669245968808227
0.10509317565256568
0.08003581136971445
0.0641789324623162
0.03180752337177779
0.07085434353715786
0.011994348324683116
0.029899217883278744
0.05042967986937208
0.07259883680684129
0.016945369796692242
0.029542029337370598
0.07256539707002688
0.08119064111217385
0.07121041033291242
0.05180050588698173
0.06438329691777171
0.02871962431098857
0.056714043206795586
0.030142032951042903
0.019736022472711546
0.006276253169911324
0.013968121449422253
0.01934895403989481
0.061948721786052444
0.06082696346228836
0.03364126765379836
0.022769302259175773
0.05108843616742936
0.04161691483918756
0.05470684732310664
0.058445578457387
0.02844596419236209
0.01844035600506383
0.03599004055957433
0.07264894937410699
0.035613478662797016
0.04159992303726183
0.09991911982958285
0.06071119627797303
0.037774627214551874
0.0857904451161048
0.06665268072799573
0.06310526153871243
0.03838554652244683
0.02044932555274686
0.04758966565120506
0.05703449434549564
0.03155269961095343
0.13047327798983016
0.003207395851692312
0.0521759209787967
0.07256157827619042
0.03182036293520967
0.043615469253094646
0.02219224024576217
0.0718933218809964
0.035123479318010804
0.12479374193134837
0.021747970087025177
0.09968533994458742
0.11762811983241772
0.03351972085334481
0.018384716571427172
0.10002471945828789
0.02833483719231183
0.03584417246255037
0.016713029482432768
0.028060914061087912
0.008320517628889693
0.04558432161968819
0.06546486385512548
0.05316130881468305
0.01944387488141576
0.032193910620727295
0.009640121177815222
0.036687082149664714
0.027874579465535804
0.07808562491985856
0.02159043315052501
0.08563529093305079
0.01548359436326192
0.016689359198694513
0.036518741561741244
0.035172539309369116
0.05324999189991416
0.09685711724711776
0.017327816933664184
0.03990153864076969
0.09027542878006048
0.05596981365945414
0.028240828927264164
0.03145894596208858
0.04869185212289619
0.09667664529552855
0.0228828780055436
0.06695721467530616
0.05311097090972619
0.04328527428974394
0.03145053910643148
0.049452797436175255
0.05702874054724148
0.020404925721350355
0.017224571946230158
0.06630882077534143
0.023998625631811044
0.05701144206198729
0.08164030789420909
0.06675389653188632
0.02505929564925718
0.06163262048056973
0.023031392968893588
0.01980511479709981
0.05077996031297995
0.03155770863292524
0.06387646336497502
0.07129697428626673
0.05266281999154376
0.06257975528825734
0.03493577072152858
0.014807219946458242
0.06253664995881882
0.018284190029998076
0.024529935001946113
0.04457014027946428
0.027002466985071326
0.01187982988948166
0.03154082735420691
0.05241836791821064
0.05961705436069277
0.0247747248348533
0.026935667480483205
0.015305708072965041
0.06800609333456228
0.08301735446762591
0.021927622738121762
0.04578072503996884
0.08499580004380636
0.0586883150568068
0.026333957006647438
0.20855034942651896
0.11831483932362392
0.02394213554580327
0.034037203181111725
0.10596117992434129
0.03430538191700748
0.08188657351459627
0.030700502647312604
0.056776397569962854
0.0074391055247156005
0.06292640838860149
0.12125316268912091
0.06843594980717616
0.02743297882302808
0.019181199211835538
0.039926189853949884
0.06173024787304836
0.05636437563850921
0.05145954249521507
0.03023295482193563
0.021415847190990874
0.03348367220647508
0.07074966259777168
0.07818965953695181
0.20852016807181256
0.04097941456443167
0.10315020693940471
0.07522072478937908
0.08095515072449908
0.08952818908613706
0.023522280445449763
0.05223835482723477
0.05741039837861884
0.03751260635659998
0.04104733071575674
0.15574754043980504
0.10887053051573625
0.022205292355635828
0.04539575831498381
0.037279145087866006
0.03537699762952899
0.07264708652557358
0.11902423079057954
0.08479870852951964
0.1013130417334523
0.012517656274410302
0.03300845155997177
0.06914532910020643
0.06336521450429859
0.05851199882155743
0.024707039329664292
0.030241861940321878
0.040457130797188316
0.07681548229768591
0.02671749404733987
0.0727051526739459
0.0390169001388503
0.03821457172081297
0.032707470667577856
0.03859969822356343
0.05179018306724555
0.019567361097932008
0.06021972685046917
0.02037052630119482
0.1526228859570756
0.05006197105464138
0.02310445554796104
0.024629926256236598
0.0469790175137106
0.028918943511617067
0.056285910261937945
0.049476540120036744
0.01808338201431933
0.04047932964162116
0.02532892170747398
0.04248145568841008
0.037938921407322065
0.05745826955440675
0.039432094202933
0.015079030162234568
0.07050271694526991
0.07977522390994807
0.03965430474573692
0.028725406696721384
0.11854853347820085
0.03609692197833028
0.05764990453895055
0.032752820620620286
0.051495488532553056
0.02952189368325052
0.0116747384453661
0.05646372922435265
0.05433354298976223
0.0096098537239846
0.04225393622655885
0.053935149988901226
0.08334880514217324
0.022302977060240512
0.025551902062386077
0.018802693099873972
0.03427808938395424
0.022252006836493803
0.04382590366172596
0.014106140814312041
0.06312581216722352
0.03662313681664468
0.048667586606047766
0.02785796560483439
0.0688476101020151
0.03138173304149937
0.03203910723336628
0.026250006068732467
0.010990336946735695
0.05895425422796727
0.042211588423761076
0.04629720445329456
0.049701690308978516
0.03480555954135306
0.086208016320346
0.0256622149245168
0.014791993263751848
0.029260077106319674
0.08402203366970472
0.08349270558132636
0.01706437945527952
0.0351423919581557
0.027389772412060365
0.029516272661360594
0.03625203790835972
0.037560886289124795
0.02304227678788752
0.13414214787803463
0.03053736905020973
0.07932769919167662
0.05550234274969115
0.015221908609880524
0.020404197504816368
0.018854876774584445
0.05019478285622536
0.025429357067027758
0.033818039690032164
0.04467901385568912
0.032182272143162355
0.09942816020460521
0.06636657589671864
0.09876571782780011
0.04757887528742184
0.11800246165390549
0.03238308226265388
0.04552012404380573
0.024479315972290215
0.026635153274327358
0.10306239918700796
0.027384101927584913
0.07603181282923602
0.0352156340894079
0.03038717023469096
0.035243737760695976
0.06603486535404747
0.024186004999063253
0.042704937314144084
0.008879505181422559
0.027925347879272318
0.0778484531530284
0.0942027791825082
0.05066008149722136
0.028573630290293972
0.06605630529674796
0.0541614930669038
0.07113467286355092
0.047783767655733604
0.04576244046197061
0.08402825369698519
0.051552823497426466
0.03712543680064379
0.026503290438803662
0.06747919872973016
0.03666136181749874
0.11713515392446094
0.07393682512693583
0.035263099895049006
0.12721404578136458
0.03346303312813036
0.021486852615563323
0.10335067043756471
0.12994897504658892
0.058227765643845804
0.07747920130062623
0.11446019600341328
0.14454638427086752
0.026712306545251897
0.07301346113607504
0.09107684605706642
0.049377147495909504
0.08448978090351891
0.02549348203499237
0.10220770687570457
0.0357824317119719
0.11593690163891907
0.018549350179598256
0.0662753856788945
0.14248292521214861
0.04992952602421419
0.0173057791095972
0.07963609139509217
0.03113233708176083
0.02250079318925626
0.05038920339402075
0.1428150230192326
0.051791906363224297
0.10530532693520987
0.02549585924170195
0.013061705742989435
0.19008569506283995
0.04839208824554522
0.10605439709785225
0.037499828106038004
0.07943661886106078
0.05443776036565669
0.03850647575958842
0.05953201656250619
0.01939126288654612
0.1287132523896133
0.08587597840761851
0.014057497816689257
0.06392896407900611
0.0357215832005749
0.05274478203528637
0.0375395069597207
0.080873682707768
0.08098109793277218
0.04760341403001493
0.06058299004511791
0.06066794841628433
0.023719486408603635
0.10590892226388263
0.03667058963566866
0.02660133480440275
0.0491195783508261
0.057852128585763885
0.035746869123771924
0.03307195099609858
0.11775812129848653
0.026523138762045914
0.05906630221765491
0.12079209502537062
0.037056878898563586
0.08974011159549129
0.04473921422439905
0.041542009052725766
0.045236945463199396
0.05618256258224924
0.0426488443086944
0.048352594288481494
0.07689570250379217
0.01046809248620353
0.03502265787933827
0.08619544000346456
0.09397373700356101
0.04484683712879167
0.030513220807073162
0.05500561090373969
0.08520938625627802
0.05894078288446265
0.020252830055815442
0.11870023768747626
0.03556778312049943
0.01522006727752854
0.043665229238285835
0.03832465244020321
0.10487136903101577
0.06751872176991966
0.025441085714403726
0.03121336019473725
0.023077234515256406
0.010353409008724786
0.03391268793270064
0.02020523327561289
0.06152556190498559
0.09657549703800815
0.04347836498228459
0.04839112390965199
0.07108400168877203
0.01759605435480616
0.03706079123765472
0.039075064013012806
0.04976186194622005
0.06096022887025461
0.03275499922990952
0.014489575217691644
0.023240077302224806
0.11560208160070297
0.0641663130885362
0.039084463146364476
0.005424025185654059
0.062338617800239846
0.015542757569774041
0.16303973201415586
0.049879635918439025
0.1623014036603404
0.05788381959056173
0.04022719780469817
0.051243381983443664
0.06625912743466354
0.015369533357328605
0.03276866980736293
0.008384072676105888
0.10219100939917748
0.020021866319951474
0.06672646986910033
0.0030552151150761257
0.03723097112921689
0.020298352035097264
0.07725016169946959
0.03749652543880298
0.015308855391531633
0.03376626923237687
0.072046448774364
0.010187439216120135
0.03814181107969619
0.022914118300983985
0.02984959756846439
0.045113332872089185
0.008701858298692279
0.01897154493030495
0.04334658217078562
0.0156750748826577
0.015124293094494631
0.04631295546757874
0.057978133604695156
0.03353472880149939
0.025718633700966706
0.025787348317216116
0.03410514352059621
0.05352964060295888
0.012722748351116541
0.011918472163130911
0.02175503291332074
0.039137243221219
0.03766391038729254
0.020622306266478797
0.02916802868412875
0.10322715329276227
0.04985965502760858
0.033286660934884936
0.05661941152241065
0.05666507234771839
0.04092389697106947
0.07670268352357387
0.02856225679742822
0.07017295407142012
0.02942835561022468
0.06296682388978692
0.028965239505897463
0.02317816701273354
0.028526391454299457
0.025277424904055892
0.06179568721064234
0.07201714632689794
0.037950766869183174
0.013190739947277257
0.05408641436493909
0.02930224585834333
0.05480695120158624
0.05375364640484687
0.009460191758850914
0.023558038671797482
0.05848490379268738
0.04951901048512894
0.057597101749602725
0.020110775144074708
0.10093571227910347
0.08825607173010444
0.01567459105013817
0.004461793129504309
0.019086231074904154
0.01980193578208513
0.04040977190640113
0.01937771616162908
0.02668989909978929
0.026348728889756836
0.023453695147412898
0.03099372837718781
0.038248217230487894
0.013401754773216349
0.05492960296943629
0.04076372135629251
0.11371443508877248
0.012802086946369869
0.012262992353393069
0.029852598054753043
0.021881742539416243
0.02507972398846159
0.01885558659348524
0.03172618055275166
0.03279767642353731
0.0407937462455594
0.06419300282259588
0.029496452051432007
0.043284566952939946
0.03625818985789397
0.06998977144650712
0.01823392454001925
0.05540129348737194
0.04419268954665717
0.12283745807628833
0.05712115874565629
0.020242651956452327
0.045500044842919155
0.031944519545723526
0.07199329372010632
0.05043441964421156
0.019806060502074938
0.07326283627796336
0.05605319845959058
0.05243900924495887
0.10643561214728528
0.027029143846799907
0.024317664738192198
0.026097967909630634
0.0829163151729877
0.0492777654653912
0.13157503290915873
0.045177813204417994
0.03251162054138883
0.03796786711788279
0.0538838854290579
0.05422286401039318
0.09487708489374867
0.09849949982302716
0.004664546999868336
0.05549030866468225
0.08668321674154204
0.05256043271235889
0.02423264148952968
0.02228503498992499
0.04752246941932244
0.05260531306470493
0.049101605852934826
0.014045041726013693
0.016383977428172984
0.0610588625846433
0.08458587542390494
0.027005405905202617
0.059799931646295795
0.023340493778990796
0.024619500861276535
0.015810827409223904
0.016561849343994076
0.029126577988987577
0.028815165281289662
0.07944754639881005
0.011799073637519475
0.07031539614714116
0.06602867953725972
0.026560127971773314
0.054068460462871906
0.03245652528404553
0.009958517615962783
0.06223377329105842
0.04382056623236155
0.07847228438206469
0.046976693091627
0.036065473179473624
0.04789861550373191
0.04361608549793451
0.051490201864634134
0.07210663929698488
0.015755248627646063
0.07479956616000019
0.023632169824437374
0.028127686449944414
0.07994610820289706
0.035739985559092836
0.06722918188156407
0.02784153819705422
0.04307992031985415
0.026807047020233076
0.04131627177761233
0.036694879349995664
0.021191408182086716
0.042541056560913657
0.07173126115807875
0.014098042387922486
0.07479182576493663
0.0364885881097837
0.039140633044638135
0.02444230736570363
0.04545362277315834
0.08705015822941292
0.03261923199170255
0.04276953349363566
0.022259342053873213
0.041611664521989875
0.059424759546113384
0.04484479125772646
0.06442568125055732
0.03828112224359305
0.06616445991193026
0.034510837601854576
0.022313991140697848
0.15738916355154697
0.028585039043782595
0.017480311027571707
0.0876775702165907
0.04459487149692358
0.03976271302183621
0.02885362897395622
0.025950821894336045
0.066927623363227
0.022855645903322282
0.015548827503681105
0.04022940012810355
0.02347718545087801
0.023816668087057596
0.011692611307081003
0.05407529401410971
0.05749604897648938
0.07902796912130981
0.024951462482079356
0.02696959202791661
0.01305227933660642
0.029437437085700537
0.00699149374745113
0.01897504557009038
0.039858973405579284
0.010588083343562255
0.030580392468543487
0.033479774482658764
0.0503214534716006
0.10163315578696488
0.024395953978656786
0.018816601292992247
0.026797667702490292
0.07108211098596236
0.02902621665375063
0.02255127689605466
0.03450619167775654
0.038905695921936795
0.0454717589908257
0.02561830739595297
0.046531567101188054
0.016028214791965544
0.036734257701043965
0.08460279705365173
0.042726246101478633
0.04326289016844629
0.05423851144380065
0.06923279994270395
0.04632559791539383
0.041747671555601606
0.01582743127961651
0.04143943221563768
0.03415291992073654
0.008361199576523329
0.023751429416493823
0.017197119317017534
0.0391586458682057
0.026579818070601596
0.06508203740151039
0.04001697717903305
0.05245712516574272
0.03034397701866875
0.03452374638339002
0.017316036114156805
0.01829749169700473
0.05970730984938017
0.015583941276340055
0.01676211817458406
0.02919378137504781
0.0449934407945763
0.014122192827993128
0.013926206742648715
0.01578483268201965
0.04004069168943824
0.04246285241552789
0.013488012127843202
0.0062222317941911555
0.02179791393291856
0.012793250939288334
0.03235462283843781
0.01095763698314085
0.02429394315354513
0.022239951691424953
0.02123340016370829
0.023248183542863718
0.04134143305959674
0.020641894381994645
0.01876424507187405
0.028585805286139927
0.004372047211522737
0.02158707258771407
0.10972244245268023
0.023113932823955623
0.013248883073069527
0.03749279191141548
0.04216339183315376
0.019006835654006363
0.02674989962760961
0.014371673754145041
0.05198514343697515
0.018751554560109865
0.01506450584117375
0.05806258113358187
0.012937650242428418
0.017793926978875912
0.021765595492612762
0.02638843932760495
0.030049130234694806
0.04848672350795975
0.044530121450346766
0.02523285232081544
0.02768575161799381
0.035589727112117366
0.05572068310506036
0.041427766182170915
0.021413195438762005
0.03643338283273498
0.0405364794922184
0.050719992519582174
0.09571268957766411
0.030491286525034293
0.017360999552934665
0.01228575899845843
0.023763814888057094
0.028183996609473544
0.020395076765599165
0.03295500297310013
0.03514958714392774
0.012223535595825988
0.03607026999928912
0.02368555953265794
0.007313553755490656
0.01099501197749507
0.033832506053839195
0.0209260616167858
0.031507638797918285
0.015731044436878415
0.02464755119653485
0.04996362837854163
0.02512823036523818
0.011714796223736064
0.04102728271087794
0.015502493088761914
0.024849424995924775
0.009980136638575589
0.018325715853507327
0.023290578778594966
0.029552963901204574
0.013624562834855438
0.06727535639526654
0.023110090947352224
0.013215807958647626
0.020438320656777392
0.02974138648314277
0.03654675828913941
0.029909349332666715
0.022654995805153677
0.01615226711020299
0.02612072694982186
0.021715673536922296
0.00703083914551527
0.015202314520692185
0.035054812552044935
0.013596018615128321
0.01444119732374588
0.018169853665030322
0.020736293670430044
0.017797833931033288
0.012966745855492852
0.033083174775735844
0.048244501843903546
0.005785608594929801
0.018390405059494477
0.02213431855826539
0.03257864827101623
0.0172959915159463
0.020060535626123407
0.028707715519410194
0.025776130405032086
0.02285115066908725
0.01352279580676534
0.015027156247207645
0.0078287017162948
0.010011481361615712
0.04605565378092183
0.03399282431892358
0.020393316874596237
0.04720551016512471
0.016094285853208132
0.027969185183590654
0.01918024958844959
0.012755108767053826
0.026538413318794103
0.013746988032760265
0.019434362328592386
0.0156317325672562
0.019779625849747136
0.0247500757434308
0.019682644055814165
0.02684387149076607
0.03934192889943193
0.012079935111087459
0.01912450144995099
0.012163163868534348
0.061371640128531274
0.019173267173953026
0.005260529852004939
0.007410270194860444
0.03198694927303401
0.02172319546658991
0.06718337906506833
0.0198506536477848
0.01715934233380696
0.0421134675784922
0.018852341074955113
0.02344211804621836
0.01799120476900326
0.03124274695717999
0.052430508237360306
0.03555030134910982
0.027163071695370238
0.04095762467875251
0.09025916787201571
0.017712000590921016
0.008874875933290505
0.07188804242802356
0.0642473929889165
0.017516433595453726
0.0432587435549398
0.019461820060291932
0.06717274954731671
0.028518156997040012
0.024941665471095636
0.04626666018399946
0.02437928602393319
0.035566421308864477
0.0700408543267506
0.016517606276430685
0.041544588542332214
0.03940631968381772
0.05338460915419077
0.07117949269779715
0.037667313687834186
0.0507769354020514
0.03837679967282038
0.07036158217800942
0.02515209913791456
0.042638487551463974
0.07534870623765173
0.012588926339706262
0.050137627587511634
0.02484609392920415
0.04338958345845644
0.06471595820032595
0.028018590704461208
0.03889163457009248
0.08334096020912189
0.029722512069879657
0.028070907080181267
0.03594202162259412
0.028926984919787603
0.03867279134580239
0.026418346136063565
0.02319522303301534
0.0422470156265289
0.037529502833969566
0.03051761356944717
0.027882977459718204
0.046979402897648466
0.041189706843355454
0.0750338817853361
0.05715600849496824
0.02866631096350918
0.0627554049740912
0.04731480876116998
0.0780320363821639
0.03277994853783249
0.015319417653410473
0.017665255717721134
0.03610353850309154
0.0321980484923044
0.023116146264928243
0.01681432224157506
0.010761121014710951
0.010816082440581729
0.006516586002598419
0.015512529259823677
0.023045433117284343
0.027551743950220958
0.008640725565103655
0.02510262197563163
0.018293534388100743
0.01430390550321611
0.02432927063382994
0.019971381794962204
0.027148483479523047
0.03542102667291985
0.022722083289744198
0.018775976251809958
0.025050302044823537
0.036898827533177636
0.012016033345261978
0.03199653603270926
0.035059860895463764
0.004456635444173528
0.005646249571932206
0.012994821207363949
0.012030802058705084
0.011851436171970688
0.022921596395196444
0.036906026131086095
0.019191481038384063
0.009355282273352875
0.008843961514794265
0.027377272527880504
0.028606643304650126
0.01699702723322945
0.04222679120278357
0.024838333561705707
0.025111696717774225
0.008433750109129156
0.003578968843945247
0.04439615193815412
0.02248361082127035
0.025062545778624212
0.02321917716315648
0.016423226901674658
0.007852934483465066
0.012682902093400818
0.013472876983843963
0.015406903631912213
0.031217217437910203
0.03059934193744889
0.020720511781220537
0.01799090449156613
0.011007668174792495
0.023493643870044795
0.017199384128519186
0.008292244373370089
0.005601680148124116
0.016875282288058464
0.00817324253197451
0.010598711921014355
0.004580635121892472
0.008662094129785566
0.018431667082577572
0.023538041482989602
0.02025016568812862
0.013685730881808477
0.0053538022540220356
0.011414743567787003
0.007001380047456245
0.008679645983876515
0.005108806864422841
0.0037285270440125884
0.017384906513095613
0.013986109655358174
0.008892359652250156
0.025911707183976312
0.0054736650919640015
0.03555499756210345
0.006164664274671732
0.0032350066706536592
0.01315104551883091
0.007819924822465744
0.01294960745828777
0.003427905687235056
0.035420404464119176
0.00877226185725338
0.02765566158867568
0.012336529136063371
0.001798274997633855
0.01140357030564242
0.015054796714580473
0.01839716117632159
0.006925900293486935
0.014459330057698387
0.026159083222425675
0.007311970106655546
0.005253546976060387
0.005092122271286331
0.004342704238304192
0.005726990403285702
0.004325333161419785
0.01614526844714758
0.013267530749479398
0.011549825955259049
0.006425107452692664
0.017854581269734875
0.018448165008701785
0.02223647204715165
0.013430081952536062
0.002447964902693684
0.014821425740015836
0.03019374032418176
0.07552586823854801
0.01335232047858611
0.006146529270577941
0.020115571717751662
0.01628585639276897
0.004681030526989654
0.03242146613727537
0.04805703103652295
0.02056305954646202
0.010858288971370702
0.03355958834857202
0.027440338241017617
0.006349068738234001
0.04530173194991935
0.010615324193662047
0.018990154073319228
0.017921452551168265
0.005237338630274993
0.026585843740433875
0.015476478459376452
0.015263335377691492
0.03724105694046739
0.015738663326229894
0.005740076231017719
0.01948538762823591
0.008352491934585628
0.03193446944267553
0.02424055658026998
0.02224165275478618
0.014318167680540183
0.023839057032508548
0.009466769949643508
0.023850614470777114
0.02024820220511058
0.011755607403172568
0.027780878779449375
0.007960944493374068
0.032600465931611616
0.003998990691453167
0.01905915241220372
0.021515605544073876
0.012779343010673041
0.020054391410209104
0.007125857470100699
0.030562827137921123
0.005299779566409353
0.01665689588201515
0.010574460559406218
0.01160038122362996
0.016830680825063483
0.006704341792103562
0.03454479147649744
0.02426122510782051
0.027361890191373223
0.02754678185623057
0.058330734999546476
0.009610545383625435
0.0038473073409968257
0.029103088009377824
0.0036675511239384
0.041849874122256894
0.021419247967944286
0.011801602300715988
0.01879961000971938
0.006771200054766103
0.011492141386858943
0.014668323184590758
0.011175320229287272
0.020264372003952088
0.01323158434118942
0.005542036825761913
0.023572767467917758
0.022511872446534957
0.01692498751429144
0.008371103681278816
0.004809365062724971
0.005898899730082855
0.00530456805108176
0.02845363458114008
0.006962383386894778
0.0032154130685438853
0.018665026980886446
0.0265329907862373
0.010259742037328564
0.00752225913960901
0.0055770932753730264
0.006342518339417163
0.017940929661796622
0.007830167256948213
0.009521906330667814
0.014027355394843347
0.00946285902601926
0.00784724440495198
0.02658760108916909
0.010367156827227763
0.04341720363291793
0.002952994368575762
0.01856177952855471
0.01927796090773271
0.00404511776531179
0.013208738786008494
0.005066097397607352
0.034362852887913076
0.013258419847182444
0.007242192726845264
0.00619539937719393
0.004205583970512083
0.015669582733908616
0.02186101345953184
0.0037532546773486296
0.006579759494268193
0.01948909562067739
0.02875858084593937
0.013987963928103697
0.043154981155849356
0.006276202875605285
0.00858272982340394
0.020778493978972443
0.0056748120145076585
0.0177199020921852
0.008456663074730506
0.028169206393379942
0.006611218779074131
0.04757384514912062
0.014062835102626629
0.0009534356830799122
0.020392527364092708
0.013040460729944888
0.01090337612872954
0.004586112976880256
0.007851472971492093
0.0039218885334922505
0.00897455130926041
0.002745132643295821
0.0032785979059812547
0.004082274622013574
0.012950944494062491
0.0057751928072155775
0.012492565506702937
0.019578461332208225
0.017026249859285678
0.0023476448403469403
0.0023934291529180665
0.014913663411059114
0.01839925132220464
0.006075506036187099
0.010378163190073841
0.005396567783489432
0.015025950048290581
0.013122452331257145
0.003472530903547868
0.014797087166223605
0.014405452102116571
0.027549390828316138
0.0028288598263743396
0.012383021845835944
0.015928248268408433
0.006020301419653544
0.018512933558596116
0.007983436008709613
0.0061260996742752965
0.0054587111149555795
0.008240797616914484
0.0027747335027899066
0.0033731827365095363
0.005525676815763876
0.007793018884832961
0.016688323427524094
0.00572074689930565
0.00665568875471185
0.004624262095383419
0.0035448241749378414
0.0119338013992055
0.004744727279150297
0.013512768319218533
0.004476009943203289
0.0016529458083539585
0.009019289799007693
0.020556027264885174
0.010413781028441777
0.0037162405635387556
0.008114034435107869
0.008371440779897505
0.007008776061398104
0.019581467368450598
0.0039815965924210345
0.006042008342402522
0.006783374282493967
0.01748808778743046
0.0035216222175266767
0.006451327969461204
0.0026549625862182223
0.0034444506476415193
0.006466744828766335
0.01504096463648235
0.004213153040212175
0.02038261948087794
0.002299191346498094
0.003337166433885646
0.010423402560336796
0.006027744457422806
0.0037848658458426473
0.0038590073378854395
0.0035631736834951843
0.01230354905503489
0.01373587596452552
0.006245163222878339
0.010694610263029586
0.01914153254922372
0.0018669250283781342
0.005259584459530658
0.005862460541450154
0.014126102221248993
0.0046731982296098346
0.00458008574283543
0.010433021363799897
0.014152744632870844
0.008331387223423147
0.004094748123125828
0.002555452397025172
0.031109510401841525
0.002998391780751418
0.010837211445939486
0.012248339034818029
0.0016063907524729289
0.020468540308511723
0.003563554261561354
0.0023985839009010718
0.008628949021106141
0.012498385577279622
0.002767947678613798
0.006838125188702292
0.0070140437039454915
0.0038915331587522023
0.0116468073582866
0.0077211857045892
0.001484882253080847
0.010555058661997197
0.005100991288030427
0.018422841249561225
0.0034994820256711557
0.008942353507562922
0.003385651275549066
0.007032102895152064
0.011972879062049215
0.026677243410476538
0.005068098123183468
0.01569578081379966
0.0037058804264825987
0.004092451542363676
0.01544280270471277
0.005187809673503417
0.004466374093811669
0.005308857311451246
0.007563049140983703
0.003366078793296698
0.011643906075878788
0.014533212086554052
0.004976003081564534
0.010807327095356539
0.013441414192091373
0.003071064544045325
0.0038632036290004216
0.0009725048345405334
0.009687707141776627
0.002060218459541458
0.004739549050062654
