4.247022377073147
2.71221410552727
7.163336089447846
3.394326270317651
4.7155118775666605
5.296341565861539
3.685505818700035
3.9033707518207272
6.4251472406889665
2.4618944048525546
1.6329431035452218
3.7662943930067314
7.849499511432495
2.0779316407825403
4.5103794308416045
7.57951329406411
7.086675041669882
3.4021787955222065
2.5195199108211788
7.13880677336752
5.831731426990351
3.418685595352499
4.4431886512364915
4.346897929720464
1.2789548128697783
3.0063662132170244
4.8618852385514835
7.799909240896459
6.217802203603817
6.220553380351049
3.3750561270227104
4.9908209039064495
4.538509929087645
4.326948577429887
5.365785853723814
4.46116172306163
5.550670595760056
5.4726394176302495
4.67171573208852
7.047047184782218
6.261717126989215
7.920515124663753
6.879933926885567
6.785572736786264
8.527100632451496
9.004587390634356
7.589863109790293
7.808533933377618
8.198226024438645
7.105673948871587
5.675617993159005
5.915959714597286
5.371531313831996
5.046795884138611
8.2553485555281
8.934196590412254
9.193545358450505
1.2789548128697783
1.278954814215399
1.278954840544995
1.2789548258725179
1.2789547948956133
1.2789548039431855
1.2789548009065181
1.278954810078094
1.2789547876669385
1.2789548220431435
1.278954825964694
1.2789548038636551
1.2789547067613691
1.2789547980790896
1.2789548136730167
1.2789548024931408
1.2789548266947097
1.2789548160945978
1.278954804818417
1.2789548080066302
1.2789547895279398
1.278954824889025
1.2789548080164903
1.2789548513029918
1.2789547876217204
1.278954843677416
1.2789548228441403
1.2789548177294505
1.278954804234794
1.9178964458029173
1.9178964458029173
1.9179918871143906
1.9180166863536385
1.9181662063895397
1.917908371906861
1.9179490668394568
1.91789643488634
1.9178964458038936
1.917884702726215
1.9178010021112273
1.917856038380947
1.9180159166225181
1.91790180160993
1.9178963116750702
1.9178964458029173
1.9179710742037892
1.9178964659812225
1.9178964559862117
1.9179451034071033
1.9181662063895397
1.9181106062149431
1.9178964458038936
1.9180529667818431
1.9180290540039524
1.918142790600554
1.9177384501314516
1.917896518475302
1.9183263080957356
1.277573583547583
1.2775735848176997
1.2775736111095655
1.277573596513931
1.2775735655809266
1.2775735746411385
1.277573571622608
1.2775735807923063
1.2775735583756553
1.2775735926839995
1.2775735966245845
1.2775735745803147
1.2775734775081982
1.2775735687484508
1.277573584361272
1.277573573184379
1.2775735973422289
1.2775735867597775
1.2775735755114757
1.2775735787104496
1.2775735602064016
1.2775735955630116
1.2775735786848
1.277573621944115
1.2775735582998768
1.2775736142657252
1.2775735935523813
1.2775735884053039
1.277573574910885
7.400177319104142
7.400177133288299
7.400177310744246
7.400177321778641
7.400177319193007
7.400177383569963
7.40017735955957
7.4001773025848925
7.400177265275237
7.400177306748957
7.4001772577339295
7.400177358856607
7.400177237332087
7.400177346138772
7.400177309978566
7.4001772737900025
7.4001773289391775
7.4001773178329024
7.40017729607602
7.400177385599627
7.400177311316332
7.400177322100136
7.400177206863491
7.400177320715155
7.400177332411898
7.400177250576142
7.400177393415699
7.400177324627256
7.400177305828601
0.9332877039684484
0.9332876581825719
0.9332876853275129
0.9332876964097307
0.9332876918059136
0.9332877084134386
0.9332877155866227
0.9332877218853255
0.9332876956765644
0.9332876884451407
0.9332877044509897
0.9332877199795339
0.9332876391395428
0.9332876822928219
0.9332877133522359
0.9332877023567836
0.9332876996647946
0.933287697966886
0.9332877073191854
0.9332877162747943
0.9332876809575993
0.9332877142969673
0.9332876960638095
0.9332877220405049
0.9332876785562898
0.933287685241853
0.9332877341347322
0.9332877076469883
0.9332876940864707
0.339213232474048
0.3392132182169561
0.3392132156592752
0.339213225547839
0.33921323025792294
0.3392132332491266
0.33921323993226826
0.3392132470687469
0.33921322812302457
0.33921321971016993
0.3392132282549444
0.33921323886302823
0.33926581345712925
0.3392132157708029
0.3392132437398509
0.3392132299210071
0.3392132290053907
0.33921322683977073
0.3392132359207141
0.3392132392066687
0.3392132231398568
0.3392132375918995
0.33921322571791
0.33921323914468016
0.33921320546080447
0.33921322270744386
0.3392132513255471
0.3392132323246138
0.33921323023373307
0.2040471258521006
0.20404712345301812
0.20404711713045237
0.20404711998422803
0.2040471220655453
0.2040471257104834
0.20404712666064845
0.20404713409331982
0.20404712281461307
0.20404711896633376
0.20404712376943676
0.20404713240529232
0.20413237115827232
0.2040471162200624
0.20404713086612955
0.20404712327784374
0.20404712371360967
0.20404712367142777
0.2040471268976196
0.2040471277714228
0.20404711668486075
0.20404713046611123
0.2040471210804634
0.20404712885023327
0.2040471057895466
0.2040471243233962
0.2040471397369823
0.20404712540484876
0.2040471256624835
0.15664532409732346
0.1566453426032807
0.15664533217457804
0.15664531515240487
0.15664531581466382
0.15664532397559777
0.1566453151312438
0.15664532273388493
0.15664532775121143
0.156645326404036
0.1566453267906699
0.15664533679657913
0.1567858956085954
0.1566453285588546
0.15664531477873472
0.1566453247063221
0.1566453227958056
0.15664532616951266
0.15664532700052436
0.15664531836318557
0.15664531432783674
0.15664532912504708
0.15664532499421016
0.15664531586941913
0.15661121146592805
0.15664533225378915
0.15664532736286355
0.1566453237332673
0.15664532769096126
0.20374261980144498
0.20374261743984207
0.20374261110657957
0.20374261393580342
0.20374261600998111
0.20374261965659174
0.20374262058934167
0.203742628022874
0.20374261676868596
0.2037426129341085
0.2037426177261668
0.2037426263545541
0.2038279675788365
0.2037426101917298
0.20374262479439842
0.2037426172273396
0.20374261766803797
0.20374261763059115
0.2037426208412291
0.2037426217059603
0.20374261063419366
0.2037426244149228
0.20374261503651353
0.20374262278726799
0.20374259976503364
0.20374261829971813
0.2037426336686396
0.20374261935361676
0.20374261961868134
0.14822040515731438
0.14822041234029967
0.14822040361016048
0.1482203993448981
0.14822039993025632
0.14822040439993517
0.1482204008334854
0.14822040839176898
0.14822040379463552
0.14822040286989885
0.14822040504996742
0.1482204123527247
0.14833242471847718
0.14822040151329502
0.1482204042333149
0.1482204029459222
0.14822040411218187
0.14822040537424894
0.14822040528668576
0.1482204033810886
0.14822039586318175
0.14822040981942333
0.14822040234787184
0.1482204044685887
0.14822039422732397
0.1482204101109919
0.14822041410591794
0.14822040465236008
0.14822040678509518
0.14032699236677845
0.140327006849246
0.14032699680208496
0.14032698542360217
0.14032698558639242
0.1403269916340784
0.1403269845984151
0.14032699214803976
0.14032699337134358
0.14032699328086096
0.14032699394646958
0.14032700170741416
0.14045907900120586
0.14032699375453594
0.14032698613947397
0.1403269912510997
0.14032699162976073
0.14032699409148497
0.14032699318755582
0.14032698795417853
0.14032698280373296
0.14032699730194026
0.1403269915722534
0.1403269876888944
0.14032700102677215
0.14032700087723857
0.1403269971851342
0.14032699194089548
0.1403269953900141
0.13904158758482563
0.1390415994541158
0.13904158981409648
0.13904158124207944
0.13904158144366957
0.13904158675726994
0.13904158095987693
0.1390415885178113
0.1390415875550409
0.13904158740590905
0.13904158853164922
0.13904159585987133
0.13916669332202009
0.13904158711091588
0.1390415833321078
0.13904158592861413
0.13904158683567036
0.13904158882859333
0.13904158791978577
0.13904158409062445
0.13904157813523058
0.13904159240753558
0.13904158598529118
0.13904158452852758
0.13904158562135177
0.13904159510397696
0.13904159386326462
0.13904158711958559
0.13904159012241135
0.13887816109197038
0.13887817351900733
0.13887816378371043
0.13887815464312175
0.13887815482471666
0.13887816027509178
0.13887815421225264
0.13887816176839424
0.13887816126157118
0.13887816115199128
0.1388781621696912
0.13887816955945695
0.13900477963815364
0.13887816100983683
0.13887815642359463
0.13887815953333413
0.13887816035654463
0.13887816244586706
0.1388781615023489
0.13887815739915704
0.13887815161991324
0.13887816593786684
0.13887815965439457
0.13887815771058873
0.13887816079770107
0.13887816885707321
0.13887816705251085
0.1388781606341684
0.13887816373588507
0.13886437444330108
0.13886438700730389
0.1388643772477186
0.1388643679640544
0.1388643681437118
0.13886437363135146
0.13886436750294423
0.13886437505861424
0.13886437466606477
0.13886437456045345
0.13886437555266185
0.1388643829644554
0.13899135262252763
0.1388643744590415
0.13886436967146457
0.1388643729115384
0.13886437370846566
0.13886437582362035
0.13886437487599043
0.1388643707022607
0.13886436496578164
0.13886437929458992
0.13886437304682298
0.13886437097704624
0.1388643746076425
0.13886438226231498
0.138864380327331
0.13886437398730717
0.13886437711318594
0.13885013772308805
0.13885015035142978
0.13885014057794853
0.1388501312249525
0.13885013140716268
0.1388501369161037
0.1388501307562793
0.138850138311634
0.13885013797529283
0.13885013786516007
0.13885013884604325
0.13885014627617157
0.13897726775722183
0.13885013778680033
0.13885013290127726
0.13885013620678205
0.13885013698515686
0.13885013911558106
0.1388501381693374
0.13885013395994347
0.13885012824329473
0.13885014257623285
0.13885013634698068
0.13885013421113065
0.13885013813128455
0.138850145560419
0.13885014357330994
0.1388501372677711
0.1388501404052071
0.13876625232531684
0.1387662651720077
0.13876625533886652
0.1387662457393365
0.13876624594802844
0.13876625154875527
0.138766245278933
0.13876625283305458
0.1387662527004565
0.13876625254205582
0.13876625348797073
0.13876626102104375
0.13889380902040782
0.13876625256220204
0.13876624732656234
0.13876625087598668
0.13876625155967248
0.13876625375769974
0.13876625283351907
0.13876624849001357
0.13876624283946115
0.13876625718155475
0.13876625102389567
0.13876624862807901
0.13876625371567364
0.13876626018874494
0.13876625807165255
0.1387662518714517
0.1387662550491121
0.13858582372510386
0.13858583679951733
0.1385858268711973
0.13858581698670983
0.13858581726867608
0.1385858230149588
0.13858581662216468
0.13858582417465687
0.1385858242871546
0.13858582399445016
0.13858582491226284
0.13858583265708363
0.13871359390417326
0.13858582416934212
0.13858581852330892
0.13858582238263364
0.13858582288652177
0.1385858251955232
0.13858582433837274
0.1385858198216341
0.1385858142371368
0.1385858285758878
0.13858582251562268
0.1385858197576296
0.13858582654101248
0.1385858315232748
0.13858582939098218
0.13858582327052507
0.13858582649281845
0.13803569295449658
0.13803570620594335
0.13803569606640076
0.13803568584639272
0.1380356863725568
0.13803569244123137
0.13803568591618526
0.1380356934661073
0.1380356939053065
0.13803569315980987
0.13803569408922028
0.13803570243705485
0.13816267729780662
0.13803569367241297
0.13803568751863882
0.13803569184914663
0.1380356918741305
0.13803569444136105
0.13803569381402722
0.138035689026333
0.13803568348258805
0.1380356977638904
0.13803569187522174
0.13803568845747766
0.13803569850324826
0.13803570031607368
0.1380356986786449
0.1380356924896466
0.13803569575736296
0.13702363739847467
0.13702365041560519
0.13702363993013542
0.1370236296556109
0.13702363070369472
0.13702363727688177
0.13702363075951668
0.13702363830730133
0.13702363892059796
0.13702363721335037
0.13702363827171482
0.1370236477863087
0.13714731339411437
0.13702363826249236
0.13702363192805989
0.137023636661438
0.13702363580832255
0.1370236388062661
0.1370236386592174
0.13702363363090134
0.13702362798752055
0.1370236420943623
0.1370236364051599
0.13702363216773036
0.13702364630188643
0.13702364361878566
0.13702364358899527
0.1370236369016071
0.13702364016483126
0.13611907300517434
0.1361190851054732
0.13611907437419046
0.13611906474678248
0.13611906636212326
0.13611907328336997
0.13611906707861463
0.136119074616107
0.13611907486483862
0.1361190721191649
0.13611907343481905
0.1361190840867518
0.13623750357055908
0.13611907354830427
0.1361190680009054
0.13611907251522107
0.13611907086657943
0.13611907421073874
0.13611907455991523
0.13611906964943793
0.13611906368698756
0.13611907755094288
0.13611907189549735
0.13611906741083307
0.1361190821844141
0.13611907778061968
0.13611908008274617
0.13611907246107882
0.1361190756133086
0.1358545481979987
0.13585455955857345
0.13585454882853695
0.13585453986129764
0.1358545416822152
0.1358545486022886
0.13585454270167338
0.13585455022748866
0.13585455000577062
0.13585454689047455
0.13585454837664077
0.13585455934754506
0.13597011618604843
0.1358545483216659
0.13585454367490382
0.13585454770429212
0.13585454586961954
0.13585454925704554
0.13585454977917483
0.13585454514047912
0.1358545389275697
0.13585455267596164
0.13585454691740112
0.13585454274270126
0.1358545555548758
0.13585455233149346
0.1358545558223327
0.13585454763044857
0.13585455067517793
0.13582273084537633
0.13582274201150335
0.13582273133823913
0.1358227225888378
0.13582272438796986
0.13582273122231256
0.13582272541926763
0.1358227329425626
0.13582273254264657
0.1358227294712585
0.13582273099055375
0.13582274186326412
0.13593794677306237
0.13582273081040463
0.13582272648052646
0.135822730290167
0.1358227285438391
0.13582273187026098
0.1358227323709417
0.13582272785508784
0.13582272157961733
0.13582273532171513
0.1358227294966838
0.1358227255562441
0.13582273717662446
0.13582273496501382
0.13582273855910845
0.1358227302765414
0.13582273328665923
0.13581896579440364
0.13581897693329578
0.13581896628337148
0.1358189575780412
0.13581895935247756
0.13581896615017416
0.13581896036584093
0.13581896788913259
0.1358189674483148
0.13581896442356972
0.1358189659439144
0.13581897675060403
0.1359342434316163
0.1358189657235094
0.1358189614608482
0.13581896521304318
0.13581896351866773
0.1358189668158057
0.13581896729392262
0.1358189628103208
0.13581895652719395
0.1358189702750571
0.13581896442934496
0.13581896056565507
0.13581897181853447
0.13581896995648526
0.13581897350501956
0.13581896522675993
0.13581896823032258
0.13581583398422503
0.13581584511531994
0.13581583447622017
0.13581582578777157
0.1358158275490483
0.13581583432877078
0.13581582855136448
0.1358158360747887
0.1358158356174929
0.13581583261793523
0.13581583413735998
0.13581584490966297
0.13593115891936383
0.13581583389909127
0.13581582966212855
0.135815833390055
0.13581583172238249
0.13581583500496375
0.13581583547085183
0.13581583100095201
0.13581582471603165
0.13581583846743248
0.135815832612356
0.13581582878347143
0.13581583987043772
0.13581583817165996
0.13581584168913222
0.1358158334173094
0.135815836418637
0.13580084161241446
0.13580085272226333
0.13580084211571875
0.13580083347886568
0.1358008351988876
0.13580084192100678
0.13580083616423289
0.1358008436884344
0.1358008431806076
0.13580084026193817
0.13580084177732338
0.13580085243889956
0.13591631487028602
0.13580084148450525
0.13580083732408918
0.13580084097730125
0.1358008393956377
0.13580084263154218
0.13580084305815054
0.13580083863057632
0.13580083234135784
0.13580084610389903
0.1358008402192567
0.13580083649869468
0.13580084706587056
0.1358008458833999
0.13580084929599687
0.1358008410478061
0.13580084404329174
0.1357699537538665
0.13576996484006898
0.1357699542706513
0.13576994569872677
0.13576994736890904
0.13576995401676623
0.13576994828526168
0.1357699558110676
0.13576995524042962
0.135769952423841
0.13576995393254784
0.13576996445258255
0.13588559324744076
0.13576995357463495
0.1357699495050329
0.13576995306609685
0.13576995159495253
0.13576995477099607
0.1357699551480884
0.1357699507730406
0.1357699444798977
0.13576995825593433
0.13576995233347586
0.13576994874699938
0.13576995866233757
0.1357699581334448
0.13576996140661912
0.13576995319205803
0.13576995618222845
0.13568156038057694
0.13568157143182707
0.13568156091793543
0.13568155246226704
0.1356815540501826
0.13568156056133482
0.13568155487344452
0.13568156240381482
0.13568156172296492
0.1356815590875471
0.1356815605802472
0.13568157084367455
0.13579743141345452
0.13568156011607474
0.13568155619496902
0.1356815595964458
0.13568155832722456
0.1356815613938232
0.13568156168348652
0.1356815573998444
0.13568155110349628
0.13568156490143018
0.13568155891035408
0.1356815555562152
0.13568156432330963
0.1356815649608069
0.13568156796879746
0.13568155982338276
0.13568156280928223
0.13546184915802845
0.1354618601774758
0.1354618497229048
0.1354618414435234
0.13546184292000651
0.13546184920950982
0.135461843584101
0.1354618511260478
0.13546185028199612
0.13546184792582117
0.1354618493829071
0.13546185923807197
0.13557792852642747
0.13546184877951123
0.13546184504979594
0.13546184821940113
0.13546184727455035
0.13546185016477358
0.13546185032211255
0.13546184617154133
0.13546183988106025
0.13546185370807554
0.1354618476088298
0.1354618445942236
0.13546185165410266
0.13546185406803257
0.13546185661984278
0.13546184860710883
0.1354618516000028
0.13489482261692587
0.13489483362450794
0.1348948231961829
0.13489481519835864
0.1348948165469483
0.13489482246269846
0.13489481693235034
0.13489482450451362
0.1348948234101835
0.1348948214786299
0.1348948228570711
0.13489483205048253
0.13501075169965607
0.13489482209337464
0.13489481859163271
0.1348948214233987
0.13489482101215894
0.13489482360634564
0.1348948235740246
0.13489481961369168
0.13489481335421802
0.13489482721101645
0.1348948209347934
0.13489481840858553
0.13489482298059405
0.1348948280740112
0.13489482982449824
0.13489482207319536
0.13489482510892373
0.1334627601162638
0.133462771208831
0.1334627606475126
0.13346275306403266
0.13346275434804217
0.13346275965160997
0.1334627542566098
0.1334627619068022
0.13346276045986857
0.13346275911390176
0.13346276031822643
0.13346276848716482
0.13357718814218333
0.13346275946863717
0.13346275610771768
0.13346275852077888
0.13346275895150517
0.1334627610567823
0.1334627608092107
0.1334627570651126
0.13346275091043863
0.13346276477213664
0.1334627582154479
0.13346275628627585
0.13346275778550154
0.1334627664434369
0.13346276678691074
0.13346275957812415
0.13346276275876948
0.13011659849781282
0.13011660999640773
0.1301165987980476
0.13011659170425924
0.13011659323406044
0.13011659761915634
0.13011659237884504
0.13011660022663624
0.13011659837857947
0.13011659767297132
0.13011659849033358
0.1301166052374345
0.13022564383652485
0.13011659796646222
0.13011659414892304
0.1301165963247393
0.1301165979651436
0.13011659931206904
0.13011659898520261
0.1301165953048963
0.13011658944812798
0.13011660324644084
0.13011659624667815
0.13011659474255655
0.13011659367389536
0.1301166060942589
0.13011660389461188
0.13011659796958658
0.1301166015595022
0.12566411029831198
0.12566412289344348
0.1256641101501515
0.12566410320970983
0.1256641055627109
0.1256641090841561
0.1256641038064681
0.12566411203506642
0.12566411007489559
0.12566410968892766
0.12566410975973646
0.12566411528603844
0.12576221092315196
0.12566411069290206
0.12566410437915018
0.12566410753304497
0.1256641103575507
0.12566411096327545
0.12566411088423537
0.12566410671891098
0.12566410147207657
0.12566411529955349
0.1256641075935996
0.12566410565695926
0.12566410474274192
0.12566411928901342
0.12566411242691386
0.12566410987257107
0.12566411430375687
0.12464755515978035
0.12464756830037095
0.1246475547201673
0.12464754762663903
0.12464755048344192
0.124647554021901
0.12464754856424189
0.12464755694320004
0.12464755519355078
0.12464755454815285
0.12464755427346158
0.12464755997410333
0.12474076868540679
0.12464755626851506
0.12464754805769859
0.12464755232440818
0.12464755518078949
0.12464755584648293
0.12464755592510089
0.12464755138883957
0.12464754638461169
0.12464756034898994
0.12464755231601352
0.12464754972365504
0.12464755034136595
0.12464756433290974
0.1246475551692096
0.12464755483420481
0.1246475596630865
0.12408833932347169
0.12408835242082487
0.12408833864506139
0.12408833145622908
0.12408833455151444
0.12408833844400022
0.12408833287011178
0.12408834120669546
0.12408833968036141
0.1240883385310631
0.12408833830196572
0.12408834472979641
0.12418083888196027
0.12408834063193622
0.12408833202844122
0.12408833668521918
0.12408833903131568
0.12408834006370145
0.12408834023268944
0.12408833561873295
0.12408833055375079
0.12408834448021736
0.12408833654167234
0.12408833346338001
0.12408833543468828
0.12408834797997653
0.12408833952038902
0.12408833899135902
0.12408834383458417
0.12361820465030231
0.12361821744548591
0.12361820357077127
0.12361819619268932
0.12361819963491366
0.1236182043210503
0.12361819856346946
0.12361820675153806
0.12361820565058537
0.12361820345516397
0.12361820347494126
0.12361821147554264
0.1237109213972455
0.12361820612258484
0.12361819743888242
0.12361820250032561
0.12361820366786902
0.12361820548423016
0.12361820583866716
0.12361820116694863
0.12361819588044037
0.12361820963801301
0.12361820208085776
0.12361819813257302
0.12361820274362027
0.12361821204243685
0.12361820625464905
0.12361820425299197
0.12361820896787581
0.12360265610405455
0.12360266891375575
0.12360265504175094
0.12360264767566062
0.12360265110213324
0.12360265574772848
0.12360264999952224
0.12360265819467599
0.12360265707192762
0.1236026549282161
0.12360265493453045
0.12360266285644189
0.1236953389992555
0.12360265756912009
0.1236026488862249
0.12360265392882619
0.12360265515599687
0.123602656933546
0.1236026572780966
0.12360265261005624
0.12360264733499282
0.1236026611004312
0.12360265352269889
0.12360264961838122
0.12360265409193161
0.12360266355992156
0.12360265763353798
0.12360265571029913
0.12360266043240489
0.12348305845500218
0.12348307133427226
0.12348305748196792
0.12348305018290076
0.12348305352551836
0.12348305795667633
0.12348305226134962
0.1234830604914135
0.12348305925120243
0.12348305737884935
0.12348305731444398
0.12348306482343173
0.12357551423881244
0.12348305987922792
0.12348305120948402
0.12348305614790456
0.12348305768665087
0.12348305925941204
0.1234830595549176
0.12348305490681305
0.12348304969368702
0.12348306349472482
0.12348305581070222
0.123483052142201
0.12348305589602689
0.12348306623983442
0.12348305959062593
0.12348305808004957
0.12348306283751988
0.123265862827741
0.1232658757730021
0.12326586194963328
0.12326585473298746
0.1232658579828895
0.12326586217281907
0.12326585654284324
0.12326586480766315
0.12326586343152499
0.12326586185893754
0.12326586171399999
0.12326586876626777
0.12335794194265709
0.12326586420359509
0.12326585555806063
0.12326586037559042
0.12326586225690994
0.12326586360103386
0.12326586384829036
0.12326585922214023
0.12326585408233842
0.12326586791222789
0.12326586011190954
0.1232658567126031
0.12326585967720617
0.12326587096700325
0.12326586351336996
0.12326586247450634
0.12326586726780803
0.12262201523414339
0.12262202827085814
0.12262201452164477
0.12262200748076994
0.12262201055850423
0.12262201428997468
0.12262200880064533
0.12262201711874827
0.12262201547412273
0.12262201445623647
0.12262201415523533
0.12262202036092174
0.12271304038570423
0.12262201651097217
0.12262200793655395
0.12262201251552957
0.12262201502578145
0.1226220159403662
0.12262201611491134
0.12262201152884335
0.12262200653894732
0.1226220203930937
0.12262201238036108
0.12262200950361346
0.1226220110219676
0.12262202400436245
0.12262201503696996
0.1226220149241286
0.12262201977457454
0.12108152728485919
0.1210815403782945
0.1210815267936651
0.12108152006989051
0.12108152288856912
0.1210815259155879
0.12108152068360926
0.1210815290512072
0.12108152696920989
0.12108152676901303
0.12108152622119041
0.12108153117732103
0.1211701397877501
0.12108152838694147
0.12108151999021732
0.12108152417982937
0.1210815276020738
0.12108152786913194
0.12108152797604066
0.12108152344996008
0.1210815187138636
0.121081532533556
0.12108152421505312
0.12108152217030585
0.12108152157785249
0.12108153692315668
0.12108152564425144
0.12108152704669238
0.12108153195676576
0.11728509425373293
0.11728510721668395
0.11728509404447965
0.11728508795722287
0.11728509035449015
0.11728509224354221
0.11728508753377714
0.11728509589500508
0.11728509304463153
0.11728509408360775
0.1172850931236514
0.11728509618772529
0.11736797830214604
0.11728509499132339
0.11728508709143527
0.11728509058446585
0.11728509534151699
0.11728509459831908
0.11728509469145218
0.11728509027306754
0.1172850859944147
0.11728509958963773
0.11728509082767755
0.11728509021123673
0.11728508639990923
0.11728510504970063
0.11728508999525701
0.11728509414652938
0.11728509907680065
0.10901642189149936
0.10901643405110194
0.10901642190299068
0.1090164170906754
0.10901641882281549
0.109016419062515
0.10901641536910688
0.10901642349625053
0.1090164193796805
0.10901642202214837
0.10901642046564305
0.10901642109199741
0.10908729529065063
0.10901642180856394
0.10901641530670056
0.10901641754959082
0.10901642390471344
0.10901642180720425
0.10901642203402939
0.10901641788341054
0.10901641432500382
0.10901642721262525
0.1090164179369062
0.10901641963845582
0.1090164112958415
0.10901643379684496
0.10901641310882676
0.10901642199999195
0.1090164267616679
0.09369746067999535
0.09369747005695586
0.09369746033192837
0.09369745812921369
0.09369745890349822
0.09369745718641756
0.09369745528284319
0.09369746256232467
0.09369745655401954
0.09369746060639307
0.09369745851716665
0.0936974569567389
0.09374735083931904
0.09369745880955949
0.09369745604231336
0.09369745584671864
0.09369746333440429
0.09369745995478287
0.09369746044329075
0.09369745721595578
0.09369745446701788
0.09369746552585528
0.09369745604324295
0.09369746120994807
0.09369744697486108
0.09369747252545187
0.09369744696818245
0.09369746100273298
0.0936974650759892
0.0723848217932197
0.07238482440707072
0.0723848191540617
0.07238482156013562
0.0723848216529695
0.0723848187074535
0.0723848191474016
0.07238482467361194
0.0723848165623218
0.07238482012118141
0.07238481822516155
0.07238481701084
0.07240620899677849
0.07238481732137836
0.07238482108129193
0.07238481722453186
0.07238482375179592
0.07238482044244465
0.07238482103623686
0.07238482009987168
0.0723848176630367
0.07238482521346809
0.07238481638908481
0.07238482529107751
0.0723848058533599
0.07238483015634019
0.0723848120194322
0.07238482207358515
0.07238482474184081
0.059016218065919765
0.059016212240697766
0.05901621174903497
0.05901621839411737
0.05901621888747123
0.05901621664846184
0.05901621859356288
0.0590162224512428
0.059016213256943534
0.059016213842472055
0.059016213232689636
0.059016215794165106
0.05901948960376732
0.05901621175207982
0.0590162215509861
0.05901621461335266
0.0590162178860731
0.05901621647579076
0.059016217052410475
0.05901621865707313
0.05901621558857245
0.05901621967837639
0.05901621226569018
0.05901622270777941
0.059016202252764285
0.05901622004621161
0.059016223780009425
0.0590162179238841
0.05901621905203509
0.0553667494347731
0.05536674259305637
0.055366742062187224
0.05536674866184096
0.055366749887444916
0.055366749031949644
0.05536675064294696
0.05536675430508642
0.05536674565215525
0.05536674435333072
0.05536674449042333
0.05536674978769796
0.05537363849518698
0.05536674326850395
0.05536675360471181
0.05536674672395733
0.05536674803849963
0.05536674803560457
0.05536674879181425
0.05536675056723005
0.05536674689285041
0.05536675064514884
0.05536674393563329
0.05536675314765384
0.05536673533313223
0.055366748887155134
0.05536675979097629
0.05536674906031589
0.05536674983704478
0.054132773851988975
0.054132767411260836
0.054132766075472655
0.05413277188409092
0.05413277375870358
0.05413277422072073
0.054132775265125256
0.054132778978636165
0.05413277108050585
0.05413276831841654
0.05413276894961505
0.05413277650660024
0.05414537815239501
0.05413276813851044
0.05413277796991177
0.054132771769448744
0.05413277152544313
0.05413277267628498
0.0541327736728809
0.05413277514234063
0.054132771005665214
0.05413277495780543
0.05413276874842826
0.05413277641339949
0.05413276183451565
0.054132771703742436
0.054132786173654836
0.05413277333709217
0.05413277401114088
0.05391348533802717
0.05391347885364321
0.053913477498865436
0.053913483281444
0.053913485221240925
0.0539134857755876
0.05391348679622584
0.05391349050350687
0.05391348265268184
0.053913479748803894
0.05391348040559537
0.05391348816616526
0.05392600743872987
0.053913479647080376
0.053913489448012074
0.053913483311887445
0.053913482923746064
0.053913484173602685
0.05391348520214781
0.05391348665045941
0.05391348249105433
0.053913486432007746
0.05391348025403499
0.053913487802793474
0.053913473527679515
0.053913483018224975
0.05391349778880836
0.05391348481811181
0.053913485486185894
0.053198940311854126
0.05319893365834633
0.05319893222918588
0.05319893789821215
0.05319894009793032
0.05319894102494918
0.05319894194904272
0.0531989456330539
0.05319893797386028
0.05319893450176441
0.05319893526054851
0.053198943840227886
0.053211133648000494
0.053198934715204274
0.05319894438843094
0.05319893851422494
0.05319893754537582
0.05319893919140744
0.05319894035305604
0.05319894170961853
0.053198937462269794
0.053198941358262704
0.05319893530936576
0.05319894238730445
0.053198929361367046
0.053198937301599865
0.05319895327740366
0.05319893977170074
0.05319894041605171
0.04969130752969166
0.049691300407159314
0.04969129881423279
0.049691304439939285
0.049691307344237864
0.04969130875497191
0.049691309608343566
0.049691313245013254
0.0496913058984475
0.04969130122314293
0.049691301882771696
0.04969131204763853
0.04969751390532036
0.04969130207768706
0.0496913111164463
0.04969130612550334
0.0496913040831436
0.04969130646614493
0.0496913079826892
0.049691309042662016
0.04969130483342319
0.04969130860130008
0.04969130253629897
0.049691308649485
0.04969129864855093
0.049691303249559365
0.04969132058689566
0.04969130706491736
0.04969130784795165
0.051006202215778104
0.051006196134872825
0.05100619376572379
0.051006199024635324
0.05100620255221552
0.05100620325529932
0.051006203603349703
0.05100620782160581
0.051006201128348874
0.05100619596485482
0.051006193887597515
0.05100620579521136
0.050991322288655994
0.05100619671200342
0.05100619855737455
0.05100620075139634
0.05100619828298465
0.051006201721312476
0.05100620303478938
0.05100620221381477
0.05100619933355223
0.051006206290889984
0.051006196690564685
0.0510062017131634
0.051006196710057385
0.05100619897195641
0.050975708246738846
0.051006203438839964
0.05100620608857742
0.045266420398477156
0.0452664129708123
0.04526641115216503
0.04526641696272127
0.04526642053795462
0.04526642186847906
0.0452664227856404
0.04526642639730807
0.04526641921412518
0.045266413755307155
0.04526641371060107
0.04526642484234432
0.0452608596956769
0.045266414943989815
0.04526642240613538
0.04526641910102222
0.04526641655640913
0.04526641941619042
0.0452664211712587
0.0452664217868776
0.04526641796334699
0.04526642194695607
0.045266415123788456
0.045266420597969204
0.04526641327612611
0.04526641571857104
0.04526642906065595
0.04526642031780547
0.045266421544621314
0.0556393370576774
0.05563932015702025
0.05563932456657346
0.0556393342052823
0.05563933874113064
0.05563933985913478
0.05563934279883584
0.055639344602606965
0.05563933630231604
0.0556393282427976
0.055639327550660866
0.05563934138813272
0.055640642528628326
0.0556393289620046
0.05563933861425481
0.05563933631265622
0.05563933161580968
0.05563933586961258
0.05563933822380766
0.055639340114274065
0.05563933663395841
0.055639338461373616
0.05563933030270603
0.055639337156358534
0.05563933234427304
0.055639327875699654
0.0556337284165677
0.05563933774831335
0.05563933833772757
0.04667542460875059
0.04667541366569666
0.04667541384369842
0.046675421193155604
0.04667542531320779
0.046675426753469994
0.04667542852455521
0.046675431318240895
0.046675423654064206
0.04667541700715256
0.046675417113890116
0.046675429243138444
0.04667638497923178
0.046675418425366336
0.04667542751178223
0.046675423578828895
0.046675420125828336
0.04667542342853887
0.04667542561912101
0.046675426939505035
0.04667542306305557
0.04667542554253891
0.04667541884046402
0.04667542475310772
0.046675418316195524
0.04667541784814917
0.046675437569502654
0.04667542451429315
0.046675425281893744
0.04526489126681461
0.04526488342945444
0.04526488183481596
0.0452648878254265
0.045264891472007754
0.04526489282508932
0.045264893838978006
0.045264897351322136
0.045264890114221905
0.04526488450648462
0.0452648844899874
0.04526489574792595
0.045265861673918564
0.045264885737084815
0.04526489339055151
0.045264890005396054
0.045264887345080114
0.04526489026001811
0.045264892072828106
0.04526489277276153
0.04526488893738118
0.045264892733560075
0.04526488593681435
0.0452648914560314
0.04526488426368518
0.0452648863249485
0.04526490045936166
0.04526489118024029
0.04526489234851245
0.04958519090920502
0.049585183976725934
0.04958518212598027
0.04958518803297138
0.04958519151289402
0.04958519191330129
0.04958519277742117
0.04958519658943646
0.04958518951324649
0.04958518459775916
0.04958518263104492
0.049585193673275366
0.049587072684716904
0.049585185019371904
0.04958518803282848
0.04958518924852711
0.04958518723439023
0.0495851902463639
0.049585191670014475
0.04958519130886109
0.04958518841378687
0.04958519459087603
0.049585185082559505
0.049585190761568976
0.04958518452429819
0.049585187798397504
0.04955767225438491
0.049585192083538634
0.049585194379698466
0.04457884011376874
0.04457883218046931
0.04457883059607688
0.04457883676144518
0.044578840502079914
0.044578841627565084
0.04457884275279814
0.044578846203433845
0.04457883892675377
0.04457883334849312
0.044578832943367286
0.044578844108364185
0.04458023975437743
0.04457883446369012
0.04457884142671253
0.04457883875229794
0.04457883623078145
0.044578839133511655
0.04457884095258713
0.044578841536726116
0.044578837902992476
0.044578841876008996
0.044578834577245124
0.04457884016324655
0.04457883328425834
0.04457883543892219
0.04457884426062897
0.044578840257425714
0.04457884159209926
0.0711142550127446
0.07111425531008758
0.07111425338109231
0.07111424943836331
0.0711142508111735
0.07111425634573929
0.07111425238931592
0.0711142596065901
0.07111425698667742
0.07111425086609409
0.0711142498776641
0.0711142686221547
0.07111242298689596
0.07111425340244173
0.07111424920417506
0.07111425682205325
0.0711142490047576
0.07111425538038657
0.07111425738842564
0.07111425155558904
0.07111424871262437
0.07111426002260632
0.07111425330691218
0.07111425284028011
0.07108789748488942
0.07111424786503986
0.0711142417834301
0.07111425532925303
0.07111425934482538
0.04582867556345848
0.04582866973335852
0.04582866786786361
0.0458286723882868
0.04582867519399398
0.0458286765013668
0.04582867631652861
0.0458286810859264
0.04582867442059383
0.04582866951847057
0.0458286687815701
0.04582868085876762
0.04582833440392953
0.04582867056471844
0.04582867515084109
0.045828674455471105
0.04582867159070354
0.04582867500858932
0.04582867597604927
0.04582867558555451
0.045828672093964934
0.04582867851896574
0.0458286708582267
0.04582867593551759
0.04582866915568257
0.0458286714564358
0.045828672341127114
0.04582867587577344
0.04582867808074642
0.044505262257249566
0.04450525471726642
0.04450525306334652
0.04450525895507422
0.044505262530338936
0.04450526364262989
0.04450526453590481
0.04450526824792533
0.04450526106694565
0.044505255620708235
0.04450525515026019
0.04450526646152239
0.04450611415577348
0.04450525670264592
0.04450526327395041
0.044505260933644895
0.044505258369929634
0.04450526134777259
0.04450526300952745
0.044505263410321044
0.04450525982016906
0.04450526425197594
0.044505256879834705
0.04450526237988121
0.044505255433887524
0.04450525769873252
0.04450526478348962
0.04450526244421085
0.04450526393633114
0.04428645653311474
0.04428644866919469
0.04428644739106104
0.04428645366391812
0.0442864570458394
0.0442864576776073
0.04428645881573924
0.04428646245252914
0.04428645500481884
0.044286450011130574
0.04428644925451422
0.04428645985427959
0.0442876592808623
0.044286450719997136
0.04428645724188643
0.044286454985634854
0.04428645292727992
0.0442864555723484
0.04428645713492802
0.04428645764156416
0.04428645423282768
0.04428645869626756
0.04428645094032984
0.04428645700813783
0.044286448949931424
0.04428645250985057
0.04428645356043303
0.04428645687122323
0.04428645842813078
0.058380585535748396
0.05838058769679491
0.05838057835715628
0.058380580006193325
0.05838058423546974
0.0583805869096933
0.058380586241930196
0.05838058944241617
0.058380584416402634
0.05838058141315808
0.058380579389195865
0.05838058665959627
0.05838080980532604
0.058380585509267544
0.05838057856015535
0.058380582673025525
0.05838058353035182
0.05838058535984926
0.058380587199940014
0.05838058584184644
0.05838058225876263
0.05838058899585595
0.058380579123713305
0.05838058238890035
0.05838058069467819
0.058380588284891954
0.05835595472643483
0.058380586380545385
0.05838058883343497
0.04522595243930914
0.045225948067356775
0.04522594373170505
0.04522594863394582
0.04522595253862974
0.04522595363895369
0.04522595444678029
0.04522595785282649
0.04522595108080283
0.04522594659200983
0.04522594560627227
0.045225954823590986
0.04522668744328186
0.04522594773341006
0.04522595169399903
0.045225950432343134
0.045225949470246156
0.04522595158581987
0.04522595351817939
0.04522595347102067
0.04522594995521865
0.045225954678773495
0.045225946600410245
0.045225951638874995
0.045225945548238035
0.045225950711566064
0.045225942814160106
0.045225952801767694
0.04522595448943173
0.0442556534029869
0.0442556460881668
0.04425564432039615
0.04425565039681411
0.04425565386822315
0.04425565454626429
0.044255655651309504
0.04425565925330102
0.044255651898661194
0.044255646978943346
0.04425564618858259
0.044255656557985426
0.0442567527685694
0.044255647710910055
0.044255653930085806
0.044255651782074544
0.04425564990361447
0.04425565245084126
0.04425565408158445
0.04425565450313228
0.04425565108090733
0.044255655574144834
0.044255647774675555
0.04425565368481395
0.044255645902404564
0.04425564974314429
0.04425564962340728
0.044255653745798734
0.0442556553164642
0.04469610910065824
0.04469610299535374
0.04469610025963786
0.044696106109638374
0.04469610947881056
0.044696110039077044
0.04469611137876397
0.04469611466378712
0.044696107160673904
0.04469610313703663
0.04469610277220643
0.04469611110779289
0.04469693414720296
0.04469610373955528
0.04469611089832699
0.044696107035731805
0.04469610640697743
0.044696107933832024
0.04469610977436001
0.04469611054967476
0.044696106874327096
0.04469611052953457
0.04469610334036897
0.04469610961891872
0.04469610021308593
0.04469610688571353
0.04469611582214822
0.0446961090326719
0.04469611025372826
0.04411877769855171
0.044118770728565404
0.04411876866304794
0.04411877469303646
0.044118778141748326
0.044118778786182346
0.04411877998159582
0.044118783472306064
0.04411877606093228
0.044118771402595965
0.04411877076964509
0.044118780505282215
0.044119791124939994
0.04411877208714013
0.04411877870165544
0.04411877594194659
0.04411877444584804
0.04411877667351541
0.044118778375578045
0.0441187789313144
0.0441187754189975
0.044118779606850664
0.044118772026644576
0.04411877805645432
0.04411876973422814
0.044118774459851545
0.044118778640755536
0.044118777902244964
0.04411877933780024
0.04407627672138635
0.044076269712682484
0.04407626775291733
0.04407627386745225
0.044076277220097194
0.0440762777088363
0.04407627897051167
0.0440762824546732
0.04407627495774293
0.04407627049221638
0.04407626979628066
0.0440762792472943
0.04407726274021838
0.044076271041079806
0.04407627769870114
0.044076274889156226
0.04407627358584863
0.04407627567470683
0.044076277338147805
0.04407627792852778
0.04407627446552301
0.044076278662587315
0.044076271004094544
0.04407627722759101
0.04407626846346426
0.04407627369104203
0.04407627664688913
0.044076276952678774
0.04407627839773455
0.044003901739755394
0.044003894681140146
0.044003892785391185
0.04400389895910966
0.04400390227652477
0.044003902688806204
0.04400390400020368
0.04400390745617727
0.04400389991792972
0.04400389553762779
0.04400389480296491
0.044003904105153445
0.0440048160956184
0.044003896019995006
0.0440039026911118
0.04400389986921925
0.04400389866070182
0.04400390068078847
0.044003902336083256
0.04400390294993469
0.04400389951697696
0.044003903689934336
0.044003895985703353
0.04400390230557225
0.04400389336787498
0.044003898805481244
0.04400390095015405
0.0440039019900757
0.04400390343173637
0.043545650675197965
0.043545643436341055
0.043545641796248966
0.043545648214651386
0.043545651382857584
0.043545651464108694
0.0435456530222359
0.043545656291552534
0.0435456486000303
0.043545644622045285
0.04354564370163464
0.043545652253595815
0.04354632158160192
0.043545644796755656
0.04354565147498871
0.04354564862487906
0.04354564787417062
0.04354564956163961
0.04354565120315941
0.043545651921863854
0.04354564863845619
0.043545652642776274
0.0435456447391423
0.04354565146833426
0.043545641871813076
0.04354564822605763
0.0435456456743931
0.04354565101652638
0.0435456524180346
0.04277314537552915
0.04277313797941651
0.04277313661208183
0.04277314323873954
0.04277314622856852
0.04277314601728401
0.04277314783848831
0.042773150857314306
0.04277314304991057
0.042773139509825676
0.042773138476705955
0.042773146170902665
0.042773676165816156
0.042773139382765224
0.04277314621855615
0.042773143157952526
0.04277314288191926
0.04277314419842261
0.042773145837364406
0.04277314670776548
0.042773143559906183
0.042773147244238474
0.04277313928744427
0.04277314641110413
0.042773136157453144
0.04277314340969674
0.042773137623402825
0.04277314575294384
0.04277314704369091
0.03988939382860077
0.03988938632691301
0.039889385523472855
0.039889392408811994
0.03988939489901628
0.03988939418067121
0.039889396634339776
0.03988939884773578
0.039889390966920464
0.039889388570032935
0.039889387405254946
0.03988939276883208
0.03988977318095331
0.039889387820885046
0.03988939512346817
0.039889391259864536
0.03988939214270782
0.039889392505346136
0.039889394168542744
0.03988939548104968
0.03988939262627925
0.039889395155110925
0.039889387472676924
0.039889395368224195
0.03988938386942451
0.039889393089164636
0.0398893856200031
0.03988939414102196
0.039889395011309184
0.11491522092609688
0.1149152040204509
0.11491520928706238
0.11491521251899797
0.11491521603515838
0.1149152309501629
0.11491523090927201
0.114915225890887
0.11491522044958287
0.11491521368128588
0.11491521505325991
0.11491522607339916
0.11491547317027963
0.11486329287015953
0.11491522075493135
0.1149152200472239
0.114915215518033
0.11491522138418873
0.11491522220459607
0.11491523196894339
0.11491522055368343
0.11491521326444634
0.1149152121474354
0.11491521954957055
0.11491522121112646
0.11491521519230764
0.1149153904151736
0.11491521464323542
0.11491521735794363
0.044946552780328844
0.044946540535581336
0.044946541907947356
0.04494655001475932
0.044946553671371146
0.04494655528482074
0.04494655866506014
0.04494655881546872
0.044946550867863644
0.04494654601317825
0.044946545995560284
0.04494655327917679
0.044946898783786264
0.04494654733243961
0.04494655629731921
0.0449465508592449
0.044946549817704184
0.04494655134095085
0.04494655386085809
0.044946556965059545
0.04494655271666612
0.04494655184123442
0.0449465455693715
0.04494655330525001
0.04494654544130304
0.04494654860926231
0.04494658995879733
0.044946552098323204
0.04494655203392779
0.03978047098266159
0.039780462897139005
0.039780462327876596
0.03978046940117963
0.039780472059451795
0.039780471587551394
0.0397804741821839
0.03978047614501427
0.03978046824849656
0.03978046552242557
0.03978046450452511
0.03978047011684111
0.03978083472044336
0.03978046495804341
0.03978047259733677
0.03978046849987802
0.03978046913397238
0.03978046963300448
0.039780471427997816
0.03978047294015433
0.03978046994360236
0.03978047203687741
0.03978046452890103
0.0397804723848602
0.039780461359450466
0.03978046977830768
0.03978046841584118
0.03978047119674288
0.03978047191793503
0.2324300451050248
0.23242997014205585
0.2324300405774078
0.2324300511581614
0.23243003726606554
0.2324300440273993
0.23243006331505664
0.23243005403128106
0.23243004058476857
0.23243004466278386
0.23243004116493557
0.23243002721905176
0.2324304767902412
0.2324429293071966
0.23243005911059272
0.2324300435817557
0.2324300483025304
0.2324300399650521
0.23243004333493092
0.2324300592368384
0.23243004743316764
0.2324300346055801
0.23244475576368476
0.23243005188719373
0.23243003326236855
0.2324300438795175
0.23252654955018096
0.23243003761374348
0.2324300385592158
0.03976443357392144
0.03976442548285699
0.03976442491926303
0.03976443199662869
0.03976443465337604
0.039764434177539394
0.03976443677734595
0.039764438735295775
0.039764430837927085
0.03976442811550525
0.03976442709937962
0.039764432699969945
0.03976479688035009
0.03976442754698597
0.039764435198240924
0.039764431090386854
0.03976443172872915
0.03976443222265721
0.0397644340189991
0.039764435534298
0.03976443253984199
0.03976443462291511
0.03976442711997889
0.03976443497888954
0.03976442394678653
0.03976443237098351
0.03976443107464708
0.039764433786773884
0.03976443450435058
0.09385621205327463
0.09385618872230855
0.09385620396710875
0.09385621658368534
0.09385621457697718
0.09385621081780185
0.0938562226755282
0.09385621748834172
0.09385620737993183
0.0938562090892687
0.09385620896266228
0.09385619992404871
0.09385663986262271
0.09385620059271585
0.09385622621911413
0.0938562094336941
0.09385621427797572
0.09385620809988376
0.09385621206176543
0.09385621920077611
0.09385621674234979
0.0938562060345295
0.0938562055286769
0.0938562172332528
0.09385619880370502
0.09385621117692794
0.09385635292781908
0.09385620957594923
0.09385620697746797
0.037963835542170386
0.03796382605864933
0.03796382690426873
0.03796383491131345
0.037963837187181146
0.03796383586389695
0.03796383967687827
0.037963840523647326
0.03796383241145909
0.03796383048154785
0.03796382982373533
0.03796383284974128
0.03796416842967077
0.03796382895975025
0.03796383932627996
0.03796383291482943
0.03796383445437464
0.03796383382159074
0.03796383593445222
0.03796383817488206
0.037963835616457185
0.037963835421882725
0.03796382905653472
0.0379638375637534
0.03796382509140041
0.03796383459912592
0.037963848818567875
0.03796383546179542
0.03796383539713039
0.04753032947019987
0.047530322786026924
0.047530326777517846
0.04753032678627156
0.04753032705575872
0.04753033087713035
0.04753032865571155
0.04753033377422793
0.0475303301705792
0.047530325021265266
0.04753032519866025
0.04753034133566894
0.047530199826862234
0.04753032688225296
0.0475303285368385
0.047530331249424275
0.04753032393782554
0.04753032942661309
0.04753033075738259
0.04753032749086274
0.04753032584207309
0.04753033211183909
0.047530327356927464
0.04753033035776176
0.04751115572330249
0.04753031967461563
0.047530331526642655
0.0475303295736122
0.04753033139689846
0.03543808249144552
0.035438072603116696
0.0354380748678241
0.035438082451628626
0.03543808389831341
0.035438082470515664
0.035438084497375365
0.0354380872184818
0.03543807949161556
0.035438077248733116
0.03543807691998144
0.035438083025967
0.03543815818649343
0.03543807632113853
0.03543808601724362
0.03543808054786807
0.03543808046067044
0.03543808129415003
0.03543808190976722
0.03543808366961083
0.03543808135156028
0.03543808350608374
0.03543807723729876
0.035438085621028154
0.03543807144221508
0.03543807972112993
0.03543808990206657
0.035438082562824394
0.03543808321319317
0.02454833197223032
0.024548322710221396
0.024548325240511044
0.0245483321460042
0.02454833355074658
0.02454833204829228
0.0245483338759325
0.024548335989272318
0.024548329688523475
0.02454832733849628
0.024548327242222685
0.024548333026325808
0.02454838640082605
0.02454832649002518
0.024548335908439196
0.024548330595081706
0.024548329930634008
0.024548331008663576
0.024548331500331113
0.02454833294967815
0.024548331559027962
0.02454833247537245
0.024548327577108214
0.02454833448980902
0.024548323091752713
0.024548328619744073
0.024548342304216448
0.024548332025962967
0.024548332288724
0.15457731579365816
0.15457733143796623
0.1545773156771104
0.154577304165858
0.15457730776844464
0.1545773221525994
0.15457731165753155
0.15457731189381943
0.15457731511309772
0.1545773184391416
0.15457731908377548
0.15457731752657075
0.1545772141578069
0.154462981086444
0.15457729914950735
0.1545773120946355
0.15457731670758829
0.15457731841692393
0.1545773159350598
0.15457731893240512
0.1545773108827705
0.15457731099042976
0.15457731191799004
0.1545773093074992
0.1545773170081185
0.15457732791319304
0.15457737917654124
0.15457730937541192
0.15457731708077638
0.025300775155967757
0.025300775984115075
0.02530077004001275
0.025300772592027704
0.02530077530940344
0.02530077530001467
0.02530077602134648
0.025300777725215974
0.025300773306722736
0.025300772567775787
0.025300772548924308
0.02530077419119755
0.025300780294783307
0.025300773349526986
0.025300777242846323
0.02530077268609723
0.025300774934540447
0.02530077441156188
0.025300775969670425
0.02530077597814006
0.025300773928880586
0.025300775035447656
0.02530077085874789
0.025300774599238848
0.02530076786613113
0.025300777841411437
0.025300789093914818
0.025300774545347994
0.025300775077501857
0.022547109630994364
0.022547105510445108
0.022547103655222365
0.022547108613711106
0.022547110687472227
0.022547109587025833
0.022547111107430788
0.022547113036116805
0.022547107512762843
0.02254710594253523
0.0225471058421498
0.02254710946015434
0.02254714123824571
0.0225471051644503
0.022547113003330784
0.02254710769379871
0.022547108553405647
0.022547108703044574
0.02254710982242207
0.022547110518512926
0.022547108888736515
0.022547109907460287
0.02254710529162721
0.022547110735935738
0.02254710126627266
0.022547109338164666
0.02254712076197781
0.022547109457532515
0.022547109735510967
0.19453416133105395
0.19453415603536908
0.19453415210102415
0.1945341473216729
0.19453415658379697
0.19453417218378716
0.1945341675866246
0.1945341678200717
0.19453417082384838
0.19453415313667918
0.1945341561339393
0.194534184261063
0.19453422064271708
0.1945341838801721
0.19453415895821313
0.19453416701108162
0.19453415009026856
0.19453416216520117
0.19453416820320496
0.19453416494247774
0.19453416122310974
0.1945341577524453
0.1945341620516325
0.19453415005269786
0.19453421458125614
0.19453414099378158
0.19458627362005776
0.19453415855722028
0.1945341590685813
0.02248643062224143
0.02248642648758546
0.02248642462874037
0.022486429583186755
0.02248643167442664
0.02248643059734565
0.022486432113228816
0.022486434035940625
0.02248642852497109
0.022486426920666457
0.022486426827597918
0.0224864304888145
0.022486462387344627
0.02248642616450123
0.02248643399434231
0.02248642869782559
0.022486429525399133
0.02248642969757385
0.022486430824030304
0.02248643151891317
0.02248642988298675
0.022486430891714287
0.022486426286585537
0.022486431703337365
0.02248642231090511
0.022486430289674633
0.022486441860099182
0.022486430445993227
0.022486430720802426
0.05418112807911431
0.05418112111997145
0.05418111855221909
0.05418112074052693
0.05418112722649035
0.0541811335644959
0.05418113307240989
0.05418113360179664
0.054181131832827786
0.05418112120170106
0.05418112308772693
0.05418113901756065
0.054181186334598494
0.054181128973649115
0.05418113057376336
0.054181129866110206
0.05418112165351528
0.05418112805998334
0.05418113141781694
0.0541811311558626
0.05418112798002317
0.054181126200539914
0.05418112533847367
0.054181122700049975
0.05418113940801105
0.054181116929981295
0.05418118461259175
0.054181126781047986
0.05418112655564476
0.02094311574079117
0.020943110923839027
0.020943108897342435
0.02094311359748454
0.02094311655668587
0.020943116685224254
0.020943117951629116
0.02094311957962454
0.020943114701568594
0.020943111390570417
0.020943111665011685
0.020943117516063182
0.020943154755000495
0.02094311179536338
0.020943119080284983
0.020943114466705874
0.02094311367281707
0.020943114982157358
0.020943116474292256
0.020943117089250327
0.020943115147822586
0.020943115650975477
0.020943111608485103
0.020943115624191294
0.020943110244456227
0.02094311341018718
0.020943132704791215
0.020943115413652263
0.020943115538951423
0.6442321309979901
0.6442321624140422
0.6442322889142427
0.6442321525981708
0.6442321308323828
0.6442321230771245
0.6442321201721913
0.6442321043057218
0.6442321225494184
0.644232143850049
0.6442321388763075
0.6442321234351054
0.644232032845714
0.6442321354796556
0.6442321451248884
0.6442321281736632
0.644232136749987
0.6442321315972372
0.6442321228165535
0.6442321253253043
0.6442321413026278
0.644232124450493
0.6442321309740329
0.64423214171282
0.6442632343166952
0.6442321579664326
0.6442321481845424
0.6442321295910284
0.6442321248041402
0.02092982874573172
0.02092982392752466
0.02092982190501348
0.020929826606957542
0.020929829563679482
0.020929829688400688
0.02092983095840322
0.020929832581849796
0.020929827704903217
0.020929824398907754
0.020929824679283057
0.020929830516175724
0.020929867677809345
0.020929824800458546
0.02092983210532978
0.020929827471666863
0.02092982668239109
0.020929827985332924
0.020929829478060106
0.02092983009717453
0.020929828157630594
0.02092982864678321
0.020929824616693772
0.020929828633570974
0.020929823241826927
0.020929826415952417
0.02092984578510879
0.020929828414579976
0.020929828534686223
0.18326364334307466
0.18326364597179248
0.1832636513569373
0.1832636547718005
0.18326364654484031
0.1832636381516985
0.1832636420877731
0.1832636355266516
0.18326363629882703
0.1832636484123661
0.1832636487701596
0.1832636332134246
0.18326361550637277
0.18326364062967915
0.18326366040919856
0.18326364001664264
0.1832636489551518
0.18326364196447448
0.18326363837466653
0.18326364365808176
0.18326364967136438
0.1832636375662495
0.18326364334318082
0.18326365242865467
0.18326362075655875
0.18326365388076415
0.18326366729592486
0.1832636413681763
0.18326363663081774
0.020458663957117942
0.020458659110373107
0.020458657559465722
0.020458662440552305
0.020458665030516486
0.02045866462109751
0.02045866630218155
0.020458667396930405
0.02045866268929957
0.020458660086286117
0.020458660964767908
0.02045866505493793
0.020458694220074982
0.02045865999603508
0.020458669462926394
0.020458662662406014
0.020458662483369743
0.02045866301033294
0.020458664521790307
0.02045866557194298
0.020458663937249624
0.020458662908070423
0.020458660225898703
0.02045866440566133
0.020458657514578503
0.02045866187568441
0.0204586864251887
0.020458663223524628
0.02045866276648934
0.03505394491102228
0.03505394589150075
0.035053946106227515
0.03505394127480808
0.0350539426314417
0.03505394630828455
0.035053943914225755
0.03505394690114259
0.035053947962201654
0.0350539431546239
0.03505394434664801
0.03505395624224884
0.035053835758644
0.03505394449242262
0.03505394658074242
0.03505394772938231
0.035053941147208105
0.035053945065872824
0.03505394797485696
0.03505394276208771
0.035053943600634574
0.035053945113372106
0.03505394543276634
0.03505394251153622
0.035018404552070156
0.035053937273018296
0.035053957538415725
0.035053944619417646
0.03505394452589069
0.01711603327892451
0.017116029655643232
0.01711602878792704
0.017116032190314046
0.017116033878745406
0.01711603368070073
0.017116034187333463
0.01711603587191388
0.01711603238650907
0.017116030077306294
0.017116030914172825
0.01711603618452951
0.017116014647973306
0.01711602978829367
0.017116037991266347
0.017116032596479622
0.01711603151076213
0.017116032806033805
0.017116033482626837
0.017116033768780223
0.01711603282620636
0.017116032811920097
0.017116030537523877
0.017116033971029218
0.017116028617767825
0.017116030747050634
0.01711605085766917
0.017116032776999145
0.01711603243428025
0.005308981902859891
0.0053089823152895
0.005308980044933695
0.005308981123320405
0.005308982615150375
0.005308981955285926
0.005308981995389346
0.005308982594894949
0.005308981877928962
0.005308980599273955
0.005308979352649738
0.0053089827439217595
0.005309011109023765
0.0053089803737611865
0.0053089818749912174
0.005308981412026756
0.0053089807923706114
0.005308982249894378
0.005308982413760721
0.0053089812599218505
0.0053089822599744
0.005308982491936047
0.005308980305674181
0.005308980840335543
0.005308981912862321
0.005308982266828619
0.005298082708862473
0.005308982389199949
0.00530898245613102
0.017052189943867757
0.017052186330218332
0.017052185457950987
0.017052188854805167
0.01705219054489831
0.017052190346287854
0.017052190853138458
0.017052192532032263
0.017052189055288824
0.017052186747069757
0.017052187580810296
0.017052192843992814
0.01705217149007665
0.017052186460196586
0.017052194652444456
0.017052189262641286
0.01705218817776808
0.01705218947241232
0.017052190149445878
0.017052190433571444
0.017052189496446137
0.017052189473780174
0.017052187205835692
0.017052190629232293
0.017052185299142847
0.017052187417314915
0.01705220753059806
0.01705218944202687
0.017052189098519552
0.009401784325769658
0.00940178216011567
0.00940178067227669
0.009401783199740617
0.009401785023562717
0.009401784779513069
0.009401785260271236
0.00940178619799903
0.009401783946584344
0.009401781852778445
0.009401782143305578
0.00940178644922007
0.00940178978414689
0.009401781875827495
0.009401788167675937
0.009401783804182978
0.009401782841324468
0.009401784106123991
0.009401784758384706
0.00940178470304315
0.009401784514253667
0.009401783598327574
0.00940178209754828
0.009401784113227467
0.009401781930525684
0.009401782659185912
0.009401802368261998
0.009401783910856708
0.009401783507065425
0.1036595944905747
0.10365959714546344
0.10365959431214826
0.10365958938841682
0.10365958860414334
0.10365959891856964
0.10365960030278489
0.10365959365615303
0.10365959586843498
0.10365959705457949
0.10365959783250243
0.10365959070326448
0.10365967948695824
0.10359757726813296
0.10365959795604454
0.10365959455678675
0.10365959579575948
0.10365959514257377
0.10365959507334889
0.1036596018755675
0.10365959577063986
0.10365958440887481
0.1036511107305774
0.10365959240272404
0.10365959710697137
0.10365959797747061
0.10375628568861985
0.10365958680728798
0.10365958903263664
0.017900262380822797
0.017900259133981616
0.01790025768897755
0.017900261467530085
0.017900263738119558
0.017900263107291772
0.01790026612504594
0.017900264231759402
0.017900262081106077
0.017900260608315764
0.017900261757529456
0.01790026072790922
0.017900342329153118
0.017900261082230563
0.017900270269346673
0.01790026160560693
0.01790026229826646
0.017900261490841334
0.017900263256352966
0.017900265052060643
0.017900264720508575
0.017900258560087458
0.01790026058081893
0.017900261765894068
0.017900258796829868
0.017900261420364327
0.017900315262201545
0.017900260674958625
0.017900259097248815
0.009202363501255712
0.009202361180556264
0.009202359661144546
0.00920236245432202
0.009202364376880271
0.009202363956847027
0.00920236480073431
0.009202365360224755
0.009202363097912582
0.009202361101670678
0.00920236151754434
0.009202365043780473
0.009202381716563159
0.009202361062706683
0.009202367962131707
0.009202362912948757
0.009202362233455719
0.009202363179465127
0.009202363977821523
0.009202364173645405
0.009202364031006733
0.009202362372782746
0.009202361287009277
0.009202363254898666
0.009202360731834489
0.009202361964673264
0.009202385064193425
0.009202362960045334
0.009202362341195121
0.0056960103926268
0.005696009623604193
0.005696008054005356
0.0056960102014678065
0.005696011237196287
0.005696010199955214
0.005696010786334971
0.0056960112810474604
0.005696009460379529
0.005696008960337489
0.00569600766889828
0.005696009847697762
0.00569604161452792
0.005696008319050436
0.005696010717080877
0.005696009353087015
0.0056960097043029225
0.005696010469207209
0.005696010498901974
0.005696010182882196
0.00569601065136324
0.005696010914249223
0.005696008012948075
0.005696010310827744
0.0056960073227810175
0.005696011451569739
0.005686815955964836
0.005696010805237761
0.005696010873148988
0.009190162274979135
0.009190159955574349
0.009190158436584358
0.009190161229412866
0.009190163150571005
0.009190162729923837
0.009190163573999894
0.009190164132468117
0.00919016187054885
0.009190159876871301
0.009190160290533838
0.009190163813308144
0.009190180527336726
0.009190159837844783
0.00919016673162074
0.009190161685775043
0.009190161008412781
0.009190161953607986
0.009190162750805041
0.00919016294711954
0.009190162804881784
0.009190161147377068
0.009190160060241006
0.009190162029145594
0.009190159503937546
0.00919016074254438
0.00919018383493967
0.009190161734430005
0.009190161116173174
0.006828227879149756
0.006828225923070966
0.006828224467436018
0.006828227123777756
0.006828228732193847
0.006828228175131273
0.006828229025324894
0.006828229406972764
0.00682822725797466
0.006828225813842645
0.006828225714079907
0.0068282285630713365
0.006828252873547462
0.0068282257284418765
0.0068282312754422755
0.006828227109843486
0.00682822686156369
0.006828227664684508
0.0068282282052813
0.006828228432841267
0.0068282284067775634
0.0068282270365860685
0.006828225574476918
0.0068282277259425215
0.006828224860778471
0.006828227247403805
0.006828247579091137
0.006828227529323937
0.006828227062840615
0.005456798364739891
0.005456796873710407
0.005456795413824486
0.005456797865286371
0.005456799193384424
0.005456798473978444
0.005456799258405555
0.0054567995918927015
0.005456797581988056
0.005456796602667098
0.005456795988071948
0.005456798396734024
0.00545682730181149
0.005456796369256464
0.005456800544261943
0.005456797458348254
0.00545679753035814
0.005456798270966493
0.005456798577035148
0.0054567986759665
0.005456798821850343
0.005456797984205068
0.005456796008324603
0.005456798261400221
0.005456795265320805
0.005456798527455758
0.005456810068842101
0.005456798288490566
0.005456798010408796
0.012598338233800936
0.012598336406063865
0.012598337421957612
0.012598337411160515
0.01259833764310579
0.012598339829735995
0.012598341212865741
0.012598337944226832
0.012598339029303792
0.012598338154025102
0.012598337349344613
0.012598337702402363
0.012598388590302396
0.01259834463780061
0.012598341199762378
0.012598338621989823
0.012598337631952589
0.012598338705942954
0.012598338709873383
0.012598340568226795
0.012598340456065341
0.012598334715641884
0.012598338887951394
0.01259833717859623
0.012598341251626503
0.012598337898710543
0.012624817519645988
0.012598336747925298
0.012598335332980161
0.0054183930627296276
0.005418391565097722
0.005418390116572149
0.005418392564073656
0.005418393890063558
0.005418393177807913
0.005418393967620085
0.005418394284203763
0.005418392286340447
0.0054183913061252266
0.005418390694016888
0.005418393091345102
0.005418422190748246
0.00541839108242976
0.005418395255041685
0.005418392161737972
0.005418392229628552
0.005418392969913789
0.0054183932767492456
0.0054183933834154666
0.005418393531346997
0.005418392666439339
0.005418390714229322
0.0054183929553426715
0.005418389986997212
0.005418393219024473
0.0054184051058649785
0.005418392981268179
0.005418392694456346
0.005286988804148822
0.00528698670728622
0.005286986555332932
0.005286988272921669
0.005286989243783532
0.005286989617924458
0.0052869909035481565
0.005286989391542894
0.005286988763790662
0.0052869877195861415
0.0052869872538181635
0.005286988514423399
0.005287033552390307
0.005286989289768453
0.005286992070451021
0.005286988521742943
0.005286988093769604
0.005286988874223076
0.00528698918183745
0.005286990188327018
0.005286990369639276
0.005286986692497336
0.0052869875242061975
0.005286988251667105
0.005286988469924774
0.005286988394534507
0.005287054412394163
0.005286988050012222
0.005286986979259185
0.004336733097884357
0.00433673125623707
0.004336730456603332
0.004336732615021949
0.004336733793355179
0.004336733551384991
0.004336734620111342
0.004336734003832459
0.004336732684358398
0.004336731661474053
0.004336731156361196
0.004336732950504725
0.0043367713925125
0.0043367321361795115
0.004336735923164526
0.004336732503828925
0.004336732331234797
0.004336733071463481
0.004336733401164697
0.004336733951601411
0.0043367341656345695
0.00433673182833643
0.004336731234163632
0.004336732766288061
0.004336731370417705
0.004336732928468778
0.004336767195978593
0.004336732701041136
0.0043367319720479715
0.003161940248419306
0.0031619392749206244
0.0031619383021451123
0.0031619399715762937
0.0031619408979032823
0.003161940458108907
0.0031619412348203057
0.0031619407946742056
0.00316193981275595
0.003161939161606832
0.0031619381484838237
0.0031619398291558155
0.003161971187913462
0.0031619393193787686
0.003161941499467141
0.0031619396233704394
0.0031619395847954953
0.0031619404074397775
0.003161940486839164
0.0031619405843686813
0.0031619411119828147
0.0031619397560397723
0.0031619385274084255
0.0031619398559195122
0.0031619389194294644
0.0031619407743382396
0.0031619325435781084
0.003161940274241476
0.003161939809470292
0.017327744237378293
0.017327750598691207
0.017327747749354184
0.017327744000213106
0.017327743109120292
0.01732774334263531
0.017327740082909975
0.017327742528099006
0.017327743515457177
0.017327745203460587
0.01732774482277989
0.01732774721542331
0.017327690659378676
0.017327744171710416
0.017327743260839894
0.01732774373778718
0.01732774421561236
0.017327745182861315
0.01732774378227117
0.01732774147316833
0.01732774192992697
0.017327745574870265
0.01732774384969789
0.017327744609841093
0.0173277451912137
0.017327747855588077
0.01732774476230436
0.01732774421571228
0.017327745129841553
0.0028161380737520983
0.0028161382442986314
0.002816136822295493
0.002816137699709758
0.002816138454842281
0.0028161381620010967
0.002816138269161781
0.0028161383358738497
0.0028161375928815284
0.0028161372437279044
0.002816136637754212
0.0028161383857809186
0.002816140799152135
0.002816137510956925
0.0028161398096855604
0.0028161374795667594
0.002816137533287601
0.0028161382795375504
0.0028161381930910338
0.002816138055000963
0.002816138479685513
0.002816137479347779
0.0028161366248058827
0.0028161378466187983
0.0028161367572985623
0.002816138874937936
0.0028161591674694
0.002816137853885577
0.0028161375356481697
0.0015936235954134238
0.0015936244462897082
0.0015936244035282443
0.0015936241283768067
0.001593623775816345
0.0015936234591749665
0.0015936233376473417
0.0015936227054926507
0.0015936232689577792
0.0015936238249423004
0.0015936225384163933
0.0015936234270216786
0.0015936259652105044
0.0015936242573613602
0.0015936243447511184
0.0015936233599245873
0.0015936233628261738
0.0015936241029896865
0.001593623413981296
0.001593623209400092
0.0015936244205259154
0.0015936230219226798
0.0015936231241495797
0.0015936236551304763
0.0015936241261418611
0.0015936250467241705
0.0015941733772176097
0.0015936235525427303
0.0015936231082817858
0.001451870967854994
0.0014518716995851415
0.0014518710910738676
0.0014518711218649422
0.0014518711419566344
0.001451870958630946
0.0014518708840140116
0.0014518704306737975
0.0014518706026274328
0.0014518708811469638
0.0014518697328412874
0.0014518708452871216
0.0014518741716257478
0.0014518714400250186
0.0014518716240734815
0.0014518705936247423
0.0014518706420133462
0.0014518714170841675
0.0014518709068947469
0.0014518707356101078
0.0014518715948871575
0.00145187049381859
0.0014518701510120413
0.001451870851989422
0.0014518709458649901
0.0014518723414565639
0.0014526141800823588
0.0014518709115907014
0.0014518705599192506
0.0014111305511349725
0.0014111312546822275
0.0014111307831410885
0.0014111307395898093
0.001411130687156094
0.0014111305563467946
0.0014111304413329702
0.0014111299663428765
0.001411130201991085
0.001411130502140628
0.0014111293549121595
0.0014111304928435065
0.0014111329013566853
0.0014111311253548263
0.0014111311988237152
0.0014111302170594065
0.001411130217825859
0.0014111310135243946
0.0014111304679315202
0.0014111303155455277
0.0014111311764300472
0.0014111300532929083
0.0014111297901137627
0.0014111304723899301
0.001411130680301543
0.0014111318790533075
0.001412233548452491
0.0014111304795765987
0.0014111301227223455
0.0013321802572086286
0.0013321807533836806
0.0013321806098417718
0.0013321804764419689
0.0013321802768784647
0.00133218033547138
0.0013321801393881539
0.0013321796378087678
0.0013321799112907791
0.0013321802281897346
0.0013321791298972292
0.0013321803588954855
0.0013321806281419183
0.0013321810771957099
0.001332180888427811
0.001332179991297304
0.0013321798897865341
0.0013321807272408375
0.0013321801188342815
0.0013321800820115994
0.0013321808227662346
0.001332179699260859
0.0013321795375848778
0.0013321802916561602
0.0013321805756009554
0.001332181423825415
0.001334675634792786
0.0013321801264238476
0.0013321797747295966
0.001298799684018207
0.0012987999785787669
0.0012987999807111436
0.0012987998839253303
0.0012987996472831182
0.0012987998145084269
0.0012987995949089583
0.0012987991152416138
0.0012987993161216924
0.001298799606064626
0.0012987985706646582
0.001298799871272579
0.0012987992286204154
0.00129880056810405
0.0012988003225129514
0.001298799430091411
0.0012987992873580631
0.001298800136998195
0.0012987995209569336
0.0012987995736192313
0.0012988001828879963
0.001298799106962411
0.0012987989147928184
0.0012987997863639791
0.0012987999538176661
0.001298800724712103
0.0013022160925601116
0.0012987995166403247
0.0012987991826577902
0.0012812656968898104
0.001281265839999154
0.0012812658898336115
0.001281265864040421
0.0012812656420774543
0.0012812658566067937
0.0012812656350138568
0.0012812652016607722
0.0012812653074641628
0.0012812655555875456
0.0012812645880614574
0.0012812659393100613
0.0012812648301798505
0.0012812665427660217
0.0012812663649922952
0.0012812654370525619
0.0012812652798152883
0.0012812661248599705
0.0012812655267724275
0.001281265631306627
0.0012812661378322609
0.0012812651209689143
0.0012812648647179893
0.0012812658362670389
0.0012812658523077758
0.0012812666366198004
0.0012852917240073463
0.0012812655086182384
0.0012812651945364084
0.0012714352787769581
0.0012714353507417135
0.0012714353999851167
0.0012714354410121402
0.0012714352397581057
0.0012714354324900846
0.0012714352323565969
0.0012714348317474091
0.0012714348687599074
0.0012714351034005332
0.0012714341814228003
0.001271435513987651
0.0012714344010744342
0.0012714360377869228
0.001271436003654962
0.0012714350044266036
0.0012714348672356844
0.001271435682962362
0.001271435105388587
0.0012714352302006478
0.001271435700220249
0.0012714347035945174
0.0012714344087138348
0.001271435440404172
0.001271435303157971
0.001271436179773639
0.0012757499783249086
0.001271435083665563
0.0012714347762532632
0.001260417987647512
0.001260417984622837
0.0012604180199480678
0.0012604181580902335
0.0012604179975331219
0.001260418115293469
0.0012604179627633784
0.0012604176015131212
0.0012604175617004511
0.001260417774586655
0.0012604169116015567
0.001260418197617795
0.0012604174064601906
0.0012604185808866746
0.0012604188279516952
0.0012604176987226477
0.0012604175904761586
0.001260418357206214
0.0012604178168629696
0.0012604179459799313
0.0012604184128767572
0.0012604174084432265
0.0012604170894847432
0.0012604181660001421
0.001260417855728657
0.001260418835019751
0.0012650017856776705
0.0012604177913547797
0.001260417481460817
0.0012530623848225884
0.0012530623661899075
0.0012530623794109502
0.0012530625765626584
0.0012530624459543924
0.0012530624781295664
0.0012530623705294128
0.0012530620262956546
0.001253061956547863
0.0012530621638170948
0.0012530613375191816
0.0012530625564409342
0.0012530621899182405
0.0012530628465173878
0.0012530633355085747
0.00125306208965729
0.001253062009856522
0.0012530627302452515
0.0012530622187889202
0.0012530623347005016
0.0012530628381987423
0.001253061793564584
0.00125306149361008
0.001253062565709994
0.0012530621635501067
0.0012530632097541433
0.0012577804086311415
0.0012530621913476566
0.0012530618689309307
0.0012486811541822717
0.0012486811737034624
0.0012486811673341877
0.0012486813762159613
0.0012486812556397836
0.001248681211214037
0.0012486811287880286
0.0012486807891444781
0.0012486807323938654
0.001248680951718244
0.0012486801385708686
0.0012486812934331482
0.0012486811946721113
0.0012486815338562897
0.0012486821811493454
0.0012486808611563466
0.0012486808028287495
0.0012486814892711806
0.0012486809901864127
0.0012486810786453849
0.0012486816412385475
0.0012486805539845083
0.001248680295654411
0.0012486813317471445
0.0012486809133687268
0.001248681985583557
0.0012533749032142146
0.0012486809675052112
0.0012486806317904893
0.0012474124473643476
0.0012474124964072628
0.001247412490951901
0.0012474126836422858
0.0012474125576794985
0.0012474124926908857
0.001247412410887758
0.0012474120664547844
0.0012474120339463963
0.0012474122619315115
0.0012474114457821871
0.0012474125826245144
0.0012474125093452932
0.0012474128202658733
0.0012474134906590023
0.0012474121613504211
0.0012474121033409576
0.0012474127843522423
0.0012474122831759426
0.0012474123573491232
0.0012474129496549567
0.0012474118426236466
0.0012474116136460952
0.0012474126213534336
0.0012474122377345949
0.001247413285328985
0.0012520679736183226
0.0012474122634955611
0.001247411921619774
0.0012466817830570171
0.0012466818496089356
0.0012466818469513996
0.0012466820225847776
0.0012466818928796599
0.0012466818268591215
0.0012466817395073017
0.0012466813918357946
0.001246681378073837
0.0012466816069667457
0.0012466807884757287
0.001246681926896863
0.0012466818035778867
0.001246682165149294
0.0012466828269739223
0.0012466815042295244
0.0012466814390723105
0.0012466821234764676
0.0012466816198457883
0.0012466816855889987
0.0012466822909096812
0.0012466811759796021
0.001246680965635584
0.0012466819522469572
0.0012466816105410343
0.001246682619820327
0.0012513265489322678
0.0012466815998165353
0.0012466812554808296
0.0012457620896621424
0.0012457621696909033
0.001245762175157984
0.0012457623272687703
0.0012457621937694704
0.001245762137330607
0.001245762038306154
0.0012457616891573412
0.001245761697593003
0.0012457619210843218
0.0012457611035964229
0.0012457622571530633
0.0012457619934556957
0.0012457624903054467
0.001245763129999639
0.0012457618225188492
0.0012457617409703825
0.0012457624346741288
0.0012457619285248913
0.0012457619858204645
0.0012457625988958401
0.0012457614799036656
0.0012457612914030273
0.0012457622522966685
0.0012457619744187744
0.001245762913684155
0.0012504383172760461
0.0012457619053238785
0.001245761559730654
0.001244808890775666
0.0012448089775345867
0.0012448089848646135
0.0012448091192940197
0.0012448089889636948
0.0012448089451930597
0.0012448088342234013
0.0012448084892107648
0.0012448085118670414
0.0012448087225544417
0.0012448079119219291
0.0012448090881354438
0.0012448086628674866
0.001244809303692521
0.001244809928464827
0.0012448086344100935
0.0012448085345769387
0.0012448092385489904
0.0012448087339576976
0.0012448087832026681
0.0012448093963218308
0.0012448082801850492
0.001244808106209522
0.0012448090447526572
0.0012448088262056616
0.0012448096940093345
0.0012495430433295178
0.0012448087045937306
0.001244808359904859
0.0012434108172103787
0.001243410905786736
0.0012434109041821288
0.0012434110239805834
0.0012434109092557388
0.0012434108831074343
0.0012434107567960559
0.0012434104262744536
0.0012434104568136573
0.0012434106396993815
0.0012434098479519192
0.0012434110625159306
0.0012434104007791754
0.0012434112328649455
0.001243411856622603
0.0012434105740202258
0.0012434104480038054
0.0012434111654188217
0.0012434106698129771
0.0012434107071206987
0.0012434113117460312
0.001243410207949077
0.0012434100446054555
0.0012434109558749592
0.001243410809659838
0.001243411580997905
0.0012482611554658568
0.001243410627797544
0.0012434102869707613
0.0012424639120010067
0.001242463994510919
0.0012424639752862492
0.0012424640976864327
0.0012424640036623855
0.0012424639857154893
0.0012424638529365635
0.0012424635396016863
0.0012424635622768018
0.0012424637195474265
0.00124246294887395
0.001242464189750144
0.0012424633892640065
0.0012424643125800417
0.0012424649605256915
0.0012424636742729284
0.0012424635336243577
0.0012424642565006321
0.0012424637734670453
0.001242463803071423
0.0012424643950050681
0.0012424633054429707
0.0012424631394889539
0.0012424640386610591
0.0012424639209342456
0.0012424646428664107
0.0012474225023428164
0.0012424637199750788
0.001242463383594653
0.0012420186570885929
0.0012420187328451996
0.0012420186962347935
0.0012420188313535675
0.0012420187534964355
0.001242018732015386
0.0012420186019664217
0.0012420183004969083
0.001242018309066503
0.001242018452824815
0.0012420176964351396
0.0012420189429505819
0.0012420181322310838
0.0012420190351608565
0.0012420197182358252
0.0012420184177073007
0.0012420182765350836
0.0012420189964613268
0.0012420185237274153
0.0012420185504777178
0.0012420191341642127
0.001242018052565035
0.0012420178782320689
0.001242018778211013
0.001242018649554439
0.0012420193731238133
0.0012470359924377332
0.0012420184640760494
0.0012420181302049682
0.0012417884119727677
0.0012417884876461532
0.0012417884384667455
0.0012417885821842645
0.0012417885127039062
0.0012417884854297083
0.0012417883594541199
0.0012417880624766412
0.0012417880628805844
0.00124178820285403
0.0012417874514772046
0.001241788694459439
0.0012417879222934097
0.0012417887763916
0.0012417894802713772
0.0012417881694933436
0.0012417880325118376
0.0012417887485563234
0.0012417882809829352
0.0012417883063502526
0.0012417888880584026
0.0012417878084691211
0.001241787628582847
0.0012417885303795302
0.0012417883875970445
0.001241789127174099
0.0012468136577978323
0.001241788219174485
0.0012417878859695515
0.0012414812418639332
0.0012414813254867686
0.001241481256227555
0.001241481408966075
0.0012414813500890127
0.0012414813108961036
0.0012414811912280941
0.0012414808984704752
0.0012414808917210099
0.0012414810296396523
0.0012414802824638515
0.0012414815153687952
0.0012414808189206814
0.0012414815878068614
0.0012414823204445558
0.0012414809949584924
0.0012414808659134042
0.001241481575389731
0.0012414811141169121
0.0012414811351808132
0.0012414817196522
0.0012414806394251878
0.001241480455336699
0.0012414813554225295
0.0012414811965845702
0.001241481961837491
0.0012464924026809438
0.0012414810502655222
0.0012414807169318647
0.0012411484577210682
0.0012411485589376723
0.0012411484666338167
0.001241148622542009
0.0012411485738255674
0.0012411485211730362
0.001241148406550564
0.0012411481163833518
0.0012411481089708218
0.0012411482461087361
0.001241147501012628
0.001241148722287033
0.0012411481017917296
0.0012411487883253625
0.0012411495457494842
0.00124114820777183
0.001241148086063651
0.0012411487896004957
0.0012411483339252185
0.001241148347085138
0.001241148939689971
0.0012411478559501451
0.0012411476731229371
0.0012411485637173732
0.001241148401913644
0.0012411491858660747
0.0012461264043999191
0.0012411482679799482
0.0012411479336398605
0.0012407695401396778
0.0012407696722595467
0.0012407695520983578
0.0012407697023803024
0.0012407696643246023
0.0012407695971527123
0.0012407694850271982
0.0012407691960193113
0.0012407691972735077
0.001240769333604343
0.0012407685888313684
0.001240769798599817
0.0012407692423974238
0.001240769859821957
0.0012407706366655952
0.0012407692897919158
0.0012407691730561446
0.0012407698723201086
0.0012407694218949643
0.0012407694215211956
0.0012407700290860278
0.0012407689385080744
0.001240768765071839
0.0012407696337965323
0.0012407694913131322
0.0012407702787551212
0.0012456953460988677
0.00124076935294348
0.0012407690165830495
0.0012405623847365117
0.0012405625408289924
0.0012405624066019832
0.0012405625450245166
0.0012405625113311597
0.0012405624393199192
0.0012405623246118313
0.0012405620348944894
0.0012405620492434593
0.0012405621842682154
0.001240561438374957
0.0012405626461834518
0.001240562088063894
0.00124056270609493
0.0012405634828481919
0.0012405621376340523
0.0012405620188713313
0.0012405627191526705
0.0012405622702818843
0.0012405622592584003
0.0012405628784398974
0.0012405617825836583
0.0012405616212790124
0.0012405624688497318
0.00124056235923292
0.0012405631276114714
0.001245456371607561
0.0012405621989213815
0.0012405618609760683
0.0012404976730234476
0.001240497837420019
0.0012404977025674007
0.001240497832038015
0.0012404977979245846
0.0012404977286682097
0.0012404976099506318
0.0012404973193656907
0.0012404973422045175
0.0012404974756412052
0.0012404967289577394
0.0012404979413402207
0.0012404973456379208
0.0012404980012410633
0.0012404987685472003
0.001240497429474963
0.0012404973058140632
