6.883143119628219
7.160319178641475
4.989960488011797
9.473682963790289
5.444376019142192
5.305975851077438
4.607741976154396
7.825939179114928
7.1889860948967055
9.168513305187425
8.57818420608723
6.86395176904321
7.999103430357172
1.8380114846229672
9.227748326489273
3.608002427372049
5.180187681931669
7.253549239166236
5.798516013685149
3.95689115860983
6.245089319739256
3.634820056555701
2.5850948200703354
3.9341143852779434
6.288428749260453
3.499274476327213
2.0594041127542235
1.2059557625594601
2.094485598437927
3.2484087038548854
2.6372238327360122
1.0353027933656387
1.1474348226921869
4.34741726100069
3.1435401012116584
3.2840221370018963
3.2762704113677152
2.3095987023673343
3.9092290110993986
3.1368470638617176
1.3807976444668464
2.6429356086303795
1.2222224894641474
2.1122742864578843
2.2161297343849866
1.324660238886156
2.094185031069034
2.850030205704694
0.5821221092936294
2.26674161793314
2.7534712068450578
1.2227426825941592
1.4351403015504895
0.9877552443378517
0.3415229597037883
0.8675997689210424
0.7707037163488768
1.3100910984038696
0.8987468239054411
0.3192179547481782
3.141051731579327
0.9389895739216211
2.491993620852274
0.6571414083555005
3.007692352324604
1.2382334875698782
0.06621037236843941
0.8628842276459031
0.1541739690016264
0.8809890507467133
0.710580546417912
0.8156242307962339
0.9492791869187354
0.6810860862692447
0.3652257041053151
0.7821470250118925
0.8220500338879375
1.4176839792405163
0.40404323808707554
0.3079819473564446
2.755721886948721
0.4414122202761552
0.5045945349456367
0.6205533330092293
0.4397132685369915
0.361898813002276
1.3684174075607205
0.4483497782095461
0.5887384671716644
1.7628699630838733
0.5220899164234059
0.5219299631594886
0.21074959922844116
0.5276669655558054
0.05971550311113469
0.8921177251673325
2.7912618576114308
1.526031259472068
1.2404970380994031
1.123562312724099
0.6953582060447293
0.5664143732496437
2.238942462146057
0.48585314590166645
0.7177653326357187
1.2074188782252353
1.2804180454831176
0.4148879207395554
0.7825984093076606
0.7261120405421064
1.7023639012384284
3.287446071492394
0.925662786236654
0.7823913634538944
0.635834521872177
0.897160301813766
0.3473107985145993
1.213756891290334
0.6347412768152363
1.3468829673085194
0.7970716298473964
0.9110788810761805
0.6952871151284665
0.4674052262517406
0.5052724252008777
0.5289513618510739
0.5880765745620203
0.8219337820207754
0.2971316047394129
0.6329907425434893
0.4342524306002148
0.5185256446201305
0.9720972693448066
0.9527606776883192
0.3045074748311011
1.0209727004148978
1.5830022877435872
0.875753109479267
0.7174881767576508
0.8185355766197501
1.16293350493801
1.4083694141213208
1.7490449231881482
2.4090906175652917
0.7459354986243378
1.3402118087570094
1.430044952244288
0.3269095220827777
2.0544622636519625
0.8861055096552297
1.0199113875853725
1.3967044321873856
0.5474899093384082
1.2097759569513418
1.1961067211307328
0.8619577554785407
0.5516691782048773
0.2906299386966298
0.48680293275293
1.022036669385161
0.9669523732097238
1.1339261015880986
0.5575812656602207
0.8453381590814688
0.8083779952273197
0.8126982864978396
0.24072599609468887
1.023238124252404
0.9757849005181851
1.162387994755856
1.0934054530971813
0.8915581293390276
1.2779445631720523
1.4696304387407573
1.5046785763441668
0.9038933459412062
0.310526419245035
0.22126901460989218
0.4188032996537724
0.7914651511608466
0.7101507785037007
0.5468736973278812
2.569360180791981
0.33211601975925353
1.541048554863244
1.267657214791249
2.1300735391842625
1.6261635370932925
1.3868609999665642
0.6837473501006242
0.4764728932025768
0.3671411681288839
0.6409261051261519
0.5019004478174576
1.5728668262281906
0.48747781074125657
1.126854041258551
0.4894532013750052
1.315043144712527
0.6733919212329443
0.17069576917874213
1.0857242038003316
0.821835241483686
1.6015129129245949
0.9199075413211281
0.3848047433376266
1.9723436741076306
0.9281843157303855
0.49654839889078706
0.7920599659635645
0.4189337772543223
1.110713748889659
0.5032630944706569
0.2403532929251852
1.7350261082389733
0.558001659466072
0.2931776002640263
1.0489107249932843
0.8054667396349611
0.8555172373718942
0.46766815199266176
0.552099299763397
0.9364141629307093
0.322258453593982
0.252818350506021
0.8036620239474181
0.8583995370680424
0.6749779964052869
0.37802932784127724
0.5200916438205179
0.11867582833667292
1.2860639890255898
1.2174760758597651
0.46092965594114377
0.8635572824678588
0.3541118393441822
0.6842957262504561
0.4068370381489283
0.46278380262685753
1.8183612132033438
0.544133876894149
1.0014592322915292
0.6884432156803062
0.9632750483154171
1.3843709245384228
0.832106733878429
0.258727460641193
0.5086272949377704
0.7062465837013331
0.3321640755032338
1.6901532491587814
1.1063153101675713
0.9479610553627817
0.844770217293469
0.5580955293609107
0.5903712176707983
0.42820745386691045
0.4192730034548963
1.0561052317606276
0.9456077603448219
0.7343033036205195
0.447970769586978
1.7898256635766292
0.8296254239849072
0.5418221066038729
0.25049792443538377
0.4957759529511603
0.5352239998119656
1.957601149571488
0.9262267790094965
0.4744857520486484
1.1484500817890981
0.6667632114009723
1.013419338582007
0.4053644701767809
0.7039424846001201
0.4372469155288663
1.5379142930396272
0.19175094663181633
0.9586290778346324
0.3666499175247382
0.1545611405575266
0.5509388192569875
0.4250380881528542
1.5770009945568735
0.43792878171358507
0.5122781026709877
0.6030750721722065
0.5511126736660263
0.1692044894514574
0.8164595617993097
0.7219030376923024
0.7170502872189555
0.23015880528526517
1.4096476083509142
0.20683067786185505
0.16733764239821003
0.2807470092018378
0.25619812796318675
0.3066607711392338
0.5694777607963165
0.6056263217343142
0.48550979408400186
0.27568852433100155
0.5172762442183894
0.6841472665208415
1.2203037747870336
0.18362804207821107
0.2576641199638416
0.3042661585252808
0.6458570546346853
0.678855708579048
0.3296455702793447
0.3227002421372387
0.4108422439081595
0.5388447547307065
0.8226962670748241
0.344741969855891
0.16211280617077997
0.10748220031264687
0.6538407057050803
0.2934368317213937
1.0018754114416297
0.3678344581326582
0.46265155034048827
0.26719951423600574
0.5183991124601053
0.6094820104769123
0.5559479938187191
0.4221635916641031
0.7524440424092925
0.24774535885704183
1.0528282758248824
0.17325719858237631
0.4128948573071993
0.24116926965588067
0.3180694882853658
1.044984933949236
0.37660547116779786
0.855050530915361
0.23813532965795822
0.16554988396085032
0.16949371323252288
0.5083130784269724
0.6692043141344963
1.218455084530798
0.38464176968749125
0.08586702866387365
0.7508035313229411
0.37928130179844344
0.44970487237368467
0.43591472566595235
1.5458979361684997
0.11973353497096191
1.4340672043131955
0.6059989222832023
0.31879202544658464
0.4307228058882371
0.9252173507663839
0.42962427972250017
0.19892975135768304
0.8233058274131253
0.3851012753877105
0.2742903848566198
0.6602894639690831
1.0568847249659117
0.23496716652966998
0.968867834841152
0.4666830801906233
1.9299591140638992
0.2634484312795388
0.2459403632744965
0.6558104885511394
0.7250285200788099
0.7226884815128521
0.27937532310800894
0.5701592635073062
1.1748135713901833
0.17543530012380484
0.6506858567994799
0.39047113516558785
0.4970787397927271
0.23071029562820267
0.09064675679390861
0.5241660740208484
0.554169436128596
0.41258657799803555
0.3065747592442801
0.24844368360742566
0.9060394682748248
0.26206641342043246
0.7206664012844619
0.5614255238010597
0.3840984096314948
0.6855307633676586
0.46009969850080307
0.46832341875405653
0.3322955004501638
1.0508188381375163
0.37315262094630014
0.2508407718350586
0.6708411903823145
0.3434163160631128
0.28845846321263025
0.4732235454407868
0.5448461554568547
0.2200520515315454
0.8288886576735621
0.8455435269881065
0.5806335870434824
0.21080181136177906
0.7812199270750348
1.0232252426715838
0.24099020025923557
1.1391530950927151
0.4139075640125265
0.46258590959862306
0.5001621003171822
0.564189085853765
0.5627875503523194
0.183117169286504
0.5061724773345486
0.7307929969528525
0.2791990399113301
0.3406430704012151
0.23723136941734732
0.6538041897434462
0.261037335757655
0.933413719344816
0.3475235849072788
0.35003112976211176
0.11927188827441225
1.0200238805899287
0.47742704797934427
0.6629564952662473
0.26806253985320677
0.2417412884301201
0.3111188503784632
0.366117393700974
0.2714630408945205
0.42305122995296496
0.06675709245496314
0.44612611187306367
0.46283560503375165
0.6348510004402012
0.9700133631036683
0.31281323921663834
0.23817336073133905
0.5516201464914581
0.4701660199968355
0.763129101859432
0.235420864782972
1.2669685640995003
0.27693767975574535
0.515155524886864
1.4476970801141869
0.565859627657956
0.42075004190266796
0.5062846621412255
0.4733739008623075
0.368358871747521
0.22822568348216976
0.2451613488775048
0.2874951690317577
0.9107794573979676
0.8299550764984527
0.34142456098048724
0.4705272317233457
0.6825512092252837
0.6066379691123231
0.24723260544416392
1.317263691367654
0.24356374864376706
0.6001569556636173
0.7769191328046141
0.818868088938296
0.6572531206416465
1.1553175674990086
0.476354144418515
0.7458808737902277
0.6683933151127303
0.6919164950523357
0.39340264325808794
0.5577118855392469
0.34841686684909273
0.6271395388530665
0.2818578373901307
0.6588244113345716
0.5835346516520914
0.6139999688492161
0.83368185892086
0.1899466672447746
1.1192385340470934
0.5116193944445936
1.5215785292294697
1.6676600751013546
0.5207260889739276
1.5039371839709528
2.090724084919399
0.4359855180223333
0.4260517212815209
0.7826869595530033
0.6498275575420231
1.02146112254837
1.095528799566143
0.45729842334805226
0.20991473593007037
0.5211694787207128
0.26051574772119324
1.5217536825154983
0.7298521349945785
0.46132108541964356
0.43529661556772603
0.6165900723942701
0.3878067668019534
0.9985216888487338
0.829546576634586
0.40673212087821986
0.3845921775213941
0.8000940099452309
1.1163165395031085
0.3786561979625555
0.7429466196476684
0.7080699971723088
0.7814830374715043
0.7025542025098752
0.1885239197838055
0.9285443351644151
0.14337750011631403
0.5066946032905111
0.38776022137247546
0.9253428639003703
0.3593785938807105
0.5405015259343198
0.25669031502792383
0.8741526666998669
0.39452368851297426
0.46652253517432435
0.10927311957080585
0.5427554258554351
0.12644682120031625
0.5515466086167731
0.25369279379638543
0.6021565735437293
0.2138750920037804
0.2895275304893541
0.2802995546963015
0.4482982587036471
0.40613518403900484
0.48990104410519825
0.19639393357081802
0.5356216975321431
0.7669411684694625
0.36410521501932647
0.9560824834630524
0.5840818649197097
0.8525932885896718
0.9548358284711617
0.5625857224692683
0.3121962228821145
1.52553585491248
0.8644782307788956
0.21547894854918384
1.180822396107306
0.16028741198576646
0.36913948375666894
0.3414985650192825
0.6100059921030645
0.6746535518775814
0.6383775961798313
0.7707281317037654
0.5101647509863335
0.5753330859596595
0.49404745290425184
0.9989910530655449
0.4353456419084128
0.2412837931375962
0.642381595132626
0.39786392530818515
0.48292816385328935
1.3286242238107349
0.49712743626023864
1.3090228415998788
0.958259462352039
0.5721390225003755
0.5431067631313269
0.6803824206186796
1.404313052195545
1.558675713661015
0.27303810885406343
0.2642777300546943
0.38659651637047987
0.6814269092548062
1.0843540357062424
1.617505699791343
0.35062248353201947
0.39482996056149966
0.9778234170789539
0.4483221559630305
0.1565092141223247
0.6748346692687113
0.19290967536679124
0.5894740927659349
0.3125828487352882
0.37639664562727193
0.4773027830087871
0.36673271509616107
0.18804941090269778
0.44792602403338555
0.7200197523879082
0.4582213065607247
0.2675550360021274
0.582074527385638
0.6632031649038258
0.1387983791915879
0.22204390857824663
0.2589320030616906
0.8209337830911296
0.2508120545014928
0.16502488809858015
0.08243157601135186
0.14159169713485575
0.3705073012087019
0.307546735309302
0.2887380871262314
0.24338837647683131
0.5382865601385016
0.5703714917925287
0.1722525474513979
0.6639353146243585
0.3298576222547176
0.5802780351419863
0.16468138667638846
0.3988567601859248
0.8618959767183414
0.30512255749351413
0.5362004463810384
0.08821275911345246
0.12432201358300632
0.4891805799607801
0.5754374866313055
0.08493788177183377
0.06645726723311268
0.08029877533015052
0.6553603746485188
0.3533748695343889
0.1300720296598501
0.118285085926373
1.4125125764297777
0.3541907161162678
0.4681516031120232
0.2606414587028468
0.11647219527613263
0.278795744537621
0.29768374556304783
0.22397583615950906
0.23197474223864212
0.1953609173611754
0.632462231241563
0.22753227501412696
0.3513990272025098
0.10783247497098389
0.7347440114416462
0.5371818666447385
0.7996242543435287
0.30096515226422677
0.47116242329986713
0.07828728446321187
0.10278987964351416
0.0359519442704183
0.5990804817752561
0.43352097519067356
0.2783414112278817
0.12123229643688307
0.13255773430949647
0.14155875147936497
0.26549920774261343
0.2945608013301673
0.15187537959668118
0.24959969582664684
0.5375100088696613
0.25129638538909305
0.09377961375921945
0.18028411895717977
0.21007629409479708
0.1801007009958903
0.4433638421094567
0.34029744229545783
0.20722741225964597
0.11921171115849205
0.2311173431301462
0.38634869955832324
0.15754256800859673
0.20947895759949348
0.05875289818547352
0.45367196820464795
0.42792252098738304
0.06507818630096476
0.49027822811398525
0.10824112926518041
0.28418249214280167
0.3458449800411665
0.22656359530367065
0.041332575862337254
0.18953342320591612
0.42312303916915706
0.16070474005394195
0.09408013838571042
0.22473799476359718
0.21247503069750123
0.1749814733552283
0.26271174250220664
0.3578962728440968
0.07460881808186451
0.14898230704279966
0.08012670031073575
0.5613559002032167
0.056402366966819086
0.42138161212065195
0.22285149088429085
0.15879486912433793
0.49104497799984903
1.0094899425115225
0.1472793954520684
0.20824682161596075
0.09404699338103069
0.5376475126177735
0.13922888324875332
0.3121893523523272
0.18995233309269682
0.12092572133740916
0.3098700239053045
0.36936614724974803
0.23792484140983192
0.20435652954540914
0.16641216856131968
0.2871683401513836
0.3533929630184668
0.5225422528486401
0.2971156241654515
0.18293069330903505
0.17141761257623148
0.695770924080564
0.1331364463305403
0.2114461594961184
0.09836446107811894
0.3520540611926964
0.4540680599096292
0.171273616059882
0.06049757119876837
0.17056138471463164
0.5076391021817253
0.2913774980745394
0.2249706758947597
0.0920385977760064
0.06659123477694731
0.24924337270730207
0.4682097155869552
0.23556082045869156
0.27159475671898853
0.11341034868588905
0.2392396368777705
0.12847384428364111
0.40428227823342056
0.3108092517863244
0.19057541984388487
0.29084016171499827
0.10622108797655917
0.0854021438917543
0.20690594923487388
0.27337431235151555
0.08382360794819094
0.09017075589452243
0.18146290917976093
0.17251532615365806
0.1796146943052719
0.12455676779764005
0.12111775795859071
0.1991642773201984
0.34695863825237805
0.35510336329713416
0.22610426892623262
0.2094498378912095
0.2313124824918359
0.2619197446907165
0.13734072113145546
0.22545675825003195
0.18640360873904072
0.12952654773350497
0.2422607977189856
0.13572283188987777
0.28618837547553333
0.25362512937119297
0.23734308048479258
0.1719870114345921
0.5273828582983087
0.27345084729025626
0.3978547779761967
0.1729236883280324
0.37982221747554745
0.1688063845988117
0.217641419539014
0.22710002159373577
0.2126178051356902
0.08926077604603852
0.1606338444139933
0.41289384462096856
0.09330834225541457
0.408514243712756
0.3441751636243292
0.24205910475624057
0.34342258227754474
0.12772277888565897
0.10646249239305579
0.3175525194521829
0.0831951388208998
0.33828378567941364
0.05155567039042789
0.10926813882524697
0.15540441120810977
0.14463334612980175
0.21503132803968192
0.11402770637120963
0.19710371497489704
0.22388730500200654
0.4640419922632962
0.09810955384203773
0.28214938336434797
0.11947156587220992
0.11524601692738529
0.10663011350321697
0.18168624935698421
0.08276403301889282
0.16567169377633678
0.09719948782322271
0.09637697650468138
0.15879710153034748
0.1859318996040932
0.3667185477908442
0.3537712379262816
0.41797247269619225
0.14215144070891042
0.07086034836837649
0.2694401163569589
0.1712802893594723
0.0855844901594772
0.14027573840896315
0.04122089574240745
0.14341631119214365
0.053626463733201346
0.23780290173158358
0.12465225624761195
0.21362499932073914
0.0695058936666767
0.10447636130436226
0.054199641772444206
0.19809461527162742
0.29164709261668637
0.30799839978135374
0.154297357711357
0.08001172524323505
0.1682068557775898
0.07273327680643718
0.1015561147106595
0.07318128922073994
0.2581310747539392
0.139532652680961
0.021771992181494886
0.16712259548852126
0.11744568915576928
0.18217976165843752
0.02430301874746686
0.12192797003669872
0.1299344607734071
0.14573798345910666
0.030284262117861307
0.13404698561856038
0.12530305254955298
0.12123115642540265
0.0874883354891394
0.07933451184053741
0.028166828929091565
0.04590928137803671
0.0987516437085393
0.0721950310193965
0.09702689346261725
0.16561733125043243
0.07211494981589352
0.30294344746462953
0.15837466881556356
0.10580972079111073
0.08477877371401107
0.09208272551399924
0.16729866852423514
0.08615701567538996
0.10508965312835265
0.11335814724251742
0.01586026070874163
0.12663601915255587
0.03345830418778878
0.11679491670006681
0.06089760782421399
0.02594410713086758
0.09705032266654036
0.13960453541991505
0.27993172525470006
0.2779868071965299
0.06375855504242976
0.12524469797181445
0.06882882357699115
0.16497191817598514
0.12121410350196743
0.0814517231168497
0.07130733951251639
0.07121992400486518
0.10785343341366979
0.20360271656448625
0.04111209449379293
0.13031876778789855
0.11255795520912898
0.056688175660732185
0.05930002094484735
0.060096757323198614
0.11275412192040327
0.14037607115193096
0.03719880374196372
0.15802057320351018
0.056736678459999024
0.05341177865065208
0.0837053061350392
0.22634203405140585
0.052011738090203104
0.16211705719249325
0.024250244510769802
0.04201190127900299
0.0618434436537184
0.10906506754099153
0.07594161973176146
0.052846803528571865
0.08728728011339687
0.06571378914190786
0.06230534201746513
0.06142769844791887
0.02597259424017549
0.17412631034486786
0.08863459403074789
0.17611342815547737
0.03662293853929864
0.019254729663211217
0.029998455683868858
0.11249832625711273
0.05343086171655874
0.045705345458122326
0.04043103495067965
0.05523559871955824
0.12052846558940469
0.09221184021537997
0.06119200710779149
0.10413191982995466
0.019909263119944506
0.0940679457002128
0.062294049171794416
0.05401275602501422
0.05286802104333663
0.06922372378195996
0.25455006175173067
0.04937617468858013
0.052153619341522836
0.02815776586388002
0.07827800925315148
0.03597116875268534
0.02474644924199214
0.05802958767059818
0.09675302270073838
0.14350206625437123
0.02566507928320363
0.05546770917609635
0.05090980261021667
0.05927837373484545
0.020109410482757807
0.09866785870488017
0.057705247871139245
0.058736942301963
0.04330809380334781
0.08524228653982027
0.02212280031432249
0.07601047912626434
0.08604861386450643
0.1091743903409117
0.031069069396416717
0.03093637787859933
0.029844227266223974
0.17830474569751636
0.1279936711617126
0.041597620243061725
0.06793163783654727
0.034302268761592425
0.029560422047607726
0.10218299643607481
0.06350766295448132
0.09346820793915211
0.16274505671430867
0.021568222808062282
0.040993697955016485
0.15805939927531945
0.048509962116179806
0.053090222108926666
0.02145723832458502
0.020643726563326248
0.04048638148655926
0.06769563073302709
0.027902462522105036
0.026292853201714268
0.07039964143515137
0.04243898351415661
0.02186421000723162
0.02780369546276161
0.050950654471914075
0.020950815550997707
0.023270271828497113
0.21649021607396382
0.06859936866316013
0.047698491498376766
0.038638464619886806
0.0259423416932332
0.03500281800173782
0.029096989429515465
0.03137679959345334
0.07184649695972267
0.05284480943465076
0.05761978976731074
0.06251020626308496
0.048530214622380205
0.0491017991516621
0.04204076306067334
0.05032994452099116
0.0601832873830968
0.03212075412254406
0.03705880877724077
0.018872400281332895
0.11351374342439222
0.019296271351247327
0.04608809459106199
0.07307395699278595
0.062255529146298394
0.03678813434597232
0.035318758017347684
0.034249864516062156
0.030508163611346197
0.061860448848514764
0.09084592551029563
0.02229564197923228
0.08117470521004941
0.05591639771913754
0.06376510047385942
0.06941849336259884
0.09215895510154969
0.0281302209027548
0.04311059151431361
0.0948188129729701
0.03962909518926991
0.0369161834720148
0.1454287937046438
0.0190097283997836
0.014859657885704626
0.04837974496499941
0.030611260156193722
0.022439912369165156
0.03395579635284159
0.034793129325904476
0.05232850063222991
0.03592054977234531
0.05682513867069837
0.004385827504758518
0.011325689617399406
0.011280866772339856
0.041474977625703555
0.0474533487837332
0.02500192157004776
0.014611040285181951
0.0440678867363523
0.047554646637540825
0.07164908166624827
0.03262160957835349
0.016458694665447134
0.04432123547301039
0.010152135266327338
0.04083200899719566
0.027842321786492524
0.01817120531886611
0.05555262165764595
0.027388146286791988
0.02317662286658878
0.0434773755206335
0.034511915167335365
0.012476249850266696
0.021080428590405518
0.011922334216114798
0.039832916332850944
0.057213157478666656
0.014690844816476912
0.039079079798505265
0.03567121323664957
0.03041491327172408
0.07576336161553042
0.01684515249599494
0.020681963611231653
0.031080764973390147
0.015681976544125988
0.1024496067065152
0.021855879862093225
0.03514475815327771
0.04230662287450626
0.04666248038808487
0.010684206708901457
0.008512330168154907
0.06316207600793451
0.024400714904634822
0.013079349952042577
0.03052551186184455
0.030359258384574175
0.01875354179653238
0.028753375465277523
0.00346259990532064
0.05389448846408386
0.020688142201479298
0.04880772344577438
0.06070910824267895
0.00496141216893008
0.027709875340024247
0.027310826506287557
0.020943865609867482
0.028768149690295466
0.04540248216821885
0.02251365742974202
0.06322824887972534
0.012643240096621527
0.020055671295740297
0.007955122363817901
0.020057324408183558
0.03116402593926608
0.0610025003041409
0.050823736445630235
0.016648996464826454
0.028980008678528933
0.009520880130345927
0.037933681768745155
0.019039583758275185
0.013150760547798807
0.033195371356035897
0.049543882497521646
0.019958230244280135
0.020359537038976347
0.023196121630268914
0.015609058106266564
0.02933879621835833
0.03955360036322363
0.07653663959352633
0.06297502399069704
0.024344179947291048
0.03481008214994838
0.03129105964095924
0.027002532878241114
0.009765315561160684
0.011243235078192746
0.08389730686313573
0.04727133076605959
0.01882015942814379
0.02948023277530991
0.01593832695354428
0.028616289837709478
0.016657217925073884
0.06481387002024017
0.04134506415352808
0.01540694347824586
0.039302395203977644
0.02248430952884955
0.013109071378890445
0.014572145701616007
0.016907777214810196
0.034332788099884395
0.02416636615605349
0.03611936629880625
0.03364936655761672
0.02654860770201313
0.04298053125531986
0.036351231821435605
0.03287056034979455
0.016121627303076706
0.026464648331461706
0.008679592277806843
0.007867351242327285
0.01700976921657351
0.022344406348523478
0.05841128959550336
0.09911508061341423
0.023042547401014433
0.03287065960557604
0.053898048061809145
0.03843431805610096
0.02944221768026614
0.01279214459549765
0.06078862649459055
0.051591746996176524
0.014901581733124305
0.008853669783268842
0.0293029599067879
0.011283065920281644
0.004745659445363047
0.04172363958094827
0.015071553591092685
0.016965588751083026
0.01910384633546204
0.044865570167610995
0.027566884337227544
0.03942938745812045
0.0028307427302277518
0.04139392433860027
0.045635343184290855
0.005924663620023815
0.02731497890120446
0.01792799813534151
0.014110709157039533
0.01872163644440749
0.04101915701640957
0.01614356681013194
0.014975463879794424
0.028155981372891895
0.011486624324578998
0.017281219442854656
0.015454756203537798
0.027075752783357783
0.026401106056479096
0.010387389551301163
0.006380643494613638
0.015498105369619014
0.01800932243616527
0.02149180147751295
0.022792767840613428
0.03880432914647269
0.016879068889458348
0.05040351918940078
0.008384880462082425
0.061213416724093896
0.021575162464539558
0.0490529339865627
0.013497370904631897
0.04403070178450383
0.02314524692994669
0.009292041794791135
0.03333691010803092
0.04676755643291336
0.046592423939122204
0.014225091676053847
0.11368450081555767
0.03422991649662556
0.0619887225646884
0.04343940223124931
0.015605226866499181
0.019115410160072285
0.013226656539294035
0.01411490471618294
0.053922630557855386
0.022015369552395924
0.018712506590987405
0.007871742086368849
0.03268730802074685
0.028041464595572607
0.040426301394981726
0.011206124502647484
0.037921400430687716
0.024445951131322523
0.03728279254114391
0.037173997173685254
0.02936752015637588
0.02824111877457729
0.05381343604216842
0.017529360864261025
0.009252618257448011
0.013750122330890143
0.05981767447599773
0.016325271870150385
0.03193286782975095
0.046390862970275885
0.014983516949107264
0.012927853373876735
0.0038008063156267447
0.043434694003215465
0.03392644094249398
0.021284045936136586
0.023341414531608325
0.006320308383799174
0.007831858338307587
0.020861638374143614
0.03386988743822736
0.010758209696318693
0.021117090780216348
0.03548474890023147
0.03715381860436526
0.013305029076219908
0.01215673862803399
0.012023589247408149
0.04332408647424696
0.024226195683122904
0.01573508121011571
0.02273359926247656
0.0364803132992928
0.023188890604264628
0.030841314114145153
0.0032936568492876153
0.007750176937344675
0.03546217774476737
0.019401565170242246
0.021158628385340928
0.04506022909116994
0.021545493281083725
0.01425858880326977
0.034730208688203895
0.030262031260524652
0.02491759594430011
0.05224041600184263
0.01788405156287299
0.016587546171109385
0.01690334522445233
0.016172582448013808
0.0585632491096587
0.041286534232832635
0.07502754429772979
0.014234925981710451
0.026446816066659495
0.026452878980661006
0.022059429671110943
0.041276625440880906
0.03214413033401146
0.01229490851395143
0.022704320651412833
0.026939613056489807
0.03377245927201523
0.04909232560532966
0.023198248021975926
0.01640968568032456
0.08587604591041481
0.028057382765742617
0.030683116093594663
0.02288389001097472
0.00856806309224031
0.025180077594746338
0.05876179130407458
0.01879148870808652
0.04867745568399663
0.017244094891257902
0.04088066050823745
0.02839276190077903
0.02461297022843894
0.019351793360144573
0.008715941580557822
0.009994003705435427
0.023837855045915395
0.03750062778361525
0.030874842350180738
0.004303681312956538
0.013460398848478806
0.011837686318038693
0.010879080171736038
0.03003673351709984
0.03984069964905814
0.015293281388503659
0.018391805245847444
0.02146287335991133
0.0375311710935268
0.0140705970150763
0.0067643770469796045
0.011395496900904
0.006515647197032449
0.01803508682274211
0.008935642612296776
0.009285202389488895
0.017992239053738843
0.031398908585243725
0.03314521316105809
0.026557873257316227
0.008669685670651212
0.013443761415937335
0.04348093556186091
0.018714694375185477
0.021227496966021886
0.009257967114420621
0.02232306357622299
0.022291334297527807
0.015513385167036826
0.02230434749189259
0.020956159991727796
0.022878820590960993
0.004427917063680536
0.031001670720872156
0.017307920200276095
0.020233655169646435
0.018862910896627814
0.01586387569091531
0.022967944050143754
0.017900517279270972
0.014549990592751395
0.008052768858175463
0.006466403096147846
0.0057480671496749226
0.009389986473357507
0.022294916968720283
0.03793796902484237
0.0041989277677959985
0.003130249924819555
0.022350624397012995
0.00856367425357019
0.009991064169838488
0.015350383353314848
0.003197722413964253
0.031217491254633307
0.017511018187690984
0.019033067419814434
0.006604508167734769
0.006521236562317681
0.016917308127353103
0.029594000209009104
0.026764487800361236
0.020639441332505996
0.028783784971670674
0.0023877343064166987
0.008658161441621366
0.014053404910461356
0.02546428436340964
0.0076018983158759115
0.021204982973545568
0.015028057935176996
0.020485214819062573
0.008736571075517213
0.021377359576342493
0.01121591111402223
0.022180608252648892
0.006318832650947988
0.012392711990780347
0.023955749488774453
0.010922223565806816
0.009523587000365253
0.002141585734982605
0.012677590707803846
0.018542720215290256
0.015602553101847673
0.024092438765066157
0.03242210883543176
0.02188094062455604
0.020964838817546936
0.02371337201383886
0.002868518823170291
0.017538530668355548
0.011715473267235498
0.020383742127433616
0.0130741036626838
0.010881040556539939
0.02436274005870487
0.006984754308213691
0.021735273375929155
0.016458436985298208
0.03688703618053035
0.010768916159195787
0.013511143768338972
0.011989431722654714
0.010954542132618502
0.005992133052208242
0.009109720499005543
0.0023088662837655156
0.018646443869100585
0.008653106684582197
0.02868640246737008
0.02202567300012274
0.015975743081352287
0.017477545563151977
0.005665001429063472
0.015248407342581285
0.01651556967159101
0.029679155577345614
0.008734620566629511
0.005052177082239654
0.014537339856232132
0.003417210797937708
0.010146109536258975
0.013640014512345628
0.049164412409525154
0.022801325431416417
0.01615653759106383
0.004048482330530701
0.026780847947303787
0.01363901187652956
0.019860130710323425
0.010077517082023809
0.014901943137617056
0.024164494152760157
0.015835338796129382
0.015081893214918912
0.011358187876671888
0.007825369644355134
0.012083487740935081
0.010320237324631807
0.012733169671199024
0.014218019495148955
0.0036550066276964176
0.018360003838399322
0.005231957325431965
0.006426407801999821
0.005909003774405238
0.010473115630454036
0.009449783322905254
0.0052381075221577846
0.005368480562369148
0.012925935358109772
0.005988620409279666
0.005503475605991755
0.009161443587059146
0.020033906296695637
0.01977633589819449
0.00447877314798591
0.016627942179165026
0.0089299622546986
0.01633869998868139
0.006634662458319794
0.005966987258615986
0.0030854459670744926
0.007937325024861877
0.01480143714343996
0.002171734214063189
0.03497423536515014
0.01519710175652979
0.015163727240454335
0.00827732135396755
0.0071261892992041664
0.009048383313346231
0.019876069786571464
0.006750155314347042
0.01559159960538511
0.02309141502323756
0.006351853435139178
0.004696786995609294
0.008390826475886865
0.007086763290909206
0.009052864576416114
0.012147358953375802
0.004611624294607714
0.014003133160843614
0.0033293386699925253
0.009169619866547333
0.005758090642601405
0.00703058464892356
0.007947870294168173
0.016867264069528626
0.003216774211998485
0.007747747085297714
0.004555892308948893
0.013694268508418428
0.009250353217366652
0.01548328946859355
0.008969850167016149
0.014728270437871394
0.009118800010658859
0.01342549656738579
0.00992290719575544
0.008534910054642108
0.009859157530237918
0.005010426607692161
0.009247655479058692
0.004611014065292199
0.00344733573494368
0.009992301346963706
0.006550803541445093
0.00535646194324362
0.006693913045273907
0.010571326919895077
0.006441035086228571
0.004072501912195372
0.005324513704966745
0.005655484430200804
0.00608711098035236
0.005687465358972561
0.00924960749897593
0.00840057077096528
0.015737740006064923
0.006377073690634283
0.010395193707221117
0.008020026938330718
0.00175972082918462
0.005697595181376905
0.004321153768011763
0.009273972682979128
0.003698500941318454
0.010266108023395804
0.009538561426230437
0.004257449803086923
0.005286210676832589
0.013146914136282283
0.009222988710254624
0.009896990040122853
0.005382004676142321
0.010384880676757836
0.015133701339032309
0.00389758247346373
0.007620786225529764
0.01150654053256427
0.0034737068063450485
0.01522897167792752
0.0058432224223820975
0.0034635920095866237
0.005234999357679364
0.004793451853303637
0.010162856241387325
0.0025507855041782043
0.008051827149589763
0.01204735533119965
0.004299804737548
0.007690606495656965
0.007774290956491549
0.0030313816244754758
0.0014286340668970543
0.006861111118245921
0.007235354677916091
0.007452450234306206
0.010452937565834933
0.006142685232334394
0.006972435085512464
0.0021592089975912875
0.007814350244486208
0.005166455463721454
0.0011397327555317282
0.012267151950058695
0.006113797010315751
0.0150750941508149
0.0018029088757972884
0.0107205515727681
0.009197598199790918
0.016071406355122872
0.00891829247790632
0.0040926446880808365
0.002936596208214184
0.003580602393642176
0.002572461268151199
0.005855140542421497
0.0016337469031014748
0.009528566709540116
0.00447808437245867
0.008211798525883236
0.0030990900058216215
0.008628708497638481
0.013918605317672764
0.007394785661377544
0.00467559336985748
0.004270852280466542
0.0067262814615584275
0.00242622915777557
0.0031573757419728374
0.007385294450166129
0.0036612775030454453
0.008606325578854181
0.004342025410066252
0.00297954900846575
0.008406482716056375
0.002729919816901355
0.005144342590002977
0.00659131022908423
0.0006027812027724513
0.004281831156612953
0.013677638356604384
0.006892189443406077
0.006201671894279408
0.006558530149942096
0.001268982170464378
0.003223222593621497
0.005458567339836398
0.004264731391637337
0.007772919353124163
0.005574165682317191
0.007476543389483281
0.002150069678337933
0.008033971314695914
0.005819542519204497
0.007836221778266556
0.013290033286604186
0.0027572174952269486
0.005083858163452985
0.005805813406253597
0.007860616698619361
0.008139901361299155
0.014011082761261541
0.0077710630795459435
0.005447775729136108
0.005970342331008119
0.0009539201496353666
0.00525981466474409
0.005252185585058881
0.00905580434180579
0.005840760491418682
0.006412686213538925
0.003425766889106837
0.003971224378109893
0.003627034790181467
0.00512962491005581
0.002024391145149693
0.005031640803913242
0.0017201220602905117
0.004236699481291212
0.00043158867801786424
0.0018359742588721097
0.0049093860570962634
0.0025231962608764343
0.005767533790878661
0.0028297268344214988
0.006499477672445317
0.003601116925046801
0.004093841701289815
0.0027234190451578457
0.0021288211491750125
0.007035835861437631
0.0021715422555662126
0.00345605759281484
0.0002512795789695056
0.001457334186829763
0.007529958724398546
0.005490120046107008
0.0014160928009173672
0.003159690719940212
0.003257959603341583
0.007196052384826301
0.003501686358940087
0.0037470379590271996
0.012622054271892788
0.002724273554174007
0.004591127673148182
0.011559949443669013
0.004895943910305468
0.002716873965057966
0.001575655619461227
0.0073856316267401
0.006253572296981537
0.00857889277125463
0.004576766576877885
0.00567474258338597
0.0013631101139623203
0.007757338405858284
0.002916133022707999
0.006993355213700562
0.006026179718594413
0.004231891518573394
0.0027954539039311346
0.010156482760382005
0.004862656909350362
0.010984424336701274
0.003820974054603389
0.006505965341176792
0.011017384287651963
0.006950567913035318
0.003638688627963762
0.005633221182458282
0.0045203006842333415
0.0033864430530658974
0.0026342465637594174
0.002145787928008177
0.011968163728034619
0.010814946724463762
0.002808785457538564
0.018839132036502025
0.0019123201963714446
0.01115904512842949
0.0063015851269294385
0.003092514866313012
0.005380902830347983
0.00295560186784287
0.011907666088147955
0.008225872129002557
0.004793914550771514
0.0026712319744489057
0.002251844376151946
0.003517159908266642
0.0067347005837957545
0.009880860126178715
0.006695600987219995
0.0035522481333946435
0.0018788870955904627
0.005597790426377454
0.00439858405505102
0.004294611802195444
0.0022426335832268374
0.0031686925744714178
0.007036588653839182
0.002783562998404241
0.007251856149344608
0.0030295324935475203
0.004583458067540222
0.009376060782937639
0.0043957758278997915
0.004386643206431789
0.004715513126310769
0.00297268911265869
0.0035210290147412743
0.0031906949690021147
0.004310926582269808
0.006507595038682855
0.002331660095818631
0.0026624423854982484
0.005584122347143219
0.01078117391898958
0.0019585213357344736
0.003528513970347515
0.0034794885453819134
0.0012518305581887298
0.0037126929002778805
0.0017179280615401745
0.003254427571045931
0.003763585291539812
0.0018049118727329861
0.00393246458667021
0.005785236833863597
0.004076481306242916
0.005314156682367328
0.004884706916750938
0.012964394296434766
0.003229561687026319
0.008476277865810882
0.005892561917781292
0.010642819175514188
0.009551423977290559
0.0031041198562512685
0.002330271895565325
0.00478100255512724
0.0022705268606187357
0.003199000781178846
0.0013139825086773825
0.004286914841259745
0.0051137975570090775
0.004114736183010345
0.001650896081205546
0.005078296447527594
0.002501188982959974
0.002898562861930285
0.004638074534056798
0.004329773364055687
0.009202462483644822
0.0028441607273926696
0.0038569342867884457
0.002790030332878459
0.003488514770783829
0.004398318574651979
0.00288448777667679
0.0028889651708121594
0.003578483910685699
0.0019094225919651332
0.0016961299619597794
0.0021953344663587604
0.006243537442465754
0.001454554911211382
0.0010453640090733163
0.0023330044934671227
0.0010972731799060134
0.004549520571432303
0.007101427547209481
0.0037954654261276592
0.003516086417070253
0.003136217045548446
0.00293120161610759
0.003091172629165934
0.004807500030141605
0.003229411979590248
0.0026873551788572656
0.004379718646816714
0.001363491181718459
0.0012066292340512583
0.002670258721117132
0.003232284950893615
0.00599572375704622
0.00279219938622264
0.00510440661519296
0.003768259425836381
0.002104587170020124
0.0010757011035551092
0.002393332836192523
0.004879902743875598
0.006119858093005519
0.0016133395313384564
0.0039392636362367405
0.005102387404022248
0.0036120573217390656
0.006968066078068102
0.0030241683950584563
0.010732166833642112
0.005359811075794686
0.0030455430431147548
0.005769792600561509
0.004382446985746111
0.0021975546751523255
0.0014040078289181317
0.002172367651421978
0.0041336591729019675
0.003719168280213069
0.005900173671970474
0.0017471798372573812
0.0016220440184311997
0.005121883700384264
0.0015908445660337174
0.0029635987611442457
0.002117293754666269
0.0007166778827661132
0.0011435152613659984
0.0011590921055064899
0.0013410559184385668
0.00039907126598962787
0.001170102585826574
0.0033990694318989734
0.003907466713038935
0.003410387908314432
0.0021513972292054977
0.0043637375704063475
0.005597060910085664
0.0023668022270088448
0.002466550017382869
0.002615109388718988
0.003531418402918024
0.0026417491544192357
0.004178411283411513
0.00243196648132027
0.004533995056712198
0.0034838866739295305
0.005383611732252026
0.0030705518118582676
0.002939908674696981
0.003217847196698824
0.004598191991665939
0.0027808232224435657
0.006313419470321088
0.0017836763077927317
0.0026441159396967734
0.002360756275360325
0.002180280154734539
0.002938754917009431
0.005896038175051202
0.0049427892018166246
0.002250799693230345
0.002087045224825482
0.0011450163134816868
0.0027312354273919632
0.003457959851003575
0.000937439960349793
0.006668381951100655
0.0010744421767107382
0.004891448082013668
0.004377966051069566
0.004234952555391951
0.002703761653410185
0.0025746168718882526
0.0043759026532159155
0.0028487376529200623
0.0017655275802227516
0.0022380334225393
0.003429150056314811
0.0014679986387842073
0.0014173107393001122
0.002419013455364195
0.0013970151168386455
0.00366514793255348
0.0028972634770679977
0.005172646545057823
0.005896906609413082
0.004008431393478085
0.0015717887874341322
0.007336408210117449
0.005615582278304402
0.005750783908405798
0.0026012850086410606
0.003017249736505336
0.001095564488883781
0.0015361904560872274
0.003873699578641275
0.0010069943979524741
0.0030838979715827517
0.0009231190320846824
0.002347996607215163
0.005043660789305258
0.004943408045803481
0.003185507429436414
0.0017150405777601216
0.0018923812447862202
0.0025520127920595657
0.0010777126874537506
0.002259109692966636
0.0016143177130110108
0.0009705871382340177
0.00183663520009506
0.0008476980738077159
0.005748391655389184
0.001895257829592062
0.0034282603621915253
0.003543634790329385
0.0031601014685688224
0.00391681581404821
0.0051042872581858485
0.0014861920552875752
0.0010906546246879172
0.0019523758193946313
0.0008585325625306056
0.00208411476534215
0.0030685778981991915
0.006787051993045211
0.0022847275814656554
0.0030558236263996527
0.0012536078880202365
0.0020485650945506386
0.0023246877111321408
0.001346260882784007
0.0010638253381293357
0.0038980495153141965
0.0066311222065885515
0.006126344376638223
0.0005079468678053312
0.0014534019427545114
0.0012455786521035827
0.0011503909309220398
0.0021656901314922182
0.0030943318455177653
0.002796339804858312
0.0013900680687780693
0.002374007252739968
0.0026442034146179298
0.0038667036601831095
0.0008923789718547067
0.0030531267950040736
0.0010870285013622853
0.0017493638731160763
0.0006770326914198688
0.0018799368482268304
0.002975794093028503
0.0008648574507702661
0.0029672004538401136
0.0011121376113794605
0.0014113801113833872
0.0012747000723486463
0.0023299277191806815
0.0011031813579133994
0.0006259986909921038
0.001587435227403527
0.0007522393797038066
0.0012017103343970371
0.0037591809936321037
0.0017084160430805805
0.0026806357823352237
0.0019120559536461336
0.0011131606115887625
0.0027470413311100634
0.0012453849855584551
0.0018795209217413304
0.0012550855099001704
0.0011753226763810327
0.0033517020279743553
0.0011968434939027635
0.0015156628718516587
0.002195807945554992
0.001988344590653468
0.0013452589985471076
0.0024087008629850803
0.0021702896736736504
0.0025228255080377657
0.0007359012212816137
0.0026470501223322244
0.001385401230782809
0.001702559779676094
0.0014334061270383702
0.0011232007456921534
0.0005310168445357875
0.0011711119981267235
0.0008631011619027627
0.001709003167104584
0.0004976595635533361
0.0015867150631261495
0.0008462506973355278
0.000954803799987542
0.002123570471627274
0.004577739377606294
0.0024169336983713525
0.001492676193161818
0.001918947008168387
0.001202113846611157
0.0003368053992759934
0.003042273417639193
0.0005236342956690511
0.0014405513660113228
0.00047182456567923623
0.0009696454930982227
0.0016491287111821034
0.00046541783075242804
0.001219451434855414
0.002498425567486619
0.0018135852393639982
0.0011003935219190545
0.0006849731329295226
0.0013473042978313695
0.0014350244453280804
0.0013376310265003676
0.002473673224520286
0.001098038083055994
0.0016427667962211788
0.0008647338783014016
0.001147032691791167
0.0012150947815225011
0.0010509129892116737
0.0006012571174071851
0.0016945029514745524
0.0022955449361363105
0.0023607179482635875
0.001088191354008325
0.00024920002108195263
0.0021978070654450396
0.0015188505703787347
0.002554768221185182
0.0021790995294985373
0.0038171937588787467
0.0005316686930498741
0.0003049120448675755
0.002572958076545747
0.0015868868621094511
0.0014195380509149842
0.004057192293343822
0.0008826501496628316
0.0013259021233391478
0.0009305549189074661
0.0015848390961136045
0.0006596654643542396
0.0030535579388044445
0.0023670447569906577
0.0008129527396813634
0.0006458922339741635
0.002070297710309256
0.0018853706958267282
0.0007767149118227869
0.0011968568550866066
0.0016548382173771712
0.0022510329786962595
0.0004409325808660793
0.002865174816740417
0.0006110071745032348
0.0005056775442752239
0.0008229834667441624
0.0005807684535874618
0.0008435637367703889
0.0018796760145811254
0.0015120917698685124
0.0017846317774172433
0.0013440642986630544
0.0003326053475824309
0.00278976481630298
0.0013932999910040837
0.0009512743473082566
0.0015426180253076747
0.000940568438827754
0.0007386411066821003
0.0015235503888420439
0.0010363301229684273
0.001012722220570725
0.0018099721250368894
0.000806402620789022
0.0005141987001857562
0.0007726510946273483
0.00038604929554294707
0.001377164348804386
0.0010003000950940517
0.0010902573405366966
0.001757923134791335
0.0005808948923721685
0.00011615992565239731
0.0007899791935131123
0.0009599925660754357
0.0010489215568779608
0.0003618096819034539
0.0011306526307054338
0.0010739516842564023
0.000884334731488919
0.002410242456608788
0.0013314616172536524
0.0013759990188107862
0.0011200821977631098
0.0006092940983919924
0.0014122947545249418
0.0018060361267026972
0.0012030558547614476
0.0006676982804946091
0.0006025099528444394
0.0010639569012973972
0.000780661734863553
0.0008861380824692925
0.0014391714452935862
0.0009040710527368075
0.0009225959427682059
0.00017214249251099403
0.0005308233684225001
0.0024389846081750996
0.0007482196458786454
0.0015766320596523678
0.000905272835009169
0.0023197091825922825
0.0011806462350647706
0.0006600210872158698
0.0015192865626617368
0.0009460351948661352
0.002546967540242316
0.0015605936591925832
0.0008387140607624195
0.001156761592029228
0.0007805423112335055
0.0010112562516523145
0.0011105314949807204
0.002455438080002679
0.0007365614856939833
0.0014549965538611408
0.0010793299838091617
0.00104911154178637
0.0014484910379160799
0.0005518844588798812
0.0021773357670423652
0.000979617209845761
0.0003741539054977289
0.00128132732600878
0.0018849402113827
0.0010962089537142313
0.0006284218446236914
0.00016946093104303978
0.0008382986930912618
0.0004046254485310163
0.0012538374035600095
0.0008165054174113322
0.0010203785221177427
0.0005364299663362394
0.0016335174551538915
0.0012335721647174732
0.00035372841303895437
0.0014826312811502748
0.0009192924655922097
0.001285039555472977
0.001431190286735407
0.0029253200339359416
0.0015518297275588185
0.0007045409443696346
0.00037619494460079726
0.0005704362218652182
0.001221941785696927
0.0018261970611851345
0.0016291182970201512
0.0004536258436843364
0.0020514288686951003
0.0009315402187074483
0.0023815939073408253
0.0007178160986918532
0.0012590715896087187
0.0007243643139698015
0.0008919449777968104
0.0008263702838286959
0.0008937258106918829
0.0008434892923222878
0.0015528418072689324
0.0012669079916182758
0.0007587607066106825
0.0014364573067096916
0.0026332697698893725
0.0001910499257678948
0.0018034927275320336
0.0002454325965697417
0.001503094624981947
0.00304403289254246
0.001169786327816621
0.0013435184849766761
0.0003746517037272855
0.0020045492594848073
0.002191013600492498
0.0012511383299382563
0.0009730829193602747
0.0020324786880872997
0.0010139606800000926
0.0006587771701672049
0.0008658565826975412
0.0006369971254706417
0.0002783765040769156
0.00038694134222344177
0.0005773871677152932
0.0019142785920753286
0.0008649555846983615
0.00019890702828248582
0.0007600662303572595
0.00036338444319591884
0.0015686376076453705
0.00041404699049169707
0.0010578593044115582
0.0009787595705728245
0.0006630207879146128
0.00036223221154686643
0.00033841442251090874
0.000501334010734525
0.00017419631856797945
0.0014102244144329314
0.0006287444170365473
0.0016369473144693977
0.00042808814066167954
0.0008583493906076912
0.000693235782908922
0.0005442527732981966
0.0013742969845150232
0.0002839853909757799
0.0003385084581444916
0.000911299080140542
0.0004570232767820777
0.00021916348339310829
0.0013602559753813418
0.0013789912292611725
0.0003171872109467684
0.0004958592256500203
0.0005139592378669315
0.0009455235411024699
0.0005744521252075075
0.0005254761649129319
0.0003937799139472311
0.0007503286109489647
0.0005015372931937872
0.0003671253831578353
0.0005745002569033541
0.000802635886384888
0.00040218998844046875
0.0008342138709288821
0.0007819721347742993
0.001126493643316951
0.0004829999672684186
0.0006109713539623017
0.00026375255203545095
0.0006142730415135604
0.0011516118671325492
0.0004568671112495634
0.0006673600099951678
0.0008798231161782899
0.0008212880377260235
0.00034795779194992754
0.0006870376750648184
0.0006517978841644302
0.0005055303710246536
0.0004418883202551711
0.0009928177030455363
0.000588891570265974
0.0006325070372385716
0.0016071999965758697
0.0006065962386370645
0.00014829144308381242
0.0002746768884744201
0.0004606732780257978
0.0007026639493526846
0.00020597058037713704
0.0012083767303073002
0.001462585605986705
0.0008741283221530382
0.00015300788614048798
0.000500622223196138
0.0011262056083491375
0.0005185695783590276
0.0006803550891356911
0.0005198292271767023
0.0005812699769423403
0.0006403986103659157
0.0010828140282529162
0.0015279989601925787
0.0007030289238148959
0.0008929214990945323
0.0011167022410060654
0.00029615611434463115
0.00015953441263059614
0.0008272342421486596
0.0004979999788736779
0.001006398065328174
0.0006575824852323353
0.0007181247291045507
0.000775807592108892
0.0003010723282584215
0.0005794178173403876
0.00029066223498657324
6.035140536287283e-05
0.0007499436894339348
0.0008212016684535049
0.0003651264698573186
0.0002862242206747869
0.0005348774157642115
0.000892707709725349
0.0004386513382923347
0.00022678519031612816
0.0003471591138401858
0.00026291392350843035
0.0008496923403093371
0.0006749943983349019
0.0004544610077208998
0.0005496971857060417
0.0007000016809398076
0.0003480153489260172
0.0005001387552517983
0.0003914433960481824
0.00045133257263231985
0.00021617699877364704
0.00021553919556659324
0.00045957324726314986
0.000700767457507855
0.000862375751057507
0.00036022938229566084
0.000850901938631098
0.0005011684313505
0.00031296605347858823
0.0007482927816848861
0.0006162833161651622
0.000413623223340445
0.0011277515587014566
0.0006426415781423573
0.00027624859063287967
0.0003050141545898291
0.00022762001230070353
0.0006623097145181929
0.0006405721935770817
0.0010748456121371461
0.00036019115570110115
0.0007995293177188365
0.0003116572230611813
0.0002341134810841611
0.0004730241046281779
0.00064658078564352
0.0004278155894902575
0.0005185637174632367
0.0003345679686565953
0.0007122746842590488
0.0005688071694090575
0.0002740036043657985
0.0011176297907087372
0.00018334316213097912
0.00024606878658426024
0.00043424226011077184
0.0007507785927333109
0.0008040445806917184
0.0007121178833763896
0.0008386809826160185
0.0001562095396127458
0.0003146191958790148
0.000318089286986352
0.0005674030578466696
0.0007797193166927712
0.000371674543845391
0.0005383353243773596
0.0004802109118087762
0.0005464840591833826
0.0007244683116965872
0.00014376454772558085
0.00048163506341047734
0.00019611557593942312
0.00032341692410133927
0.0008442825333086622
0.000640172563726473
9.827097284208451e-05
0.0003832126236065941
0.0005496546110760118
0.0005053764167621711
0.0006413468205341984
0.0005426044477858773
0.0006003709975467658
0.0001107568991581184
0.00014937949978736977
0.0002805471334425266
0.0005527103938012324
0.00029002882168015394
0.0003596525239237764
0.00022978399934911253
0.00014935435506148204
0.0005180976754988556
0.00016801072669892056
0.00018596874311769575
0.00034592766847279377
0.0003606889869074634
0.0003407272774908295
0.00013822661584728582
0.00017389558992152133
0.00030869593428111905
0.00021498012063509204
0.0003258051017983768
0.0007385317915115529
0.0007136077170679105
0.0007342955349397568
0.0002631173855708491
8.384878538813733e-05
0.0004500424022528735
0.001088401492782088
0.0009460602352116606
0.0005934073087771283
0.0002709054305784656
0.00025409344429981883
0.0003023424308526995
0.00020355578469309784
0.00044556691640398476
0.0001259399926085252
0.00024079398981432837
0.0005508310113914964
0.0005765425645044019
0.0002994755127855008
0.00023550492532632204
0.00043825387069215736
0.0002619283501855762
0.00011768941932515243
0.00019456879403913333
0.0003128733290166714
0.0001377810032679935
0.000502791183682096
0.0003529518113048769
0.00027204301318223273
0.0005664788828619329
0.0007095833623489715
0.00023862119014419122
0.00040474557658916094
9.820874223666657e-05
0.0004269183007897232
5.6142020081249935e-05
0.0004172564104819248
0.0003699621077003142
0.00018330282898212672
0.0003968863616158109
0.00040922738833521795
0.0002160420200136284
0.00018656352792680134
0.00043788338978126534
0.00011146109809382028
5.683120331237605e-05
0.000575625814980853
0.0007425078965506896
0.00035664555662187126
0.0002620622204445718
0.0002111033916109556
0.0005864660277530398
0.00037962361394817165
0.0004137130087752184
0.0006006848335561093
6.389694128524503e-05
0.00026008778986500467
0.0005974265540109986
0.0002787996436736188
0.0002064584389452954
0.00030658767688861274
0.00033168759225171983
0.0006183432764604773
1.720889118328021e-05
0.00033149327391264076
0.00021853844182071784
0.00018899218465290963
0.0009866241970882103
0.00020754161210353016
0.0002464160364884305
0.0004808698569998091
0.00016280811912158246
0.0003912545626321562
0.0005125118950362878
0.00021448066882827019
0.0005723039613954473
0.0002668136100499971
0.00031948688736616634
0.0005632213323054482
0.00028222271074399593
0.0005277546493360939
0.00036847289106237043
0.0005387233402641408
0.0005778607077620624
0.0007052604082282613
0.0006251587359550779
0.00047493232126047955
0.00018017214546021108
0.0003779757943684185
0.00021863055090767336
0.0004480311868011448
0.0009142649400115789
0.0003995409491058685
0.00042815099845686485
0.00023556883298669624
0.0002787042430284597
0.00032196205924172797
0.00019624406398118454
0.00022333640003866393
0.0009300995861818606
0.00022973438371840822
0.00010958896720704402
0.00034318150368664195
0.00021455550972306064
0.0005931322426252865
0.0005547624389271831
0.0001723791144849407
0.0001156337092826133
0.00023320698864987593
0.00025542063452967367
0.00018940167046128654
0.0002957292251388247
0.00016134940010480652
0.0002878566609639903
9.200692259645164e-05
0.00043934019270549845
0.00029753683349612427
0.0004203740437425264
0.00010416656661477558
